0
1
0.0333333
1
0.0666667
1
0.1
1
0.133333
1
0.166667
1
0.2
1
0.233333
1
0.266667
1
0.3
1
0.333333
1
0.366667
1
0.4
1
0.433333
1
0.466667
1
0.5
1
0.533333
1
0.566667
1
0.6
1
0.633333
1
0.666667
1
0.7
1
0.733333
1
0.766667
1
0.8
1
0.833333
1
0.866667
1
0.9
1
0.933333
1
0.966667
1
1
1
1.03333
1
1.06667
1
1.1
1
1.13333
1
1.16667
1
1.2
1
1.23333
1
1.26667
1
1.3
1
1.33333
1
1.36667
1
1.4
1
1.43333
1
1.46667
1
1.5
1
1.53333
1
1.56667
1
1.6
1
1.63333
1
1.66667
1
1.7
1
1.73333
1
1.76667
1
1.8
1
1.83333
1
1.86667
1
1.9
1
1.93333
1
1.96667
1
2
1
2.03333
1
2.06667
1
2.1
1
2.13333
1
2.16667
1
2.2
1
2.23333
1
2.26667
1
2.3
1
2.33333
1
2.36667
1
2.4
1
2.43333
1
2.46667
1
2.5
1
2.53333
1
2.56667
1
2.6
1
2.63333
1
2.66667
1
2.7
1
2.73333
1
2.76667
1
2.8
1
2.83333
1
2.86667
1
2.9
1
2.93333
1
2.96667
1
3
1
3.03333
1
3.06667
1
3.1
1
3.13333
1
3.16667
1
3.2
1
3.23333
1
3.26667
1
3.3
1
3.33333
1
3.36667
12187
3.4
13475
3.43333
14539
3.46667
15592
3.5
16581
3.53333
17576
3.56667
18512
3.6
19418
3.63333
20355
3.66667
21241
3.7
22133
3.73333
22974
3.76667
23791
3.8
24549
3.83333
25248
3.86667
25964
3.9
26689
3.93333
27382
3.96667
28030
4
28652
4.03333
29229
4.06667
29825
4.1
30391
4.13333
30910
4.16667
31433
4.2
31930
4.23333
32453
4.26667
32886
4.3
33318
4.33333
33795
4.36667
34222
4.4
34606
4.43333
34997
4.46667
35363
4.5
35686
4.53333
36006
4.56667
36345
4.6
36651
4.63333
36944
4.66667
37233
4.7
37504
4.73333
37759
4.76667
38012
4.8
38253
4.83333
38446
4.86667
38650
4.9
38841
4.93333
39033
4.96667
39243
5
39426
5.03333
39621
5.06667
39830
5.1
40044
5.13333
40224
5.16667
40438
5.2
40623
5.23333
40806
5.26667
41019
5.3
41210
5.33333
41388
5.36667
41553
5.4
41736
5.43333
41906
5.46667
42076
5.5
42248
5.53333
42404
5.56667
42557
5.6
42711
5.63333
42840
5.66667
43001
5.7
43141
5.73333
43283
5.76667
43424
5.8
43561
5.83333
43703
5.86667
43836
5.9
43961
5.93333
44092
5.96667
44195
6
44305
6.03333
44406
6.06667
44491
6.1
44582
6.13333
44673
6.16667
44760
6.2
44854
6.23333
44931
6.26667
45014
6.3
45104
6.33333
45194
6.36667
45271
6.4
45352
6.43333
45429
6.46667
45499
6.5
45576
6.53333
45653
6.56667
45714
6.6
45789
6.63333
45858
6.66667
45931
6.7
46006
6.73333
46086
6.76667
46163
6.8
46237
6.83333
46305
6.86667
46372
6.9
46429
6.93333
46485
6.96667
46546
7
46617
7.03333
46681
7.06667
46757
7.1
46816
7.13333
46893
7.16667
46963
7.2
47016
7.23333
47061
7.26667
47116
7.3
47172
7.33333
47227
7.36667
47285
7.4
47331
7.43333
47382
7.46667
47440
7.5
47481
7.53333
47530
7.56667
47580
7.6
47633
7.63333
47676
7.66667
47726
7.7
47776
7.73333
47816
7.76667
47849
7.8
47882
7.83333
47926
7.86667
47974
7.9
48022
7.93333
48055
7.96667
48096
8
48141
8.03333
48169
8.06667
48216
8.1
48247
8.13333
48282
8.16667
48324
8.2
48368
8.23333
48407
8.26667
48445
8.3
48476
8.33333
48512
8.36667
48540
8.4
48587
8.43333
48621
8.46667
48655
8.5
48685
8.53333
48713
8.56667
48745
8.6
48782
8.63333
48810
8.66667
48836
8.7
48874
8.73333
48905
8.76667
48935
8.8
48962
8.83333
48995
8.86667
49029
8.9
49058
8.93333
49091
8.96667
49129
9
49157
9.03333
49184
9.06667
49213
9.1
49245
9.13333
49274
9.16667
49301
9.2
49336
9.23333
49371
9.26667
49397
9.3
49423
9.33333
49457
9.36667
49491
9.4
49527
9.43333
49551
9.46667
49581
9.5
49620
9.53333
49638
9.56667
49655
9.6
49683
9.63333
49706
9.66667
49740
9.7
49764
9.73333
49796
9.76667
49825
9.8
49854
9.83333
49870
9.86667
49894
9.9
49918
9.93333
49946
9.96667
49966
10
49987
10.0333
50013
10.0667
50041
10.1
50062
10.1333
50086
10.1667
50107
10.2
50124
10.2333
50141
10.2667
50165
10.3
50197
10.3333
50218
10.3667
50247
10.4
50268
10.4333
50290
10.4667
50308
10.5
50323
10.5333
50354
10.5667
50378
10.6
50394
10.6333
50417
10.6667
50449
10.7
50470
10.7333
50493
10.7667
50515
10.8
50541
10.8333
50575
10.8667
50600
10.9
50631
10.9333
50652
10.9667
50676
11
50703
11.0333
50727
11.0667
50763
11.1
50791
11.1333
50829
11.1667
50874
11.2
50917
11.2333
50947
11.2667
50983
11.3
51017
11.3333
51056
11.3667
51090
11.4
51131
11.4333
51154
11.4667
51183
11.5
51227
11.5333
51268
11.5667
51303
11.6
51352
11.6333
51381
11.6667
51419
11.7
51467
11.7333
51497
11.7667
51534
11.8
51570
11.8333
51607
11.8667
51638
11.9
51673
11.9333
51707
11.9667
51729
12
51757
12.0333
51797
12.0667
51823
12.1
51845
12.1333
51870
12.1667
51896
12.2
51919
12.2333
51953
12.2667
51972
12.3
52000
12.3333
52028
12.3667
52054
12.4
52083
12.4333
52102
12.4667
52127
12.5
52143
12.5333
52159
12.5667
52183
12.6
52203
12.6333
52218
12.6667
52235
12.7
52253
12.7333
52266
12.7667
52285
12.8
52294
12.8333
52315
12.8667
52329
12.9
52345
12.9333
52357
12.9667
52370
13
52388
13.0333
52401
13.0667
52410
13.1
52417
13.1333
52423
13.1667
52432
13.2
52439
13.2333
52451
13.2667
52462
13.3
52473
13.3333
52480
13.3667
52494
13.4
52503
13.4333
52515
13.4667
52528
13.5
52538
13.5333
52553
13.5667
52569
13.6
52579
13.6333
52588
13.6667
52598
13.7
52606
13.7333
52613
13.7667
52619
13.8
52631
13.8333
52646
13.8667
52652
13.9
52660
13.9333
52668
13.9667
52677
14
52692
14.0333
52708
14.0667
52715
14.1
52724
14.1333
52730
14.1667
52738
14.2
52750
14.2333
52760
14.2667
52768
14.3
52771
14.3333
52779
14.3667
52783
14.4
52795
14.4333
52800
14.4667
52807
14.5
52813
14.5333
52818
14.5667
52831
14.6
52842
14.6333
52852
14.6667
52864
14.7
52881
14.7333
52888
14.7667
52893
14.8
52906
14.8333
52916
14.8667
52931
14.9
52945
14.9333
52960
14.9667
52976
15
52992
15.0333
53008
15.0667
53019
15.1
53032
15.1333
53043
15.1667
53049
15.2
53060
15.2333
53065
15.2667
53073
15.3
53091
15.3333
53102
15.3667
53112
15.4
53123
15.4333
53142
15.4667
53156
15.5
53168
15.5333
53179
15.5667
53188
15.6
53207
15.6333
53214
15.6667
53226
15.7
53235
15.7333
53245
15.7667
53249
15.8
53257
15.8333
53264
15.8667
53271
15.9
53278
15.9333
53285
15.9667
53295
16
53300
16.0333
53307
16.0667
53319
16.1
53324
16.1333
53336
16.1667
53341
16.2
53349
16.2333
53357
16.2667
53366
16.3
53372
16.3333
53378
16.3667
53385
16.4
53393
16.4333
53397
16.4667
53403
16.5
53413
16.5333
53419
16.5667
53427
16.6
53429
16.6333
53438
16.6667
53444
16.7
53453
16.7333
53464
16.7667
53475
16.8
53481
16.8333
53485
16.8667
53487
16.9
53496
16.9333
53500
16.9667
53505
17
53511
17.0333
53515
17.0667
53527
17.1
53531
17.1333
53538
17.1667
53547
17.2
53551
17.2333
53554
17.2667
53557
17.3
53557
17.3333
53564
17.3667
53568
17.4
53572
17.4333
53578
17.4667
53578
17.5
53583
17.5333
53593
17.5667
53598
17.6
53603
17.6333
53614
17.6667
53619
17.7
53624
17.7333
53633
17.7667
53638
17.8
53646
17.8333
53649
17.8667
53656
17.9
53660
17.9333
53667
17.9667
53672
18
53678
18.0333
53689
18.0667
53695
18.1
53701
18.1333
53705
18.1667
53711
18.2
53715
18.2333
53720
18.2667
53724
18.3
53730
18.3333
53732
18.3667
53734
18.4
53740
18.4333
53747
18.4667
53750
18.5
53753
18.5333
53760
18.5667
53762
18.6
53763
18.6333
53767
18.6667
53769
18.7
53775
18.7333
53775
18.7667
53775
18.8
53778
18.8333
53784
18.8667
53785
18.9
53789
18.9333
53791
18.9667
53795
19
53802
19.0333
53815
19.0667
53821
19.1
53824
19.1333
53825
19.1667
53831
19.2
53834
19.2333
53836
19.2667
53839
19.3
53842
19.3333
53846
19.3667
53847
19.4
53849
19.4333
53848
19.4667
53855
19.5
53863
19.5333
53871
19.5667
53877
19.6
53883
19.6333
53888
19.6667
53893
19.7
53897
19.7333
53899
19.7667
53902
19.8
53902
19.8333
53913
19.8667
53918
19.9
53923
19.9333
53932
19.9667
53937
20
53942
