0
1
0.0333333
1
0.0666667
1
0.1
1
0.133333
1
0.166667
1
0.2
1
0.233333
1
0.266667
1
0.3
1
0.333333
1
0.366667
1
0.4
1
0.433333
1
0.466667
1
0.5
1
0.533333
1
0.566667
1
0.6
1
0.633333
1
0.666667
1
0.7
1
0.733333
1
0.766667
1
0.8
1
0.833333
1
0.866667
1
0.9
1
0.933333
1
0.966667
1
1
1
1.03333
1
1.06667
1
1.1
1
1.13333
1
1.16667
1
1.2
1
1.23333
1
1.26667
1
1.3
1
1.33333
1
1.36667
1
1.4
1
1.43333
1
1.46667
1
1.5
1
1.53333
1
1.56667
1
1.6
1
1.63333
1
1.66667
1
1.7
1
1.73333
1
1.76667
1
1.8
1
1.83333
1
1.86667
1
1.9
1
1.93333
1
1.96667
1
2
1
2.03333
1
2.06667
1
2.1
1
2.13333
1
2.16667
1
2.2
1
2.23333
1
2.26667
1
2.3
1
2.33333
1
2.36667
1
2.4
1
2.43333
1
2.46667
1
2.5
1
2.53333
1
2.56667
1
2.6
1
2.63333
1
2.66667
1
2.7
1
2.73333
1
2.76667
1
2.8
1
2.83333
1
2.86667
1
2.9
1
2.93333
1
2.96667
1
3
1
3.03333
1
3.06667
1
3.1
1
3.13333
1
3.16667
1
3.2
1
3.23333
1
3.26667
1
3.3
1
3.33333
1
3.36667
11643
3.4
12916
3.43333
14029
3.46667
15219
3.5
16340
3.53333
17526
3.56667
18552
3.6
19593
3.63333
20594
3.66667
21489
3.7
22408
3.73333
23265
3.76667
24046
3.8
24905
3.83333
25664
3.86667
26425
3.9
27105
3.93333
27752
3.96667
28352
4
28960
4.03333
29583
4.06667
30138
4.1
30651
4.13333
31186
4.16667
31678
4.2
32167
4.23333
32617
4.26667
33097
4.3
33556
4.33333
33958
4.36667
34314
4.4
34725
4.43333
35064
4.46667
35437
4.5
35795
4.53333
36134
4.56667
36430
4.6
36801
4.63333
37103
4.66667
37378
4.7
37702
4.73333
38032
4.76667
38315
4.8
38613
4.83333
38940
4.86667
39216
4.9
39474
4.93333
39752
4.96667
40009
5
40237
5.03333
40458
5.06667
40661
5.1
40923
5.13333
41134
5.16667
41337
5.2
41533
5.23333
41728
5.26667
41912
5.3
42096
5.33333
42251
5.36667
42432
5.4
42604
5.43333
42772
5.46667
42935
5.5
43090
5.53333
43261
5.56667
43396
5.6
43542
5.63333
43689
5.66667
43817
5.7
43952
5.73333
44081
5.76667
44218
5.8
44345
5.83333
44477
5.86667
44602
5.9
44724
5.93333
44865
5.96667
45001
6
45127
6.03333
45229
6.06667
45344
6.1
45478
6.13333
45596
6.16667
45707
6.2
45825
6.23333
45929
6.26667
46040
6.3
46127
6.33333
46246
6.36667
46344
6.4
46446
6.43333
46562
6.46667
46654
6.5
46719
6.53333
46812
6.56667
46905
6.6
46986
6.63333
47077
6.66667
47167
6.7
47256
6.73333
47346
6.76667
47434
6.8
47526
6.83333
47617
6.86667
47696
6.9
47780
6.93333
47886
6.96667
47984
7
48074
7.03333
48152
7.06667
48223
7.1
48288
7.13333
48345
7.16667
48412
7.2
48467
7.23333
48541
7.26667
48601
7.3
48669
7.33333
48735
7.36667
48796
7.4
48866
7.43333
48918
7.46667
48971
7.5
49035
7.53333
49084
7.56667
49146
7.6
49200
7.63333
49253
7.66667
49309
7.7
49360
7.73333
49421
7.76667
49478
7.8
49533
7.83333
49575
7.86667
49628
7.9
49678
7.93333
49728
7.96667
49778
8
49823
8.03333
49865
8.06667
49903
8.1
49947
8.13333
49992
8.16667
50033
8.2
50072
8.23333
50113
8.26667
50140
8.3
50177
8.33333
50206
8.36667
50242
8.4
50274
8.43333
50312
8.46667
50350
8.5
50384
8.53333
50419
8.56667
50454
8.6
50487
8.63333
50518
8.66667
50552
8.7
50590
8.73333
50618
8.76667
50652
8.8
50677
8.83333
50704
8.86667
50733
8.9
50753
8.93333
50775
8.96667
50800
9
50826
9.03333
50856
9.06667
50886
9.1
50916
9.13333
50950
9.16667
50982
9.2
51018
9.23333
51045
9.26667
51072
9.3
51111
9.33333
51145
9.36667
51175
9.4
51206
9.43333
51232
9.46667
51250
9.5
51283
9.53333
51311
9.56667
51346
9.6
51384
9.63333
51418
9.66667
51453
9.7
51487
9.73333
51517
9.76667
51549
9.8
51578
9.83333
51605
9.86667
51636
9.9
51683
9.93333
51713
9.96667
51751
10
51786
10.0333
51824
10.0667
51856
10.1
51881
10.1333
51906
10.1667
51925
10.2
51975
10.2333
52009
10.2667
52031
10.3
52060
10.3333
52090
10.3667
52123
10.4
52145
10.4333
52168
10.4667
52198
10.5
52227
10.5333
52249
10.5667
52267
10.6
52290
10.6333
52310
10.6667
52327
10.7
52350
10.7333
52369
10.7667
52381
10.8
52391
10.8333
52406
10.8667
52432
10.9
52455
10.9333
52480
10.9667
52496
11
52521
11.0333
52543
11.0667
52565
11.1
52586
11.1333
52596
11.1667
52613
11.2
52626
11.2333
52645
11.2667
52660
11.3
52671
11.3333
52690
11.3667
52706
11.4
52729
11.4333
52744
11.4667
52762
11.5
52781
11.5333
52802
11.5667
52814
11.6
52822
11.6333
52838
11.6667
52853
11.7
52874
11.7333
52892
11.7667
52912
11.8
52936
11.8333
52961
11.8667
52980
11.9
52998
11.9333
53022
11.9667
53037
12
53058
12.0333
53066
12.0667
53079
12.1
53094
12.1333
53121
12.1667
53139
12.2
53154
12.2333
53175
12.2667
53191
12.3
53203
12.3333
53222
12.3667
53244
12.4
53258
12.4333
53269
12.4667
53285
12.5
53299
12.5333
53319
12.5667
53333
12.6
53341
12.6333
53352
12.6667
53366
12.7
53380
12.7333
53391
12.7667
53406
12.8
53422
12.8333
53435
12.8667
53444
12.9
53458
12.9333
53478
12.9667
53490
13
53501
13.0333
53516
13.0667
53526
13.1
53538
13.1333
53546
13.1667
53550
13.2
53556
13.2333
53571
13.2667
53588
13.3
53599
13.3333
53609
13.3667
53627
13.4
53639
13.4333
53651
13.4667
53665
13.5
53681
13.5333
53691
13.5667
53707
13.6
53717
13.6333
53726
13.6667
53739
13.7
53754
13.7333
53765
13.7667
53778
13.8
53792
13.8333
53809
13.8667
53825
13.9
53841
13.9333
53854
13.9667
53869
14
53884
14.0333
53895
14.0667
53906
14.1
53917
14.1333
53929
14.1667
53944
14.2
53958
14.2333
53967
14.2667
53981
14.3
53996
14.3333
54015
14.3667
54031
14.4
54043
14.4333
54053
14.4667
54067
14.5
54079
14.5333
54090
14.5667
54099
14.6
54113
14.6333
54119
14.6667
54132
14.7
54143
14.7333
54157
14.7667
54168
14.8
54186
14.8333
54205
14.8667
54213
14.9
54220
14.9333
54239
14.9667
54250
15
54270
15.0333
54274
15.0667
54287
15.1
54293
15.1333
54300
15.1667
54305
15.2
54318
15.2333
54326
15.2667
54334
15.3
54348
15.3333
54355
15.3667
54362
15.4
54373
15.4333
54384
15.4667
54393
15.5
54405
15.5333
54420
15.5667
54428
15.6
54437
15.6333
54452
15.6667
54462
15.7
54474
15.7333
54484
15.7667
54493
15.8
54501
15.8333
54514
15.8667
54519
15.9
54526
15.9333
54531
15.9667
54539
16
54547
16.0333
54553
16.0667
54563
16.1
54568
16.1333
54576
16.1667
54578
16.2
54591
16.2333
54595
16.2667
54606
16.3
54609
16.3333
54618
16.3667
54629
16.4
54633
16.4333
54641
16.4667
54650
16.5
54665
16.5333
54677
16.5667
54683
16.6
54686
16.6333
54697
16.6667
54704
16.7
54711
16.7333
54718
16.7667
54727
16.8
54733
16.8333
54741
16.8667
54747
16.9
54751
16.9333
54754
16.9667
54764
17
54770
17.0333
54783
17.0667
54788
17.1
54799
17.1333
54802
17.1667
54806
17.2
54810
17.2333
54810
17.2667
54813
17.3
54822
17.3333
54828
17.3667
54833
17.4
54839
17.4333
54844
17.4667
54848
17.5
54857
17.5333
54863
17.5667
54868
17.6
54869
17.6333
54873
17.6667
54878
17.7
54882
17.7333
54887
17.7667
54888
17.8
54896
17.8333
54897
17.8667
54904
17.9
54911
17.9333
54913
17.9667
54916
18
54925
18.0333
54933
18.0667
54941
18.1
54944
18.1333
54948
18.1667
54954
18.2
54959
18.2333
54962
18.2667
54966
18.3
54976
18.3333
54980
18.3667
54987
18.4
54989
18.4333
54997
18.4667
55005
18.5
55014
18.5333
55019
18.5667
55022
18.6
55028
18.6333
55036
18.6667
55041
18.7
55046
18.7333
55052
18.7667
55058
18.8
55064
18.8333
55069
18.8667
55067
18.9
55073
18.9333
55075
18.9667
55076
19
55078
19.0333
55079
19.0667
55083
19.1
55083
19.1333
55091
19.1667
55100
19.2
55105
19.2333
55107
19.2667
55112
19.3
55115
19.3333
55117
19.3667
55122
19.4
55128
19.4333
55131
19.4667
55135
19.5
55141
19.5333
55146
19.5667
55149
19.6
55152
19.6333
55153
19.6667
55154
19.7
55158
19.7333
55160
19.7667
55166
19.8
55167
19.8333
55172
19.8667
55177
19.9
55181
19.9333
55188
19.9667
55190
20
55195
