1787157937.951798
1787157938.057408
1787157938.163134
1787157938.269025
1787157938.374279
1787157938.479954
1787157938.585669
1787157938.691798
1787157938.797506
1787157938.903833
1787157939.010052
1787157939.117488
1787157939.224824
1787157939.331202
1787157939.438640
1787157939.546742
1787157939.654141
1787157939.761313
1787157939.869188
1787157939.977437
1787157940.090565
1787157940.200433
1787157940.309863
1787157940.419802
1787157940.528806
1787157940.639613
1787157940.748884
1787157940.858917
1787157940.968939
1787157941.078740
1787157941.189389
1787157941.299128
1787157941.408338
1787157941.522068
1787157941.634107
1787157941.745015
1787157941.857496
1787157941.967799
1787157942.077323
1787157942.187026
1787157942.298034
1787157942.408399
1787157942.518770
1787157942.633939
1787157942.744526
1787157942.854921
1787157942.968371
1787157943.079556
1787157943.193138
1787157943.307466
1787157943.420015
1787157943.532828
1787157943.644158
1787157943.755333
1787157943.866063
1787157943.976573
1787157944.087425
1787157944.200913
1787157944.314643
1787157944.429235
1787157944.542083
1787157944.653570
1787157944.766447
1787157944.878643
1787157944.990327
1787157945.106175
1787157945.217756
1787157945.328933
1787157945.440608
1787157945.552454
1787157945.664811
1787157945.777975
1787157945.890878
1787157946.003483
1787157946.115353
1787157946.227856
1787157946.339953
1787157946.453383
1787157946.565764
1787157946.677947
1787157946.791291
1787157946.905189
1787157947.019918
1787157947.135559
1787157947.247543
1787157947.360244
1787157947.472632
1787157947.585223
1787157947.698486
1787157947.810836
1787157947.924920
1787157948.041166
1787157948.156015
1787157948.270035
1787157948.383374
1787157948.497111
1787157948.610977
1787157948.724179
1787157948.838058
1787157948.952677
1787157949.067821
1787157949.183132
1787157949.297523
1787157949.412190
1787157949.526459
1787157949.641804
1787157949.758588
1787157949.874264
1787157949.989470
1787157950.105125
1787157950.220811
1787157950.336806
1787157950.456192
1787157950.572196
1787157950.690107
1787157950.805929
1787157950.921416
1787157951.036788
1787157951.152347
1787157951.267756
1787157951.383769
1787157951.499315
1787157951.617139
1787157951.734683
1787157951.852247
1787157951.969980
1787157952.092054
1787157952.226843
1787157952.355679
1787157952.473020
1787157952.598435
1787157952.717622
1787157952.835867
1787157952.953453
1787157953.069990
1787157953.186200
1787157953.301878
1787157953.430523
1787157953.558071
1787157953.677774
1787157953.802540
1787157953.924624
1787157954.051177
1787157954.170294
1787157954.293242
1787157954.424304
1787157954.544636
1787157954.667702
1787157954.793315
1787157954.933478
1787157955.056993
1787157955.192706
1787157955.320807
1787157955.443413
1787157955.562918
1787157955.683019
1787157955.806068
1787157955.932189
1787157956.057701
1787157956.184008
1787157956.311528
1787157956.437945
1787157956.564101
1787157956.689699
1787157956.816578
1787157956.939557
1787157957.060348
1787157957.180527
1787157957.301969
1787157957.428467
1787157957.558281
1787157957.688639
1787157957.816749
1787157957.937703
1787157958.058960
1787157958.181276
1787157958.303296
1787157958.426294
1787157958.547235
1787157958.671859
1787157958.798617
1787157958.922838
1787157959.045545
1787157959.167936
1787157959.290696
1787157959.413215
1787157959.535823
1787157959.659398
1787157959.783100
1787157959.910197
1787157960.039166
1787157960.162795
1787157960.286271
1787157960.408163
1787157960.531290
1787157960.653532
1787157960.776958
1787157960.900735
1787157961.023070
1787157961.149868
1787157961.276869
1787157961.402346
1787157961.524624
1787157961.646770
1787157961.769825
1787157961.890759
1787157962.011967
1787157962.134017
1787157962.255026
1787157962.377457
1787157962.502530
1787157962.627836
1787157962.752657
1787157962.878058
1787157963.000108
1787157963.123569
1787157963.246209
1787157963.369759
1787157963.493318
1787157963.615639
1787157963.742706
1787157963.868354
1787157963.991054
1787157964.112470
1787157964.233771
1787157964.356106
1787157964.476980
1787157964.596221
1787157964.715924
1787157964.836221
1787157964.962636
1787157965.085851
1787157965.209564
1787157965.331445
1787157965.454467
1787157965.576506
1787157965.696959
1787157965.819334
1787157965.940217
1787157966.062171
1787157966.188049
1787157966.312057
1787157966.433053
1787157966.554492
1787157966.674829
1787157966.797441
1787157966.917380
1787157967.038836
1787157967.159817
1787157967.279018
1787157967.404779
1787157967.526466
1787157967.648762
1787157967.769600
1787157967.889156
1787157968.008715
1787157968.128276
1787157968.250363
1787157968.371814
1787157968.490295
1787157968.615099
1787157968.735982
1787157968.860572
1787157968.982227
1787157969.110276
1787157969.231876
1787157969.353629
1787157969.479391
1787157969.598543
1787157969.718098
1787157969.845176
1787157969.975911
1787157970.096292
1787157970.214772
1787157970.332108
1787157970.452165
1787157970.569663
1787157970.688205
1787157970.808757
1787157970.926479
1787157971.048736
1787157971.169748
1787157971.288059
1787157971.405746
1787157971.523221
1787157971.639460
1787157971.755525
1787157971.872964
1787157971.989099
1787157972.105235
1787157972.225291
1787157972.350810
1787157972.471139
1787157972.599102
1787157972.718724
1787157972.841914
1787157972.959766
1787157973.074485
1787157973.189313
1787157973.306235
1787157973.427439
1787157973.544462
1787157973.661644
1787157973.779703
1787157973.894050
1787157974.010132
1787157974.125412
1787157974.239330
1787157974.352093
1787157974.467376
1787157974.587870
1787157974.705175
1787157974.818729
1787157974.931224
1787157975.044490
1787157975.159028
1787157975.273916
1787157975.385608
1787157975.497953
1787157975.609677
1787157975.726371
1787157975.842721
1787157975.957424
1787157976.070585
1787157976.183165
1787157976.295705
1787157976.408309
1787157976.518847
1787157976.631335
1787157976.743670
1787157976.860007
1787157976.972479
1787157977.087140
1787157977.198362
1787157977.311510
1787157977.423027
1787157977.536151
1787157977.650251
1787157977.767200
1787157977.879344
1787157977.996529
1787157978.111008
1787157978.227047
1787157978.340001
1787157978.455184
1787157978.566153
1787157978.674888
1787157978.783472
1787157978.892946
1787157979.001045
1787157979.113760
1787157979.225972
1787157979.337018
1787157979.448310
1787157979.557809
1787157979.665265
1787157979.774241
1787157979.885034
1787157979.993646
1787157980.104742
1787157980.216722
1787157980.329985
1787157980.437412
1787157980.545123
1787157980.653068
1787157980.761301
1787157980.870546
1787157980.979679
1787157981.087023
1787157981.193310
1787157981.303999
1787157981.415575
1787157981.523230
1787157981.631619
1787157981.739445
1787157981.847326
1787157981.954660
1787157982.060995
1787157982.169104
1787157982.278749
1787157982.394740
1787157982.514292
1787157982.620481
1787157982.726703
1787157982.832804
1787157982.939192
1787157983.045249
1787157983.149554
1787157983.254688
1787157983.358805
1787157983.470562
1787157983.578086
1787157983.684902
1787157983.790059
1787157983.895647
1787157984.000350
1787157984.104038
1787157984.208409
1787157984.315103
1787157984.419724
1787157984.527539
1787157984.633292
1787157984.739294
1787157984.845864
1787157984.951596
1787157985.054373
1787157985.157897
1787157985.263491
1787157985.369799
1787157985.477169
1787157985.585153
1787157985.691286
1787157985.796536
1787157985.899059
1787157985.999695
1787157986.102154
1787157986.204503
1787157986.306300
1787157986.406794
1787157986.508228
1787157986.613369
1787157986.719273
1787157986.822318
1787157986.924887
1787157987.025200
1787157987.126311
1787157987.228349
1787157987.328737
1787157987.433341
1787157987.533350
1787157987.637174
1787157987.739461
1787157987.840561
1787157987.940396
1787157988.042075
1787157988.142079
1787157988.241632
1787157988.341394
1787157988.441583
1787157988.541209
1787157988.644157
1787157988.747509
1787157988.849686
1787157988.949854
1787157989.048697
1787157989.148057
1787157989.247588
1787157989.345356
1787157989.444973
1787157989.543485
1787157989.644973
1787157989.743742
1787157989.840491
1787157989.936952
1787157990.035529
1787157990.140221
1787157990.237480
1787157990.334610
1787157990.431313
1787157990.528684
1787157990.629618
1787157990.728389
1787157990.825207
1787157990.922520
1787157991.023566
1787157991.119707
1787157991.216558
1787157991.312393
1787157991.408957
1787157991.504096
1787157991.603550
1787157991.701097
1787157991.796190
1787157991.892451
1787157991.987514
1787157992.084548
1787157992.179841
1787157992.274569
1787157992.369691
1787157992.465761
1787157992.565645
1787157992.665200
1787157992.762724
1787157992.857817
1787157992.952312
1787157993.046683
1787157993.140100
1787157993.234810
1787157993.329083
1787157993.423920
1787157993.520851
1787157993.616312
1787157993.711758
1787157993.804510
1787157993.897370
1787157993.989994
1787157994.082862
1787157994.176737
1787157994.270039
1787157994.363642
1787157994.462639
1787157994.556006
1787157994.649246
1787157994.742269
1787157994.836395
1787157994.928107
1787157995.019899
1787157995.114030
1787157995.210010
1787157995.302458
1787157995.398348
1787157995.492597
1787157995.586427
1787157995.679950
1787157995.774881
1787157995.868541
1787157995.959522
1787157996.051771
1787157996.144475
1787157996.236124
1787157996.332124
1787157996.425365
1787157996.519894
1787157996.612072
1787157996.704856
1787157996.796405
1787157996.888673
1787157996.981211
1787157997.074102
1787157997.167810
1787157997.261532
1787157997.356087
1787157997.447530
1787157997.539435
1787157997.631150
1787157997.720866
1787157997.810169
1787157997.900006
1787157997.991159
1787157998.085460
1787157998.180474
1787157998.271877
1787157998.363671
1787157998.454115
1787157998.544520
1787157998.633968
1787157998.724511
1787157998.814557
1787157998.903597
1787157998.994217
1787157999.088313
1787157999.181196
1787157999.273275
1787157999.372230
1787157999.464736
1787157999.554176
1787157999.645362
1787157999.735562
1787157999.825028
1787157999.915739
1787158000.008048
1787158000.098506
1787158000.186957
1787158000.274259
1787158000.363058
1787158000.453160
1787158000.541401
1787158000.630151
1787158000.719493
1787158000.815176
1787158000.905517
1787158000.994585
1787158001.081693
1787158001.170325
1787158001.261086
1787158001.350155
1787158001.439235
1787158001.528247
1787158001.616414
1787158001.703421
1787158001.795997
1787158001.884240
1787158001.973637
1787158002.060250
1787158002.147373
1787158002.233675
1787158002.320171
1787158002.407584
1787158002.495826
1787158002.583897
1787158002.671719
1787158002.758589
1787158002.846531
1787158002.934177
1787158003.020675
1787158003.108335
1787158003.195955
1787158003.281364
1787158003.367188
1787158003.453724
1787158003.542712
