1787159365.358829
1787159366.410160
1787159367.767581
1787159369.126353
1787159370.329798
1787159371.690997
1787159372.976921
1787159374.168703
1787159375.575114
1787159376.692570
1787159377.893460
1787159379.181821
1787159380.450278
1787159381.902399
1787159383.190218
1787159384.447007
1787159385.597261
1787159387.040876
1787159388.467415
1787159389.596254
1787159391.046995
1787159392.518197
1787159393.695353
1787159395.141356
1787159396.338382
1787159397.493373
1787159398.688672
1787159400.082999
1787159401.437622
1787159402.605088
1787159403.880695
1787159405.195137
1787159406.608644
1787159408.016602
1787159409.514096
1787159410.946576
1787159412.193217
1787159413.609214
1787159414.981524
1787159416.384652
1787159417.758255
1787159419.093337
1787159420.486446
1787159421.782007
1787159423.072489
1787159424.459391
1787159425.850333
1787159427.292939
1787159428.668887
1787159429.891942
1787159431.199748
1787159432.486090
1787159433.705572
1787159435.093880
1787159436.360699
1787159437.597308
1787159438.820179
1787159440.057959
1787159441.454317
1787159442.771964
1787159444.098884
1787159445.494466
1787159446.770073
1787159448.122742
1787159449.486880
1787159450.774232
1787159452.068493
1787159453.388836
1787159454.664610
1787159455.944691
1787159457.302296
1787159458.677059
1787159460.003782
1787159461.356161
1787159462.706186
1787159464.011949
1787159465.334286
1787159466.650007
1787159467.991428
1787159469.312087
1787159470.660747
1787159472.025842
1787159473.379294
1787159474.737922
1787159476.069363
1787159477.433502
1787159478.762060
1787159480.105327
1787159481.469445
1787159482.848462
1787159484.234242
1787159485.606156
1787159486.995541
1787159488.359596
1787159489.736749
1787159491.112246
1787159492.483991
1787159493.843665
1787159495.231303
1787159496.626341
1787159498.059492
1787159499.469113
1787159500.852305
1787159502.258799
1787159503.633895
1787159505.013306
1787159506.400238
1787159507.781147
1787159509.171171
1787159510.579205
1787159512.029645
1787159513.442416
1787159514.820964
1787159516.209580
1787159517.578879
1787159518.937777
1787159520.299763
1787159521.673857
1787159523.044023
1787159524.382417
1787159525.800653
1787159527.174411
1787159528.545073
1787159529.882714
1787159531.204255
1787159532.524740
1787159533.845056
1787159535.167491
1787159536.476881
1787159537.790045
1787159539.168643
1787159540.495390
1787159541.806787
1787159543.095226
1787159544.382068
1787159545.649449
1787159546.940532
1787159548.203307
1787159549.470573
1787159550.734582
1787159552.044447
1787159553.330781
1787159554.598935
1787159555.859212
1787159557.103251
1787159558.330482
1787159559.564269
1787159560.787274
1787159562.007364
1787159563.238449
1787159564.496835
1787159565.745161
1787159566.970279
1787159568.197090
1787159569.413088
1787159570.600009
1787159571.796218
1787159572.995986
1787159574.185938
1787159575.372891
1787159576.621639
1787159577.836983
1787159579.027448
1787159580.200974
1787159581.396035
1787159582.561757
1787159583.729163
1787159584.893877
1787159586.066982
1787159587.217677
1787159588.416013
1787159589.608889
1787159590.778510
1787159591.941282
1787159593.142733
1787159594.301505
1787159595.451963
1787159596.570851
1787159597.695654
1787159598.830649
1787159600.003837
1787159601.163604
1787159602.307351
1787159603.429222
1787159604.552267
1787159605.678556
1787159606.811830
1787159607.917947
1787159609.027267
1787159610.128103
1787159611.295855
1787159612.437141
1787159613.553135
1787159614.654573
1787159615.757407
1787159616.852820
1787159617.938289
1787159619.027211
1787159620.118951
1787159621.195976
1787159622.333826
1787159623.452361
1787159624.538315
1787159625.620677
1787159626.694783
1787159627.779125
1787159628.851669
1787159629.923728
1787159631.001778
1787159632.073272
1787159633.188040
1787159634.287965
1787159635.357181
1787159636.435112
1787159637.501491
1787159638.563571
1787159639.620492
1787159640.684552
1787159641.740384
1787159642.789423
1787159643.889985
1787159644.961308
1787159646.018744
1787159647.069140
1787159648.119505
1787159649.171364
1787159650.224013
1787159651.273982
1787159652.322840
1787159653.394997
1787159654.489219
1787159655.556678
1787159656.603189
1787159657.649065
1787159658.699618
1787159659.745305
1787159660.789399
1787159661.827848
1787159662.862782
1787159663.897882
1787159664.977422
1787159666.038423
1787159667.079195
1787159668.126667
1787159669.163111
1787159670.196377
1787159671.234177
1787159672.267817
1787159673.297692
1787159674.318252
1787159675.386277
1787159676.439420
1787159677.471714
1787159678.494850
1787159679.519014
1787159680.542898
1787159681.562832
1787159682.591059
1787159683.622846
1787159684.649184
1787159685.711382
1787159686.754902
1787159687.787742
1787159688.802974
1787159689.812858
1787159690.834548
1787159691.846823
1787159692.858098
1787159693.876359
1787159694.890603
1787159695.943682
1787159696.987040
1787159698.001027
1787159699.017708
1787159700.030032
1787159701.028078
1787159702.032582
1787159703.032981
1787159704.036268
1787159705.034420
1787159706.071092
1787159707.092005
1787159708.101880
1787159709.107653
1787159710.103209
1787159711.099238
1787159712.098337
1787159713.101194
1787159714.103746
1787159715.099380
1787159716.126663
1787159717.146204
1787159718.148737
1787159719.144881
1787159720.154267
1787159721.160207
1787159722.163650
1787159723.177034
1787159724.184118
1787159725.198828
1787159726.248896
1787159727.281322
1787159728.290126
1787159729.294188
1787159730.311336
1787159731.318794
1787159732.328374
1787159733.331334
1787159734.333061
1787159735.333920
1787159736.365176
1787159737.379139
1787159738.376633
1787159739.379268
1787159740.380371
1787159741.375968
1787159742.355183
1787159743.339863
1787159744.322459
1787159745.291937
1787159746.310359
1787159747.315253
1787159748.295556
1787159749.278595
1787159750.252417
1787159751.229088
1787159752.202510
1787159753.186624
1787159754.174742
1787159755.151074
1787159756.163295
1787159757.167202
1787159758.146207
1787159759.125741
1787159760.097623
1787159761.072013
1787159762.044876
1787159763.015399
1787159763.991944
1787159764.956485
1787159765.961092
1787159766.949372
1787159767.925427
1787159768.892482
1787159769.855305
1787159770.814177
1787159771.778146
1787159772.742723
1787159773.718989
1787159774.682188
1787159775.680496
1787159776.666080
1787159777.635664
1787159778.603031
1787159779.572531
1787159780.533029
1787159781.499796
1787159782.470310
1787159783.439667
1787159784.401455
1787159785.395831
1787159786.381206
1787159787.346614
1787159788.302272
1787159789.251357
1787159790.197556
1787159791.149342
1787159792.099456
1787159793.044087
1787159793.993827
1787159794.980530
1787159795.960196
1787159796.921125
1787159797.873678
1787159798.835729
1787159799.794725
1787159800.755075
1787159801.706197
1787159802.683549
1787159803.639880
1787159804.647948
1787159805.619789
1787159806.566376
1787159807.515350
1787159808.459641
1787159809.403009
1787159810.349085
1787159811.292692
1787159812.233148
1787159813.171373
1787159814.135479
1787159815.101878
1787159816.056658
1787159816.997162
1787159817.938419
1787159818.872360
1787159819.808801
1787159820.744632
1787159821.677389
1787159822.608925
1787159823.570826
1787159824.529131
1787159825.458335
1787159826.391948
1787159827.316372
1787159828.249291
1787159829.184471
1787159830.113702
1787159831.044293
1787159831.978585
1787159832.963748
1787159833.924627
1787159834.863793
1787159835.803791
1787159836.732847
1787159837.660200
1787159838.593707
1787159839.533139
1787159840.475631
1787159841.415056
1787159842.379219
1787159843.323958
1787159844.266561
1787159845.203775
1787159846.143497
1787159847.076756
1787159848.008226
1787159848.930769
1787159849.855690
1787159850.788034
1787159851.766152
1787159852.717086
1787159853.647323
1787159854.580196
1787159855.505937
1787159856.432018
1787159857.357516
1787159858.284970
1787159859.203022
1787159860.132383
1787159861.081376
1787159862.027747
1787159862.955495
1787159863.877084
1787159864.806358
1787159865.724997
1787159866.639342
1787159867.557276
1787159868.476125
1787159869.389660
1787159870.331855
1787159871.270841
1787159872.200250
1787159873.126620
1787159874.048504
1787159874.962795
1787159875.889843
1787159876.805434
1787159877.723694
1787159878.637401
1787159879.585639
1787159880.529441
1787159881.458894
1787159882.377805
1787159883.294910
1787159884.214369
1787159885.131853
1787159886.045239
1787159886.957770
1787159887.867178
1787159888.805301
1787159889.735935
1787159890.651850
1787159891.567265
1787159892.482554
1787159893.406965
1787159894.330495
1787159895.249800
1787159896.157924
1787159897.064612
1787159898.000923
1787159898.929950
1787159899.847791
1787159900.760442
1787159901.673323
1787159902.580075
1787159903.484323
1787159904.395041
1787159905.311002
1787159906.224053
1787159907.156919
1787159908.080197
1787159908.978466
1787159909.882662
1787159910.787485
1787159911.693401
1787159912.596995
1787159913.498642
1787159914.400914
1787159915.302267
1787159916.226241
1787159917.143935
1787159918.050261
1787159918.948169
1787159919.848603
1787159920.751523
1787159921.650745
1787159922.541857
1787159923.444819
1787159924.348572
1787159925.270496
1787159926.186998
1787159927.084232
1787159927.990355
1787159928.883353
1787159929.772889
1787159930.664133
1787159931.558729
1787159932.448297
1787159933.337803
1787159934.259294
1787159935.169091
1787159936.067110
1787159936.959035
1787159937.848906
1787159938.741405
1787159939.630863
1787159940.522217
1787159941.411309
1787159942.301614
1787159943.221644
1787159944.130741
1787159945.033392
1787159945.924808
1787159946.812720
1787159947.697522
1787159948.588533
1787159949.478917
1787159950.363718
1787159951.246702
1787159952.154338
1787159953.066043
1787159953.951308
1787159954.840267
1787159955.740423
1787159956.626671
1787159957.511406
1787159958.395928
1787159959.277835
1787159960.165037
1787159961.077712
1787159961.985981
1787159962.874542
1787159963.759612
1787159964.650377
1787159965.532417
1787159966.416903
1787159967.305765
1787159968.191763
1787159969.084466
1787159969.995267
1787159970.907164
1787159971.801892
1787159972.695808
1787159973.594931
1787159974.487469
1787159975.380297
1787159976.261613
1787159977.140671
1787159978.017216
1787159978.932420
1787159979.848531
1787159980.738098
1787159981.621562
1787159982.511038
1787159983.392645
1787159984.281842
1787159985.175636
1787159986.062042
1787159986.941211
1787159987.848645
1787159988.752038
1787159989.632401
1787159990.520784
1787159991.401197
1787159992.282855
1787159993.160545
1787159994.032367
1787159994.913738
1787159995.784945
1787159996.687259
1787159997.582317
1787159998.460896
1787159999.331715
1787160000.207064
1787160001.079251
1787160001.951308
1787160002.824773
1787160003.693790
1787160004.569663
1787160005.476042
