1787167522.901381
1787167525.366651
1787167527.823942
1787167530.301887
1787167532.794823
1787167535.288322
1787167537.796761
1787167540.304591
1787167542.832187
1787167545.024227
1787167547.804232
1787167550.571832
1787167553.424097
1787167556.369816
1787167558.981095
1787167561.935126
1787167564.166923
1787167566.546238
1787167569.310313
1787167572.194691
1787167574.956148
1787167577.689663
1787167579.961092
1787167582.609527
1787167585.103147
1787167587.909622
1787167590.380601
1787167593.156048
1787167595.522962
1787167597.848639
1787167600.429614
1787167603.085585
1787167605.865010
1787167608.409082
1787167611.057272
1787167613.672172
1787167616.128474
1787167618.681792
1787167621.472160
1787167624.328267
1787167627.151808
1787167629.783474
1787167632.240571
1787167634.780092
1787167637.511348
1787167640.285404
1787167643.124499
1787167645.953168
1787167648.549964
1787167651.333126
1787167653.917603
1787167656.473955
1787167658.987827
1787167661.554471
1787167664.125146
1787167666.880055
1787167669.563757
1787167672.141183
1787167674.727698
1787167677.447909
1787167680.270558
1787167683.008443
1787167685.672382
1787167688.452156
1787167691.213681
1787167693.983886
1787167696.763678
1787167699.481984
1787167702.251304
1787167704.960254
1787167707.736184
1787167710.526070
1787167713.321588
1787167716.107953
1787167718.882551
1787167721.731987
1787167724.547303
1787167727.327296
1787167730.137132
1787167732.928703
1787167735.838313
1787167738.706870
1787167741.554250
1787167744.390936
1787167747.292315
1787167750.111571
1787167752.933041
1787167755.792533
1787167758.645572
1787167761.507751
1787167764.475558
1787167767.423213
1787167770.279381
1787167773.122475
1787167775.956757
1787167778.803591
1787167781.654385
1787167784.508656
1787167787.324379
1787167790.178107
1787167793.139048
1787167796.152245
1787167799.055013
1787167801.890002
1787167804.718366
1787167807.519656
1787167810.300996
1787167813.071191
1787167815.850776
1787167818.595000
1787167821.457691
1787167824.293282
1787167827.080311
1787167829.789336
1787167832.512897
1787167835.214662
1787167837.883222
1787167840.571589
1787167843.219669
1787167845.875679
1787167848.645709
1787167851.345944
1787167854.001477
1787167856.630571
1787167859.225493
1787167861.836978
1787167864.445172
1787167867.031065
1787167869.619380
1787167872.179408
1787167874.861069
1787167877.497790
1787167880.064878
1787167882.627939
1787167885.189316
1787167887.740317
1787167890.272127
1787167892.790336
1787167895.327814
1787167897.873374
1787167900.527209
1787167903.127722
1787167905.672162
1787167908.210621
1787167910.725536
1787167913.261024
1787167915.774823
1787167918.308405
1787167920.808426
1787167923.306134
1787167925.890785
1787167928.437157
1787167930.920254
1787167933.418822
1787167935.896429
1787167938.362019
1787167940.836703
1787167943.288136
1787167945.732926
1787167948.168216
1787167950.710687
1787167953.203281
1787167955.679116
1787167958.147408
1787167960.627645
1787167963.102732
1787167965.559851
1787167968.010010
1787167970.460058
1787167972.903869
1787167975.428439
1787167977.938605
1787167980.422881
1787167982.895984
1787167985.339667
1787167987.790416
1787167990.237443
1787167992.654138
1787167995.120900
1787167997.540441
1787168000.064591
1787168002.562084
1787168005.000592
1787168007.423439
1787168009.864120
1787168012.306057
1787168014.732593
1787168017.201742
1787168019.637252
1787168022.098565
1787168024.646922
1787168027.160975
1787168029.629080
1787168032.100670
1787168034.557669
1787168036.988177
1787168039.420266
1787168041.847529
1787168044.286222
1787168046.724627
1787168049.244226
1787168051.725918
1787168054.205441
1787168056.638765
1787168059.071620
1787168061.489182
1787168063.942696
1787168066.419999
1787168068.892026
1787168071.323126
1787168073.856089
1787168076.344629
1787168078.816107
1787168081.283496
1787168083.739912
1787168086.189600
1787168088.634384
1787168091.045192
1787168093.463087
1787168095.870531
1787168098.349451
1787168100.814609
1787168103.229287
1787168105.652033
1787168108.051310
1787168110.442159
1787168112.836325
1787168115.231858
1787168117.624381
1787168120.011101
1787168122.490642
1787168124.958693
1787168127.380129
1787168129.797441
1787168132.189010
1787168134.572610
1787168136.963923
1787168139.351980
1787168141.738641
1787168144.125408
1787168146.587156
1787168149.050486
1787168151.478158
1787168153.920454
1787168156.360112
1787168158.796432
1787168161.226163
1787168163.658640
1787168166.074749
1787168168.515149
1787168171.006339
1787168173.497881
1787168175.952582
1787168178.378807
1787168180.826273
1787168183.260315
1787168185.674693
1787168188.091965
1787168190.548993
1787168192.988602
1787168195.476091
1787168197.947641
1787168200.428442
1787168202.823762
1787168205.239136
1787168207.630946
1787168210.021720
1787168212.455876
1787168214.860282
1787168217.236276
1787168219.674532
1787168222.100454
1787168224.493026
1787168226.874199
1787168229.260412
1787168231.642064
1787168234.032832
1787168236.409974
1787168238.758310
1787168241.103104
1787168243.543700
1787168245.962424
1787168248.334808
1787168250.696849
1787168253.068624
1787168255.426775
1787168257.790178
1787168260.151639
1787168262.494254
1787168264.860081
1787168267.279633
1787168269.671335
1787168272.046067
1787168274.400726
1787168276.761864
1787168279.120395
1787168281.496680
1787168283.835728
1787168286.194739
1787168288.562251
1787168290.984638
1787168293.419670
1787168295.798644
1787168298.166410
1787168300.538360
1787168302.912132
1787168305.268040
1787168307.619223
1787168309.961568
1787168312.302386
1787168314.733048
1787168317.133594
1787168319.504325
1787168321.859670
1787168324.208149
1787168326.575839
1787168328.946902
1787168331.321032
1787168333.709395
1787168336.075989
1787168338.490835
1787168340.900442
1787168343.271398
1787168345.630975
1787168347.987381
1787168350.333937
1787168352.680387
1787168355.050482
1787168357.396557
1787168359.747461
1787168362.160753
1787168364.592257
1787168366.969642
1787168369.335908
1787168371.701204
1787168374.047878
1787168376.409208
1787168378.762385
1787168381.107668
1787168383.454054
1787168385.876707
1787168388.276811
1787168390.644187
1787168393.002820
1787168395.364547
1787168397.712553
1787168400.061715
1787168402.399812
1787168404.749004
1787168407.101844
1787168409.513907
1787168411.908918
1787168414.277022
1787168416.635793
1787168418.967461
1787168421.304348
1787168423.635011
1787168425.964230
1787168428.294178
1787168430.625420
1787168433.032059
1787168435.419009
1787168437.764332
1787168440.105337
1787168442.451442
1787168444.803351
1787168447.139906
1787168449.466074
1787168451.799054
1787168454.132980
1787168456.533971
1787168458.960540
1787168461.338595
1787168463.704623
1787168466.106104
1787168468.504053
1787168470.892638
1787168473.285952
1787168475.649793
1787168478.000187
1787168480.428504
1787168482.821986
1787168485.187334
1787168487.540401
1787168489.889971
1787168492.233511
1787168494.575771
1787168496.926832
1787168499.265954
1787168501.602999
1787168504.018038
1787168506.421152
1787168508.779265
1787168511.137684
1787168513.486875
1787168515.830641
1787168518.174158
1787168520.518023
1787168522.855607
1787168525.202368
1787168527.615282
1787168530.006790
1787168532.355101
1787168534.711458
1787168537.053745
1787168539.397549
1787168541.747424
1787168544.079037
1787168546.418789
1787168548.744599
1787168551.119456
1787168553.484341
1787168555.819355
1787168558.154390
1787168560.477555
1787168562.790668
1787168565.109089
1787168567.447464
1787168569.762234
1787168572.082581
1787168574.480730
1787168576.851634
1787168579.177728
1787168581.502271
1787168583.822993
1787168586.179656
1787168588.506605
1787168590.820922
1787168593.167093
1787168595.512994
1787168597.903388
1787168600.272379
1787168602.609934
1787168604.940688
1787168607.268026
1787168609.570189
1787168611.877728
1787168614.185048
1787168616.491862
1787168618.798501
1787168621.170863
1787168623.519838
1787168625.852357
1787168628.174361
1787168630.479964
1787168632.796479
1787168635.104524
1787168637.416036
1787168639.727907
1787168642.050940
1787168644.436108
1787168646.817042
1787168649.148093
1787168651.476783
1787168653.798848
1787168656.130029
1787168658.437273
1787168660.740929
1787168663.049369
1787168665.354321
1787168667.733120
1787168670.095122
1787168672.449607
1787168674.765689
1787168677.089925
1787168679.397861
1787168681.708630
1787168684.020811
1787168686.334991
1787168688.655354
1787168691.044194
1787168693.402514
1787168695.729843
1787168698.061866
1787168700.388770
1787168702.706362
1787168705.017743
1787168707.337464
1787168709.643439
1787168711.955385
1787168714.374912
1787168716.763808
1787168719.092324
1787168721.424981
1787168723.749912
1787168726.068272
1787168728.424536
1787168730.764451
1787168733.066972
1787168735.388803
1787168737.767664
1787168740.124829
1787168742.447739
1787168744.773433
1787168747.096994
1787168749.413349
1787168751.727765
1787168754.042596
1787168756.362340
1787168758.679314
1787168761.050536
1787168763.398584
1787168765.723731
1787168768.031930
1787168770.330837
1787168772.630755
1787168774.939766
1787168777.245796
1787168779.553878
1787168781.851290
1787168784.226983
1787168786.574275
1787168788.895592
1787168791.209204
1787168793.510730
1787168795.817805
1787168798.128057
1787168800.428312
1787168802.726588
1787168805.037537
1787168807.412353
1787168809.771365
1787168812.096013
1787168814.384064
1787168816.680093
1787168818.998864
1787168821.296631
1787168823.621490
1787168825.955050
1787168828.270504
1787168830.665437
1787168833.036556
1787168835.368308
1787168837.713450
1787168840.019866
1787168842.319880
1787168844.620986
1787168846.931409
1787168849.219925
1787168851.509166
1787168853.868039
1787168856.214381
1787168858.521789
1787168860.819195
1787168863.113311
1787168865.403943
1787168867.697125
1787168869.997347
1787168872.295387
1787168874.584837
1787168876.969408
1787168879.321857
1787168881.654413
1787168883.982203
1787168886.299811
1787168888.601959
1787168890.921224
1787168893.260093
1787168895.579222
1787168897.898683
1787168900.284799
1787168902.647174
1787168904.975261
1787168907.325063
1787168909.644300
1787168911.969001
1787168914.279946
1787168916.584164
1787168918.886178
1787168921.166576
1787168923.515649
1787168925.859390
1787168928.160478
1787168930.450405
1787168932.743752
1787168935.095299
1787168937.388605
1787168939.678019
1787168941.964964
1787168944.237516
1787168946.575875
1787168948.907351
1787168951.208069
1787168953.508052
1787168955.807177
1787168958.121845
1787168960.414871
1787168962.698114
1787168965.002288
1787168967.312177
1787168969.709324
1787168972.066776
1787168974.395537
1787168976.734809
1787168979.061035
1787168981.382237
1787168983.710168
1787168986.022612
1787168988.302040
1787168990.582019
1787168992.936916
