1787157868.508838
1787157868.616395
1787157868.723253
1787157868.829875
1787157868.938286
1787157869.045098
1787157869.152911
1787157869.260083
1787157869.366729
1787157869.474414
1787157869.582490
1787157869.690309
1787157869.797472
1787157869.904558
1787157870.012878
1787157870.122700
1787157870.232177
1787157870.341624
1787157870.450594
1787157870.559522
1787157870.668654
1787157870.779069
1787157870.888810
1787157870.998655
1787157871.108180
1787157871.218052
1787157871.327903
1787157871.438178
1787157871.549660
1787157871.662639
1787157871.773827
1787157871.884346
1787157871.996174
1787157872.106562
1787157872.217980
1787157872.328799
1787157872.440981
1787157872.551794
1787157872.671179
1787157872.781199
1787157872.892667
1787157873.004788
1787157873.115844
1787157873.226544
1787157873.337587
1787157873.448400
1787157873.559467
1787157873.670736
1787157873.782049
1787157873.893617
1787157874.004949
1787157874.116030
1787157874.228931
1787157874.340535
1787157874.452107
1787157874.563731
1787157874.675751
1787157874.790793
1787157874.904703
1787157875.016860
1787157875.130143
1787157875.242469
1787157875.353845
1787157875.465007
1787157875.576556
1787157875.689133
1787157875.800974
1787157875.913343
1787157876.025455
1787157876.139235
1787157876.253711
1787157876.368564
1787157876.484026
1787157876.599417
1787157876.714027
1787157876.829557
1787157876.944229
1787157877.059089
1787157877.172877
1787157877.286461
1787157877.401528
1787157877.515099
1787157877.629065
1787157877.744514
1787157877.857875
1787157877.971725
1787157878.086443
1787157878.202093
1787157878.316703
1787157878.430773
1787157878.545524
1787157878.659146
1787157878.773718
1787157878.888817
1787157879.005823
1787157879.120055
1787157879.233909
1787157879.350290
1787157879.465955
1787157879.580596
1787157879.696828
1787157879.811674
1787157879.926838
1787157880.042004
1787157880.159137
1787157880.274451
1787157880.389893
1787157880.505871
1787157880.622638
1787157880.739779
1787157880.856015
1787157880.972565
1787157881.088421
1787157881.205353
1787157881.321794
1787157881.439135
1787157881.555691
1787157881.672641
1787157881.788872
1787157881.904759
1787157882.020551
1787157882.137609
1787157882.254551
1787157882.370653
1787157882.488251
1787157882.605560
1787157882.723381
1787157882.839941
1787157882.957895
1787157883.072074
1787157883.199048
1787157883.325764
1787157883.438775
1787157883.571718
1787157883.688700
1787157883.806969
1787157883.926897
1787157884.054619
1787157884.174618
1787157884.300665
1787157884.431323
1787157884.554766
1787157884.682466
1787157884.814982
1787157884.930674
1787157885.051184
1787157885.177293
1787157885.309728
1787157885.429443
1787157885.550928
1787157885.675607
1787157885.800244
1787157885.929180
1787157886.047556
1787157886.168885
1787157886.292580
1787157886.410516
1787157886.537075
1787157886.657117
1787157886.774146
1787157886.904163
1787157887.027695
1787157887.147364
1787157887.267629
1787157887.388301
1787157887.507291
1787157887.627854
1787157887.748001
1787157887.870041
1787157887.992696
1787157888.115487
1787157888.237501
1787157888.358499
1787157888.482425
1787157888.607567
1787157888.728837
1787157888.849880
1787157888.972418
1787157889.093356
1787157889.215879
1787157889.343843
1787157889.466668
1787157889.588195
1787157889.710855
1787157889.835459
1787157889.959360
1787157890.086252
1787157890.212096
1787157890.339330
1787157890.465945
1787157890.592004
1787157890.716316
1787157890.840664
1787157890.966504
1787157891.087755
1787157891.209584
1787157891.333129
1787157891.456461
1787157891.579984
1787157891.701932
1787157891.828849
1787157891.952839
1787157892.074459
1787157892.197540
1787157892.319125
1787157892.440663
1787157892.559637
1787157892.680553
1787157892.800601
1787157892.920885
1787157893.044392
1787157893.169742
1787157893.292318
1787157893.412489
1787157893.531721
1787157893.650669
1787157893.770489
1787157893.890198
1787157894.011353
1787157894.131846
1787157894.257282
1787157894.379979
1787157894.500925
1787157894.621272
1787157894.742084
1787157894.865970
1787157894.985660
1787157895.106533
1787157895.225825
1787157895.345634
1787157895.471227
1787157895.593308
1787157895.714287
1787157895.833958
1787157895.953619
1787157896.073605
1787157896.193411
1787157896.312518
1787157896.433170
1787157896.553376
1787157896.678309
1787157896.799482
1787157896.920577
1787157897.040968
1787157897.162793
1787157897.282419
1787157897.403193
1787157897.522388
1787157897.640484
1787157897.760690
1787157897.882653
1787157898.004090
1787157898.124514
1787157898.243425
1787157898.364945
1787157898.485400
1787157898.605781
1787157898.725786
1787157898.844535
1787157898.965413
1787157899.088038
1787157899.208658
1787157899.326314
1787157899.446757
1787157899.565993
1787157899.684998
1787157899.802410
1787157899.920698
1787157900.043115
1787157900.161608
1787157900.283889
1787157900.403756
1787157900.523261
1787157900.642160
1787157900.758742
1787157900.878165
1787157900.994987
1787157901.110050
1787157901.230514
1787157901.347958
1787157901.467836
1787157901.586283
1787157901.706280
1787157901.825521
1787157901.942402
1787157902.060430
1787157902.177393
1787157902.293584
1787157902.411542
1787157902.527633
1787157902.647698
1787157902.765453
1787157902.882326
1787157903.001287
1787157903.116865
1787157903.234743
1787157903.351038
1787157903.466387
1787157903.581724
1787157903.696385
1787157903.819847
1787157903.935788
1787157904.049727
1787157904.163732
1787157904.278335
1787157904.392005
1787157904.505065
1787157904.620219
1787157904.736966
1787157904.858767
1787157904.980232
1787157905.098550
1787157905.217247
1787157905.330894
1787157905.444360
1787157905.558207
1787157905.671567
1787157905.784505
1787157905.900494
1787157906.014700
1787157906.133609
1787157906.249357
1787157906.363387
1787157906.475937
1787157906.589223
1787157906.703208
1787157906.814757
1787157906.925622
1787157907.040069
1787157907.151913
1787157907.266882
1787157907.380145
1787157907.490434
1787157907.601875
1787157907.714028
1787157907.825733
1787157907.935003
1787157908.043886
1787157908.152561
1787157908.262856
1787157908.382659
1787157908.498412
1787157908.609853
1787157908.719411
1787157908.834163
1787157908.943891
1787157909.051966
1787157909.160981
1787157909.268923
1787157909.378903
1787157909.491827
1787157909.603441
1787157909.711091
1787157909.822034
1787157909.931202
1787157910.040303
1787157910.150307
1787157910.259511
1787157910.368345
1787157910.475995
1787157910.585826
1787157910.698936
1787157910.807711
1787157910.919092
1787157911.027584
1787157911.135442
1787157911.246733
1787157911.355588
1787157911.466820
1787157911.575806
1787157911.686458
1787157911.795769
1787157911.905236
1787157912.012319
1787157912.118678
1787157912.225644
1787157912.330459
1787157912.436373
1787157912.544585
1787157912.650411
1787157912.761436
1787157912.875388
1787157912.982063
1787157913.089458
1787157913.195646
1787157913.301464
1787157913.406113
1787157913.512015
1787157913.617203
1787157913.721239
1787157913.831878
1787157913.942646
1787157914.049389
1787157914.155367
1787157914.259840
1787157914.364473
1787157914.468238
1787157914.572006
1787157914.677664
1787157914.782595
1787157914.897785
1787157915.004874
1787157915.108819
1787157915.212443
1787157915.317584
1787157915.421135
1787157915.524767
1787157915.629950
1787157915.731918
1787157915.834554
1787157915.940074
1787157916.043017
1787157916.146808
1787157916.250486
1787157916.353700
1787157916.457197
1787157916.559730
1787157916.661576
1787157916.762729
1787157916.865367
1787157916.971307
1787157917.075934
1787157917.179326
1787157917.281645
1787157917.383003
1787157917.484568
1787157917.587318
1787157917.689686
1787157917.789109
1787157917.890573
1787157917.993513
1787157918.095756
1787157918.197915
1787157918.297138
1787157918.396431
1787157918.497033
1787157918.596247
1787157918.695371
1787157918.793429
1787157918.893084
1787157918.996290
1787157919.097849
1787157919.197425
1787157919.296752
1787157919.394620
1787157919.493767
1787157919.594545
1787157919.692170
1787157919.791503
1787157919.890050
1787157919.993009
1787157920.093731
1787157920.192163
1787157920.291656
1787157920.392112
1787157920.489259
1787157920.586016
1787157920.684494
1787157920.781107
1787157920.879386
1787157920.978907
1787157921.077806
1787157921.178228
1787157921.274591
1787157921.371018
1787157921.467788
1787157921.564769
1787157921.661031
1787157921.759034
1787157921.855869
1787157921.957335
1787157922.056411
1787157922.151808
1787157922.249171
1787157922.345039
1787157922.440523
1787157922.537184
1787157922.630212
1787157922.724299
1787157922.818621
1787157922.919383
1787157923.014814
1787157923.108312
1787157923.204013
1787157923.298767
1787157923.392949
1787157923.486114
1787157923.580202
1787157923.672946
1787157923.766124
1787157923.862162
1787157923.957493
1787157924.051975
1787157924.145387
1787157924.239279
1787157924.332592
1787157924.424826
1787157924.518791
1787157924.611243
1787157924.704026
1787157924.800011
1787157924.892926
1787157924.990454
1787157925.082006
1787157925.174032
1787157925.265685
1787157925.357274
1787157925.449519
1787157925.540694
1787157925.631757
1787157925.727091
1787157925.819442
1787157925.911374
1787157926.003311
1787157926.094803
1787157926.187438
1787157926.278998
1787157926.370262
1787157926.462347
1787157926.552413
1787157926.649026
1787157926.743532
1787157926.837885
1787157926.929591
1787157927.019956
1787157927.109422
1787157927.199285
1787157927.289337
1787157927.379168
1787157927.469275
1787157927.563135
1787157927.653926
1787157927.746251
1787157927.836082
1787157927.925405
1787157928.013403
1787157928.102819
1787157928.193406
1787157928.281423
1787157928.371864
1787157928.463079
1787157928.553388
1787157928.642661
1787157928.732074
1787157928.822197
1787157928.911474
1787157928.998762
1787157929.088098
1787157929.176787
1787157929.265194
1787157929.356605
1787157929.445478
1787157929.533717
1787157929.620628
1787157929.709355
1787157929.797495
1787157929.886240
1787157929.974313
1787157930.062505
1787157930.149598
1787157930.240904
1787157930.330041
1787157930.418016
1787157930.506423
1787157930.594159
1787157930.682407
1787157930.769541
1787157930.856792
1787157930.944108
1787157931.031106
1787157931.121128
1787157931.210119
1787157931.297199
1787157931.384440
1787157931.471359
1787157931.557161
1787157931.644753
1787157931.731078
1787157931.816286
1787157931.901957
1787157931.991485
1787157932.079322
1787157932.167130
1787157932.252884
1787157932.338748
1787157932.425989
1787157932.510873
1787157932.596868
1787157932.683543
1787157932.767998
1787157932.855263
1787157932.943341
1787157933.032845
1787157933.119120
1787157933.206481
1787157933.291156
1787157933.376060
1787157933.461686
1787157933.547068
1787157933.632594
1787157933.719092
