1787158476.242279
1787158476.855953
1787158477.508899
1787158478.036919
1787158478.578473
1787158479.140793
1787158479.756698
1787158480.386844
1787158480.943766
1787158481.567445
1787158482.240124
1787158482.912192
1787158483.489604
1787158484.124961
1787158484.769623
1787158485.370183
1787158486.077991
1787158486.702511
1787158487.379536
1787158487.985658
1787158488.592186
1787158489.151491
1787158489.792094
1787158490.409609
1787158490.995214
1787158491.564560
1787158492.214422
1787158492.795173
1787158493.392154
1787158493.964608
1787158494.581646
1787158495.296721
1787158495.865786
1787158496.543216
1787158497.230137
1787158497.811439
1787158498.484247
1787158499.090258
1787158499.751203
1787158500.448811
1787158501.069861
1787158501.668315
1787158502.308201
1787158502.998540
1787158503.732935
1787158504.462152
1787158505.116340
1787158505.791651
1787158506.502626
1787158507.138569
1787158507.803265
1787158508.398356
1787158508.999880
1787158509.688484
1787158510.310936
1787158510.932247
1787158511.607094
1787158512.271434
1787158512.972869
1787158513.716062
1787158514.379444
1787158515.067483
1787158515.754918
1787158516.432050
1787158517.084484
1787158517.790403
1787158518.469046
1787158519.177860
1787158519.834573
1787158520.495492
1787158521.194604
1787158521.898508
1787158522.604990
1787158523.232247
1787158523.897513
1787158524.524108
1787158525.171385
1787158525.809727
1787158526.443450
1787158527.143920
1787158527.812287
1787158528.480615
1787158529.108101
1787158529.750229
1787158530.396859
1787158531.044962
1787158531.675447
1787158532.339038
1787158532.969885
1787158533.614227
1787158534.269664
1787158534.915958
1787158535.565812
1787158536.244705
1787158536.923909
1787158537.602585
1787158538.266423
1787158538.946097
1787158539.596907
1787158540.276203
1787158540.970932
1787158541.660846
1787158542.355735
1787158543.033532
1787158543.712642
1787158544.391003
1787158545.052988
1787158545.716844
1787158546.379916
1787158547.035217
1787158547.729601
1787158548.406349
1787158549.082871
1787158549.750185
1787158550.413615
1787158551.075999
1787158551.744543
1787158552.409914
1787158553.079989
1787158553.748742
1787158554.439161
1787158555.123066
1787158555.800507
1787158556.469170
1787158557.137147
1787158557.802973
1787158558.472878
1787158559.135119
1787158559.806696
1787158560.501044
1787158561.214545
1787158561.911458
1787158562.580007
1787158563.250150
1787158563.921074
1787158564.575729
1787158565.228592
1787158565.891879
1787158566.549746
1787158567.210943
1787158567.905473
1787158568.590610
1787158569.261734
1787158569.923403
1787158570.587159
1787158571.259473
1787158571.917803
1787158572.579792
1787158573.238237
1787158573.922803
1787158574.629541
1787158575.299156
1787158575.961328
1787158576.625244
1787158577.279440
1787158577.929358
1787158578.613130
1787158579.278151
1787158579.961825
1787158580.621552
1787158581.312979
1787158581.984390
1787158582.659716
1787158583.344801
1787158583.992495
1787158584.643879
1787158585.293746
1787158585.944505
1787158586.593733
1787158587.237394
1787158587.910946
1787158588.568446
1787158589.204131
1787158589.863153
1787158590.494416
1787158591.122944
1787158591.751964
1787158592.382288
1787158593.007746
1787158593.635596
1787158594.317483
1787158594.962648
1787158595.579935
1787158596.203156
1787158596.821937
1787158597.435345
1787158598.045891
1787158598.662419
1787158599.278449
1787158599.879276
1787158600.516978
1787158601.140468
1787158601.746600
1787158602.368404
1787158602.966377
1787158603.575063
1787158604.166833
1787158604.767513
1787158605.370327
1787158605.957346
1787158606.572579
1787158607.177893
1787158607.776462
1787158608.368359
1787158608.947456
1787158609.535672
1787158610.117143
1787158610.695021
1787158611.275630
1787158611.850192
1787158612.444479
1787158613.028379
1787158613.604759
1787158614.180882
1787158614.751822
1787158615.313005
1787158615.870718
1787158616.426640
1787158616.979774
1787158617.552955
1787158618.137911
1787158618.703467
1787158619.257787
1787158619.809967
1787158620.367573
1787158620.923398
1787158621.489446
1787158622.040936
1787158622.592135
1787158623.139934
1787158623.700200
1787158624.255978
1787158624.799816
1787158625.333352
1787158625.867061
1787158626.404432
1787158626.935812
1787158627.487834
1787158628.016868
1787158628.549286
1787158629.104015
1787158629.643193
1787158630.171931
1787158630.702540
1787158631.226564
1787158631.761758
1787158632.286145
1787158632.814491
1787158633.337847
1787158633.887228
1787158634.429496
1787158634.957642
1787158635.473663
1787158635.990311
1787158636.505757
1787158637.027830
1787158637.544111
1787158638.057134
1787158638.561324
1787158639.068907
1787158639.604541
1787158640.124907
1787158640.642023
1787158641.155067
1787158641.660748
1787158642.165246
1787158642.674958
1787158643.194527
1787158643.703023
1787158644.203372
1787158644.722938
1787158645.227160
1787158645.732510
1787158646.223564
1787158646.718076
1787158647.218606
1787158647.721199
1787158648.242967
1787158648.744570
1787158649.236757
1787158649.757242
1787158650.281860
1787158650.771224
1787158651.258013
1787158651.743044
1787158652.236854
1787158652.723271
1787158653.218949
1787158653.697103
1787158654.169167
1787158654.663242
1787158655.143109
1787158655.626060
1787158656.113438
1787158656.584164
1787158657.058242
1787158657.527531
1787158657.995472
1787158658.464902
1787158658.952983
1787158659.443501
1787158659.917322
1787158660.387412
1787158660.850599
1787158661.317047
1787158661.781280
1787158662.247601
1787158662.711685
1787158663.181133
1787158663.648514
1787158664.134185
1787158664.613113
1787158665.078801
1787158665.532635
1787158665.988328
1787158666.445366
1787158666.896641
1787158667.344622
1787158667.803735
1787158668.257474
1787158668.724549
1787158669.185142
1787158669.633508
1787158670.080048
1787158670.524223
1787158670.963072
1787158671.412162
1787158671.867600
1787158672.306897
1787158672.747404
1787158673.205693
1787158673.661274
1787158674.112432
1787158674.564805
1787158675.015346
1787158675.448297
1787158675.908544
1787158676.357328
1787158676.816766
1787158677.252810
1787158677.706726
1787158678.138925
1787158678.579890
1787158679.015118
1787158679.472364
1787158679.903896
1787158680.330642
1787158680.753841
1787158681.176870
1787158681.600268
1787158682.039907
1787158682.469379
1787158682.902064
1787158683.324636
1787158683.756149
1787158684.184568
1787158684.599346
1787158685.012743
1787158685.433698
1787158685.856781
1787158686.295641
1787158686.716415
1787158687.133233
1787158687.545461
1787158687.960839
1787158688.373226
1787158688.788833
1787158689.205913
1787158689.622034
1787158690.043537
1787158690.474176
1787158690.897129
1787158691.324926
1787158691.741323
1787158692.160428
1787158692.586840
1787158693.003443
1787158693.423770
1787158693.854935
1787158694.300634
1787158694.735891
1787158695.170116
1787158695.585167
1787158695.997840
1787158696.413777
1787158696.825951
1787158697.234043
1787158697.645045
1787158698.051633
1787158698.454420
1787158698.878761
1787158699.293102
1787158699.699952
1787158700.102160
1787158700.502620
1787158700.900885
1787158701.302149
1787158701.695281
1787158702.096773
1787158702.493850
1787158702.916951
1787158703.323962
1787158703.726609
1787158704.126545
1787158704.519758
1787158704.910942
1787158705.299150
1787158705.695855
1787158706.084107
1787158706.473403
1787158706.882300
1787158707.279357
1787158707.672385
1787158708.064758
1787158708.453542
1787158708.836711
1787158709.222605
1787158709.613342
1787158710.005034
1787158710.394791
1787158710.801769
1787158711.201525
1787158711.589841
1787158711.975753
1787158712.361351
1787158712.740098
1787158713.122618
1787158713.501384
1787158713.887384
1787158714.266619
1787158714.657726
1787158715.043913
1787158715.429145
1787158715.810471
1787158716.194848
1787158716.573399
1787158716.947892
1787158717.319859
1787158717.693021
1787158718.069667
1787158718.451848
1787158718.836219
1787158719.206902
1787158719.582290
1787158719.956756
1787158720.339913
1787158720.714944
1787158721.090504
1787158721.460727
1787158721.828542
1787158722.214017
1787158722.594470
1787158722.961622
1787158723.330536
1787158723.696381
1787158724.061750
1787158724.426507
1787158724.797233
1787158725.167975
1787158725.541369
1787158725.913542
1787158726.281004
1787158726.636118
1787158726.992827
1787158727.347343
1787158727.695503
1787158728.046410
1787158728.400237
1787158728.753946
1787158729.102931
1787158729.470687
1787158729.824968
1787158730.178910
1787158730.534038
1787158730.897150
1787158731.252226
1787158731.617598
1787158731.961772
1787158732.309578
1787158732.653310
1787158733.010151
1787158733.360687
1787158733.709334
1787158734.053432
1787158734.399673
1787158734.738060
1787158735.081829
1787158735.429321
1787158735.771563
1787158736.118562
1787158736.468555
1787158736.815229
1787158737.160067
1787158737.499138
1787158737.834790
1787158738.173242
1787158738.512381
1787158738.851996
1787158739.182184
1787158739.512999
1787158739.856119
1787158740.199467
1787158740.532319
1787158740.864080
1787158741.196227
1787158741.527150
1787158741.854103
1787158742.185991
1787158742.514688
1787158742.844379
1787158743.183716
1787158743.515402
1787158743.841073
1787158744.169557
1787158744.497600
1787158744.821670
1787158745.144853
1787158745.470966
1787158745.789305
1787158746.109951
1787158746.442615
1787158746.769720
1787158747.096488
1787158747.417541
1787158747.741791
1787158748.061418
1787158748.378033
1787158748.698347
1787158749.018258
1787158749.338123
1787158749.664998
1787158749.985023
1787158750.299098
1787158750.612628
1787158750.926338
1787158751.243891
1787158751.555534
1787158751.866406
1787158752.178677
1787158752.490816
1787158752.825154
1787158753.138193
1787158753.447674
1787158753.757609
1787158754.066962
1787158754.376312
1787158754.682343
1787158754.990908
1787158755.296159
1787158755.603577
1787158755.926310
1787158756.238624
1787158756.548541
1787158756.857684
1787158757.164315
1787158757.464655
1787158757.767473
1787158758.070385
1787158758.371377
1787158758.673559
1787158758.987586
1787158759.296119
1787158759.596273
1787158759.895284
1787158760.195745
1787158760.493507
1787158760.789534
1787158761.084275
1787158761.381213
1787158761.677273
1787158761.982966
1787158762.285165
1787158762.579680
1787158762.878421
1787158763.174126
1787158763.468806
1787158763.760752
1787158764.053906
1787158764.349517
1787158764.641881
1787158764.944088
1787158765.245306
1787158765.537849
1787158765.828990
1787158766.120966
1787158766.409792
1787158766.699791
1787158766.988590
1787158767.278648
1787158767.570861
1787158767.872745
1787158768.172392
1787158768.463967
1787158768.749872
1787158769.039581
1787158769.322357
1787158769.602442
1787158769.884626
1787158770.168211
1787158770.454843
1787158770.748908
