1787160011.418571
1787160012.466436
1787160013.510739
1787160014.551716
1787160015.598831
1787160016.929832
1787160018.172931
1787160019.526210
1787160020.761431
1787160022.023782
1787160023.323632
1787160024.557940
1787160025.674604
1787160026.799368
1787160027.998389
1787160029.133894
1787160030.312519
1787160031.746420
1787160032.982868
1787160034.234545
1787160035.539468
1787160036.973808
1787160038.226650
1787160039.451414
1787160040.769589
1787160042.205060
1787160043.627806
1787160044.969049
1787160046.461695
1787160047.766794
1787160049.237571
1787160050.714325
1787160052.111209
1787160053.253796
1787160054.401493
1787160055.775505
1787160056.984477
1787160058.198809
1787160059.468493
1787160060.797500
1787160062.096178
1787160063.299883
1787160064.649052
1787160065.831448
1787160067.085589
1787160068.242181
1787160069.461845
1787160070.700439
1787160071.860935
1787160073.047255
1787160074.275637
1787160075.542498
1787160076.897772
1787160078.228726
1787160079.653800
1787160080.925798
1787160082.233040
1787160083.633435
1787160085.025061
1787160086.384882
1787160087.690590
1787160089.021096
1787160090.301944
1787160091.557786
1787160092.818866
1787160094.107651
1787160095.479583
1787160096.758159
1787160098.104629
1787160099.404526
1787160100.797531
1787160102.200735
1787160103.578398
1787160104.944191
1787160106.333329
1787160107.676688
1787160109.048365
1787160110.351386
1787160111.733856
1787160113.111775
1787160114.448192
1787160115.816372
1787160117.202382
1787160118.562097
1787160119.917245
1787160121.260808
1787160122.604682
1787160123.950333
1787160125.286718
1787160126.670454
1787160128.067583
1787160129.475226
1787160130.865256
1787160132.227795
1787160133.616219
1787160134.971648
1787160136.349262
1787160137.743853
1787160139.141593
1787160140.559058
1787160142.034904
1787160143.463800
1787160144.873584
1787160146.256537
1787160147.659876
1787160149.043156
1787160150.433455
1787160151.818582
1787160153.201793
1787160154.583987
1787160156.051636
1787160157.449588
1787160158.866349
1787160160.231296
1787160161.616878
1787160162.993355
1787160164.364073
1787160165.714414
1787160167.061837
1787160168.415145
1787160169.841269
1787160171.221444
1787160172.581601
1787160173.952459
1787160175.315794
1787160176.647312
1787160177.976000
1787160179.316617
1787160180.631814
1787160181.939114
1787160183.311430
1787160184.647785
1787160185.976471
1787160187.283837
1787160188.587029
1787160189.896377
1787160191.191961
1787160192.492517
1787160193.778060
1787160195.073308
1787160196.419083
1787160197.745285
1787160199.015793
1787160200.289223
1787160201.551770
1787160202.819840
1787160204.083620
1787160205.344651
1787160206.590029
1787160207.853224
1787160209.142421
1787160210.400858
1787160211.648561
1787160212.886664
1787160214.108653
1787160215.342032
1787160216.557176
1787160217.783922
1787160218.990908
1787160220.203817
1787160221.462409
1787160222.701586
1787160223.907339
1787160225.108813
1787160226.310703
1787160227.505429
1787160228.693843
1787160229.876171
1787160231.082878
1787160232.282559
1787160233.535165
1787160234.742252
1787160235.936692
1787160237.122752
1787160238.299739
1787160239.472253
1787160240.640187
1787160241.798622
1787160242.955242
1787160244.122998
1787160245.324004
1787160246.505620
1787160247.668269
1787160248.815088
1787160249.970952
1787160251.116617
1787160252.283959
1787160253.466571
1787160254.610619
1787160255.753727
1787160256.965628
1787160258.130640
1787160259.285841
1787160260.427021
1787160261.574701
1787160262.708857
1787160263.848745
1787160264.989820
1787160266.126127
1787160267.256504
1787160268.431726
1787160269.582922
1787160270.714211
1787160271.845909
1787160272.964818
1787160274.093845
1787160275.221020
1787160276.340752
1787160277.461055
1787160278.575603
1787160279.729855
1787160280.857504
1787160281.978617
1787160283.103704
1787160284.218127
1787160285.363604
1787160286.476436
1787160287.592523
1787160288.695490
1787160289.799759
1787160290.944644
1787160292.075844
1787160293.189878
1787160294.301987
1787160295.408072
1787160296.512416
1787160297.612688
1787160298.708578
1787160299.806194
1787160300.898323
1787160302.033989
1787160303.155677
1787160304.248977
1787160305.347526
1787160306.447683
1787160307.544757
1787160308.636819
1787160309.722498
1787160310.819775
1787160311.912120
1787160313.066705
1787160314.188484
1787160315.280594
1787160316.358745
1787160317.436033
1787160318.515252
1787160319.578121
1787160320.645383
1787160321.709532
1787160322.776957
1787160323.891859
1787160324.997094
1787160326.083775
1787160327.154118
1787160328.236960
1787160329.307999
1787160330.378633
1787160331.442815
1787160332.506164
1787160333.568052
1787160334.669934
1787160335.758682
1787160336.846717
1787160337.912781
1787160338.988433
1787160340.046952
1787160341.110736
1787160342.189336
1787160343.250597
1787160344.306794
1787160345.403859
1787160346.491489
1787160347.551039
1787160348.613597
1787160349.661545
1787160350.710809
1787160351.759105
1787160352.803736
1787160353.851563
1787160354.895760
1787160355.977931
1787160357.055266
1787160358.112945
1787160359.163245
1787160360.213821
1787160361.264842
1787160362.314272
1787160363.362387
1787160364.413985
1787160365.461217
1787160366.543087
1787160367.620774
1787160368.678817
1787160369.724241
1787160370.772090
1787160371.808446
1787160372.839857
1787160373.876864
1787160374.903352
1787160375.935423
1787160377.011486
1787160378.076289
1787160379.118749
1787160380.176558
1787160381.221822
1787160382.250103
1787160383.298490
1787160384.336935
1787160385.376283
1787160386.416399
1787160387.482398
1787160388.539382
1787160389.582864
1787160390.612402
1787160391.642171
1787160392.661480
1787160393.694165
1787160394.719441
1787160395.743887
1787160396.776402
1787160397.829028
1787160398.875865
1787160399.901665
1787160400.924585
1787160401.945497
1787160402.967936
1787160403.985071
1787160405.005136
1787160406.024751
1787160407.057114
1787160408.126730
1787160409.163367
1787160410.185552
1787160411.205487
1787160412.219667
1787160413.227563
1787160414.246355
1787160415.266463
1787160416.272059
1787160417.288445
1787160418.344247
1787160419.380737
1787160420.400483
1787160421.413289
1787160422.424176
1787160423.436756
1787160424.448469
1787160425.449239
1787160426.460182
1787160427.466865
1787160428.505297
1787160429.534612
1787160430.548317
1787160431.554472
1787160432.558554
1787160433.564412
1787160434.576354
1787160435.575278
1787160436.583019
1787160437.589202
1787160438.635339
1787160439.660825
1787160440.666116
1787160441.668311
1787160442.664150
1787160443.666883
1787160444.669110
1787160445.671522
1787160446.677886
1787160447.679419
1787160448.709085
1787160449.732827
1787160450.738884
1787160451.737541
1787160452.736080
1787160453.736983
1787160454.738615
1787160455.735830
1787160456.734187
1787160457.727597
1787160458.752452
1787160459.776971
1787160460.774819
1787160461.774205
1787160462.778175
1787160463.796061
1787160464.791865
1787160465.784768
1787160466.781352
1787160467.769500
1787160468.790934
1787160469.818922
1787160470.811771
1787160471.805069
1787160472.801342
1787160473.795526
1787160474.789988
1787160475.791156
1787160476.786865
1787160477.781973
1787160478.800503
1787160479.804773
1787160480.799078
1787160481.781519
1787160482.780024
1787160483.757997
1787160484.741660
1787160485.725004
1787160486.707095
1787160487.687028
1787160488.695778
1787160489.697392
1787160490.689485
1787160491.672114
1787160492.654515
1787160493.651626
1787160494.636561
1787160495.621266
1787160496.611414
1787160497.600956
1787160498.613046
1787160499.614959
1787160500.612238
1787160501.598632
1787160502.604394
1787160503.587936
1787160504.568599
1787160505.548788
1787160506.523631
1787160507.512517
1787160508.523893
1787160509.517281
1787160510.516144
1787160511.501781
1787160512.478556
1787160513.458586
1787160514.437767
1787160515.410932
1787160516.383298
1787160517.354163
1787160518.358715
1787160519.357446
1787160520.336025
1787160521.303154
1787160522.269072
1787160523.236685
1787160524.217227
1787160525.195441
1787160526.166953
1787160527.124755
1787160528.119407
1787160529.107384
1787160530.078406
1787160531.054232
1787160532.024162
1787160532.987852
1787160533.947041
1787160534.907398
1787160535.866235
1787160536.824852
1787160537.822656
1787160538.807911
1787160539.767236
1787160540.738392
1787160541.702405
1787160542.667081
1787160543.626183
1787160544.586010
1787160545.545433
1787160546.500634
1787160547.490758
1787160548.470151
1787160549.447133
1787160550.417947
1787160551.373551
1787160552.332663
1787160553.294582
1787160554.260908
1787160555.220930
1787160556.172282
1787160557.159536
1787160558.132594
1787160559.098389
1787160560.058279
1787160561.014271
1787160561.969146
1787160562.929860
1787160563.885621
1787160564.841814
1787160565.794595
1787160566.774096
1787160567.752629
1787160568.707408
1787160569.665107
1787160570.634977
1787160571.591616
1787160572.544659
1787160573.497226
1787160574.448839
1787160575.401072
1787160576.384167
1787160577.361271
1787160578.319603
1787160579.271673
1787160580.221398
1787160581.172997
1787160582.120713
1787160583.068303
1787160584.016791
1787160584.968027
1787160585.944426
1787160586.914257
1787160587.867346
1787160588.815483
1787160589.764814
1787160590.725518
1787160591.685368
1787160592.632500
1787160593.576707
1787160594.521675
1787160595.498712
1787160596.474512
1787160597.437235
1787160598.388006
1787160599.335961
1787160600.283634
1787160601.228034
1787160602.171001
1787160603.126709
1787160604.074140
1787160605.055191
1787160606.046287
1787160607.004019
1787160607.961690
1787160608.922313
1787160609.869270
1787160610.811992
1787160611.759709
1787160612.702895
1787160613.664544
1787160614.640204
1787160615.608232
1787160616.569860
1787160617.523772
1787160618.473788
1787160619.423617
1787160620.373077
1787160621.327476
1787160622.269399
1787160623.216420
1787160624.191196
1787160625.160083
1787160626.112007
1787160627.053426
1787160627.991978
1787160628.932474
1787160629.868685
1787160630.806510
1787160631.748602
1787160632.690728
1787160633.653188
1787160634.609669
1787160635.546745
1787160636.481103
1787160637.420731
1787160638.354605
1787160639.290966
1787160640.220478
1787160641.149194
1787160642.086326
1787160643.056321
1787160644.010536
1787160644.956906
1787160645.889833
1787160646.822792
1787160647.757567
1787160648.696368
1787160649.625637
1787160650.561938
1787160651.489714
1787160652.452082
1787160653.403555
1787160654.341304
1787160655.273993
1787160656.210703
1787160657.143253
1787160658.078613
1787160659.007915
1787160659.939215
1787160660.872623
1787160661.832142
1787160662.787087
1787160663.731137
1787160664.672031
1787160665.608506
1787160666.544115
1787160667.478998
1787160668.414037
1787160669.342266
1787160670.275306
1787160671.234242
