1787158007.883938
1787158007.990071
1787158008.096335
1787158008.203661
1787158008.310561
1787158008.417400
1787158008.523847
1787158008.631588
1787158008.739431
1787158008.845570
1787158008.954140
1787158009.062065
1787158009.173543
1787158009.281456
1787158009.390115
1787158009.498491
1787158009.607199
1787158009.715677
1787158009.824051
1787158009.933070
1787158010.042629
1787158010.152668
1787158010.261634
1787158010.370543
1787158010.479271
1787158010.587501
1787158010.696496
1787158010.805678
1787158010.914665
1787158011.024571
1787158011.136691
1787158011.247049
1787158011.358457
1787158011.471047
1787158011.581982
1787158011.692986
1787158011.803144
1787158011.912799
1787158012.024411
1787158012.135723
1787158012.246646
1787158012.357673
1787158012.468938
1787158012.580489
1787158012.692473
1787158012.804292
1787158012.915365
1787158013.026638
1787158013.138610
1787158013.249783
1787158013.361686
1787158013.473324
1787158013.587380
1787158013.699435
1787158013.811797
1787158013.924839
1787158014.037911
1787158014.150931
1787158014.263949
1787158014.376910
1787158014.489662
1787158014.602899
1787158014.715904
1787158014.828336
1787158014.940856
1787158015.053501
1787158015.166636
1787158015.279777
1787158015.393959
1787158015.506199
1787158015.619251
1787158015.732562
1787158015.846106
1787158015.961189
1787158016.074782
1787158016.188846
1787158016.302452
1787158016.415767
1787158016.528918
1787158016.642565
1787158016.758321
1787158016.871545
1787158016.985863
1787158017.099596
1787158017.212491
1787158017.325882
1787158017.439338
1787158017.553020
1787158017.666984
1787158017.780817
1787158017.895730
1787158018.009217
1787158018.124681
1787158018.239153
1787158018.354571
1787158018.470019
1787158018.587184
1787158018.702729
1787158018.817549
1787158018.933425
1787158019.048522
1787158019.164020
1787158019.279743
1787158019.395858
1787158019.512423
1787158019.628647
1787158019.745714
1787158019.861910
1787158019.978595
1787158020.095508
1787158020.214204
1787158020.330340
1787158020.446853
1787158020.564232
1787158020.681047
1787158020.798521
1787158020.914824
1787158021.032134
1787158021.149109
1787158021.265067
1787158021.381802
1787158021.499262
1787158021.615397
1787158021.731751
1787158021.847964
1787158021.963364
1787158022.079326
1787158022.194834
1787158022.311518
1787158022.426893
1787158022.543786
1787158022.659919
1787158022.776604
1787158022.894586
1787158023.011315
1787158023.128303
1787158023.244807
1787158023.361841
1787158023.478448
1787158023.594914
1787158023.713626
1787158023.830325
1787158023.955997
1787158024.083437
1787158024.199529
1787158024.324304
1787158024.453142
1787158024.580398
1787158024.706104
1787158024.834286
1787158024.962665
1787158025.084214
1787158025.203023
1787158025.321858
1787158025.452038
1787158025.577630
1787158025.699758
1787158025.823439
1787158025.951026
1787158026.072798
1787158026.198939
1787158026.324376
1787158026.446042
1787158026.571895
1787158026.696300
1787158026.821300
1787158026.945312
1787158027.071603
1787158027.196804
1787158027.320609
1787158027.447532
1787158027.571075
1787158027.694662
1787158027.819997
1787158027.945712
1787158028.071660
1787158028.195189
1787158028.321231
1787158028.447166
1787158028.572546
1787158028.702166
1787158028.827937
1787158028.954748
1787158029.079646
1787158029.204236
1787158029.327224
1787158029.450351
1787158029.572792
1787158029.696768
1787158029.819116
1787158029.946207
1787158030.071085
1787158030.197369
1787158030.320233
1787158030.442488
1787158030.566855
1787158030.691400
1787158030.816350
1787158030.941616
1787158031.065468
1787158031.192951
1787158031.318829
1787158031.443715
1787158031.567145
1787158031.692270
1787158031.815319
1787158031.940033
1787158032.063015
1787158032.187424
1787158032.309378
1787158032.436532
1787158032.562816
1787158032.687084
1787158032.810365
1787158032.939020
1787158033.065514
1787158033.192317
1787158033.319359
1787158033.443793
1787158033.567958
1787158033.696136
1787158033.824184
1787158033.948454
1787158034.072884
1787158034.196760
1787158034.320136
1787158034.445430
1787158034.567926
1787158034.692012
1787158034.815966
1787158034.943432
1787158035.069601
1787158035.192052
1787158035.314151
1787158035.441864
1787158035.564059
1787158035.685964
1787158035.807964
1787158035.929364
1787158036.050893
1787158036.175783
1787158036.302244
1787158036.426172
1787158036.550135
1787158036.671679
1787158036.794397
1787158036.915993
1787158037.038851
1787158037.161727
1787158037.284881
1787158037.413547
1787158037.538501
1787158037.664592
1787158037.787803
1787158037.911784
1787158038.034662
1787158038.158959
1787158038.282736
1787158038.410023
1787158038.530439
1787158038.655796
1787158038.778357
1787158038.914878
1787158039.037594
1787158039.159397
1787158039.281964
1787158039.405296
1787158039.525835
1787158039.647911
1787158039.771635
1787158039.900547
1787158040.029684
1787158040.151400
1787158040.271605
1787158040.392254
1787158040.513391
1787158040.632349
1787158040.753871
1787158040.873607
1787158040.993439
1787158041.117273
1787158041.240397
1787158041.361681
1787158041.480412
1787158041.598018
1787158041.716573
1787158041.835996
1787158041.956769
1787158042.076276
1787158042.197896
1787158042.325064
1787158042.451624
1787158042.572145
1787158042.696488
1787158042.817255
1787158042.940674
1787158043.059522
1787158043.176651
1787158043.293387
1787158043.411650
1787158043.531446
1787158043.649736
1787158043.767674
1787158043.884238
1787158043.999435
1787158044.117851
1787158044.235459
1787158044.351281
1787158044.469857
1787158044.586000
1787158044.705622
1787158044.824407
1787158044.940193
1787158045.056791
1787158045.173955
1787158045.293041
1787158045.410751
1787158045.528369
1787158045.643105
1787158045.757269
1787158045.875682
1787158045.991337
1787158046.107690
1787158046.222852
1787158046.338336
1787158046.453478
1787158046.578217
1787158046.697169
1787158046.813748
1787158046.927444
1787158047.047442
1787158047.167296
1787158047.291506
1787158047.418831
1787158047.533583
1787158047.646186
1787158047.757427
1787158047.868601
1787158047.980507
1787158048.091653
1787158048.208957
1787158048.322057
1787158048.435027
1787158048.549588
1787158048.661733
1787158048.774668
1787158048.889776
1787158049.002792
1787158049.113775
1787158049.225595
1787158049.341767
1787158049.454540
1787158049.566966
1787158049.680197
1787158049.793904
1787158049.905714
1787158050.016448
1787158050.126797
1787158050.240441
1787158050.353738
1787158050.468259
1787158050.578754
1787158050.688827
1787158050.800803
1787158050.911469
1787158051.020025
1787158051.131265
1787158051.241661
1787158051.352345
1787158051.462145
1787158051.575062
1787158051.687329
1787158051.796527
1787158051.905071
1787158052.013239
1787158052.121643
1787158052.233223
1787158052.340649
1787158052.447828
1787158052.556043
1787158052.667106
1787158052.779363
1787158052.889103
1787158052.996545
1787158053.103483
1787158053.212018
1787158053.318385
1787158053.426380
1787158053.534780
1787158053.642171
1787158053.753622
1787158053.864061
1787158053.973082
1787158054.080536
1787158054.189423
1787158054.296989
1787158054.405617
1787158054.512185
1787158054.621532
1787158054.727068
1787158054.836018
1787158054.943285
1787158055.049818
1787158055.157484
1787158055.261570
1787158055.366258
1787158055.472520
1787158055.581170
1787158055.687057
1787158055.792208
1787158055.901974
1787158056.010475
1787158056.126031
1787158056.228873
1787158056.334323
1787158056.440318
1787158056.545866
1787158056.651568
1787158056.756523
1787158056.861759
1787158056.970963
1787158057.078212
1787158057.185321
1787158057.294775
1787158057.401185
1787158057.506722
1787158057.610163
1787158057.714883
1787158057.820891
1787158057.924381
1787158058.030267
1787158058.136961
1787158058.241803
1787158058.345112
1787158058.449383
1787158058.552545
1787158058.656111
1787158058.758871
1787158058.861765
1787158058.965151
1787158059.073263
1787158059.178764
1787158059.281993
1787158059.383753
1787158059.486414
1787158059.589366
1787158059.691591
1787158059.794170
1787158059.896255
1787158059.997341
1787158060.101368
1787158060.204487
1787158060.306779
1787158060.407216
1787158060.507295
1787158060.608760
1787158060.711005
1787158060.813334
1787158060.913024
1787158061.012510
1787158061.118384
1787158061.220105
1787158061.326006
1787158061.425147
1787158061.523248
1787158061.622109
1787158061.720102
1787158061.817980
1787158061.917445
1787158062.014675
1787158062.116199
1787158062.215982
1787158062.313728
1787158062.412155
1787158062.509605
1787158062.605914
1787158062.703207
1787158062.800068
1787158062.898526
1787158062.994626
1787158063.094756
1787158063.192585
1787158063.289194
1787158063.384696
1787158063.480845
1787158063.576871
1787158063.672884
1787158063.769272
1787158063.864499
1787158063.959414
1787158064.060747
1787158064.159993
1787158064.254615
1787158064.349556
1787158064.444283
1787158064.539901
1787158064.635866
1787158064.732027
1787158064.829476
1787158064.927293
1787158065.024541
1787158065.122032
1787158065.217618
1787158065.312207
1787158065.406352
1787158065.501881
1787158065.601362
1787158065.694840
1787158065.788693
1787158065.882898
1787158065.979745
1787158066.076638
1787158066.171401
1787158066.266958
1787158066.363709
1787158066.458214
1787158066.551960
1787158066.645945
1787158066.739415
1787158066.834345
1787158066.931387
1787158067.026396
1787158067.122275
1787158067.217963
1787158067.312663
1787158067.407239
1787158067.499525
1787158067.591678
1787158067.683840
1787158067.777728
1787158067.874752
1787158067.968107
1787158068.061623
1787158068.153210
1787158068.244900
1787158068.334943
1787158068.425415
1787158068.517301
1787158068.607471
1787158068.699213
1787158068.794868
1787158068.890463
1787158068.989517
1787158069.080768
1787158069.171002
1787158069.262197
1787158069.354883
1787158069.446332
1787158069.535896
1787158069.626354
1787158069.718663
1787158069.809824
1787158069.900340
1787158069.992860
1787158070.084755
1787158070.176275
1787158070.267882
1787158070.358275
1787158070.464284
1787158070.555752
1787158070.652034
1787158070.744141
1787158070.834617
1787158070.923217
1787158071.013174
1787158071.102800
1787158071.191847
1787158071.281320
1787158071.370194
1787158071.460148
1787158071.551465
1787158071.641874
1787158071.731201
1787158071.820526
1787158071.912175
1787158072.000423
1787158072.088983
1787158072.177610
1787158072.265975
1787158072.353498
1787158072.445378
1787158072.534026
1787158072.622597
1787158072.710027
1787158072.796469
1787158072.884811
1787158072.972767
1787158073.058117
1787158073.146112
1787158073.233281
1787158073.324239
1787158073.414387
1787158073.502435
1787158073.590203
1787158073.677262
1787158073.763651
1787158073.849927
1787158073.937133
1787158074.023772
1787158074.112409
1787158074.205094
