1787163488.382941
1787163490.048599
1787163491.710578
1787163493.387736
1787163495.262191
1787163497.123582
1787163499.156724
1787163501.092915
1787163502.720956
1787163504.731199
1787163506.563112
1787163508.357818
1787163510.384627
1787163512.301348
1787163514.113306
1787163516.257231
1787163517.950719
1787163520.091214
1787163521.862676
1787163524.002618
1787163525.732145
1787163528.017076
1787163530.254254
1787163531.967000
1787163534.177686
1787163536.132663
1787163538.241920
1787163540.120123
1787163541.864703
1787163543.999523
1787163545.934756
1787163548.096097
1787163549.959105
1787163551.748742
1787163553.532669
1787163555.407403
1787163557.337916
1787163559.339851
1787163561.447995
1787163563.620918
1787163565.508331
1787163567.545916
1787163569.336335
1787163571.175714
1787163573.077870
1787163574.925536
1787163576.764148
1787163578.578795
1787163580.528861
1787163582.555319
1787163584.459075
1787163586.417792
1787163588.305172
1787163590.353102
1787163592.239432
1787163594.297756
1787163596.242662
1787163598.215465
1787163600.120617
1787163602.055497
1787163603.997918
1787163606.098721
1787163608.183343
1787163610.215529
1787163612.191864
1787163614.159992
1787163616.143719
1787163618.155970
1787163620.145538
1787163622.194663
1787163624.252764
1787163626.309527
1787163628.334040
1787163630.417986
1787163632.474018
1787163634.544387
1787163636.564386
1787163638.613122
1787163640.695873
1787163642.785580
1787163644.933617
1787163646.998547
1787163649.025927
1787163651.093582
1787163653.167353
1787163655.260193
1787163657.333658
1787163659.373601
1787163661.454995
1787163663.561839
1787163665.724352
1787163667.870775
1787163669.992648
1787163672.106575
1787163674.238019
1787163676.383530
1787163678.532610
1787163680.674210
1787163682.818378
1787163684.977026
1787163687.227422
1787163689.425398
1787163691.626833
1787163693.779658
1787163695.919045
1787163698.041544
1787163700.137403
1787163702.197620
1787163704.264339
1787163706.308386
1787163708.518060
1787163710.667324
1787163712.749167
1787163714.803713
1787163716.832471
1787163718.854678
1787163720.848874
1787163722.863591
1787163724.909350
1787163726.942238
1787163729.004052
1787163731.052699
1787163733.069167
1787163735.064355
1787163737.073713
1787163739.069943
1787163741.082325
1787163743.084768
1787163745.047922
1787163746.996561
1787163749.022169
1787163751.038920
1787163753.018737
1787163754.961875
1787163756.929774
1787163758.874372
1787163760.809268
1787163762.785106
1787163764.713787
1787163766.598466
1787163768.620580
1787163770.553456
1787163772.433609
1787163774.333481
1787163776.258518
1787163778.161498
1787163780.035717
1787163781.898614
1787163783.786784
1787163785.651381
1787163787.583128
1787163789.490185
1787163791.365842
1787163793.231631
1787163795.083585
1787163796.924231
1787163798.742905
1787163800.572982
1787163802.399532
1787163804.228533
1787163806.112652
1787163808.045442
1787163809.966451
1787163811.801577
1787163813.676877
1787163815.514554
1787163817.305320
1787163819.075263
1787163820.870607
1787163822.673605
1787163824.538930
1787163826.368010
1787163828.171341
1787163829.974919
1787163831.776121
1787163833.547020
1787163835.319974
1787163837.080876
1787163838.826505
1787163840.558077
1787163842.371187
1787163844.160062
1787163845.916979
1787163847.682727
1787163849.462283
1787163851.203329
1787163852.960759
1787163854.701124
1787163856.446157
1787163858.199520
1787163860.018771
1787163861.807147
1787163863.573460
1787163865.359929
1787163867.136608
1787163868.933771
1787163870.709437
1787163872.460140
1787163874.223878
1787163875.984491
1787163877.814426
1787163879.621379
1787163881.394992
1787163883.174504
1787163884.940900
1787163886.732173
1787163888.466980
1787163890.267675
1787163892.046835
1787163893.852316
1787163895.657266
1787163897.473227
1787163899.306014
1787163901.118689
1787163902.949790
1787163904.732177
1787163906.515432
1787163908.233385
1787163909.960406
1787163911.728598
1787163913.565510
1787163915.354381
1787163917.092877
1787163918.822850
1787163920.594481
1787163922.317637
1787163924.076519
1787163925.794288
1787163927.490846
1787163929.223835
1787163930.995300
1787163932.760475
1787163934.476947
1787163936.187003
1787163937.905670
1787163939.618265
1787163941.307545
1787163942.996533
1787163944.682601
1787163946.364870
1787163948.137205
1787163949.871400
1787163951.580467
1787163953.281504
1787163954.988533
1787163956.681974
1787163958.379864
1787163960.070450
1787163961.744225
1787163963.478654
1787163965.252653
1787163967.002532
1787163968.758589
1787163970.479239
1787163972.226486
1787163973.964561
1787163975.722255
1787163977.454947
1787163979.183174
1787163980.896589
1787163982.670789
1787163984.427742
1787163986.167692
1787163987.881480
1787163989.588494
1787163991.282898
1787163992.984563
1787163994.735845
1787163996.444800
1787163998.120906
1787163999.854929
1787164001.565590
1787164003.261110
1787164004.942017
1787164006.641871
1787164008.325648
1787164009.994615
1787164011.663879
1787164013.346142
1787164015.017424
1787164016.747368
1787164018.486553
1787164020.205854
1787164021.889769
1787164023.573566
1787164025.304982
1787164027.007692
1787164028.736280
1787164030.473338
1787164032.187284
1787164033.951035
1787164035.685841
1787164037.382413
1787164039.081049
1787164040.785473
1787164042.496703
1787164044.201258
1787164045.890349
1787164047.622776
1787164049.313535
1787164051.088451
1787164052.809107
1787164054.514328
1787164056.196023
1787164057.896093
1787164059.578937
1787164061.253953
1787164062.913317
1787164064.574898
1787164066.235698
1787164067.978053
1787164069.678883
1787164071.359629
1787164073.080648
1787164074.772673
1787164076.485608
1787164078.201815
1787164079.877121
1787164081.537322
1787164083.197746
1787164084.934959
1787164086.629873
1787164088.298250
1787164090.005642
1787164091.699326
1787164093.438560
1787164095.191975
1787164096.901056
1787164098.605363
1787164100.276283
1787164102.015903
1787164103.742282
1787164105.461147
1787164107.134661
1787164108.824115
1787164110.505646
1787164112.180021
1787164113.883511
1787164115.602326
1787164117.259735
1787164118.955363
1787164120.661844
1787164122.343619
1787164124.029853
1787164125.680270
1787164127.338284
1787164129.042483
1787164130.706079
1787164132.390084
1787164134.084899
1787164135.793163
1787164137.485299
1787164139.147909
1787164140.833536
1787164142.496775
1787164144.178303
1787164145.853002
1787164147.519094
1787164149.205031
1787164150.853145
1787164152.602655
1787164154.361801
1787164156.085503
1787164157.771945
1787164159.454474
1787164161.165126
1787164162.824246
1787164164.509706
1787164166.155070
1787164167.810788
1787164169.506696
1787164171.233249
1787164172.920317
1787164174.628514
1787164176.292962
1787164177.950270
1787164179.593205
1787164181.252599
1787164182.901942
1787164184.593562
1787164186.311488
1787164188.000563
1787164189.707172
1787164191.400760
1787164193.103826
1787164194.798422
1787164196.512960
1787164198.199544
1787164199.907322
1787164201.603594
1787164203.359745
1787164205.124044
1787164206.838467
1787164208.538651
1787164210.228878
1787164211.910082
1787164213.625795
1787164215.330312
1787164217.016046
1787164218.726335
1787164220.474978
1787164222.212629
1787164223.859158
1787164225.547310
1787164227.224038
1787164228.883160
1787164230.580156
1787164232.243543
1787164233.940557
1787164235.597882
1787164237.332389
1787164239.057894
1787164240.723926
1787164242.368772
1787164244.061146
1787164245.755988
1787164247.437228
1787164249.132152
1787164250.824402
1787164252.498198
1787164254.258343
1787164255.974182
1787164257.670227
1787164259.315933
1787164260.963563
1787164262.594296
1787164264.223668
1787164265.849274
1787164267.470657
1787164269.097178
1787164270.778264
1787164272.443437
1787164274.121675
1787164275.774919
1787164277.411406
1787164279.074801
1787164280.745228
1787164282.440782
1787164284.134502
1787164285.842544
1787164287.591162
1787164289.284291
1787164290.928876
1787164292.566243
1787164294.253285
1787164295.986767
1787164297.635275
1787164299.281585
1787164300.919305
1787164302.555566
1787164304.263493
1787164305.933850
1787164307.579252
1787164309.219986
1787164310.851189
1787164312.491655
1787164314.130015
1787164315.775520
1787164317.397978
1787164319.023773
1787164320.745517
1787164322.433990
1787164324.135767
1787164325.796990
1787164327.445383
1787164329.087475
1787164330.750585
1787164332.430700
1787164334.118053
1787164335.770857
1787164337.471627
1787164339.147350
1787164340.807668
1787164342.455646
1787164344.144758
1787164345.830229
1787164347.525290
1787164349.214236
1787164350.883480
1787164352.541772
1787164354.268486
1787164355.959729
1787164357.615970
1787164359.266185
1787164360.902235
1787164362.547582
1787164364.197353
1787164365.836009
1787164367.523153
1787164369.172910
1787164370.881851
1787164372.590002
1787164374.290386
1787164375.981030
1787164377.636508
1787164379.267166
1787164380.923130
1787164382.564119
1787164384.215020
1787164385.837748
1787164387.560682
1787164389.262258
1787164390.918207
1787164392.548981
1787164394.179278
1787164395.795618
1787164397.439131
1787164399.053458
1787164400.694494
1787164402.338167
1787164404.035074
1787164405.728150
1787164407.372397
1787164409.001968
1787164410.642896
1787164412.257720
1787164413.884803
1787164415.520024
1787164417.158516
1787164418.816867
1787164420.492867
1787164422.200279
1787164423.844209
1787164425.501127
1787164427.145788
1787164428.827014
1787164430.486300
1787164432.104476
1787164433.742821
1787164435.387120
1787164437.074725
1787164438.746572
1787164440.413709
1787164442.074198
1787164443.745498
1787164445.386639
1787164447.037446
1787164448.671342
1787164450.299829
1787164451.913127
1787164453.640897
1787164455.317078
1787164456.985480
1787164458.631558
1787164460.286580
1787164461.951088
1787164463.626312
1787164465.273509
1787164466.922920
1787164468.580465
1787164470.281111
1787164471.965057
1787164473.607515
1787164475.239606
1787164476.909431
1787164478.606846
1787164480.275435
1787164481.922801
1787164483.565442
1787164485.190991
1787164486.890578
1787164488.580159
1787164490.245797
1787164491.903203
1787164493.578938
1787164495.230725
1787164496.890482
1787164498.589061
1787164500.287249
1787164501.921187
1787164503.611978
1787164505.304197
1787164506.950272
1787164508.581900
1787164510.216518
1787164511.852903
1787164513.499301
1787164515.146137
1787164516.783073
1787164518.422775
1787164520.100615
1787164521.754749
1787164523.393523
1787164525.025139
1787164526.647929
1787164528.285289
1787164529.920392
1787164531.570930
1787164533.218699
1787164534.848120
1787164536.510789
1787164538.170536
1787164539.827066
1787164541.454439
1787164543.123759
1787164544.781402
1787164546.439388
1787164548.071083
1787164549.701113
1787164551.324533
1787164552.988056
