1787164561.198651
1787164563.680943
1787164566.167313
1787164568.650328
1787164571.171116
1787164573.686926
1787164576.300740
1787164578.555570
1787164580.921817
1787164583.440556
1787164585.757398
1787164588.143670
1787164590.912962
1787164593.719716
1787164596.573760
1787164598.911098
1787164601.518024
1787164604.264391
1787164606.871461
1787164609.788750
1787164612.336068
1787164614.599434
1787164617.522442
1787164620.041462
1787164622.393306
1787164624.785714
1787164627.165048
1787164629.928206
1787164632.379916
1787164634.874745
1787164637.434124
1787164640.554378
1787164643.164797
1787164645.842507
1787164648.479584
1787164651.326955
1787164654.171650
1787164656.624114
1787164659.066252
1787164661.448263
1787164664.224473
1787164667.076859
1787164669.917364
1787164672.661616
1787164675.335464
1787164678.204776
1787164680.884827
1787164683.689921
1787164686.473988
1787164688.907406
1787164691.597546
1787164694.302012
1787164697.060880
1787164699.691106
1787164702.332704
1787164705.000931
1787164707.603228
1787164710.174058
1787164712.767628
1787164715.478820
1787164718.157696
1787164720.900039
1787164723.574105
1787164726.191420
1787164728.826515
1787164731.535390
1787164734.304570
1787164737.012988
1787164739.696300
1787164742.453489
1787164745.214718
1787164748.054886
1787164750.924855
1787164753.682529
1787164756.493148
1787164759.293155
1787164762.126588
1787164764.919770
1787164767.748294
1787164770.573629
1787164773.479176
1787164776.389848
1787164779.237555
1787164782.060364
1787164784.921410
1787164787.774352
1787164790.615618
1787164793.420430
1787164796.286740
1787164799.158203
1787164802.158850
1787164805.051361
1787164807.901510
1787164810.784893
1787164813.625909
1787164816.512087
1787164819.393123
1787164822.200917
1787164825.059646
1787164827.896315
1787164830.889714
1787164833.884801
1787164836.801367
1787164839.622748
1787164842.458836
1787164845.276369
1787164848.061831
1787164850.852701
1787164853.659447
1787164856.423864
1787164859.328256
1787164862.151042
1787164864.910692
1787164867.620804
1787164870.340149
1787164873.090652
1787164875.759183
1787164878.437832
1787164881.098975
1787164883.755928
1787164886.514412
1787164889.237859
1787164891.906855
1787164894.566672
1787164897.192108
1787164899.824656
1787164902.419633
1787164904.993614
1787164907.635763
1787164910.234567
1787164912.934183
1787164915.622553
1787164918.261743
1787164920.851861
1787164923.410592
1787164925.965584
1787164928.489275
1787164931.018259
1787164933.534957
1787164936.045026
1787164938.655001
1787164941.235647
1787164943.774710
1787164946.292190
1787164948.791867
1787164951.263212
1787164953.753255
1787164956.217594
1787164958.682988
1787164961.149414
1787164963.739397
1787164966.268094
1787164968.788503
1787164971.265912
1787164973.733119
1787164976.221906
1787164978.676805
1787164981.151320
1787164983.643577
1787164986.106262
1787164988.680895
1787164991.216401
1787164993.723073
1787164996.227522
1787164998.713603
1787165001.247654
1787165003.711334
1787165006.176072
1787165008.627843
1787165011.069549
1787165013.582158
1787165016.082258
1787165018.533376
1787165020.982919
1787165023.392214
1787165025.832644
1787165028.254246
1787165030.672810
1787165033.102455
1787165035.528041
1787165038.040260
1787165040.548032
1787165043.001516
1787165045.437194
1787165047.864800
1787165050.307601
1787165052.727053
1787165055.155397
1787165057.564395
1787165059.986428
1787165062.470389
1787165064.942715
1787165067.374866
1787165069.808981
1787165072.234607
1787165074.660458
1787165077.060285
1787165079.465947
1787165081.859511
1787165084.262507
1787165086.751373
1787165089.221344
1787165091.640788
1787165094.058297
1787165096.455621
1787165098.875921
1787165101.283926
1787165103.681401
1787165106.086087
1787165108.510579
1787165110.994274
1787165113.453338
1787165115.881006
1787165118.300988
1787165120.716889
1787165123.113343
1787165125.501395
1787165127.916185
1787165130.358559
1787165132.754292
1787165135.236740
1787165137.684798
1787165140.109960
1787165142.520747
1787165144.948015
1787165147.328791
1787165149.705083
1787165152.090725
1787165154.471359
1787165156.850075
1787165159.326257
1787165161.768592
1787165164.202892
1787165166.627926
1787165169.052116
1787165171.495557
1787165173.909988
1787165176.317764
1787165178.717201
1787165181.113160
1787165183.605936
1787165186.096370
1787165188.513470
1787165190.914582
1787165193.275243
1787165195.643640
1787165197.993386
1787165200.354447
1787165202.711641
1787165205.082425
1787165207.512814
1787165209.928156
1787165212.314285
1787165214.684711
1787165217.044786
1787165219.415008
1787165221.785940
1787165224.161291
1787165226.524356
1787165228.890788
1787165231.334012
1787165233.759354
1787165236.138320
1787165238.510437
1787165240.886860
1787165243.258238
1787165245.624645
1787165247.987335
1787165250.344767
1787165252.705940
1787165255.156742
1787165257.560116
1787165259.938379
1787165262.306255
1787165264.659174
1787165267.022990
1787165269.386447
1787165271.743823
1787165274.093137
1787165276.467217
1787165278.893415
1787165281.298657
1787165283.670006
1787165286.050780
1787165288.396315
1787165290.768503
1787165293.142144
1787165295.504726
1787165297.849363
1787165300.199733
1787165302.624108
1787165305.038218
1787165307.392782
1787165309.745887
1787165312.094749
1787165314.433745
1787165316.758995
1787165319.087840
1787165321.425520
1787165323.747305
1787165326.159947
1787165328.544183
1787165330.897767
1787165333.251658
1787165335.595733
1787165337.936899
1787165340.294024
1787165342.628438
1787165344.966990
1787165347.298584
1787165349.708050
1787165352.102069
1787165354.464122
1787165356.812333
1787165359.157723
1787165361.507464
1787165363.849963
1787165366.182601
1787165368.521654
1787165370.860389
1787165373.264192
1787165375.661112
1787165378.022918
1787165380.362089
1787165382.723509
1787165385.059949
1787165387.397973
1787165389.761011
1787165392.112836
1787165394.461115
1787165396.889351
1787165399.292588
1787165401.670166
1787165404.037971
1787165406.387005
1787165408.733399
1787165411.091736
1787165413.420309
1787165415.738368
1787165418.062871
1787165420.467777
1787165422.860368
1787165425.196375
1787165427.551970
1787165429.919856
1787165432.277591
1787165434.624465
1787165436.980371
1787165439.325497
1787165441.668304
1787165444.096647
1787165446.502670
1787165448.863163
1787165451.213017
1787165453.555876
1787165455.899569
1787165458.234728
1787165460.583935
1787165462.913352
1787165465.243490
1787165467.651439
1787165470.036537
1787165472.405109
1787165474.768941
1787165477.105436
1787165479.451569
1787165481.821087
1787165484.182263
1787165486.523613
1787165488.873579
1787165491.289360
1787165493.688361
1787165496.054937
1787165498.426174
1787165500.779138
1787165503.127714
1787165505.480640
1787165507.820990
1787165510.172625
1787165512.528472
1787165514.955576
1787165517.361594
1787165519.751048
1787165522.107854
1787165524.458031
1787165526.806374
1787165529.149616
1787165531.503219
1787165533.849308
1787165536.194123
1787165538.603669
1787165540.995645
1787165543.367133
1787165545.724809
1787165548.100986
1787165550.469836
1787165552.807432
1787165555.133228
1787165557.451610
1787165559.777967
1787165562.180803
1787165564.580952
1787165566.940204
1787165569.294518
1787165571.647237
1787165573.993405
1787165576.333250
1787165578.669756
1787165581.029830
1787165583.369581
1787165585.769424
1787165588.166690
1787165590.533803
1787165592.881930
1787165595.260645
1787165597.615661
1787165599.982135
1787165602.341905
1787165604.677096
1787165607.007127
1787165609.402012
1787165611.781775
1787165614.150283
1787165616.512433
1787165618.861344
1787165621.233373
1787165623.619938
1787165625.999275
1787165628.391259
1787165630.749929
1787165633.188451
1787165635.601588
1787165637.962209
1787165640.357335
1787165642.705744
1787165645.079359
1787165647.443477
1787165649.781754
1787165652.108572
1787165654.443619
1787165656.839753
1787165659.257603
1787165661.612901
1787165663.954559
1787165666.289351
1787165668.619183
1787165670.955290
1787165673.309875
1787165675.640163
1787165677.971788
1787165680.364641
1787165682.742260
1787165685.085596
1787165687.415699
1787165689.742138
1787165692.083736
1787165694.420248
1787165696.747253
1787165699.079211
1787165701.419204
1787165703.807880
1787165706.180460
1787165708.518790
1787165710.843988
1787165713.216518
1787165715.528679
1787165717.848588
1787165720.164008
1787165722.476507
1787165724.791994
1787165727.174217
1787165729.552139
1787165731.885834
1787165734.215204
1787165736.535357
1787165738.850136
1787165741.163699
1787165743.500310
1787165745.809680
1787165748.130417
1787165750.507740
1787165752.880004
1787165755.207620
1787165757.527178
1787165759.843633
1787165762.174271
1787165764.489009
1787165766.799465
1787165769.095377
1787165771.438362
1787165773.825884
1787165776.175510
1787165778.491644
1787165780.800797
1787165783.110658
1787165785.409731
1787165787.707075
1787165790.023149
1787165792.314252
1787165794.624918
1787165796.983161
1787165799.324172
1787165801.634433
1787165803.948427
1787165806.253555
1787165808.583908
1787165810.888103
1787165813.186351
1787165815.486037
1787165817.773217
1787165820.134390
1787165822.489633
1787165824.798543
1787165827.122427
1787165829.424354
1787165831.728479
1787165834.046906
1787165836.345041
1787165838.643185
1787165840.942266
1787165843.298825
1787165845.638921
1787165847.953503
1787165850.254043
1787165852.561929
1787165854.867516
1787165857.164004
1787165859.448881
1787165861.743334
1787165864.037111
1787165866.399599
1787165868.743156
1787165871.060207
1787165873.365176
1787165875.670319
1787165877.985894
1787165880.290826
1787165882.597392
1787165884.899205
1787165887.200441
1787165889.561532
1787165891.903906
1787165894.235940
1787165896.552649
1787165898.891749
1787165901.211865
1787165903.534901
1787165905.850347
1787165908.167103
1787165910.467273
1787165912.877297
1787165915.255708
1787165917.595390
1787165919.915894
1787165922.245984
1787165924.586218
1787165926.906347
1787165929.218811
1787165931.538707
1787165933.884518
1787165936.277242
1787165938.635000
1787165940.968745
1787165943.321410
1787165945.644395
1787165947.977858
1787165950.278554
1787165952.565813
1787165954.915635
1787165957.210938
1787165959.566954
1787165961.918228
1787165964.234626
1787165966.533486
1787165968.826256
1787165971.118917
1787165973.413054
1787165975.703725
1787165977.996984
1787165980.283724
1787165982.636536
1787165985.023306
1787165987.396740
1787165989.744716
1787165992.056435
1787165994.393919
1787165996.692422
1787165998.998243
1787166001.296460
1787166003.596504
1787166005.957953
1787166008.307487
1787166010.613228
1787166012.938693
1787166015.257178
1787166017.566582
1787166019.909571
1787166022.217574
1787166024.522793
1787166026.854957
1787166029.231838
