1787158343.755098
1787158343.970686
1787158344.207765
1787158344.470619
1787158344.674614
1787158344.906824
1787158345.148616
1787158345.414525
1787158345.651296
1787158345.889629
1787158346.110047
1787158346.353503
1787158346.626555
1787158346.904427
1787158347.129730
1787158347.353872
1787158347.603116
1787158347.820002
1787158348.044502
1787158348.281658
1787158348.504702
1787158348.754497
1787158349.032032
1787158349.288580
1787158349.540077
1787158349.795664
1787158350.051615
1787158350.321676
1787158350.597569
1787158350.842713
1787158351.101473
1787158351.362216
1787158351.626324
1787158351.907046
1787158352.193367
1787158352.453695
1787158352.692943
1787158352.971101
1787158353.222230
1787158353.469486
1787158353.762091
1787158354.044383
1787158354.317703
1787158354.543049
1787158354.799746
1787158355.039534
1787158355.265324
1787158355.519728
1787158355.800551
1787158356.025318
1787158356.285909
1787158356.563930
1787158356.796967
1787158357.033039
1787158357.292047
1787158357.531104
1787158357.792103
1787158358.073114
1787158358.331082
1787158358.566239
1787158358.848861
1787158359.121472
1787158359.367326
1787158359.611947
1787158359.860459
1787158360.092591
1787158360.339312
1787158360.581231
1787158360.813483
1787158361.088694
1787158361.373358
1787158361.644815
1787158361.888186
1787158362.141044
1787158362.382028
1787158362.656838
1787158362.921086
1787158363.189406
1787158363.457825
1787158363.705027
1787158363.984331
1787158364.245643
1787158364.509359
1787158364.776181
1787158365.051328
1787158365.308461
1787158365.560778
1787158365.799465
1787158366.070391
1787158366.320182
1787158366.572366
1787158366.833088
1787158367.095154
1787158367.357782
1787158367.614514
1787158367.878699
1787158368.122993
1787158368.361076
1787158368.609853
1787158368.877462
1787158369.150727
1787158369.428167
1787158369.677743
1787158369.931493
1787158370.188299
1787158370.453511
1787158370.712086
1787158370.971033
1787158371.231316
1787158371.493091
1787158371.759069
1787158372.022843
1787158372.285007
1787158372.526542
1787158372.777810
1787158373.034224
1787158373.294000
1787158373.557688
1787158373.817606
1787158374.080249
1787158374.338903
1787158374.596558
1787158374.848079
1787158375.105740
1787158375.361785
1787158375.620345
1787158375.872679
1787158376.127525
1787158376.376723
1787158376.624532
1787158376.884280
1787158377.141998
1787158377.391426
1787158377.641143
1787158377.895574
1787158378.146928
1787158378.400438
1787158378.651407
1787158378.903465
1787158379.155711
1787158379.413848
1787158379.665249
1787158379.914385
1787158380.164559
1787158380.414032
1787158380.661506
1787158380.915326
1787158381.166767
1787158381.416726
1787158381.662578
1787158381.928986
1787158382.186442
1787158382.452192
1787158382.710474
1787158382.958157
1787158383.209743
1787158383.466109
1787158383.716081
1787158383.965737
1787158384.222884
1787158384.485031
1787158384.739098
1787158384.988211
1787158385.247154
1787158385.496971
1787158385.748811
1787158385.997720
1787158386.262797
1787158386.512969
1787158386.765664
1787158387.027487
1787158387.285055
1787158387.539223
1787158387.792346
1787158388.040871
1787158388.288031
1787158388.540944
1787158388.792566
1787158389.042199
1787158389.289477
1787158389.547017
1787158389.800637
1787158390.051576
1787158390.309379
1787158390.563498
1787158390.820028
1787158391.072150
1787158391.327939
1787158391.577690
1787158391.828539
1787158392.087882
1787158392.343652
1787158392.596714
1787158392.851535
1787158393.101734
1787158393.352757
1787158393.605976
1787158393.854647
1787158394.099724
1787158394.351544
1787158394.618166
1787158394.870570
1787158395.117939
1787158395.364264
1787158395.618000
1787158395.860372
1787158396.106261
1787158396.350456
1787158396.600006
1787158396.845636
1787158397.105272
1787158397.357993
1787158397.605775
1787158397.853738
1787158398.100610
1787158398.343646
1787158398.588106
1787158398.837553
1787158399.084541
1787158399.325877
1787158399.579873
1787158399.833408
1787158400.079215
1787158400.319360
1787158400.559956
1787158400.802354
1787158401.044746
1787158401.284688
1787158401.533269
1787158401.769985
1787158402.023140
1787158402.270408
1787158402.511214
1787158402.756075
1787158403.002677
1787158403.244847
1787158403.484540
1787158403.726722
1787158403.968955
1787158404.208637
1787158404.460166
1787158404.698313
1787158404.940860
1787158405.183050
1787158405.424408
1787158405.661057
1787158405.896074
1787158406.130906
1787158406.364725
1787158406.598016
1787158406.840699
1787158407.077462
1787158407.318673
1787158407.549132
1787158407.781490
1787158408.015852
1787158408.254231
1787158408.482754
1787158408.711323
1787158408.939784
1787158409.178324
1787158409.412400
1787158409.648102
1787158409.880563
1787158410.111321
1787158410.339441
1787158410.580797
1787158410.807252
1787158411.035426
1787158411.263616
1787158411.501795
1787158411.736638
1787158411.962554
1787158412.188735
1787158412.416458
1787158412.641507
1787158412.866092
1787158413.092557
1787158413.315078
1787158413.539827
1787158413.771792
1787158414.000543
1787158414.225897
1787158414.453110
1787158414.678724
1787158414.903076
1787158415.123671
1787158415.339992
1787158415.558526
1787158415.778010
1787158416.001589
1787158416.224561
1787158416.442581
1787158416.660239
1787158416.876335
1787158417.089171
1787158417.309049
1787158417.522703
1787158417.739446
1787158417.954621
1787158418.176719
1787158418.397278
1787158418.613953
1787158418.830260
1787158419.044174
1787158419.256150
1787158419.469170
1787158419.683235
1787158419.897584
1787158420.112063
1787158420.334755
1787158420.552013
1787158420.766038
1787158420.977241
1787158421.187464
1787158421.396202
1787158421.608371
1787158421.819775
1787158422.027622
1787158422.239536
1787158422.456028
1787158422.667673
1787158422.878263
1787158423.084867
1787158423.292892
1787158423.499432
1787158423.706942
1787158423.911691
1787158424.122348
1787158424.330581
1787158424.548080
1787158424.756553
1787158424.965538
1787158425.183736
1787158425.388529
1787158425.591873
1787158425.793235
1787158425.997884
1787158426.203447
1787158426.406489
1787158426.626770
1787158426.836675
1787158427.038586
1787158427.241555
1787158427.446542
1787158427.649513
1787158427.851482
1787158428.053100
1787158428.252081
1787158428.450632
1787158428.655615
1787158428.865747
1787158429.065388
1787158429.265836
1787158429.463176
1787158429.661760
1787158429.861665
1787158430.062491
1787158430.258653
1787158430.454422
1787158430.655545
1787158430.859699
1787158431.056920
1787158431.254912
1787158431.449949
1787158431.644177
1787158431.839983
1787158432.045744
1787158432.244217
1787158432.455388
1787158432.662774
1787158432.871577
1787158433.075657
1787158433.284474
1787158433.488803
1787158433.684756
1787158433.880018
1787158434.079411
1787158434.277404
1787158434.475207
1787158434.679234
1787158434.878236
1787158435.073081
1787158435.264804
1787158435.459644
1787158435.653418
1787158435.842070
1787158436.035024
1787158436.224937
1787158436.416881
1787158436.614835
1787158436.808448
1787158436.998251
1787158437.187869
1787158437.381229
1787158437.569613
1787158437.761472
1787158437.950529
1787158438.136677
1787158438.323148
1787158438.515572
1787158438.703632
1787158438.888870
1787158439.073552
1787158439.260658
1787158439.445045
1787158439.628231
1787158439.814507
1787158440.000703
1787158440.185487
1787158440.375012
1787158440.567135
1787158440.753878
1787158440.941018
1787158441.126031
1787158441.308981
1787158441.491227
1787158441.676247
1787158441.860851
1787158442.041012
1787158442.229152
1787158442.412730
1787158442.595031
1787158442.775646
1787158442.959142
1787158443.135681
1787158443.313358
1787158443.492396
1787158443.670998
1787158443.852298
1787158444.037205
1787158444.216737
1787158444.394018
1787158444.572676
1787158444.749967
1787158444.926910
1787158445.105301
1787158445.282518
1787158445.456114
1787158445.628917
1787158445.810291
1787158445.988886
1787158446.164807
1787158446.338331
1787158446.513212
1787158446.691237
1787158446.864819
1787158447.042266
1787158447.222400
1787158447.400769
1787158447.580065
1787158447.757012
1787158447.933055
1787158448.106570
1787158448.277823
1787158448.449380
1787158448.625551
1787158448.798720
1787158448.970437
1787158449.143560
1787158449.320441
1787158449.496332
1787158449.672272
1787158449.846853
1787158450.017943
1787158450.190900
1787158450.363193
1787158450.534616
1787158450.705444
1787158450.876598
1787158451.053967
1787158451.227790
1787158451.399931
1787158451.571148
1787158451.742135
1787158451.910752
1787158452.078401
1787158452.252153
1787158452.420208
1787158452.588346
1787158452.764318
1787158452.936198
1787158453.101253
1787158453.266403
1787158453.441702
1787158453.608876
1787158453.774177
1787158453.939624
1787158454.104997
1787158454.273746
1787158454.443148
1787158454.607868
1787158454.776485
1787158454.941783
1787158455.110436
1787158455.273149
1787158455.436750
1787158455.599315
1787158455.759380
1787158455.919508
1787158456.086066
1787158456.249240
1787158456.408706
1787158456.570233
1787158456.731194
1787158456.896351
1787158457.060576
1787158457.219808
1787158457.381197
1787158457.542707
1787158457.707417
1787158457.867177
1787158458.024900
1787158458.182606
1787158458.340796
1787158458.498022
1787158458.655890
1787158458.822564
1787158458.979934
1787158459.135443
1787158459.297748
1787158459.457732
1787158459.614674
1787158459.770205
1787158459.924009
1787158460.078221
1787158460.232999
1787158460.388053
1787158460.539482
1787158460.691854
1787158460.848603
1787158461.004100
1787158461.158194
1787158461.311281
1787158461.463825
1787158461.615405
1787158461.764977
1787158461.916361
1787158462.067101
1787158462.219651
1787158462.374358
1787158462.528440
1787158462.681923
1787158462.836601
1787158462.987849
1787158463.140219
1787158463.291395
1787158463.456050
1787158463.606380
1787158463.755307
1787158463.909400
1787158464.059755
1787158464.208059
1787158464.354433
1787158464.499906
1787158464.646381
1787158464.794614
1787158464.941814
1787158465.088151
1787158465.235773
1787158465.388454
1787158465.534500
1787158465.681494
1787158465.826180
1787158465.972897
1787158466.115670
1787158466.258655
1787158466.401745
1787158466.544911
1787158466.688743
1787158466.837756
1787158466.983706
1787158467.131261
1787158467.280149
1787158467.427137
1787158467.569677
1787158467.708875
1787158467.850135
1787158467.989574
1787158468.127721
1787158468.272105
1787158468.414337
1787158468.553519
1787158468.692696
1787158468.835147
1787158468.975558
1787158469.113088
1787158469.252214
1787158469.390100
1787158469.529131
1787158469.674642
1787158469.815431
1787158469.954795
1787158470.096207
1787158470.236712
1787158470.390742
1787158470.528221
1787158470.668112
1787158470.805785
1787158470.944328
1787158471.090860
