1787157816.958961
1787157816.980417
1787157816.999462
1787157817.018270
1787157817.037366
1787157817.056665
1787157817.076597
1787157817.095871
1787157817.115141
1787157817.133988
1787157817.152897
1787157817.171699
1787157817.190469
1787157817.209329
1787157817.228164
1787157817.247096
1787157817.265913
1787157817.284787
1787157817.303830
1787157817.323092
1787157817.342664
1787157817.361527
1787157817.380500
1787157817.399440
1787157817.418306
1787157817.437164
1787157817.456016
1787157817.474729
1787157817.493449
1787157817.512329
1787157817.531372
1787157817.550434
1787157817.569232
1787157817.588178
1787157817.607198
1787157817.626211
1787157817.645299
1787157817.664198
1787157817.683244
1787157817.702149
1787157817.721158
1787157817.740416
1787157817.759497
1787157817.778686
1787157817.797874
1787157817.817215
1787157817.836516
1787157817.855901
1787157817.875330
1787157817.894872
1787157817.914505
1787157817.933960
1787157817.953448
1787157817.972756
1787157817.992418
1787157818.011958
1787157818.031371
1787157818.050902
1787157818.070581
1787157818.090086
1787157818.109450
1787157818.129038
1787157818.148939
1787157818.168822
1787157818.188846
1787157818.209159
1787157818.229302
1787157818.249334
1787157818.269232
1787157818.289900
1787157818.309947
1787157818.329648
1787157818.349154
1787157818.369076
1787157818.389233
1787157818.409249
1787157818.430323
1787157818.451615
1787157818.475905
1787157818.500859
1787157818.523278
1787157818.545075
1787157818.565923
1787157818.586087
1787157818.605903
1787157818.625756
1787157818.646143
1787157818.666140
1787157818.686303
1787157818.706548
1787157818.726643
1787157818.746736
1787157818.766780
1787157818.787341
1787157818.807896
1787157818.828161
1787157818.847963
1787157818.867834
1787157818.887690
1787157818.907723
1787157818.927714
1787157818.947857
1787157818.968009
1787157818.988081
1787157819.008305
1787157819.028592
1787157819.049048
1787157819.068945
1787157819.089160
1787157819.109296
1787157819.129531
1787157819.149936
1787157819.169730
1787157819.189574
1787157819.209354
1787157819.229231
1787157819.249249
1787157819.269130
1787157819.289090
1787157819.309065
1787157819.329335
1787157819.349305
1787157819.369371
1787157819.389276
1787157819.409681
1787157819.429774
1787157819.450023
1787157819.470327
1787157819.490405
1787157819.510518
1787157819.530719
1787157819.550773
1787157819.570770
1787157819.590784
1787157819.610807
1787157819.630698
1787157819.650682
1787157819.670843
1787157819.690957
1787157819.711075
1787157819.731063
1787157819.751171
1787157819.771636
1787157819.791582
1787157819.811538
1787157819.831867
1787157819.852075
1787157819.872058
1787157819.891976
1787157819.911854
1787157819.931833
1787157819.952048
1787157819.972325
1787157819.992407
1787157820.012532
1787157820.032762
1787157820.053114
1787157820.073598
1787157820.094592
1787157820.114930
1787157820.135165
1787157820.155486
1787157820.175766
1787157820.196214
1787157820.216454
1787157820.236638
1787157820.256918
1787157820.277440
1787157820.297922
1787157820.318339
1787157820.338978
1787157820.360064
1787157820.380810
1787157820.401603
1787157820.422384
1787157820.442829
1787157820.463230
1787157820.483398
1787157820.504191
1787157820.524595
1787157820.544992
1787157820.565343
1787157820.585769
1787157820.606158
1787157820.626453
1787157820.646823
1787157820.667060
1787157820.687308
1787157820.707606
1787157820.727985
1787157820.748174
1787157820.768678
1787157820.788920
1787157820.809306
1787157820.829803
1787157820.850472
1787157820.870991
1787157820.891303
1787157820.911710
1787157820.932126
1787157820.952499
1787157820.972946
1787157820.993204
1787157821.013438
1787157821.033929
1787157821.054273
1787157821.074776
1787157821.095335
1787157821.115736
1787157821.136240
1787157821.156688
1787157821.177133
1787157821.197687
1787157821.218457
1787157821.239225
1787157821.259762
1787157821.280397
1787157821.300985
1787157821.321625
1787157821.342301
1787157821.363383
1787157821.384082
1787157821.404623
1787157821.425460
1787157821.446086
1787157821.467063
1787157821.487891
1787157821.508536
1787157821.529375
1787157821.550304
1787157821.571139
1787157821.592094
1787157821.613046
1787157821.634343
1787157821.655204
1787157821.676094
1787157821.696957
1787157821.717770
1787157821.738675
1787157821.759652
1787157821.780608
1787157821.801331
1787157821.822325
1787157821.843282
1787157821.863997
1787157821.884818
1787157821.905736
1787157821.926499
1787157821.947335
1787157821.968410
1787157821.990127
1787157822.011021
1787157822.032032
1787157822.052996
1787157822.074044
1787157822.095084
1787157822.115908
1787157822.136750
1787157822.157732
1787157822.178632
1787157822.199666
1787157822.220698
1787157822.241522
1787157822.262463
1787157822.283404
1787157822.304383
1787157822.325099
1787157822.346056
1787157822.366866
1787157822.387665
1787157822.408643
1787157822.429750
1787157822.450594
1787157822.471695
1787157822.492591
1787157822.513573
1787157822.534505
1787157822.555180
1787157822.576016
1787157822.596970
1787157822.617708
1787157822.638875
1787157822.659951
1787157822.681326
1787157822.702409
1787157822.723412
1787157822.744596
1787157822.765561
1787157822.786844
1787157822.807942
1787157822.829177
1787157822.850564
1787157822.871693
1787157822.892916
1787157822.914443
1787157822.935589
1787157822.956778
1787157822.977805
1787157822.998815
1787157823.020113
1787157823.041399
1787157823.062689
1787157823.083857
1787157823.104911
1787157823.125950
1787157823.147034
1787157823.167960
1787157823.189229
1787157823.210333
1787157823.231462
1787157823.252701
1787157823.273736
1787157823.294931
1787157823.316075
1787157823.337454
1787157823.358767
1787157823.379906
1787157823.401180
1787157823.422508
1787157823.443944
1787157823.465150
1787157823.486468
1787157823.507646
1787157823.528885
1787157823.550152
1787157823.571468
1787157823.592427
1787157823.613756
1787157823.634915
1787157823.656207
1787157823.677432
1787157823.698719
1787157823.719995
1787157823.741313
1787157823.762524
1787157823.783886
1787157823.805208
1787157823.826635
1787157823.847922
1787157823.868966
1787157823.890600
1787157823.912144
1787157823.933645
1787157823.954883
1787157823.976165
1787157823.997356
1787157824.019008
1787157824.040276
1787157824.061611
1787157824.083002
1787157824.104485
1787157824.125703
1787157824.147074
1787157824.168350
1787157824.189805
1787157824.211174
1787157824.232643
1787157824.254279
1787157824.275977
1787157824.297621
1787157824.319286
1787157824.340990
1787157824.362545
1787157824.383952
1787157824.405544
1787157824.427350
1787157824.449105
1787157824.471750
1787157824.494032
1787157824.515761
1787157824.537451
1787157824.559071
1787157824.580531
1787157824.602344
1787157824.624119
1787157824.645781
1787157824.667534
1787157824.689548
1787157824.711529
1787157824.733758
1787157824.756104
1787157824.778097
1787157824.800521
1787157824.822920
1787157824.845159
1787157824.867440
1787157824.889566
1787157824.912231
1787157824.934261
1787157824.956264
1787157824.978468
1787157825.000669
1787157825.022735
1787157825.044826
1787157825.067114
1787157825.089483
1787157825.111678
1787157825.133612
1787157825.155864
1787157825.177932
1787157825.199884
1787157825.221996
1787157825.244004
1787157825.266071
1787157825.288389
1787157825.310658
1787157825.332909
1787157825.355863
1787157825.378135
1787157825.400236
1787157825.422386
1787157825.444660
1787157825.466692
1787157825.488778
1787157825.510568
1787157825.532474
1787157825.554339
1787157825.576204
1787157825.598197
1787157825.620109
1787157825.642138
1787157825.664229
1787157825.686201
1787157825.707997
1787157825.729952
1787157825.751977
1787157825.774023
1787157825.796006
1787157825.818241
1787157825.840232
1787157825.862368
1787157825.884608
1787157825.906710
1787157825.928904
1787157825.950961
1787157825.973135
1787157825.995399
1787157826.017718
1787157826.040140
1787157826.062324
1787157826.085305
1787157826.107646
1787157826.129826
1787157826.152048
1787157826.174130
1787157826.196360
1787157826.218559
1787157826.240471
1787157826.262385
1787157826.284369
1787157826.306508
1787157826.328647
1787157826.351475
1787157826.374237
1787157826.397064
1787157826.419589
1787157826.442047
1787157826.464257
1787157826.487339
1787157826.509615
1787157826.531909
1787157826.554212
1787157826.576617
1787157826.598856
1787157826.620872
1787157826.643172
1787157826.665448
1787157826.687836
1787157826.709975
1787157826.732533
1787157826.754997
1787157826.777819
1787157826.800291
1787157826.822618
1787157826.845060
1787157826.867429
1787157826.890538
1787157826.913039
1787157826.935911
1787157826.958186
1787157826.980440
1787157827.002754
1787157827.025070
1787157827.047139
1787157827.069551
1787157827.091884
1787157827.114362
1787157827.137189
1787157827.160054
1787157827.182911
1787157827.206022
1787157827.229039
1787157827.252534
1787157827.276883
1787157827.299707
1787157827.322359
1787157827.345950
1787157827.368973
1787157827.391534
1787157827.413918
1787157827.436627
1787157827.459402
1787157827.482223
1787157827.504981
1787157827.527823
1787157827.550390
1787157827.573771
1787157827.596340
1787157827.619012
1787157827.641860
1787157827.664468
1787157827.687380
1787157827.710352
1787157827.732447
1787157827.755944
1787157827.778175
1787157827.800652
1787157827.824914
1787157827.848164
1787157827.871769
1787157827.895820
1787157827.919975
1787157827.942512
1787157827.965346
1787157827.988808
1787157828.012093
1787157828.035805
1787157828.058222
1787157828.080489
1787157828.103050
1787157828.125632
1787157828.148976
1787157828.173406
1787157828.197336
1787157828.220836
1787157828.243998
1787157828.267564
1787157828.290904
1787157828.314533
1787157828.338214
1787157828.361209
1787157828.383835
1787157828.407073
1787157828.429502
1787157828.451070
1787157828.474708
1787157828.496339
1787157828.517987
1787157828.539747
1787157828.562558
1787157828.585673
1787157828.609013
1787157828.631044
1787157828.653006
1787157828.675936
1787157828.698469
1787157828.721175
1787157828.744133
1787157828.766498
1787157828.788580
1787157828.810910
1787157828.832928
1787157828.853747
1787157828.876512
1787157828.898180
1787157828.919086
1787157828.939817
1787157828.961236
1787157828.983488
1787157829.005395
1787157829.027222
1787157829.049377
1787157829.071014
1787157829.091928
1787157829.113210
1787157829.135123
1787157829.156596
1787157829.177595
1787157829.198542
1787157829.219285
1787157829.240837
1787157829.262480
1787157829.284198
1787157829.306259
1787157829.327350
1787157829.348097
1787157829.368952
1787157829.390446
1787157829.411150
1787157829.432181
1787157829.453303
1787157829.473670
1787157829.493861
1787157829.514116
1787157829.534485
1787157829.555546
1787157829.576782
1787157829.598871
1787157829.620149
1787157829.640403
1787157829.661023
