1787159065.699369
1787159066.296970
1787159066.896470
1787159067.493631
1787159068.094274
1787159068.698249
1787159069.300019
1787159069.904849
1787159070.512112
1787159071.074397
1787159071.619251
1787159072.197166
1787159072.862743
1787159073.499781
1787159074.062649
1787159074.751951
1787159075.319176
1787159075.931383
1787159076.559225
1787159077.200318
1787159077.908057
1787159078.549812
1787159079.147116
1787159079.720868
1787159080.286239
1787159080.851709
1787159081.503203
1787159082.137707
1787159082.861187
1787159083.584469
1787159084.167227
1787159084.828312
1787159085.420700
1787159086.073596
1787159086.664366
1787159087.330119
1787159087.982522
1787159088.592008
1787159089.300686
1787159089.884354
1787159090.554141
1787159091.210635
1787159091.830001
1787159092.484254
1787159093.095535
1787159093.661531
1787159094.270062
1787159094.837946
1787159095.439953
1787159096.142486
1787159096.778297
1787159097.391063
1787159098.030919
1787159098.623230
1787159099.259927
1787159099.888011
1787159100.555278
1787159101.263265
1787159101.923750
1787159102.550214
1787159103.167235
1787159103.847896
1787159104.573548
1787159105.239013
1787159105.853386
1787159106.534268
1787159107.212753
1787159107.803130
1787159108.492987
1787159109.127434
1787159109.783834
1787159110.472802
1787159111.155421
1787159111.786111
1787159112.412874
1787159113.024323
1787159113.695318
1787159114.297991
1787159114.956866
1787159115.563657
1787159116.202465
1787159116.843114
1787159117.468906
1787159118.080667
1787159118.742472
1787159119.397067
1787159120.068953
1787159120.708858
1787159121.378810
1787159122.031208
1787159122.668762
1787159123.301780
1787159123.936861
1787159124.573491
1787159125.237066
1787159125.906402
1787159126.575416
1787159127.236905
1787159127.913498
1787159128.570673
1787159129.245679
1787159129.903676
1787159130.582062
1787159131.232481
1787159131.912098
1787159132.560380
1787159133.218044
1787159133.869407
1787159134.528498
1787159135.182978
1787159135.867012
1787159136.527126
1787159137.187937
1787159137.860717
1787159138.522667
1787159139.182458
1787159139.851961
1787159140.523368
1787159141.202675
1787159141.869800
1787159142.557584
1787159143.238851
1787159143.910006
1787159144.567048
1787159145.232320
1787159145.904917
1787159146.564430
1787159147.238482
1787159147.891956
1787159148.553231
1787159149.227931
1787159149.900408
1787159150.566009
1787159151.232360
1787159151.896009
1787159152.556657
1787159153.219050
1787159153.882188
1787159154.540171
1787159155.202563
1787159155.957525
1787159156.642605
1787159157.306114
1787159157.962724
1787159158.626981
1787159159.279907
1787159159.939404
1787159160.599919
1787159161.253365
1787159161.894998
1787159162.570746
1787159163.237565
1787159163.891624
1787159164.548308
1787159165.194457
1787159165.843057
1787159166.486126
1787159167.128163
1787159167.771306
1787159168.405974
1787159169.076636
1787159169.727534
1787159170.368816
1787159171.019693
1787159171.673221
1787159172.309502
1787159172.951974
1787159173.581577
1787159174.211196
1787159174.842621
1787159175.497451
1787159176.147297
1787159176.781445
1787159177.404514
1787159178.025326
1787159178.648551
1787159179.262480
1787159179.877654
1787159180.505369
1787159181.121086
1787159181.758095
1787159182.380434
1787159182.989696
1787159183.595093
1787159184.203508
1787159184.812070
1787159185.411904
1787159186.007953
1787159186.606894
1787159187.195235
1787159187.820346
1787159188.429058
1787159189.028021
1787159189.620020
1787159190.212378
1787159190.802343
1787159191.390550
1787159191.978751
1787159192.578847
1787159193.162173
1787159193.764809
1787159194.357640
1787159194.944363
1787159195.522673
1787159196.097150
1787159196.674192
1787159197.250645
1787159197.816557
1787159198.383276
1787159198.948348
1787159199.538368
1787159200.111866
1787159200.683939
1787159201.248461
1787159201.810870
1787159202.372013
1787159202.929074
1787159203.480484
1787159204.029097
1787159204.578698
1787159205.154017
1787159205.712922
1787159206.259747
1787159206.805778
1787159207.344653
1787159207.885974
1787159208.429625
1787159208.964067
1787159209.493086
1787159210.027593
1787159210.582851
1787159211.129001
1787159211.661549
1787159212.192483
1787159212.718936
1787159213.255824
1787159213.785268
1787159214.310907
1787159214.832393
1787159215.355032
1787159215.896616
1787159216.429869
1787159216.953157
1787159217.469159
1787159217.984387
1787159218.500514
1787159219.017268
1787159219.529676
1787159220.039506
1787159220.548045
1787159221.084153
1787159221.609007
1787159222.121540
1787159222.628039
1787159223.141894
1787159223.646974
1787159224.154650
1787159224.654988
1787159225.156981
1787159225.659253
1787159226.179647
1787159226.692677
1787159227.202122
1787159227.699442
1787159228.197486
1787159228.689762
1787159229.187390
1787159229.678775
1787159230.172718
1787159230.669985
1787159231.182974
1787159231.684152
1787159232.177104
1787159232.664392
1787159233.156209
1787159233.643444
1787159234.136547
1787159234.625260
1787159235.103809
1787159235.583436
1787159236.082870
1787159236.571002
1787159237.055768
1787159237.537975
1787159238.032687
1787159238.508255
1787159238.987470
1787159239.462467
1787159239.935713
1787159240.406465
1787159240.910086
1787159241.406725
1787159241.881856
1787159242.352369
1787159242.822237
1787159243.292396
1787159243.762594
1787159244.233621
1787159244.704824
1787159245.168946
1787159245.653990
1787159246.128432
1787159246.596785
1787159247.066298
1787159247.530759
1787159247.993244
1787159248.457223
1787159248.920979
1787159249.381278
1787159249.846780
1787159250.321583
1787159250.789217
1787159251.255505
1787159251.713636
1787159252.177536
1787159252.630749
1787159253.088090
1787159253.544918
1787159254.002286
1787159254.457503
1787159254.927475
1787159255.397022
1787159255.850219
1787159256.301752
1787159256.745449
1787159257.191306
1787159257.635427
1787159258.079931
1787159258.525785
1787159258.969986
1787159259.435138
1787159259.888432
1787159260.333764
1787159260.777689
1787159261.224490
1787159261.663595
1787159262.103566
1787159262.537054
1787159262.974469
1787159263.417704
1787159263.872668
1787159264.321865
1787159264.760433
1787159265.198369
1787159265.637916
1787159266.073456
1787159266.503268
1787159266.935191
1787159267.365658
1787159267.797378
1787159268.247391
1787159268.697449
1787159269.135925
1787159269.563576
1787159269.991757
1787159270.419669
1787159270.847960
1787159271.277503
1787159271.699449
1787159272.119133
1787159272.555225
1787159272.987471
1787159273.414297
1787159273.845622
1787159274.276190
1787159274.709355
1787159275.133485
1787159275.554441
1787159275.977833
1787159276.398187
1787159276.837354
1787159277.266224
1787159277.692183
1787159278.110641
1787159278.524294
1787159278.941116
1787159279.362976
1787159279.776690
1787159280.190413
1787159280.603064
1787159281.035899
1787159281.465854
1787159281.881673
1787159282.297817
1787159282.707979
1787159283.118893
1787159283.526972
1787159283.938752
1787159284.346527
1787159284.754521
1787159285.171105
1787159285.585823
1787159285.994999
1787159286.398747
1787159286.811479
1787159287.216204
1787159287.621716
1787159288.025281
1787159288.434773
1787159288.836796
1787159289.254518
1787159289.664925
1787159290.068814
1787159290.470793
1787159290.865705
1787159291.264299
1787159291.659961
1787159292.057872
1787159292.448700
1787159292.846708
1787159293.257022
1787159293.667655
1787159294.061965
1787159294.462435
1787159294.867871
1787159295.265689
1787159295.666909
1787159296.061380
1787159296.452357
1787159296.846894
1787159297.250535
1787159297.653147
1787159298.049011
1787159298.441359
1787159298.838462
1787159299.231646
1787159299.620257
1787159300.011878
1787159300.399251
1787159300.782663
1787159301.179565
1787159301.571016
1787159301.953364
1787159302.339819
1787159302.724645
1787159303.109436
1787159303.489145
1787159303.867202
1787159304.249749
1787159304.630876
1787159305.021182
1787159305.410184
1787159305.788193
1787159306.169360
1787159306.544804
1787159306.920096
1787159307.296371
1787159307.668456
1787159308.050960
1787159308.427686
1787159308.814450
1787159309.198088
1787159309.570061
1787159309.939855
1787159310.307600
1787159310.678905
1787159311.044528
1787159311.417395
1787159311.786278
1787159312.154040
1787159312.535993
1787159312.904909
1787159313.270248
1787159313.638863
1787159314.007224
1787159314.380075
1787159314.741302
1787159315.100338
1787159315.463298
1787159315.820808
1787159316.198308
1787159316.567553
1787159316.928380
1787159317.293410
1787159317.652070
1787159318.010435
1787159318.371443
1787159318.728235
1787159319.085007
1787159319.442126
1787159319.808955
1787159320.167940
1787159320.525291
1787159320.877254
1787159321.232068
1787159321.588541
1787159321.939509
1787159322.299247
1787159322.653779
1787159323.010404
1787159323.375462
1787159323.739248
1787159324.092288
1787159324.443218
1787159324.794263
1787159325.143834
1787159325.490998
1787159325.838131
1787159326.187947
1787159326.531477
1787159326.891047
1787159327.247465
1787159327.595083
1787159327.941668
1787159328.289129
1787159328.634404
1787159328.977137
1787159329.320923
1787159329.660787
1787159330.000149
1787159330.347111
1787159330.693897
1787159331.028871
1787159331.370438
1787159331.712231
1787159332.048667
1787159332.388706
1787159332.723886
1787159333.058785
1787159333.390081
1787159333.741456
1787159334.082211
1787159334.418796
1787159334.755701
1787159335.093228
1787159335.429010
1787159335.761004
1787159336.087843
1787159336.418622
1787159336.753487
1787159337.097136
1787159337.428912
1787159337.757365
1787159338.092162
1787159338.420905
1787159338.747032
1787159339.077170
1787159339.402807
1787159339.726381
1787159340.051498
1787159340.385248
1787159340.718406
1787159341.044288
1787159341.371790
1787159341.703506
1787159342.028142
1787159342.359541
1787159342.688948
1787159343.014998
1787159343.343288
1787159343.676063
1787159344.011724
1787159344.338837
1787159344.659922
1787159344.986966
1787159345.314666
1787159345.633976
1787159345.950976
1787159346.270605
1787159346.590805
1787159346.923062
1787159347.253889
1787159347.589908
1787159347.913752
1787159348.234643
1787159348.554276
1787159348.871034
1787159349.190692
1787159349.508022
1787159349.823194
1787159350.154037
1787159350.476539
1787159350.797619
1787159351.115173
1787159351.432492
1787159351.745021
1787159352.051083
1787159352.356885
1787159352.668440
1787159352.985142
1787159353.308334
1787159353.620545
1787159353.929011
1787159354.237575
1787159354.546454
1787159354.848328
1787159355.148565
1787159355.464289
1787159355.772210
1787159356.086168
1787159356.403405
1787159356.712748
1787159357.019681
1787159357.322071
1787159357.633161
1787159357.940645
1787159358.241205
1787159358.543363
1787159358.842053
1787159359.139734
1787159359.448349
