1787158078.710157
1787158078.946954
1787158079.181112
1787158079.416361
1787158079.651819
1787158079.888378
1787158080.125446
1787158080.362131
1787158080.600449
1787158080.840093
1787158081.084353
1787158081.329620
1787158081.573642
1787158081.818112
1787158082.063635
1787158082.307250
1787158082.552071
1787158082.796428
1787158083.041111
1787158083.284609
1787158083.542299
1787158083.798909
1787158084.056469
1787158084.281098
1787158084.510726
1787158084.764807
1787158084.998760
1787158085.279109
1787158085.514199
1787158085.799011
1787158086.055278
1787158086.348849
1787158086.578855
1787158086.861835
1787158087.146389
1787158087.388780
1787158087.671712
1787158087.914187
1787158088.153297
1787158088.409348
1787158088.695789
1787158088.982138
1787158089.218132
1787158089.474900
1787158089.715078
1787158089.963578
1787158090.225866
1787158090.516719
1787158090.754551
1787158090.980773
1787158091.273366
1787158091.501731
1787158091.749244
1787158092.008149
1787158092.296251
1787158092.541238
1787158092.810330
1787158093.096359
1787158093.356609
1787158093.643578
1787158093.929428
1787158094.205485
1787158094.468150
1787158094.751514
1787158095.011592
1787158095.263750
1787158095.538731
1787158095.822441
1787158096.086839
1787158096.367244
1787158096.648695
1787158096.881587
1787158097.159047
1787158097.430703
1787158097.679849
1787158097.910509
1787158098.148316
1787158098.423000
1787158098.694560
1787158098.968820
1787158099.249753
1787158099.517238
1787158099.754507
1787158099.992851
1787158100.266317
1787158100.522067
1787158100.793691
1787158101.033731
1787158101.288942
1787158101.533994
1787158101.803654
1787158102.076986
1787158102.320262
1787158102.587740
1787158102.847839
1787158103.120181
1787158103.382332
1787158103.653088
1787158103.911211
1787158104.180676
1787158104.452465
1787158104.703359
1787158104.943356
1787158105.215420
1787158105.503954
1787158105.773081
1787158106.044281
1787158106.306455
1787158106.564636
1787158106.829305
1787158107.103500
1787158107.373430
1787158107.631529
1787158107.894235
1787158108.156762
1787158108.419082
1787158108.680554
1787158108.935974
1787158109.196858
1787158109.455400
1787158109.720000
1787158109.987515
1787158110.249782
1787158110.510424
1787158110.767261
1787158111.019011
1787158111.277600
1787158111.530781
1787158111.789780
1787158112.055527
1787158112.324527
1787158112.582178
1787158112.839611
1787158113.091555
1787158113.348493
1787158113.607845
1787158113.886015
1787158114.146084
1787158114.398713
1787158114.649552
1787158114.920120
1787158115.184318
1787158115.444893
1787158115.700665
1787158115.955397
1787158116.215962
1787158116.472484
1787158116.730445
1787158116.984228
1787158117.240870
1787158117.504914
1787158117.764798
1787158118.023371
1787158118.278298
1787158118.532201
1787158118.792742
1787158119.050485
1787158119.306188
1787158119.560725
1787158119.813549
1787158120.073575
1787158120.328713
1787158120.582143
1787158120.833594
1787158121.086564
1787158121.344653
1787158121.600952
1787158121.853719
1787158122.103607
1787158122.359897
1787158122.624229
1787158122.883578
1787158123.140605
1787158123.394977
1787158123.647200
1787158123.901569
1787158124.161095
1787158124.416657
1787158124.666770
1787158124.919478
1787158125.180928
1787158125.438598
1787158125.695623
1787158125.951847
1787158126.207404
1787158126.458734
1787158126.710023
1787158126.961154
1787158127.212240
1787158127.469420
1787158127.729604
1787158127.989288
1787158128.243084
1787158128.495079
1787158128.744393
1787158128.997846
1787158129.246983
1787158129.497039
1787158129.746461
1787158129.997204
1787158130.257498
1787158130.515393
1787158130.768661
1787158131.018294
1787158131.267678
1787158131.519552
1787158131.768710
1787158132.017903
1787158132.268980
1787158132.514939
1787158132.786977
1787158133.043443
1787158133.295058
1787158133.547698
1787158133.803557
1787158134.056984
1787158134.309017
1787158134.556022
1787158134.802075
1787158135.051622
1787158135.309934
1787158135.563830
1787158135.806405
1787158136.057559
1787158136.304223
1787158136.552730
1787158136.799041
1787158137.041058
1787158137.283029
1787158137.524586
1787158137.781840
1787158138.035270
1787158138.281407
1787158138.530062
1787158138.773840
1787158139.026613
1787158139.268671
1787158139.509310
1787158139.749497
1787158139.985985
1787158140.237483
1787158140.485184
1787158140.724347
1787158140.968663
1787158141.205809
1787158141.451845
1787158141.703074
1787158141.943357
1787158142.178641
1787158142.415062
1787158142.660287
1787158142.902659
1787158143.142099
1787158143.379193
1787158143.616251
1787158143.854073
1787158144.088664
1787158144.323102
1787158144.555953
1787158144.787053
1787158145.029781
1787158145.266673
1787158145.501655
1787158145.735466
1787158145.975328
1787158146.209172
1787158146.441154
1787158146.671422
1787158146.900958
1787158147.134318
1787158147.375119
1787158147.606540
1787158147.837623
1787158148.072993
1787158148.308527
1787158148.539319
1787158148.768254
1787158148.995589
1787158149.223322
1787158149.449612
1787158149.686975
1787158149.922676
1787158150.151510
1787158150.381136
1787158150.609305
1787158150.834563
1787158151.062559
1787158151.289992
1787158151.515453
1787158151.739872
1787158151.975033
1787158152.199830
1787158152.422070
1787158152.640538
1787158152.864597
1787158153.084971
1787158153.307043
1787158153.525760
1787158153.742810
1787158153.964125
1787158154.193149
1787158154.419000
1787158154.636537
1787158154.855007
1787158155.069535
1787158155.286710
1787158155.504611
1787158155.721355
1787158155.933852
1787158156.152463
1787158156.377641
1787158156.593699
1787158156.808103
1787158157.023932
1787158157.241128
1787158157.456193
1787158157.667323
1787158157.880575
1787158158.094300
1787158158.305943
1787158158.525593
1787158158.739207
1787158158.952237
1787158159.158951
1787158159.366723
1787158159.574439
1787158159.782595
1787158159.990888
1787158160.197274
1787158160.404271
1787158160.617131
1787158160.828184
1787158161.038178
1787158161.246266
1787158161.452171
1787158161.658104
1787158161.864645
1787158162.072981
1787158162.275725
1787158162.485730
1787158162.698385
1787158162.907387
1787158163.112848
1787158163.317117
1787158163.520561
1787158163.721842
1787158163.929105
1787158164.133278
1787158164.333383
1787158164.537411
1787158164.747297
1787158164.953806
1787158165.157584
1787158165.359243
1787158165.559155
1787158165.760930
1787158165.962157
1787158166.164554
1787158166.361064
1787158166.560625
1787158166.784073
1787158166.986604
1787158167.186201
1787158167.386126
1787158167.583174
1787158167.777043
1787158167.975621
1787158168.172035
1787158168.365757
1787158168.559156
1787158168.760804
1787158168.959925
1787158169.157306
1787158169.353202
1787158169.547458
1787158169.741091
1787158169.935491
1787158170.128858
1787158170.322910
1787158170.516690
1787158170.717339
1787158170.912292
1787158171.105646
1787158171.299308
1787158171.487851
1787158171.679464
1787158171.871267
1787158172.060955
1787158172.250377
1787158172.443180
1787158172.654065
1787158172.847849
1787158173.040103
1787158173.230551
1787158173.419266
1787158173.609535
1787158173.799926
1787158173.987356
1787158174.174172
1787158174.360688
1787158174.554508
1787158174.744572
1787158174.929203
1787158175.113790
1787158175.298156
1787158175.480400
1787158175.665068
1787158175.848663
1787158176.033072
1787158176.220322
1787158176.413946
1787158176.602792
1787158176.786018
1787158176.969435
1787158177.152950
1787158177.334563
1787158177.517880
1787158177.701731
1787158177.882579
1787158178.060159
1787158178.247751
1787158178.432623
1787158178.612288
1787158178.791224
1787158178.972077
1787158179.153138
1787158179.331558
1787158179.507910
1787158179.686051
1787158179.864547
1787158180.049309
1787158180.228150
1787158180.405097
1787158180.582435
1787158180.759752
1787158180.935422
1787158181.111496
1787158181.288513
1787158181.477132
1787158181.654346
1787158181.837590
1787158182.018952
1787158182.193285
1787158182.367309
1787158182.542733
1787158182.716295
1787158182.890445
1787158183.062337
1787158183.236028
1787158183.406713
1787158183.584674
1787158183.757791
1787158183.929802
1787158184.104853
1787158184.278056
1787158184.449324
1787158184.621381
1787158184.791315
1787158184.960013
1787158185.130122
1787158185.305599
1787158185.481487
1787158185.655324
1787158185.825870
1787158185.997246
1787158186.170918
1787158186.339092
1787158186.506735
1787158186.674465
1787158186.843590
1787158187.020397
1787158187.189382
1787158187.355079
1787158187.523177
1787158187.689593
1787158187.856016
1787158188.025223
1787158188.193960
1787158188.360749
1787158188.530240
1787158188.700900
1787158188.866991
1787158189.030184
1787158189.195112
1787158189.360537
1787158189.520527
1787158189.681262
1787158189.841482
1787158190.001020
1787158190.162316
1787158190.327329
1787158190.489152
1787158190.647500
1787158190.805371
1787158190.963919
1787158191.120046
1787158191.277724
1787158191.434907
1787158191.594877
1787158191.749784
1787158191.914779
1787158192.075665
1787158192.233897
1787158192.390767
1787158192.546749
1787158192.702447
1787158192.856834
1787158193.012152
1787158193.169415
1787158193.325105
1787158193.485606
1787158193.643794
1787158193.799089
1787158193.952546
1787158194.106716
1787158194.259932
1787158194.414560
1787158194.567880
1787158194.721090
1787158194.875127
1787158195.032434
1787158195.189916
1787158195.344779
1787158195.497490
1787158195.663267
1787158195.816588
1787158195.968764
1787158196.121347
1787158196.275102
1787158196.426042
1787158196.582664
1787158196.735567
1787158196.883945
1787158197.034015
1787158197.183965
1787158197.332199
1787158197.483873
1787158197.648726
1787158197.801377
1787158197.956787
1787158198.110756
1787158198.260949
1787158198.408920
1787158198.558233
1787158198.706609
1787158198.855756
1787158199.001692
1787158199.148153
1787158199.293699
1787158199.439471
1787158199.590851
1787158199.738562
1787158199.886724
1787158200.035264
1787158200.182574
1787158200.326779
1787158200.470062
1787158200.613769
1787158200.759545
1787158200.904067
1787158201.053800
1787158201.200148
1787158201.343049
1787158201.486063
1787158201.629071
1787158201.771843
1787158201.913805
1787158202.059342
1787158202.200152
1787158202.340729
1787158202.485734
1787158202.628693
1787158202.769937
1787158202.913284
1787158203.056556
1787158203.199601
1787158203.341770
1787158203.495680
1787158203.638165
1787158203.777475
1787158203.923036
1787158204.066943
1787158204.209978
1787158204.350842
1787158204.491947
1787158204.633331
1787158204.771885
1787158204.911601
1787158205.050524
1787158205.187786
1787158205.330997
1787158205.474105
1787158205.614341
1787158205.752015
1787158205.891489
1787158206.031058
1787158206.168173
1787158206.306938
1787158206.443084
1787158206.580137
1787158206.721982
