1787157851.050531
1787157851.069899
1787157851.089613
1787157851.108841
1787157851.128009
1787157851.147036
1787157851.166054
1787157851.184902
1787157851.203839
1787157851.222678
1787157851.241601
1787157851.260542
1787157851.279363
1787157851.298461
1787157851.317106
1787157851.335991
1787157851.354696
1787157851.373771
1787157851.392780
1787157851.411659
1787157851.430685
1787157851.451573
1787157851.470389
1787157851.489421
1787157851.508428
1787157851.527432
1787157851.546403
1787157851.565728
1787157851.584940
1787157851.603949
1787157851.623302
1787157851.642694
1787157851.663016
1787157851.682447
1787157851.701395
1787157851.720263
1787157851.739100
1787157851.757921
1787157851.776993
1787157851.795841
1787157851.815296
1787157851.834443
1787157851.854220
1787157851.874516
1787157851.893558
1787157851.913185
1787157851.932815
1787157851.952415
1787157851.971751
1787157851.991164
1787157852.010698
1787157852.030269
1787157852.049787
1787157852.069162
1787157852.088765
1787157852.108771
1787157852.128277
1787157852.147834
1787157852.167444
1787157852.186963
1787157852.207159
1787157852.226880
1787157852.246722
1787157852.266543
1787157852.286240
1787157852.305681
1787157852.325126
1787157852.344801
1787157852.364396
1787157852.384058
1787157852.403556
1787157852.423579
1787157852.443613
1787157852.463110
1787157852.483065
1787157852.502820
1787157852.522467
1787157852.542354
1787157852.562532
1787157852.582863
1787157852.602978
1787157852.622869
1787157852.643213
1787157852.663100
1787157852.683308
1787157852.703342
1787157852.723447
1787157852.743523
1787157852.763934
1787157852.784300
1787157852.804947
1787157852.830692
1787157852.851228
1787157852.872286
1787157852.893615
1787157852.914908
1787157852.934958
1787157852.955486
1787157852.981971
1787157853.004662
1787157853.026488
1787157853.046545
1787157853.066484
1787157853.086686
1787157853.106838
1787157853.127676
1787157853.148403
1787157853.168419
1787157853.188786
1787157853.209504
1787157853.230928
1787157853.251261
1787157853.271517
1787157853.291871
1787157853.312251
1787157853.332401
1787157853.352515
1787157853.372612
1787157853.392771
1787157853.413129
1787157853.433667
1787157853.453892
1787157853.474195
1787157853.494437
1787157853.515078
1787157853.535473
1787157853.555616
1787157853.575756
1787157853.596283
1787157853.619004
1787157853.639791
1787157853.660493
1787157853.681282
1787157853.701766
1787157853.722109
1787157853.742681
1787157853.763340
1787157853.784070
1787157853.804486
1787157853.825075
1787157853.845522
1787157853.866439
1787157853.887352
1787157853.907850
1787157853.928329
1787157853.949070
1787157853.969570
1787157853.990675
1787157854.011425
1787157854.031918
1787157854.052824
1787157854.073283
1787157854.093677
1787157854.113997
1787157854.134728
1787157854.155229
1787157854.175671
1787157854.196680
1787157854.217027
1787157854.237365
1787157854.258443
1787157854.278911
1787157854.300032
1787157854.320795
1787157854.342104
1787157854.363672
1787157854.384731
1787157854.405377
1787157854.425976
1787157854.446511
1787157854.467060
1787157854.487624
1787157854.509067
1787157854.529628
1787157854.550673
1787157854.571860
1787157854.593760
1787157854.615474
1787157854.636915
1787157854.657509
1787157854.678311
1787157854.698882
1787157854.719972
1787157854.741041
1787157854.761807
1787157854.782248
1787157854.802642
1787157854.823199
1787157854.843817
1787157854.865336
1787157854.886205
1787157854.906802
1787157854.928109
1787157854.948640
1787157854.969417
1787157854.990416
1787157855.011208
1787157855.032614
1787157855.053462
1787157855.074579
1787157855.095639
1787157855.116857
1787157855.138375
1787157855.159476
1787157855.180615
1787157855.201568
1787157855.222645
1787157855.244252
1787157855.265219
1787157855.286222
1787157855.307815
1787157855.329021
1787157855.350214
1787157855.371541
1787157855.392893
1787157855.413879
1787157855.435029
1787157855.455973
1787157855.476774
1787157855.498175
1787157855.519728
1787157855.541427
1787157855.562467
1787157855.583603
1787157855.604834
1787157855.625777
1787157855.647019
1787157855.668088
1787157855.689174
1787157855.710286
1787157855.731264
1787157855.752294
1787157855.773343
1787157855.794314
1787157855.815422
1787157855.836495
1787157855.857625
1787157855.879082
1787157855.900036
1787157855.921066
1787157855.942185
1787157855.963150
1787157855.983952
1787157856.004949
1787157856.026017
1787157856.047222
1787157856.068125
1787157856.089380
1787157856.110658
1787157856.131875
1787157856.152801
1787157856.174021
1787157856.195128
1787157856.216407
1787157856.237719
1787157856.258989
1787157856.280355
1787157856.301850
1787157856.322995
1787157856.344098
1787157856.365214
1787157856.386446
1787157856.407648
1787157856.428861
1787157856.450140
1787157856.471553
1787157856.492721
1787157856.514239
1787157856.536275
1787157856.558003
1787157856.579349
1787157856.601138
1787157856.622803
1787157856.644220
1787157856.665967
1787157856.687117
1787157856.708469
1787157856.729961
1787157856.751314
1787157856.772949
1787157856.794524
1787157856.816195
1787157856.838094
1787157856.860034
1787157856.881586
1787157856.903114
1787157856.924551
1787157856.946434
1787157856.970161
1787157856.991759
1787157857.013222
1787157857.034663
1787157857.056222
1787157857.078153
1787157857.099946
1787157857.121601
1787157857.143299
1787157857.164762
1787157857.186296
1787157857.207744
1787157857.230035
1787157857.251892
1787157857.273515
1787157857.295335
1787157857.317152
1787157857.339329
1787157857.361161
1787157857.382620
1787157857.404455
1787157857.426205
1787157857.447725
1787157857.469356
1787157857.490803
1787157857.512663
1787157857.534116
1787157857.555464
1787157857.577148
1787157857.599189
1787157857.620916
1787157857.642849
1787157857.664999
1787157857.686618
1787157857.708107
1787157857.729633
1787157857.751195
1787157857.773309
1787157857.795633
1787157857.817659
1787157857.839466
1787157857.861312
1787157857.883419
1787157857.905201
1787157857.927168
1787157857.948758
1787157857.970602
1787157857.992323
1787157858.014034
1787157858.035616
1787157858.057476
1787157858.079833
1787157858.101767
1787157858.123839
1787157858.145626
1787157858.167554
1787157858.189555
1787157858.211560
1787157858.233609
1787157858.255492
1787157858.277457
1787157858.300071
1787157858.322630
1787157858.345112
1787157858.367752
1787157858.390171
1787157858.412464
1787157858.434724
1787157858.457450
1787157858.479497
1787157858.502052
1787157858.524828
1787157858.547364
1787157858.569783
1787157858.593122
1787157858.615590
1787157858.638120
1787157858.662335
1787157858.686552
1787157858.709363
1787157858.732975
1787157858.755794
1787157858.779263
1787157858.801711
1787157858.824554
1787157858.848106
1787157858.871755
1787157858.895528
1787157858.918348
1787157858.940948
1787157858.963645
1787157858.986595
1787157859.009024
1787157859.031600
1787157859.054493
1787157859.077381
1787157859.101340
1787157859.124201
1787157859.147219
1787157859.169722
1787157859.192301
1787157859.214805
1787157859.237481
1787157859.259794
1787157859.282127
1787157859.304693
1787157859.327264
1787157859.359639
1787157859.385558
1787157859.408045
1787157859.430665
1787157859.453292
1787157859.476343
1787157859.499624
1787157859.522074
1787157859.545575
1787157859.568533
1787157859.591943
1787157859.615161
1787157859.638376
1787157859.661460
1787157859.684171
1787157859.707068
1787157859.729940
1787157859.752856
1787157859.775385
1787157859.798592
1787157859.822119
1787157859.844618
1787157859.867535
1787157859.890454
1787157859.912898
1787157859.936024
1787157859.958986
1787157859.981408
1787157860.004627
1787157860.027862
1787157860.050410
1787157860.073045
1787157860.096357
1787157860.118685
1787157860.141569
1787157860.164584
1787157860.187977
1787157860.210436
1787157860.233138
1787157860.256436
1787157860.279169
1787157860.302072
1787157860.324982
1787157860.347642
1787157860.373964
1787157860.397307
1787157860.420791
1787157860.443936
1787157860.467434
1787157860.490541
1787157860.514026
1787157860.536874
1787157860.559892
1787157860.583072
1787157860.606417
1787157860.630062
1787157860.653528
1787157860.677487
1787157860.701089
1787157860.725098
1787157860.748039
1787157860.771153
1787157860.794728
1787157860.819227
1787157860.842813
1787157860.866808
1787157860.890586
1787157860.913570
1787157860.936561
1787157860.959475
1787157860.983079
1787157861.006903
1787157861.029832
1787157861.053096
1787157861.076777
1787157861.099912
1787157861.123385
1787157861.146059
1787157861.168991
1787157861.191815
1787157861.214387
1787157861.237583
1787157861.260607
1787157861.283445
1787157861.306185
1787157861.329783
1787157861.353735
1787157861.377822
1787157861.401440
1787157861.425050
1787157861.448477
1787157861.472240
1787157861.495721
1787157861.518594
1787157861.541573
1787157861.565324
1787157861.588650
1787157861.611622
1787157861.635079
1787157861.658798
1787157861.682761
1787157861.706117
1787157861.729412
1787157861.752761
1787157861.775906
1787157861.799465
1787157861.823166
1787157861.846411
1787157861.870099
1787157861.893683
1787157861.917147
1787157861.940520
1787157861.964147
1787157861.988139
1787157862.011930
1787157862.036151
1787157862.059621
1787157862.084497
1787157862.109181
1787157862.132600
1787157862.156037
1787157862.179848
1787157862.203589
1787157862.226969
1787157862.251374
1787157862.275360
1787157862.298950
1787157862.322303
1787157862.346052
1787157862.371315
1787157862.394994
1787157862.418418
1787157862.442102
1787157862.465810
1787157862.489703
1787157862.513102
1787157862.536728
1787157862.560272
1787157862.583876
1787157862.607103
1787157862.630968
1787157862.654384
1787157862.678692
1787157862.702599
1787157862.726013
1787157862.749678
1787157862.773433
1787157862.797312
1787157862.821458
1787157862.845410
1787157862.869954
1787157862.894442
1787157862.919024
1787157862.943026
1787157862.966278
1787157862.990022
1787157863.013813
1787157863.037564
1787157863.061009
1787157863.084732
1787157863.108236
1787157863.131429
1787157863.155167
1787157863.178344
1787157863.201460
1787157863.224981
1787157863.248063
1787157863.271538
1787157863.295014
1787157863.318228
1787157863.341545
1787157863.364947
1787157863.388193
1787157863.411479
1787157863.434649
1787157863.458011
1787157863.481258
1787157863.504281
1787157863.527440
1787157863.550732
1787157863.574043
1787157863.596979
1787157863.621205
1787157863.645205
1787157863.668266
1787157863.691422
1787157863.715051
1787157863.738108
1787157863.762145
1787157863.786311
1787157863.810000
1787157863.834591
1787157863.859770
1787157863.883299
1787157863.906660
1787157863.930130
1787157863.954242
1787157863.977785
1787157864.001133
1787157864.024652
1787157864.048729
1787157864.072773
1787157864.096303
1787157864.119711
1787157864.143518
1787157864.167261
