1787161349.668605
1787161351.342275
1787161353.013367
1787161354.690500
1787161356.399103
1787161358.245831
1787161360.316543
1787161362.005604
1787161363.845877
1787161365.810308
1787161367.683369
1787161369.418417
1787161371.310876
1787161373.087528
1787161374.951373
1787161376.913051
1787161378.778572
1787161380.613693
1787161382.368236
1787161384.619933
1787161386.774631
1787161388.528902
1787161390.316518
1787161392.136848
1787161394.075253
1787161395.825916
1787161397.583893
1787161399.411554
1787161401.475156
1787161403.332371
1787161405.419228
1787161407.353772
1787161409.255543
1787161411.156003
1787161413.247276
1787161415.300302
1787161417.123675
1787161418.890601
1787161420.882026
1787161422.742574
1787161424.703842
1787161426.593474
1787161428.733618
1787161430.600342
1787161432.489488
1787161434.551075
1787161436.647237
1787161438.542254
1787161440.456486
1787161442.437163
1787161444.402066
1787161446.355279
1787161448.523290
1787161450.464709
1787161452.560618
1787161454.662144
1787161456.642537
1787161458.569082
1787161460.600953
1787161462.684752
1787161464.696592
1787161466.770889
1787161468.759552
1787161470.796852
1787161472.815912
1787161474.871311
1787161476.859590
1787161478.854315
1787161480.875018
1787161482.934594
1787161485.028038
1787161487.155665
1787161489.194615
1787161491.237918
1787161493.286292
1787161495.333673
1787161497.470758
1787161499.539986
1787161501.697891
1787161503.773910
1787161505.934612
1787161508.035997
1787161510.212622
1787161512.318347
1787161514.412782
1787161516.498627
1787161518.584177
1787161520.708807
1787161522.863351
1787161524.981084
1787161527.214617
1787161529.401330
1787161531.572734
1787161533.679219
1787161535.850950
1787161537.963174
1787161540.110723
1787161542.261038
1787161544.397546
1787161546.533132
1787161548.775394
1787161550.977079
1787161553.184245
1787161555.333594
1787161557.484174
1787161559.586135
1787161561.709526
1787161563.808125
1787161565.896713
1787161567.991835
1787161570.210474
1787161572.359068
1787161574.476174
1787161576.569324
1787161578.667472
1787161580.739603
1787161582.794824
1787161584.827093
1787161586.855289
1787161588.866057
1787161590.978127
1787161593.062752
1787161595.083770
1787161597.067139
1787161599.045781
1787161601.035603
1787161603.015138
1787161604.972989
1787161606.926484
1787161608.876111
1787161610.918647
1787161612.921265
1787161614.903666
1787161616.833080
1787161618.759460
1787161620.675571
1787161622.614719
1787161624.543183
1787161626.435925
1787161628.364591
1787161630.349720
1787161632.289727
1787161634.210548
1787161636.101367
1787161637.956960
1787161639.853220
1787161641.707830
1787161643.596714
1787161645.482157
1787161647.348719
1787161649.332312
1787161651.207770
1787161653.067280
1787161654.937730
1787161656.803561
1787161658.639767
1787161660.478605
1787161662.304916
1787161664.116427
1787161665.941468
1787161667.838185
1787161669.704982
1787161671.563241
1787161673.387631
1787161675.212762
1787161677.031579
1787161678.862639
1787161680.690972
1787161682.521329
1787161684.335894
1787161686.209989
1787161688.063815
1787161689.875439
1787161691.695383
1787161693.534529
1787161695.349114
1787161697.139279
1787161698.937022
1787161700.726942
1787161702.505597
1787161704.354045
1787161706.167534
1787161707.950455
1787161709.739534
1787161711.518971
1787161713.303604
1787161715.082903
1787161716.850883
1787161718.621381
1787161720.391095
1787161722.215002
1787161724.018504
1787161725.788324
1787161727.560037
1787161729.328378
1787161731.082250
1787161732.840810
1787161734.591951
1787161736.338052
1787161738.090693
1787161739.907782
1787161741.700743
1787161743.472451
1787161745.232011
1787161746.996741
1787161748.758874
1787161750.513716
1787161752.266241
1787161754.017145
1787161755.765770
1787161757.575956
1787161759.363148
1787161761.125215
1787161762.884013
1787161764.626556
1787161766.375686
1787161768.123569
1787161769.876702
1787161771.632364
1787161773.386673
1787161775.174820
1787161776.955469
1787161778.721512
1787161780.469589
1787161782.220106
1787161783.964221
1787161785.698387
1787161787.436015
1787161789.177465
1787161790.907217
1787161792.701598
1787161794.465950
1787161796.204858
1787161797.941779
1787161799.669551
1787161801.399240
1787161803.136136
1787161804.853909
1787161806.574904
1787161808.276120
1787161810.044059
1787161811.822516
1787161813.621414
1787161815.331399
1787161817.028934
1787161818.729496
1787161820.445884
1787161822.143570
1787161823.853608
1787161825.545090
1787161827.304399
1787161829.047273
1787161830.760006
1787161832.453950
1787161834.146856
1787161835.835788
1787161837.511674
1787161839.189483
1787161840.867463
1787161842.554674
1787161844.310821
1787161846.031560
1787161847.716876
1787161849.399425
1787161851.077336
1787161852.758754
1787161854.452109
1787161856.140185
1787161857.828958
1787161859.515658
1787161861.254933
1787161862.985831
1787161864.680962
1787161866.369376
1787161868.060789
1787161869.749722
1787161871.437122
1787161873.120627
1787161874.795166
1787161876.480954
1787161878.212342
1787161879.930827
1787161881.621305
1787161883.316918
1787161884.991322
1787161886.655474
1787161888.334922
1787161890.001209
1787161891.671722
1787161893.343773
1787161895.061884
1787161896.758543
1787161898.424305
1787161900.104667
1787161901.779454
1787161903.437834
1787161905.097689
1787161906.769110
1787161908.425075
1787161910.083508
1787161911.799130
1787161913.491068
1787161915.158053
1787161916.818404
1787161918.480416
1787161920.133612
1787161921.790611
1787161923.440477
1787161925.088945
1787161926.740100
1787161928.461831
1787161930.147834
1787161931.812629
1787161933.489615
1787161935.140765
1787161936.790164
1787161938.449061
1787161940.097052
1787161941.754103
1787161943.407461
1787161945.116792
1787161946.803296
1787161948.464771
1787161950.110788
1787161951.754179
1787161953.402409
1787161955.050923
1787161956.713519
1787161958.363954
1787161960.009924
1787161961.709991
1787161963.390714
1787161965.063258
1787161966.719460
1787161968.373598
1787161970.061288
1787161971.721509
1787161973.366558
1787161975.019064
1787161976.669587
1787161978.363452
1787161980.044962
1787161981.708715
1787161983.357023
1787161985.004222
1787161986.645329
1787161988.280658
1787161989.934921
1787161991.598323
1787161993.257483
1787161994.997001
1787161996.745743
1787161998.458438
1787162000.151582
1787162001.835383
1787162003.534469
1787162005.208084
1787162006.869745
1787162008.535753
1787162010.199730
1787162011.956381
1787162013.693844
1787162015.380446
1787162017.041657
1787162018.683334
1787162020.322269
1787162021.959217
1787162023.596576
1787162025.253440
1787162026.893341
1787162028.581264
1787162030.264315
1787162031.927140
1787162033.584460
1787162035.253701
1787162036.895149
1787162038.525069
1787162040.159485
1787162041.794047
1787162043.426665
1787162045.136582
1787162046.799889
1787162048.441269
1787162050.077078
1787162051.716641
1787162053.353229
1787162054.983377
1787162056.615843
1787162058.262423
1787162059.892186
1787162061.577070
1787162063.244843
1787162064.889624
1787162066.507406
1787162068.122655
1787162069.740616
1787162071.370749
1787162072.986394
1787162074.605942
1787162076.226307
1787162077.892818
1787162079.549061
1787162081.192175
1787162082.818398
1787162084.446511
1787162086.086311
1787162087.721163
1787162089.365428
1787162090.994016
1787162092.631671
1787162094.317786
1787162095.996988
1787162097.645044
1787162099.299540
1787162100.946807
1787162102.592797
1787162104.245028
1787162105.886326
1787162107.561360
1787162109.227217
1787162110.916467
1787162112.587644
1787162114.243804
1787162115.899657
1787162117.541146
1787162119.176184
1787162120.806523
1787162122.460644
1787162124.088406
1787162125.731651
1787162127.421061
1787162129.082449
1787162130.717644
1787162132.350211
1787162133.984634
1787162135.633226
1787162137.283445
1787162138.908012
1787162140.548066
1787162142.162941
1787162143.844295
1787162145.509953
1787162147.145142
1787162148.778941
1787162150.398803
1787162152.030169
1787162153.657951
1787162155.281648
1787162156.891371
1787162158.515433
1787162160.178153
1787162161.823819
1787162163.451501
1787162165.076245
1787162166.688317
1787162168.299216
1787162169.906099
1787162171.513994
1787162173.140320
1787162174.750299
1787162176.404741
1787162178.045565
1787162179.666180
1787162181.280438
1787162182.891781
1787162184.500700
1787162186.122716
1787162187.734695
1787162189.336211
1787162190.939035
1787162192.610560
1787162194.268891
1787162195.896003
1787162197.504053
1787162199.109713
1787162200.732447
1787162202.338311
1787162203.948588
1787162205.567244
1787162207.175179
1787162208.831373
1787162210.470186
1787162212.095201
1787162213.714212
1787162215.335761
1787162216.948745
1787162218.566896
1787162220.189689
1787162221.804822
1787162223.420537
1787162225.085768
1787162226.727702
1787162228.346013
1787162229.959572
1787162231.574456
1787162233.190822
1787162234.814071
1787162236.421736
1787162238.022186
1787162239.635570
1787162241.294778
1787162242.946592
1787162244.559144
1787162246.178082
1787162247.787368
1787162249.397355
1787162251.008567
1787162252.625301
1787162254.246687
1787162255.853692
1787162257.512861
1787162259.152967
1787162260.756551
1787162262.354820
1787162263.951438
1787162265.573930
1787162267.185905
1787162268.778386
1787162270.371944
1787162271.963874
1787162273.612081
1787162275.243547
1787162276.848722
1787162278.448498
1787162280.045926
1787162281.637486
1787162283.230014
1787162284.822115
1787162286.414140
1787162287.997592
1787162289.638095
1787162291.268357
1787162292.871539
1787162294.483645
1787162296.081917
1787162297.679840
1787162299.268895
1787162300.855335
1787162302.444534
1787162304.030959
1787162305.673468
1787162307.313042
1787162308.929846
1787162310.517446
1787162312.118406
1787162313.719463
1787162315.321146
1787162316.911377
1787162318.501005
1787162320.095423
1787162321.738105
1787162323.369498
1787162324.967542
1787162326.566561
1787162328.157637
1787162329.758922
1787162331.353032
1787162332.939840
1787162334.519348
1787162336.111222
1787162337.746797
1787162339.361563
1787162340.952088
1787162342.544621
1787162344.129659
1787162345.717742
1787162347.301106
1787162348.882827
1787162350.464146
1787162352.044590
1787162353.685701
1787162355.307997
1787162356.909155
1787162358.499034
1787162360.088398
1787162361.687508
1787162363.274118
1787162364.862746
1787162366.468375
1787162368.053539
1787162369.689511
1787162371.312159
1787162372.914601
1787162374.504399
1787162376.098166
1787162377.684749
1787162379.285931
1787162380.867538
1787162382.460062
1787162384.039167
1787162385.670439
1787162387.283326
1787162388.871104
1787162390.437786
1787162392.003368
1787162393.577935
1787162395.148263
1787162396.719172
1787162398.288002
1787162399.857823
1787162401.472252
