1787166037.560969
1787166040.037824
1787166042.516991
1787166044.995502
1787166047.488909
1787166050.009639
1787166052.538624
1787166055.059147
1787166057.560571
1787166060.066383
1787166062.633746
1787166064.828414
1787166067.228140
1787166069.486518
1787166071.796204
1787166074.595386
1787166076.968614
1787166079.625597
1787166082.563691
1787166085.380902
1787166087.691690
1787166089.892147
1787166092.435940
1787166094.954014
1787166097.241031
1787166099.606530
1787166102.282321
1787166104.865016
1787166107.521719
1787166110.455475
1787166112.860912
1787166115.224416
1787166117.854340
1787166120.398270
1787166123.209970
1787166126.143175
1787166128.823899
1787166131.240009
1787166133.869790
1787166136.434016
1787166139.100763
1787166141.742147
1787166144.599107
1787166147.081209
1787166149.942763
1787166152.332001
1787166154.771995
1787166157.257612
1787166159.688664
1787166162.123066
1787166164.894043
1787166167.565058
1787166170.153607
1787166172.712087
1787166175.403187
1787166178.043984
1787166180.596469
1787166183.158726
1787166185.692892
1787166188.286563
1787166191.044410
1787166193.801589
1787166196.403145
1787166199.053307
1787166201.766861
1787166204.484233
1787166207.187561
1787166209.901529
1787166212.666347
1787166215.478007
1787166218.300207
1787166221.155659
1787166223.947383
1787166226.762399
1787166229.539027
1787166232.369567
1787166235.173069
1787166237.975123
1787166240.758680
1787166243.584747
1787166246.543357
1787166249.422757
1787166252.259430
1787166255.101410
1787166257.965505
1787166260.735479
1787166263.484935
1787166266.327099
1787166269.129049
1787166271.966473
1787166274.928784
1787166277.839578
1787166280.725178
1787166283.590114
1787166286.446566
1787166289.340733
1787166292.197509
1787166295.042005
1787166297.901281
1787166300.742789
1787166303.712194
1787166306.696470
1787166309.599158
1787166312.426521
1787166315.284892
1787166318.138274
1787166320.946828
1787166323.761615
1787166326.563548
1787166329.320387
1787166332.222966
1787166335.052741
1787166337.841151
1787166340.585754
1787166343.311935
1787166346.002964
1787166348.720843
1787166351.383339
1787166354.048145
1787166356.786103
1787166359.576071
1787166362.296227
1787166365.013371
1787166367.687839
1787166370.332041
1787166372.947511
1787166375.623512
1787166378.258842
1787166380.858945
1787166383.443131
1787166386.131419
1787166388.797654
1787166391.384561
1787166393.967081
1787166396.545212
1787166399.099221
1787166401.650752
1787166404.194059
1787166406.727934
1787166409.265360
1787166411.936159
1787166414.536251
1787166417.084855
1787166419.617806
1787166422.171175
1787166424.680345
1787166427.193618
1787166429.684285
1787166432.181818
1787166434.699823
1787166437.298341
1787166439.870331
1787166442.385782
1787166444.886187
1787166447.369120
1787166449.860331
1787166452.338515
1787166454.821738
1787166457.268326
1787166459.727236
1787166462.279341
1787166464.812099
1787166467.290956
1787166469.787093
1787166472.246216
1787166474.695468
1787166477.157569
1787166479.588851
1787166482.050428
1787166484.509367
1787166487.064891
1787166489.588485
1787166492.049975
1787166494.513805
1787166496.965174
1787166499.406265
1787166501.845545
1787166504.294164
1787166506.736125
1787166509.191474
1787166511.726408
1787166514.236281
1787166516.680883
1787166519.120625
1787166521.559497
1787166524.001373
1787166526.411589
1787166528.822407
1787166531.261454
1787166533.692557
1787166536.212505
1787166538.682796
1787166541.101840
1787166543.555499
1787166546.004824
1787166548.437414
1787166550.867398
1787166553.325989
1787166555.792975
1787166558.281296
1787166560.839572
1787166563.414286
1787166565.926966
1787166568.383906
1787166570.857615
1787166573.309083
1787166575.762504
1787166578.180023
1787166580.605999
1787166583.026232
1787166585.528727
1787166588.034538
1787166590.492139
1787166592.926218
1787166595.364406
1787166597.795754
1787166600.226193
1787166602.645539
1787166605.065353
1787166607.489941
1787166609.988996
1787166612.482208
1787166614.947352
1787166617.384227
1787166619.834286
1787166622.257233
1787166624.665559
1787166627.057142
1787166629.442950
1787166631.833528
1787166634.320052
1787166636.797440
1787166639.212582
1787166641.621514
1787166644.053762
1787166646.480625
1787166648.890388
1787166651.309494
1787166653.717641
1787166656.138108
1787166658.617922
1787166661.077719
1787166663.497166
1787166665.916110
1787166668.342502
1787166670.760177
1787166673.173419
1787166675.592441
1787166678.014197
1787166680.443371
1787166682.893423
1787166685.325329
1787166687.722437
1787166690.123771
1787166692.512649
1787166694.909016
1787166697.335936
1787166699.732673
1787166702.160981
1787166704.572801
1787166707.060680
1787166709.537432
1787166711.990689
1787166714.432071
1787166716.856217
1787166719.273657
1787166721.706355
1787166724.127896
1787166726.534487
1787166728.907820
1787166731.347232
1787166733.791223
1787166736.173542
1787166738.555124
1787166740.935797
1787166743.314209
1787166745.681164
1787166748.097800
1787166750.470217
1787166752.847671
1787166755.299229
1787166757.727595
1787166760.117326
1787166762.504813
1787166764.905228
1787166767.300183
1787166769.692859
1787166772.084732
1787166774.469172
1787166776.881965
1787166779.356725
1787166781.816841
1787166784.230703
1787166786.639510
1787166789.050872
1787166791.442111
1787166793.861932
1787166796.256865
1787166798.661245
1787166801.045578
1787166803.505344
1787166805.945980
1787166808.357011
1787166810.750133
1787166813.178563
1787166815.565386
1787166817.945453
1787166820.324204
1787166822.703854
1787166825.075074
1787166827.522889
1787166829.938040
1787166832.330834
1787166834.712792
1787166837.098500
1787166839.468449
1787166841.854196
1787166844.219930
1787166846.592524
1787166848.981052
1787166851.414326
1787166853.867595
1787166856.263789
1787166858.684637
1787166861.094032
1787166863.492970
1787166865.883298
1787166868.269639
1787166870.653113
1787166873.039731
1787166875.494980
1787166877.935865
1787166880.340358
1787166882.724107
1787166885.117111
1787166887.508986
1787166889.888966
1787166892.275089
1787166894.660134
1787166897.039257
1787166899.540490
1787166902.027647
1787166904.445941
1787166906.840863
1787166909.252325
1787166911.648043
1787166914.037520
1787166916.480952
1787166918.895747
1787166921.305635
1787166923.803416
1787166926.297706
1787166928.740195
1787166931.132837
1787166933.519258
1787166935.905949
1787166938.297420
1787166940.690183
1787166943.067346
1787166945.475636
1787166947.921097
1787166950.341064
1787166952.726063
1787166955.108465
1787166957.483407
1787166959.853766
1787166962.229526
1787166964.622233
1787166967.001367
1787166969.391483
1787166971.835510
1787166974.272371
1787166976.669440
1787166979.054471
1787166981.504953
1787166983.891915
1787166986.270641
1787166988.658662
1787166991.038432
1787166993.416851
1787166995.865160
1787166998.302010
1787167000.687342
1787167003.067298
1787167005.459726
1787167007.838063
1787167010.275337
1787167012.679842
1787167015.087182
1787167017.452561
1787167019.932802
1787167022.375900
1787167024.790934
1787167027.209184
1787167029.648032
1787167032.102494
1787167034.506496
1787167036.878415
1787167039.257982
1787167041.636310
1787167044.212399
1787167046.631046
1787167049.045803
1787167051.417270
1787167053.779051
1787167056.139492
1787167058.498333
1787167060.847358
1787167063.197717
1787167065.554792
1787167068.035350
1787167070.457336
1787167072.828255
1787167075.210057
1787167077.672381
1787167080.066234
1787167082.416160
1787167084.762639
1787167087.106873
1787167089.451001
1787167091.872180
1787167094.293314
1787167096.666403
1787167099.028826
1787167101.387645
1787167103.735694
1787167106.077784
1787167108.431332
1787167110.768740
1787167113.111814
1787167115.521460
1787167117.904596
1787167120.258908
1787167122.612979
1787167124.952592
1787167127.324118
1787167129.672921
1787167132.014951
1787167134.353958
1787167136.699232
1787167139.118157
1787167141.509322
1787167143.882604
1787167146.224430
1787167148.584534
1787167150.938457
1787167153.293972
1787167155.675866
1787167158.026049
1787167160.389800
1787167162.808601
1787167165.204816
1787167167.562430
1787167169.958884
1787167172.360368
1787167174.763997
1787167177.161412
1787167179.577082
1787167181.933107
1787167184.284331
1787167186.707676
1787167189.106523
1787167191.476928
1787167193.846341
1787167196.215513
1787167198.578857
1787167200.930289
1787167203.290746
1787167205.653851
1787167208.008594
1787167210.419477
1787167212.822746
1787167215.192765
1787167217.525352
1787167219.881306
1787167222.214731
1787167224.556170
1787167226.897579
1787167229.245910
1787167231.568646
1787167233.958242
1787167236.327454
1787167238.662659
1787167241.016639
1787167243.403930
1787167245.785387
1787167248.144288
1787167250.477096
1787167252.806675
1787167255.131057
1787167257.524903
1787167259.920625
1787167262.271500
1787167264.617217
1787167266.951061
1787167269.292495
1787167271.619806
1787167273.976490
1787167276.312528
1787167278.635958
1787167281.032628
1787167283.411293
1787167285.749806
1787167288.077482
1787167290.415762
1787167292.759219
1787167295.091389
1787167297.414480
1787167299.742964
1787167302.089902
1787167304.481569
1787167306.853623
1787167309.205478
1787167311.557090
1787167313.882766
1787167316.213417
1787167318.543503
1787167320.867769
1787167323.193002
1787167325.532311
1787167327.928810
1787167330.316229
1787167332.668660
1787167335.011971
1787167337.332522
1787167339.673158
1787167341.993793
1787167344.309952
1787167346.625931
1787167348.934899
1787167351.320029
1787167353.686337
1787167356.017343
1787167358.344656
1787167360.671336
1787167363.001366
1787167365.319669
1787167367.636197
1787167369.959988
1787167372.282365
1787167374.663049
1787167377.027714
1787167379.362421
1787167381.692647
1787167384.014313
1787167386.332788
1787167388.649864
1787167390.976774
1787167393.330608
1787167395.652929
1787167398.030959
1787167400.389120
1787167402.709778
1787167405.028361
1787167407.345078
1787167409.655612
1787167411.963454
1787167414.270589
1787167416.572918
1787167418.867225
1787167421.244516
1787167423.629470
1787167425.958944
1787167428.273121
1787167430.595747
1787167432.904679
1787167435.205145
1787167437.506885
1787167439.811336
1787167442.116545
1787167444.499007
1787167446.844696
1787167449.157172
1787167451.482110
1787167453.797083
1787167456.102288
1787167458.429043
1787167460.737829
1787167463.045384
1787167465.348566
1787167467.725099
1787167470.091465
1787167472.416587
1787167474.739151
1787167477.049007
1787167479.389646
1787167481.736605
1787167484.069151
1787167486.417467
1787167488.739436
1787167491.142302
1787167493.548622
1787167495.881896
1787167498.216530
1787167500.548287
1787167502.889537
1787167505.208477
1787167507.528438
1787167509.867837
1787167512.203867
1787167514.605345
