1787162408.421605
1787162410.104490
1787162411.767443
1787162413.445846
1787162415.126299
1787162417.081176
1787162419.134645
1787162421.220891
1787162423.357383
1787162425.509410
1787162427.486985
1787162429.602334
1787162431.781375
1787162433.521514
1787162435.353551
1787162437.144829
1787162438.817312
1787162440.479088
1787162442.442112
1787162444.518537
1787162446.466239
1787162448.438308
1787162450.168865
1787162452.121006
1787162454.296564
1787162456.515233
1787162458.257201
1787162460.223480
1787162462.362134
1787162464.495335
1787162466.611147
1787162468.324456
1787162470.534953
1787162472.527892
1787162474.284356
1787162476.206161
1787162478.030646
1787162479.822063
1787162481.643398
1787162483.802426
1787162485.717308
1787162487.771027
1787162489.575846
1787162491.654912
1787162493.443180
1787162495.362409
1787162497.246845
1787162499.100760
1787162501.144006
1787162503.229576
1787162505.403983
1787162507.323061
1787162509.264023
1787162511.418038
1787162513.428893
1787162515.308938
1787162517.235060
1787162519.257324
1787162521.311454
1787162523.244272
1787162525.254238
1787162527.233540
1787162529.222502
1787162531.179846
1787162533.170660
1787162535.140006
1787162537.128964
1787162539.114743
1787162541.124127
1787162543.106698
1787162545.200607
1787162547.229078
1787162549.284119
1787162551.312337
1787162553.426863
1787162555.468356
1787162557.516053
1787162559.572256
1787162561.636821
1787162563.702657
1787162565.835497
1787162567.960828
1787162570.075529
1787162572.190418
1787162574.357996
1787162576.441727
1787162578.563473
1787162580.656649
1787162582.772460
1787162584.901702
1787162587.112955
1787162589.305434
1787162591.459111
1787162593.614424
1787162595.717793
1787162597.827091
1787162599.949869
1787162602.083353
1787162604.188054
1787162606.322126
1787162608.588509
1787162610.823792
1787162612.971292
1787162615.092342
1787162617.195363
1787162619.282537
1787162621.384497
1787162623.468567
1787162625.555126
1787162627.652929
1787162629.820879
1787162631.954213
1787162634.046026
1787162636.117640
1787162638.181981
1787162640.248255
1787162642.305871
1787162644.363209
1787162646.395412
1787162648.448891
1787162650.553354
1787162652.613157
1787162654.654355
1787162656.655715
1787162658.645458
1787162660.632991
1787162662.609222
1787162664.568502
1787162666.520271
1787162668.473166
1787162670.509726
1787162672.492503
1787162674.454460
1787162676.396095
1787162678.344052
1787162680.258728
1787162682.176828
1787162684.081701
1787162686.010350
1787162687.910574
1787162689.879544
1787162691.798942
1787162693.686215
1787162695.574349
1787162697.446504
1787162699.301127
1787162701.149989
1787162703.007828
1787162704.861903
1787162706.704536
1787162708.629616
1787162710.511703
1787162712.365802
1787162714.228256
1787162716.065591
1787162717.908751
1787162719.739544
1787162721.573386
1787162723.401917
1787162725.225175
1787162727.145473
1787162729.020073
1787162730.851060
1787162732.671259
1787162734.511976
1787162736.327143
1787162738.129268
1787162739.943810
1787162741.732803
1787162743.551594
1787162745.442845
1787162747.292336
1787162749.099572
1787162750.894707
1787162752.687652
1787162754.470887
1787162756.307773
1787162758.106245
1787162759.874126
1787162761.671429
1787162763.528494
1787162765.349798
1787162767.138175
1787162768.897565
1787162770.659866
1787162772.424540
1787162774.190179
1787162775.955235
1787162777.739040
1787162779.522511
1787162781.350405
1787162783.164159
1787162784.987114
1787162786.771051
1787162788.578508
1787162790.338015
1787162792.100597
1787162793.893507
1787162795.686178
1787162797.463971
1787162799.303056
1787162801.111000
1787162802.879217
1787162804.664756
1787162806.413825
1787162808.169957
1787162809.918994
1787162811.690893
1787162813.439454
1787162815.191238
1787162816.990751
1787162818.786584
1787162820.555690
1787162822.335741
1787162824.088586
1787162825.842583
1787162827.589784
1787162829.344959
1787162831.057871
1787162832.780222
1787162834.592459
1787162836.363132
1787162838.104704
1787162839.845841
1787162841.575959
1787162843.298881
1787162845.013319
1787162846.746830
1787162848.456317
1787162850.186860
1787162851.973934
1787162853.734448
1787162855.462436
1787162857.195178
1787162858.911520
1787162860.632224
1787162862.357577
1787162864.089551
1787162865.798105
1787162867.516151
1787162869.303265
1787162871.072022
1787162872.810038
1787162874.539175
1787162876.277262
1787162878.012845
1787162879.739161
1787162881.476609
1787162883.203679
1787162884.919732
1787162886.703289
1787162888.464732
1787162890.190883
1787162891.918887
1787162893.651008
1787162895.371178
1787162897.084848
1787162898.798065
1787162900.519655
1787162902.229854
1787162904.004012
1787162905.757337
1787162907.490288
1787162909.221314
1787162910.940856
1787162912.663429
1787162914.390255
1787162916.103103
1787162917.824015
1787162919.551195
1787162921.319858
1787162923.088349
1787162924.814329
1787162926.545049
1787162928.271197
1787162929.988772
1787162931.707553
1787162933.432909
1787162935.140812
1787162936.841434
1787162938.603145
1787162940.344258
1787162942.057431
1787162943.770356
1787162945.475603
1787162947.179983
1787162948.894736
1787162950.600981
1787162952.313759
1787162954.021328
1787162955.801534
1787162957.561258
1787162959.293064
1787162961.005954
1787162962.723876
1787162964.438861
1787162966.152550
1787162967.865482
1787162969.601406
1787162971.314336
1787162973.078343
1787162974.828641
1787162976.559336
1787162978.281617
1787162979.999337
1787162981.746147
1787162983.471568
1787162985.207019
1787162986.952839
1787162988.694954
1787162990.471550
1787162992.233915
1787162993.992992
1787162995.735130
1787162997.488594
1787162999.188990
1787163000.908586
1787163002.618852
1787163004.344800
1787163006.081335
1787163007.860088
1787163009.620140
1787163011.356028
1787163013.085575
1787163014.800823
1787163016.504604
1787163018.213829
1787163019.943062
1787163021.647851
1787163023.350680
1787163025.129788
1787163026.873055
1787163028.610859
1787163030.315185
1787163032.020197
1787163033.721199
1787163035.444606
1787163037.158421
1787163038.853516
1787163040.553517
1787163042.304244
1787163044.062940
1787163045.801287
1787163047.536002
1787163049.252847
1787163050.958934
1787163052.653419
1787163054.349529
1787163056.051123
1787163057.752905
1787163059.499142
1787163061.238845
1787163062.938619
1787163064.645690
1787163066.340997
1787163068.041222
1787163069.737082
1787163071.435104
1787163073.161256
1787163074.845205
1787163076.602944
1787163078.324333
1787163080.026106
1787163081.719220
1787163083.409206
1787163085.094684
1787163086.784152
1787163088.474705
1787163090.187487
1787163091.890724
1787163093.626818
1787163095.348054
1787163097.038246
1787163098.718033
1787163100.398771
1787163102.084013
1787163103.757347
1787163105.424277
1787163107.096464
1787163108.764467
1787163110.524227
1787163112.239740
1787163113.919532
1787163115.596614
1787163117.289860
1787163118.972809
1787163120.674102
1787163122.354137
1787163124.030459
1787163125.697365
1787163127.422894
1787163129.132456
1787163130.814977
1787163132.504385
1787163134.193994
1787163135.875755
1787163137.551129
1787163139.232218
1787163140.912938
1787163142.588952
1787163144.319025
1787163146.046597
1787163147.739661
1787163149.427190
1787163151.108717
1787163152.791794
1787163154.481030
1787163156.165390
1787163157.842400
1787163159.550601
1787163161.273078
1787163162.997288
1787163164.690061
1787163166.382949
1787163168.076135
1787163169.762899
1787163171.442600
1787163173.116050
1787163174.785316
1787163176.467207
1787163178.196285
1787163179.916468
1787163181.610065
1787163183.287297
1787163184.975992
1787163186.657111
1787163188.335367
1787163190.009173
1787163191.681001
1787163193.365587
1787163195.095182
1787163196.818148
1787163198.494759
1787163200.173959
1787163201.844962
1787163203.520126
1787163205.183270
1787163206.872628
1787163208.554700
1787163210.233689
1787163211.958555
1787163213.678669
1787163215.355221
1787163217.026008
1787163218.699081
1787163220.374765
1787163222.047019
1787163223.722346
1787163225.397377
1787163227.082765
1787163228.807567
1787163230.521084
1787163232.213245
1787163233.894474
1787163235.578496
1787163237.264302
1787163238.941902
1787163240.639134
1787163242.315595
1787163243.998178
1787163245.724520
1787163247.436707
1787163249.124768
1787163250.822887
1787163252.495541
1787163254.184140
1787163255.860461
1787163257.528786
1787163259.205661
1787163260.888260
1787163262.624550
1787163264.339762
1787163266.026571
1787163267.700881
1787163269.376558
1787163271.056780
1787163272.739541
1787163274.413470
1787163276.098126
1787163277.772400
1787163279.505383
1787163281.212442
1787163282.896588
1787163284.580915
1787163286.260805
1787163287.940200
1787163289.626591
1787163291.304577
1787163292.978124
1787163294.656647
1787163296.383009
1787163298.111351
1787163299.806878
1787163301.498406
1787163303.175864
1787163304.854179
1787163306.522278
1787163308.192816
1787163309.865790
1787163311.530004
1787163313.249720
1787163314.954625
1787163316.639240
1787163318.313848
1787163319.999314
1787163321.676610
1787163323.356396
1787163325.029901
1787163326.700815
1787163328.389349
1787163330.113688
1787163331.855896
1787163333.545226
1787163335.218735
1787163336.903203
1787163338.576600
1787163340.246926
1787163341.923811
1787163343.602585
1787163345.282966
1787163347.015455
1787163348.717302
1787163350.397222
1787163352.073977
1787163353.750036
1787163355.421828
1787163357.093246
1787163358.758501
1787163360.433561
1787163362.098103
1787163363.814728
1787163365.519880
1787163367.197337
1787163368.873406
1787163370.552120
1787163372.219949
1787163373.896354
1787163375.568313
1787163377.223796
1787163378.884320
1787163380.606165
1787163382.316383
1787163383.994052
1787163385.670388
1787163387.341364
1787163389.009310
1787163390.686086
1787163392.353209
1787163394.017530
1787163395.700405
1787163397.411137
1787163399.113932
1787163400.812781
1787163402.543179
1787163404.244627
1787163405.934283
1787163407.632708
1787163409.325802
1787163411.019103
1787163412.695099
1787163414.435138
1787163416.168411
1787163417.861953
1787163419.539515
1787163421.218534
1787163422.888423
1787163424.645018
1787163426.423947
1787163428.153373
1787163429.794908
1787163431.495275
1787163433.184209
1787163434.847607
1787163436.490899
1787163438.142185
1787163439.787614
1787163441.443022
1787163443.113267
1787163444.758314
1787163446.389537
1787163448.074698
1787163449.747574
1787163451.389512
1787163453.082392
1787163454.755606
1787163456.392472
1787163458.031521
1787163459.667696
1787163461.320074
1787163462.954527
1787163464.672816
1787163466.370898
1787163468.071888
1787163469.796283
1787163471.441713
1787163473.080585
1787163474.737956
1787163476.409895
1787163478.065539
1787163479.724090
1787163481.440428
