1787157833.719373
1787157833.738169
1787157833.757015
1787157833.775760
1787157833.794526
1787157833.813131
1787157833.832032
1787157833.850910
1787157833.869662
1787157833.888341
1787157833.906959
1787157833.925581
1787157833.944138
1787157833.962717
1787157833.981162
1787157833.999878
1787157834.018697
1787157834.037682
1787157834.056248
1787157834.075377
1787157834.094369
1787157834.113295
1787157834.132031
1787157834.151129
1787157834.170049
1787157834.189447
1787157834.208400
1787157834.227177
1787157834.246324
1787157834.265663
1787157834.284899
1787157834.303963
1787157834.323086
1787157834.342141
1787157834.361446
1787157834.380689
1787157834.399704
1787157834.419183
1787157834.438553
1787157834.457754
1787157834.477093
1787157834.496484
1787157834.516234
1787157834.536099
1787157834.555427
1787157834.574648
1787157834.593830
1787157834.613276
1787157834.632706
1787157834.652966
1787157834.672559
1787157834.692143
1787157834.711765
1787157834.731386
1787157834.751132
1787157834.770778
1787157834.790492
1787157834.809932
1787157834.829771
1787157834.849230
1787157834.868914
1787157834.888647
1787157834.908475
1787157834.928362
1787157834.948142
1787157834.967821
1787157834.987639
1787157835.007564
1787157835.027406
1787157835.047101
1787157835.066651
1787157835.086647
1787157835.106479
1787157835.126337
1787157835.146039
1787157835.165685
1787157835.185338
1787157835.205065
1787157835.224900
1787157835.244825
1787157835.264622
1787157835.284250
1787157835.303874
1787157835.323675
1787157835.343510
1787157835.363183
1787157835.382802
1787157835.402528
1787157835.422374
1787157835.442264
1787157835.461937
1787157835.481676
1787157835.501278
1787157835.520909
1787157835.540868
1787157835.560814
1787157835.580637
1787157835.600480
1787157835.620353
1787157835.640045
1787157835.660107
1787157835.679992
1787157835.700006
1787157835.720234
1787157835.740455
1787157835.760342
1787157835.780073
1787157835.799900
1787157835.819980
1787157835.839975
1787157835.859947
1787157835.880028
1787157835.900107
1787157835.920342
1787157835.940324
1787157835.960381
1787157835.980418
1787157836.000367
1787157836.020177
1787157836.040440
1787157836.060440
1787157836.081102
1787157836.101175
1787157836.121015
1787157836.141143
1787157836.161210
1787157836.181560
1787157836.201519
1787157836.221617
1787157836.241730
1787157836.261991
1787157836.281862
1787157836.301824
1787157836.321830
1787157836.341794
1787157836.361733
1787157836.381809
1787157836.402021
1787157836.421956
1787157836.441905
1787157836.462172
1787157836.482341
1787157836.502563
1787157836.522676
1787157836.543046
1787157836.563210
1787157836.583367
1787157836.603515
1787157836.623587
1787157836.643819
1787157836.663987
1787157836.684155
1787157836.704151
1787157836.724292
1787157836.744304
1787157836.764727
1787157836.784961
1787157836.805597
1787157836.825982
1787157836.846449
1787157836.866736
1787157836.887000
1787157836.907254
1787157836.927442
1787157836.947713
1787157836.968109
1787157836.988557
1787157837.009047
1787157837.029579
1787157837.049876
1787157837.070649
1787157837.091102
1787157837.111497
1787157837.132252
1787157837.153002
1787157837.173298
1787157837.193692
1787157837.214145
1787157837.234713
1787157837.255179
1787157837.275660
1787157837.296352
1787157837.316948
1787157837.337483
1787157837.358024
1787157837.379531
1787157837.400758
1787157837.422310
1787157837.443106
1787157837.463533
1787157837.484166
1787157837.504696
1787157837.525108
1787157837.545538
1787157837.566152
1787157837.586581
1787157837.606937
1787157837.627280
1787157837.647653
1787157837.668537
1787157837.689720
1787157837.710178
1787157837.730747
1787157837.751261
1787157837.771747
1787157837.792192
1787157837.812600
1787157837.833013
1787157837.853560
1787157837.874100
1787157837.894592
1787157837.914956
1787157837.935319
1787157837.955677
1787157837.975981
1787157837.996522
1787157838.016965
1787157838.037188
1787157838.057758
1787157838.078382
1787157838.098973
1787157838.119395
1787157838.140196
1787157838.161126
1787157838.182203
1787157838.203269
1787157838.224141
1787157838.245236
1787157838.266645
1787157838.287572
1787157838.308525
1787157838.329377
1787157838.350324
1787157838.372880
1787157838.396843
1787157838.419828
1787157838.441110
1787157838.462605
1787157838.483685
1787157838.504765
1787157838.526022
1787157838.547298
1787157838.568506
1787157838.589977
1787157838.611339
1787157838.632608
1787157838.653911
1787157838.675265
1787157838.696387
1787157838.717406
1787157838.738554
1787157838.759537
1787157838.780550
1787157838.801513
1787157838.822913
1787157838.844052
1787157838.865167
1787157838.886409
1787157838.907265
1787157838.928266
1787157838.949225
1787157838.970285
1787157838.991431
1787157839.012353
1787157839.033363
1787157839.054134
1787157839.075390
1787157839.096971
1787157839.119077
1787157839.141823
1787157839.163882
1787157839.185858
1787157839.207757
1787157839.229383
1787157839.251127
1787157839.272498
1787157839.293838
1787157839.315382
1787157839.336993
1787157839.358045
1787157839.379143
1787157839.401325
1787157839.423435
1787157839.445334
1787157839.466338
1787157839.487847
1787157839.509622
1787157839.531053
1787157839.552704
1787157839.588381
1787157839.610824
1787157839.632358
1787157839.653918
1787157839.675518
1787157839.697424
1787157839.719038
1787157839.740673
1787157839.762409
1787157839.784750
1787157839.806331
1787157839.827935
1787157839.849996
1787157839.871718
1787157839.893789
1787157839.915992
1787157839.937751
1787157839.959108
1787157839.980261
1787157840.001690
1787157840.023194
1787157840.044356
1787157840.065639
1787157840.086930
1787157840.108201
1787157840.129670
1787157840.151641
1787157840.173223
1787157840.195555
1787157840.217165
1787157840.238979
1787157840.260765
1787157840.282329
1787157840.304116
1787157840.325814
1787157840.347392
1787157840.369178
1787157840.390914
1787157840.412989
1787157840.435235
1787157840.457372
1787157840.479849
1787157840.502685
1787157840.524937
1787157840.553386
1787157840.576122
1787157840.598566
1787157840.621066
1787157840.643450
1787157840.665574
1787157840.689993
1787157840.712864
1787157840.736311
1787157840.758933
1787157840.786474
1787157840.808843
1787157840.831269
1787157840.852957
1787157840.875523
1787157840.897756
1787157840.920145
1787157840.942871
1787157840.965219
1787157840.987937
1787157841.010259
1787157841.032988
1787157841.055291
1787157841.077901
1787157841.100699
1787157841.122796
1787157841.144683
1787157841.166729
1787157841.191324
1787157841.215292
1787157841.238022
1787157841.261046
1787157841.283532
1787157841.306678
1787157841.329476
1787157841.352234
1787157841.374537
1787157841.397205
1787157841.420889
1787157841.443953
1787157841.466654
1787157841.489456
1787157841.512013
1787157841.534604
1787157841.557136
1787157841.579629
1787157841.602623
1787157841.625261
1787157841.649679
1787157841.672884
1787157841.696562
1787157841.720186
1787157841.742792
1787157841.765748
1787157841.789093
1787157841.812568
1787157841.835854
1787157841.859751
1787157841.882985
1787157841.906339
1787157841.930042
1787157841.953665
1787157841.977083
1787157841.999895
1787157842.022802
1787157842.046269
1787157842.069362
1787157842.092382
1787157842.115789
1787157842.138864
1787157842.161715
1787157842.185175
1787157842.208056
1787157842.231419
1787157842.254972
1787157842.277716
1787157842.300591
1787157842.323800
1787157842.346782
1787157842.369506
1787157842.392514
1787157842.415094
1787157842.437312
1787157842.463637
1787157842.488779
1787157842.511237
1787157842.533702
1787157842.556278
1787157842.579023
1787157842.602220
1787157842.625434
1787157842.649108
1787157842.672285
1787157842.695077
1787157842.717995
1787157842.741435
1787157842.764385
1787157842.787600
1787157842.810277
1787157842.833296
1787157842.856528
1787157842.879780
1787157842.902920
1787157842.926559
1787157842.950135
1787157842.974210
1787157842.997554
1787157843.024703
1787157843.048694
1787157843.072148
1787157843.095884
1787157843.118675
1787157843.141672
1787157843.164677
1787157843.188176
1787157843.211484
1787157843.234180
1787157843.256916
1787157843.280024
1787157843.303050
1787157843.325732
1787157843.348442
1787157843.371191
1787157843.394077
1787157843.416813
1787157843.439954
1787157843.463217
1787157843.486017
1787157843.508667
1787157843.531717
1787157843.554444
1787157843.577352
1787157843.600054
1787157843.622781
1787157843.645526
1787157843.668217
1787157843.691170
1787157843.714296
1787157843.737390
1787157843.760446
1787157843.783230
1787157843.805809
1787157843.828459
1787157843.851111
1787157843.874070
1787157843.897704
1787157843.921128
1787157843.944347
1787157843.967326
1787157843.990193
1787157844.013124
1787157844.035568
1787157844.058334
1787157844.081450
1787157844.104634
1787157844.127332
1787157844.150072
1787157844.172773
1787157844.195412
1787157844.218031
1787157844.241036
1787157844.264200
1787157844.287006
1787157844.309787
1787157844.332588
1787157844.355300
1787157844.378138
1787157844.401440
1787157844.424292
1787157844.447183
1787157844.472102
1787157844.495073
1787157844.518483
1787157844.541964
1787157844.565736
1787157844.591403
1787157844.619126
1787157844.645203
1787157844.670400
1787157844.695233
1787157844.720243
1787157844.743985
1787157844.768342
1787157844.791900
1787157844.815637
1787157844.839482
1787157844.862892
1787157844.886404
1787157844.910943
1787157844.934898
1787157844.959135
1787157844.982706
1787157845.005443
1787157845.028450
1787157845.053008
1787157845.077095
1787157845.101239
1787157845.124867
1787157845.149126
1787157845.173120
1787157845.196869
1787157845.220748
1787157845.244886
1787157845.269211
1787157845.294062
1787157845.318641
1787157845.342812
1787157845.367238
1787157845.391620
1787157845.416974
1787157845.441141
1787157845.465167
1787157845.488837
1787157845.513223
1787157845.545583
1787157845.570634
1787157845.595571
1787157845.620546
1787157845.644537
1787157845.669443
1787157845.693097
1787157845.715986
1787157845.739795
1787157845.763473
1787157845.786460
1787157845.810811
1787157845.835567
1787157845.860359
1787157845.884871
1787157845.907266
1787157845.929008
1787157845.952153
1787157845.974947
1787157845.998624
1787157846.023014
1787157846.045911
1787157846.068624
1787157846.091403
1787157846.113828
1787157846.136564
1787157846.159427
1787157846.182295
1787157846.205835
1787157846.229103
1787157846.252135
1787157846.275498
1787157846.298896
1787157846.323056
1787157846.346944
1787157846.370833
1787157846.393674
1787157846.417390
1787157846.441139
1787157846.466179
1787157846.489668
1787157846.513088
1787157846.538480
1787157846.566171
1787157846.590225
1787157846.614807
1787157846.637151
1787157846.659042
1787157846.681495
1787157846.703427
1787157846.724846
1787157846.745965
1787157846.766438
1787157846.787614
