0
1
0.0333333
1
0.0666667
1
0.1
1
0.133333
1
0.166667
1
0.2
1
0.233333
1
0.266667
1
0.3
1
0.333333
1
0.366667
1
0.4
1
0.433333
1
0.466667
1
0.5
1
0.533333
1
0.566667
1
0.6
1
0.633333
1
0.666667
1
0.7
1
0.733333
1
0.766667
1
0.8
1
0.833333
1
0.866667
1
0.9
1
0.933333
1
0.966667
1
1
1
1.03333
1
1.06667
1
1.1
1
1.13333
1
1.16667
1
1.2
1
1.23333
1
1.26667
1
1.3
1
1.33333
1
1.36667
1
1.4
1
1.43333
1
1.46667
1
1.5
1
1.53333
1
1.56667
1
1.6
1
1.63333
1
1.66667
1
1.7
1
1.73333
1
1.76667
1
1.8
1
1.83333
1
1.86667
1
1.9
1
1.93333
1
1.96667
1
2
1
2.03333
1
2.06667
1
2.1
1
2.13333
1
2.16667
1
2.2
1
2.23333
1
2.26667
1
2.3
1
2.33333
1
2.36667
1
2.4
1
2.43333
1
2.46667
1
2.5
1
2.53333
1
2.56667
1
2.6
1
2.63333
1
2.66667
1
2.7
1
2.73333
1
2.76667
1
2.8
1
2.83333
1
2.86667
1
2.9
1
2.93333
1
2.96667
1
3
1
3.03333
1
3.06667
1
3.1
1
3.13333
1
3.16667
1
3.2
1
3.23333
1
3.26667
1
3.3
1
3.33333
1
3.36667
1
3.4
1
3.43333
1
3.46667
1
3.5
1
3.53333
1
3.56667
1
3.6
1
3.63333
1
3.66667
1
3.7
1
3.73333
1
3.76667
1
3.8
1
3.83333
1
3.86667
1
3.9
1
3.93333
1
3.96667
1
4
1
4.03333
1
4.06667
1
4.1
1
4.13333
1
4.16667
1
4.2
1
4.23333
1
4.26667
1
4.3
1
4.33333
1
4.36667
1
4.4
1
4.43333
1
4.46667
1
4.5
1
4.53333
1
4.56667
1
4.6
1
4.63333
1
4.66667
1
4.7
1
4.73333
1
4.76667
1
4.8
1
4.83333
1
4.86667
1
4.9
1
4.93333
1
4.96667
1
5
1
5.03333
1
5.06667
1
5.1
1
5.13333
1
5.16667
1
5.2
2
5.23333
2
5.26667
2
5.3
2
5.33333
2
5.36667
2
5.4
2
5.43333
2
5.46667
2
5.5
2
5.53333
2
5.56667
2
5.6
2
5.63333
2
5.66667
2
5.7
2
5.73333
2
5.76667
3
5.8
5
5.83333
5
5.86667
5
5.9
5
5.93333
7
5.96667
7
6
9
6.03333
9
6.06667
12
6.1
13
6.13333
14
6.16667
15
6.2
15
6.23333
15
6.26667
19
6.3
20
6.33333
22
6.36667
24
6.4
27
6.43333
30
6.46667
31
6.5
42
6.53333
45
6.56667
48
6.6
51
6.63333
53
6.66667
55
6.7
57
6.73333
58
6.76667
60
6.8
61
6.83333
62
6.86667
64
6.9
69
6.93333
72
6.96667
74
7
75
7.03333
76
7.06667
78
7.1
81
7.13333
84
7.16667
87
7.2
89
7.23333
91
7.26667
92
7.3
94
7.33333
95
7.36667
97
7.4
100
7.43333
102
7.46667
108
7.5
108
7.53333
110
7.56667
112
7.6
114
7.63333
114
7.66667
116
7.7
119
7.73333
120
7.76667
123
7.8
125
7.83333
129
7.86667
131
7.9
133
7.93333
135
7.96667
139
8
139
8.03333
144
8.06667
145
8.1
145
8.13333
148
8.16667
150
8.2
151
8.23333
151
8.26667
151
8.3
152
8.33333
153
8.36667
155
8.4
156
8.43333
156
8.46667
157
8.5
159
8.53333
159
8.56667
160
8.6
161
8.63333
163
8.66667
164
8.7
165
8.73333
167
8.76667
170
8.8
170
8.83333
170
8.86667
171
8.9
171
8.93333
173
8.96667
175
9
176
9.03333
178
9.06667
180
9.1
182
9.13333
183
9.16667
184
9.2
184
9.23333
186
9.26667
187
9.3
190
9.33333
192
9.36667
194
9.4
194
9.43333
198
9.46667
200
9.5
202
9.53333
206
9.56667
207
9.6
207
9.63333
210
9.66667
212
9.7
214
9.73333
217
9.76667
220
9.8
220
9.83333
222
9.86667
224
9.9
226
9.93333
228
9.96667
229
10
230
10.0333
231
10.0667
233
10.1
234
10.1333
236
10.1667
237
10.2
238
10.2333
240
10.2667
242
10.3
247
10.3333
248
10.3667
248
10.4
248
10.4333
249
10.4667
249
10.5
249
10.5333
251
10.5667
252
10.6
253
10.6333
254
10.6667
257
10.7
259
10.7333
262
10.7667
262
10.8
263
10.8333
264
10.8667
266
10.9
267
10.9333
268
10.9667
269
11
270
11.0333
270
11.0667
271
11.1
272
11.1333
273
11.1667
277
11.2
279
11.2333
280
11.2667
280
11.3
281
11.3333
281
11.3667
283
11.4
284
11.4333
285
11.4667
288
11.5
292
11.5333
293
11.5667
294
11.6
299
11.6333
304
11.6667
309
11.7
311
11.7333
313
11.7667
316
11.8
319
11.8333
322
11.8667
323
11.9
325
11.9333
331
11.9667
333
12
334
12.0333
335
12.0667
339
12.1
340
12.1333
340
12.1667
343
12.2
344
12.2333
344
12.2667
347
12.3
350
12.3333
351
12.3667
353
12.4
357
12.4333
358
12.4667
358
12.5
363
12.5333
365
12.5667
368
12.6
370
12.6333
372
12.6667
373
12.7
375
12.7333
375
12.7667
376
12.8
378
12.8333
382
12.8667
383
12.9
384
12.9333
385
12.9667
387
13
389
13.0333
391
13.0667
392
13.1
393
13.1333
398
13.1667
400
13.2
403
13.2333
406
13.2667
407
13.3
410
13.3333
414
13.3667
417
13.4
418
13.4333
420
13.4667
422
13.5
425
13.5333
426
13.5667
427
13.6
428
13.6333
429
13.6667
429
13.7
431
13.7333
432
13.7667
432
13.8
432
13.8333
435
13.8667
436
13.9
437
13.9333
443
13.9667
443
14
444
14.0333
447
14.0667
448
14.1
448
14.1333
449
14.1667
452
14.2
454
14.2333
455
14.2667
455
14.3
456
14.3333
457
14.3667
459
14.4
460
14.4333
464
14.4667
464
14.5
468
14.5333
470
14.5667
471
14.6
473
14.6333
477
14.6667
477
14.7
478
14.7333
478
14.7667
482
14.8
484
14.8333
485
14.8667
487
14.9
489
14.9333
492
14.9667
495
15
495
15.0333
496
15.0667
498
15.1
499
15.1333
500
15.1667
500
15.2
501
15.2333
503
15.2667
504
15.3
505
15.3333
509
15.3667
512
15.4
515
15.4333
516
15.4667
518
15.5
519
15.5333
519
15.5667
519
15.6
526
15.6333
527
15.6667
528
15.7
531
15.7333
532
15.7667
536
15.8
537
15.8333
539
15.8667
539
15.9
541
15.9333
541
15.9667
541
16
541
16.0333
542
16.0667
545
16.1
548
16.1333
550
16.1667
551
16.2
552
16.2333
552
16.2667
554
16.3
555
16.3333
559
16.3667
563
16.4
563
16.4333
565
16.4667
565
16.5
566
16.5333
567
16.5667
568
16.6
569
16.6333
571
16.6667
572
16.7
574
16.7333
575
16.7667
578
16.8
580
16.8333
584
16.8667
584
16.9
584
16.9333
584
16.9667
585
17
586
17.0333
586
17.0667
587
17.1
587
17.1333
587
17.1667
588
17.2
588
17.2333
589
17.2667
590
17.3
590
17.3333
591
17.3667
592
17.4
592
17.4333
595
17.4667
598
17.5
601
17.5333
601
17.5667
601
17.6
603
17.6333
604
17.6667
604
17.7
604
17.7333
606
17.7667
607
17.8
608
17.8333
609
17.8667
610
17.9
610
17.9333
613
17.9667
613
18
613
18.0333
613
18.0667
614
18.1
617
18.1333
619
18.1667
620
18.2
621
18.2333
622
18.2667
622
18.3
623
18.3333
623
18.3667
624
18.4
625
18.4333
625
18.4667
627
18.5
627
18.5333
628
18.5667
628
18.6
628
18.6333
628
18.6667
629
18.7
629
18.7333
630
18.7667
631
18.8
632
18.8333
634
18.8667
635
18.9
635
18.9333
636
18.9667
636
19
636
19.0333
636
19.0667
636
19.1
638
19.1333
639
19.1667
639
19.2
640
19.2333
640
19.2667
640
19.3
640
19.3333
641
19.3667
642
19.4
643
19.4333
643
19.4667
646
19.5
648
19.5333
649
19.5667
649
19.6
649
19.6333
649
19.6667
649
19.7
649
19.7333
650
19.7667
650
19.8
650
19.8333
651
19.8667
651
19.9
652
19.9333
652
19.9667
652
20
653
20.0333
654
20.0667
655
20.1
655
20.1333
656
20.1667
656
20.2
657
20.2333
657
20.2667
658
20.3
658
20.3333
658
20.3667
658
20.4
660
20.4333
660
20.4667
660
20.5
660
20.5333
661
20.5667
663
20.6
663
20.6333
663
20.6667
663
20.7
663
20.7333
663
20.7667
663
20.8
663
20.8333
663
20.8667
664
20.9
664
20.9333
664
20.9667
664
21
664
21.0333
664
21.0667
666
21.1
666
21.1333
666
21.1667
666
21.2
667
21.2333
667
21.2667
667
21.3
667
21.3333
668
21.3667
670
21.4
670
21.4333
670
21.4667
670
21.5
673
21.5333
673
21.5667
673
21.6
673
21.6333
673
21.6667
673
21.7
673
21.7333
673
21.7667
673
21.8
674
21.8333
674
21.8667
675
21.9
676
21.9333
676
21.9667
676
22
677
22.0333
678
22.0667
678
22.1
679
22.1333
679
22.1667
680
22.2
680
22.2333
680
22.2667
681
22.3
682
22.3333
683
22.3667
684
22.4
685
22.4333
685
22.4667
686
22.5
686
22.5333
687
22.5667
688
22.6
688
22.6333
689
22.6667
690
22.7
690
22.7333
690
22.7667
690
22.8
690
22.8333
690
22.8667
691
22.9
692
22.9333
692
22.9667
692
23
692
23.0333
692
23.0667
694
23.1
697
23.1333
698
23.1667
699
23.2
700
23.2333
700
23.2667
701
23.3
701
23.3333
701
23.3667
701
23.4
702
23.4333
703
23.4667
704
23.5
705
23.5333
706
23.5667
708
23.6
708
23.6333
709
23.6667
710
23.7
711
23.7333
711
23.7667
712
23.8
712
23.8333
713
23.8667
714
23.9
715
23.9333
715
23.9667
715
24
716
24.0333
717
24.0667
719
24.1
719
24.1333
719
24.1667
719
24.2
719
24.2333
720
24.2667
721
24.3
722
24.3333
722
24.3667
723
24.4
723
24.4333
724
24.4667
724
24.5
726
24.5333
726
24.5667
726
24.6
728
24.6333
728
24.6667
728
24.7
729
24.7333
729
24.7667
729
24.8
729
24.8333
729
24.8667
729
24.9
729
24.9333
729
24.9667
729
25
729
25.0333
730
25.0667
730
25.1
730
25.1333
730
25.1667
730
25.2
730
25.2333
731
25.2667
731
25.3
731
25.3333
732
25.3667
732
25.4
732
25.4333
733
25.4667
733
25.5
733
25.5333
734
25.5667
734
25.6
735
25.6333
735
25.6667
735
25.7
735
25.7333
735
25.7667
735
25.8
735
25.8333
735
25.8667
735
25.9
737
25.9333
737
25.9667
738
26
739
26.0333
741
26.0667
742
26.1
743
26.1333
743
26.1667
743
26.2
743
26.2333
745
26.2667
745
26.3
745
26.3333
745
26.3667
745
26.4
745
26.4333
745
26.4667
745
26.5
745
26.5333
745
26.5667
746
26.6
746
26.6333
747
26.6667
747
26.7
747
26.7333
747
26.7667
747
26.8
748
26.8333
749
26.8667
749
26.9
749
26.9333
749
26.9667
749
27
749
27.0333
751
27.0667
751
27.1
751
27.1333
751
27.1667
753
27.2
754
27.2333
754
27.2667
754
27.3
754
27.3333
754
27.3667
754
27.4
755
27.4333
755
27.4667
755
27.5
755
27.5333
756
27.5667
757
27.6
757
27.6333
757
27.6667
757
27.7
758
27.7333
758
27.7667
758
27.8
758
27.8333
759
27.8667
760
27.9
760
27.9333
760
27.9667
760
28
760
28.0333
761
28.0667
761
28.1
761
28.1333
761
28.1667
761
28.2
761
28.2333
761
28.2667
761
28.3
762
28.3333
762
28.3667
762
28.4
762
28.4333
762
28.4667
763
28.5
764
28.5333
764
28.5667
764
28.6
764
28.6333
764
28.6667
764
28.7
765
28.7333
765
28.7667
765
28.8
765
28.8333
765
28.8667
765
28.9
765
28.9333
765
28.9667
767
29
768
29.0333
769
29.0667
770
29.1
771
29.1333
771
29.1667
771
29.2
771
29.2333
771
29.2667
771
29.3
772
29.3333
773
29.3667
773
29.4
773
29.4333
773
29.4667
774
29.5
774
29.5333
774
29.5667
774
29.6
774
29.6333
774
29.6667
775
29.7
775
29.7333
775
29.7667
776
29.8
776
29.8333
776
29.8667
776
29.9
776
29.9333
778
29.9667
778
30
779
30.0333
779
30.0667
779
30.1
780
30.1333
781
30.1667
782
30.2
782
30.2333
784
30.2667
785
30.3
786
30.3333
786
30.3667
787
30.4
787
30.4333
788
30.4667
788
30.5
789
30.5333
789
30.5667
789
30.6
790
30.6333
792
30.6667
793
30.7
794
30.7333
795
30.7667
796
30.8
799
30.8333
799
30.8667
799
30.9
799
30.9333
799
30.9667
800
31
800
31.0333
800
31.0667
801
31.1
802
31.1333
802
31.1667
802
31.2
802
31.2333
802
31.2667
803
31.3
804
31.3333
804
31.3667
804
31.4
804
31.4333
805
31.4667
805
31.5
807
31.5333
807
31.5667
807
31.6
808
31.6333
808
31.6667
808
31.7
809
31.7333
810
31.7667
811
31.8
811
31.8333
811
31.8667
813
31.9
814
31.9333
814
31.9667
816
32
816
32.0333
816
32.0667
817
32.1
818
32.1333
818
32.1667
818
32.2
819
32.2333
819
32.2667
820
32.3
820
32.3333
820
32.3667
821
32.4
821
32.4333
822
32.4667
822
32.5
822
32.5333
822
32.5667
824
32.6
824
32.6333
825
32.6667
825
32.7
825
32.7333
825
32.7667
826
32.8
826
32.8333
826
32.8667
827
32.9
828
32.9333
828
32.9667
828
33
829
33.0333
829
33.0667
829
33.1
829
33.1333
830
33.1667
830
33.2
830
33.2333
830
33.2667
831
33.3
832
33.3333
833
33.3667
833
33.4
834
33.4333
834
33.4667
834
33.5
834
33.5333
835
33.5667
835
33.6
835
33.6333
835
33.6667
835
33.7
836
33.7333
836
33.7667
836
33.8
837
33.8333
838
33.8667
838
33.9
838
33.9333
839
33.9667
842
34
842
34.0333
842
34.0667
842
34.1
842
34.1333
842
34.1667
842
34.2
843
34.2333
845
34.2667
845
34.3
845
34.3333
846
34.3667
846
34.4
847
34.4333
848
34.4667
850
34.5
850
34.5333
850
34.5667
850
34.6
851
34.6333
852
34.6667
852
34.7
852
34.7333
852
34.7667
852
34.8
852
34.8333
853
34.8667
853
34.9
853
34.9333
854
34.9667
855
35
855
35.0333
855
35.0667
857
35.1
857
35.1333
857
35.1667
857
35.2
858
35.2333
859
35.2667
859
35.3
859
35.3333
859
35.3667
859
35.4
859
35.4333
859
35.4667
859
35.5
859
35.5333
859
35.5667
859
35.6
859
35.6333
860
35.6667
860
35.7
860
35.7333
860
35.7667
860
35.8
860
35.8333
860
35.8667
860
35.9
861
35.9333
862
35.9667
862
36
862
36.0333
862
36.0667
862
36.1
863
36.1333
864
36.1667
864
36.2
864
36.2333
864
36.2667
864
36.3
864
36.3333
864
36.3667
864
36.4
864
36.4333
864
36.4667
865
36.5
865
36.5333
866
36.5667
867
36.6
867
36.6333
867
36.6667
867
36.7
868
36.7333
869
36.7667
869
36.8
870
36.8333
870
36.8667
870
36.9
871
36.9333
872
36.9667
874
37
874
37.0333
874
37.0667
874
37.1
874
37.1333
875
37.1667
875
37.2
876
37.2333
878
37.2667
879
37.3
879
37.3333
879
37.3667
879
37.4
879
37.4333
880
37.4667
880
37.5
881
37.5333
882
37.5667
882
37.6
882
37.6333
882
37.6667
883
37.7
884
37.7333
885
37.7667
885
37.8
885
37.8333
885
37.8667
885
37.9
885
37.9333
886
37.9667
886
38
886
38.0333
886
38.0667
886
38.1
886
38.1333
886
38.1667
887
38.2
888
38.2333
888
38.2667
888
38.3
888
38.3333
888
38.3667
888
38.4
888
38.4333
888
38.4667
889
38.5
890
38.5333
892
38.5667
892
38.6
892
38.6333
892
38.6667
892
38.7
892
38.7333
892
38.7667
892
38.8
892
38.8333
892
38.8667
892
38.9
892
38.9333
892
38.9667
892
39
893
39.0333
893
39.0667
893
39.1
893
39.1333
893
39.1667
894
39.2
894
39.2333
895
39.2667
895
39.3
895
39.3333
895
39.3667
895
39.4
895
39.4333
895
39.4667
895
39.5
895
39.5333
895
39.5667
895
39.6
895
39.6333
895
39.6667
895
39.7
895
39.7333
896
39.7667
896
39.8
896
39.8333
896
39.8667
896
39.9
896
39.9333
896
39.9667
896
40
896
40.0333
896
40.0667
896
40.1
896
40.1333
896
40.1667
896
40.2
896
40.2333
896
40.2667
896
40.3
896
40.3333
897
40.3667
897
40.4
897
40.4333
897
40.4667
897
40.5
897
40.5333
897
40.5667
897
40.6
897
40.6333
897
40.6667
898
40.7
898
40.7333
898
40.7667
898
40.8
898
40.8333
898
40.8667
898
40.9
898
40.9333
899
40.9667
899
41
900
41.0333
900
41.0667
900
41.1
900
41.1333
900
41.1667
900
41.2
900
41.2333
901
41.2667
902
41.3
902
41.3333
902
41.3667
902
41.4
902
41.4333
902
41.4667
903
41.5
903
41.5333
903
41.5667
903
41.6
903
41.6333
903
41.6667
903
41.7
903
41.7333
905
41.7667
905
41.8
905
41.8333
906
41.8667
906
41.9
906
41.9333
906
41.9667
906
42
906
42.0333
907
42.0667
907
42.1
907
42.1333
907
42.1667
908
42.2
908
42.2333
908
42.2667
908
42.3
908
42.3333
908
42.3667
908
42.4
908
42.4333
909
42.4667
909
42.5
909
42.5333
909
42.5667
909
42.6
909
42.6333
909
42.6667
909
42.7
909
42.7333
909
42.7667
909
42.8
909
42.8333
909
42.8667
909
42.9
909
42.9333
909
42.9667
909
43
910
43.0333
910
43.0667
910
43.1
910
43.1333
910
43.1667
910
43.2
910
43.2333
910
43.2667
910
43.3
910
43.3333
910
43.3667
910
43.4
910
43.4333
910
43.4667
910
43.5
910
43.5333
910
43.5667
911
43.6
911
43.6333
911
43.6667
912
43.7
913
43.7333
913
43.7667
913
43.8
913
43.8333
913
43.8667
913
43.9
914
43.9333
914
43.9667
914
44
914
44.0333
914
44.0667
914
44.1
915
44.1333
915
44.1667
916
44.2
916
44.2333
916
44.2667
917
44.3
917
44.3333
917
44.3667
917
44.4
917
44.4333
917
44.4667
917
44.5
918
44.5333
918
44.5667
918
44.6
918
44.6333
918
44.6667
918
44.7
919
44.7333
919
44.7667
920
44.8
920
44.8333
920
44.8667
920
44.9
921
44.9333
921
44.9667
921
45
921
45.0333
921
45.0667
921
45.1
921
45.1333
921
45.1667
922
45.2
922
45.2333
923
45.2667
923
45.3
923
45.3333
923
45.3667
924
45.4
925
45.4333
925
45.4667
925
45.5
925
45.5333
926
45.5667
926
45.6
927
45.6333
927
45.6667
927
45.7
927
45.7333
927
45.7667
928
45.8
929
45.8333
931
45.8667
931
45.9
931
45.9333
932
45.9667
932
46
932
46.0333
932
46.0667
932
46.1
932
46.1333
932
46.1667
932
46.2
932
46.2333
933
46.2667
933
46.3
933
46.3333
933
46.3667
933
46.4
933
46.4333
933
46.4667
933
46.5
933
46.5333
933
46.5667
933
46.6
933
46.6333
934
46.6667
935
46.7
935
46.7333
935
46.7667
935
46.8
935
46.8333
935
46.8667
936
46.9
936
46.9333
936
46.9667
936
47
936
47.0333
936
47.0667
936
47.1
937
47.1333
937
47.1667
937
47.2
937
47.2333
937
47.2667
937
47.3
937
47.3333
938
47.3667
939
47.4
939
47.4333
939
47.4667
939
47.5
939
47.5333
939
47.5667
939
47.6
939
47.6333
939
47.6667
939
47.7
939
47.7333
939
47.7667
940
47.8
940
47.8333
940
47.8667
941
47.9
941
47.9333
941
47.9667
941
48
941
48.0333
941
48.0667
942
48.1
942
48.1333
943
48.1667
943
48.2
943
48.2333
943
48.2667
943
48.3
944
48.3333
944
48.3667
944
48.4
944
48.4333
944
48.4667
944
48.5
944
48.5333
945
48.5667
945
48.6
945
48.6333
945
48.6667
945
48.7
945
48.7333
945
48.7667
945
48.8
946
48.8333
946
48.8667
947
48.9
947
48.9333
947
48.9667
947
49
948
49.0333
948
49.0667
948
49.1
948
49.1333
948
49.1667
948
49.2
948
49.2333
948
49.2667
948
49.3
949
49.3333
949
49.3667
949
49.4
949
49.4333
949
49.4667
949
49.5
949
49.5333
949
49.5667
950
49.6
950
49.6333
951
49.6667
954
49.7
954
49.7333
954
49.7667
954
49.8
954
49.8333
954
49.8667
955
49.9
955
49.9333
955
49.9667
956
50
956
50.0333
957
50.0667
957
50.1
957
50.1333
958
50.1667
958
50.2
958
50.2333
958
50.2667
958
50.3
958
50.3333
958
50.3667
958
50.4
958
50.4333
959
50.4667
959
50.5
959
50.5333
959
50.5667
959
50.6
961
50.6333
961
50.6667
962
50.7
962
50.7333
962
50.7667
963
50.8
963
50.8333
964
50.8667
964
50.9
964
50.9333
964
50.9667
964
51
964
51.0333
964
51.0667
964
51.1
964
51.1333
965
51.1667
965
51.2
965
51.2333
965
51.2667
965
51.3
965
51.3333
965
51.3667
966
51.4
966
51.4333
966
51.4667
966
51.5
967
51.5333
968
51.5667
968
51.6
968
51.6333
969
51.6667
969
51.7
970
51.7333
972
51.7667
972
51.8
972
51.8333
972
51.8667
972
51.9
972
51.9333
973
51.9667
973
52
974
52.0333
974
52.0667
974
52.1
974
52.1333
974
52.1667
974
52.2
975
52.2333
975
52.2667
975
52.3
975
52.3333
975
52.3667
975
52.4
975
52.4333
975
52.4667
975
52.5
975
52.5333
975
52.5667
975
52.6
975
52.6333
975
52.6667
975
52.7
976
52.7333
976
52.7667
976
52.8
976
52.8333
976
52.8667
977
52.9
977
52.9333
977
52.9667
977
53
977
53.0333
977
53.0667
977
53.1
977
53.1333
977
53.1667
977
53.2
977
53.2333
977
53.2667
977
53.3
977
53.3333
978
