0
1
0.0333333
1
0.0666667
1
0.1
1
0.133333
1
0.166667
1
0.2
1
0.233333
1
0.266667
1
0.3
1
0.333333
1
0.366667
1
0.4
1
0.433333
1
0.466667
1
0.5
1
0.533333
1
0.566667
1
0.6
1
0.633333
1
0.666667
1
0.7
1
0.733333
1
0.766667
1
0.8
1
0.833333
1
0.866667
1
0.9
1
0.933333
1
0.966667
1
1
1
1.03333
1
1.06667
1
1.1
1
1.13333
1
1.16667
1
1.2
1
1.23333
1
1.26667
1
1.3
1
1.33333
1
1.36667
1
1.4
1
1.43333
1
1.46667
1
1.5
1
1.53333
1
1.56667
1
1.6
1
1.63333
1
1.66667
1
1.7
1
1.73333
1
1.76667
1
1.8
1
1.83333
1
1.86667
1
1.9
1
1.93333
1
1.96667
1
2
1
2.03333
1
2.06667
1
2.1
1
2.13333
1
2.16667
1
2.2
1
2.23333
1
2.26667
1
2.3
1
2.33333
1
2.36667
1
2.4
1
2.43333
1
2.46667
1
2.5
1
2.53333
1
2.56667
1
2.6
1
2.63333
1
2.66667
1
2.7
1
2.73333
1
2.76667
1
2.8
1
2.83333
1
2.86667
1
2.9
1
2.93333
1
2.96667
1
3
1
3.03333
1
3.06667
1
3.1
1
3.13333
1
3.16667
1
3.2
1
3.23333
1
3.26667
1
3.3
1
3.33333
1
3.36667
1
3.4
1
3.43333
1
3.46667
1
3.5
1
3.53333
1
3.56667
1
3.6
1
3.63333
1
3.66667
1
3.7
1
3.73333
1
3.76667
1
3.8
1
3.83333
1
3.86667
1
3.9
1
3.93333
1
3.96667
1
4
1
4.03333
1
4.06667
1
4.1
1
4.13333
1
4.16667
1
4.2
1
4.23333
1
4.26667
1
4.3
1
4.33333
1
4.36667
1
4.4
1
4.43333
1
4.46667
1
4.5
1
4.53333
1
4.56667
1
4.6
1
4.63333
1
4.66667
1
4.7
1
4.73333
1
4.76667
1
4.8
1
4.83333
1
4.86667
1
4.9
1
4.93333
1
4.96667
1
5
1
5.03333
1
5.06667
2
5.1
2
5.13333
2
5.16667
2
5.2
2
5.23333
2
5.26667
2
5.3
2
5.33333
2
5.36667
3
5.4
3
5.43333
3
5.46667
3
5.5
3
5.53333
3
5.56667
3
5.6
3
5.63333
3
5.66667
3
5.7
3
5.73333
3
5.76667
4
5.8
4
5.83333
4
5.86667
4
5.9
4
5.93333
4
5.96667
5
6
5
6.03333
5
6.06667
5
6.1
6
6.13333
6
6.16667
6
6.2
6
6.23333
7
6.26667
7
6.3
7
6.33333
7
6.36667
7
6.4
7
6.43333
7
6.46667
7
6.5
7
6.53333
7
6.56667
7
6.6
8
6.63333
9
6.66667
9
6.7
9
6.73333
9
6.76667
9
6.8
10
6.83333
10
6.86667
10
6.9
10
6.93333
10
6.96667
11
7
11
7.03333
11
7.06667
12
7.1
12
7.13333
12
7.16667
12
7.2
12
7.23333
12
7.26667
12
7.3
12
7.33333
13
7.36667
14
7.4
14
7.43333
14
7.46667
14
7.5
14
7.53333
14
7.56667
14
7.6
14
7.63333
15
7.66667
15
7.7
15
7.73333
15
7.76667
16
7.8
16
7.83333
16
7.86667
16
7.9
16
7.93333
16
7.96667
16
8
16
8.03333
16
8.06667
16
8.1
16
8.13333
16
8.16667
17
8.2
17
8.23333
18
8.26667
18
8.3
18
8.33333
18
8.36667
18
8.4
18
8.43333
18
8.46667
18
8.5
18
8.53333
18
8.56667
18
8.6
18
8.63333
18
8.66667
18
8.7
19
8.73333
19
8.76667
20
8.8
20
8.83333
20
8.86667
20
8.9
21
8.93333
22
8.96667
23
9
23
9.03333
23
9.06667
24
9.1
24
9.13333
24
9.16667
24
9.2
24
9.23333
25
9.26667
26
9.3
26
9.33333
26
9.36667
27
9.4
28
9.43333
29
9.46667
30
9.5
31
9.53333
33
9.56667
33
9.6
33
9.63333
33
9.66667
33
9.7
35
9.73333
38
9.76667
38
9.8
38
9.83333
40
9.86667
42
9.9
42
9.93333
43
9.96667
43
10
44
10.0333
44
10.0667
45
10.1
45
10.1333
45
10.1667
46
10.2
46
10.2333
47
10.2667
47
10.3
48
10.3333
49
10.3667
50
10.4
50
10.4333
50
10.4667
52
10.5
52
10.5333
52
10.5667
52
10.6
52
10.6333
53
10.6667
53
10.7
54
10.7333
55
10.7667
58
10.8
58
10.8333
59
10.8667
59
10.9
60
10.9333
60
10.9667
62
11
63
11.0333
64
11.0667
65
11.1
65
11.1333
65
11.1667
65
11.2
65
11.2333
66
11.2667
66
11.3
68
11.3333
70
11.3667
70
11.4
70
11.4333
70
11.4667
70
11.5
70
11.5333
70
11.5667
71
11.6
72
11.6333
72
11.6667
72
11.7
72
11.7333
72
11.7667
73
11.8
73
11.8333
73
11.8667
74
11.9
76
11.9333
77
11.9667
78
12
78
12.0333
78
12.0667
78
12.1
78
12.1333
79
12.1667
79
12.2
79
12.2333
80
12.2667
80
12.3
80
12.3333
80
12.3667
80
12.4
80
12.4333
80
12.4667
80
12.5
81
12.5333
81
12.5667
81
12.6
81
12.6333
81
12.6667
81
12.7
81
12.7333
81
12.7667
81
12.8
81
12.8333
81
12.8667
81
12.9
81
12.9333
82
12.9667
83
13
83
13.0333
83
13.0667
83
13.1
83
13.1333
83
13.1667
84
13.2
84
13.2333
84
13.2667
84
13.3
84
13.3333
84
13.3667
85
13.4
85
13.4333
85
13.4667
85
13.5
86
13.5333
86
13.5667
87
13.6
87
13.6333
88
13.6667
88
13.7
88
13.7333
88
13.7667
88
13.8
89
13.8333
89
13.8667
89
13.9
90
13.9333
91
13.9667
91
14
91
14.0333
91
14.0667
91
14.1
91
14.1333
91
14.1667
91
14.2
91
14.2333
91
14.2667
91
14.3
92
14.3333
93
14.3667
93
14.4
94
14.4333
94
14.4667
94
14.5
94
14.5333
94
14.5667
94
14.6
94
14.6333
96
14.6667
96
14.7
97
14.7333
97
14.7667
97
14.8
98
14.8333
98
14.8667
98
14.9
98
14.9333
98
14.9667
98
15
98
15.0333
98
15.0667
98
15.1
98
15.1333
98
15.1667
98
15.2
98
15.2333
98
15.2667
98
15.3
98
15.3333
98
15.3667
98
15.4
98
15.4333
98
15.4667
98
15.5
98
15.5333
98
15.5667
98
15.6
98
15.6333
98
15.6667
98
15.7
99
15.7333
100
15.7667
100
15.8
101
15.8333
101
15.8667
102
15.9
102
15.9333
102
15.9667
103
16
103
16.0333
103
16.0667
103
16.1
103
16.1333
103
16.1667
103
16.2
103
16.2333
103
16.2667
103
16.3
103
16.3333
103
16.3667
103
16.4
103
16.4333
103
16.4667
103
16.5
104
16.5333
104
16.5667
104
16.6
104
16.6333
104
16.6667
104
16.7
104
16.7333
105
16.7667
105
16.8
106
16.8333
106
16.8667
106
16.9
106
16.9333
106
16.9667
107
17
107
17.0333
107
17.0667
107
17.1
107
17.1333
108
17.1667
108
17.2
109
17.2333
109
17.2667
109
17.3
110
17.3333
110
17.3667
110
17.4
110
17.4333
110
17.4667
110
17.5
110
17.5333
110
17.5667
110
17.6
112
17.6333
112
17.6667
112
17.7
112
17.7333
114
17.7667
115
17.8
115
17.8333
115
17.8667
115
17.9
116
17.9333
116
17.9667
116
18
116
18.0333
116
18.0667
116
18.1
116
18.1333
117
18.1667
117
18.2
117
18.2333
118
18.2667
118
18.3
118
18.3333
118
18.3667
118
18.4
118
18.4333
118
18.4667
118
18.5
118
18.5333
118
18.5667
118
18.6
119
18.6333
120
18.6667
120
18.7
120
18.7333
120
18.7667
120
18.8
121
18.8333
121
18.8667
122
18.9
122
18.9333
122
18.9667
122
19
122
19.0333
122
19.0667
122
19.1
122
19.1333
122
19.1667
122
19.2
123
19.2333
123
19.2667
123
19.3
123
19.3333
123
19.3667
123
19.4
123
19.4333
123
19.4667
123
19.5
123
19.5333
123
19.5667
123
19.6
123
19.6333
123
19.6667
124
19.7
124
19.7333
124
19.7667
124
19.8
124
19.8333
124
19.8667
124
19.9
124
19.9333
124
19.9667
124
20
124
20.0333
125
20.0667
125
20.1
125
20.1333
125
20.1667
126
20.2
126
20.2333
126
20.2667
126
20.3
126
20.3333
126
20.3667
126
20.4
126
20.4333
126
20.4667
127
20.5
127
20.5333
127
20.5667
127
20.6
127
20.6333
127
20.6667
127
20.7
127
20.7333
127
20.7667
127
20.8
127
20.8333
127
20.8667
127
20.9
127
20.9333
127
20.9667
127
21
127
21.0333
127
21.0667
127
21.1
127
21.1333
127
21.1667
127
21.2
128
21.2333
128
21.2667
129
21.3
129
21.3333
129
21.3667
129
21.4
129
21.4333
129
21.4667
129
21.5
129
21.5333
129
21.5667
129
21.6
129
21.6333
130
21.6667
130
21.7
130
21.7333
130
21.7667
130
21.8
130
21.8333
130
21.8667
130
21.9
130
21.9333
130
21.9667
130
22
130
22.0333
130
22.0667
130
22.1
131
22.1333
131
22.1667
131
22.2
131
22.2333
131
22.2667
131
22.3
131
22.3333
131
22.3667
132
22.4
132
22.4333
134
22.4667
134
22.5
134
22.5333
134
22.5667
134
22.6
134
22.6333
134
22.6667
134
22.7
134
22.7333
134
22.7667
134
22.8
134
22.8333
134
22.8667
134
22.9
134
22.9333
134
22.9667
134
23
134
23.0333
134
23.0667
134
23.1
134
23.1333
134
23.1667
134
23.2
134
23.2333
134
23.2667
134
23.3
134
23.3333
134
23.3667
134
23.4
134
23.4333
134
23.4667
134
23.5
134
23.5333
134
23.5667
134
23.6
134
23.6333
134
23.6667
134
23.7
134
23.7333
134
23.7667
134
23.8
134
23.8333
134
23.8667
134
23.9
134
23.9333
134
23.9667
134
24
134
24.0333
134
24.0667
134
24.1
134
24.1333
134
24.1667
134
24.2
134
24.2333
134
24.2667
134
24.3
134
24.3333
134
24.3667
134
24.4
134
24.4333
134
24.4667
134
24.5
135
24.5333
135
24.5667
135
24.6
135
24.6333
135
24.6667
135
24.7
135
24.7333
135
24.7667
135
24.8
135
24.8333
135
24.8667
135
24.9
135
24.9333
135
24.9667
135
25
136
25.0333
136
25.0667
136
25.1
136
25.1333
136
25.1667
136
25.2
136
25.2333
136
25.2667
136
25.3
136
25.3333
136
25.3667
136
25.4
136
25.4333
136
25.4667
136
25.5
136
25.5333
136
25.5667
136
25.6
136
25.6333
136
25.6667
136
25.7
136
25.7333
136
25.7667
136
25.8
136
25.8333
136
25.8667
136
25.9
136
25.9333
136
25.9667
136
26
136
26.0333
136
26.0667
136
26.1
136
26.1333
136
26.1667
136
26.2
136
26.2333
136
26.2667
136
26.3
136
26.3333
136
26.3667
136
26.4
136
26.4333
136
26.4667
136
26.5
136
26.5333
136
26.5667
136
26.6
136
26.6333
136
26.6667
136
26.7
136
26.7333
136
26.7667
136
26.8
136
26.8333
136
26.8667
136
26.9
136
26.9333
136
26.9667
136
27
136
27.0333
136
27.0667
136
27.1
136
27.1333
136
27.1667
136
27.2
136
27.2333
136
27.2667
136
27.3
136
27.3333
136
27.3667
136
27.4
136
27.4333
136
27.4667
136
27.5
136
27.5333
136
27.5667
136
27.6
136
27.6333
136
27.6667
136
27.7
136
27.7333
136
27.7667
136
27.8
136
27.8333
136
27.8667
136
27.9
136
27.9333
136
27.9667
136
28
136
28.0333
136
28.0667
136
28.1
136
28.1333
136
28.1667
136
28.2
136
28.2333
136
28.2667
136
28.3
136
28.3333
136
28.3667
136
28.4
136
28.4333
136
28.4667
136
28.5
136
28.5333
137
28.5667
137
28.6
137
28.6333
137
28.6667
137
28.7
137
28.7333
137
28.7667
137
28.8
137
28.8333
137
28.8667
137
28.9
137
28.9333
137
28.9667
137
29
137
29.0333
137
29.0667
137
29.1
137
29.1333
137
29.1667
137
29.2
137
29.2333
137
29.2667
137
29.3
137
29.3333
137
29.3667
137
29.4
137
29.4333
137
29.4667
137
29.5
137
29.5333
137
29.5667
137
29.6
137
29.6333
137
29.6667
137
29.7
137
29.7333
137
29.7667
137
29.8
137
29.8333
137
29.8667
137
29.9
137
29.9333
137
29.9667
137
30
137
30.0333
137
30.0667
137
30.1
137
30.1333
137
30.1667
137
30.2
138
30.2333
138
30.2667
138
30.3
138
30.3333
139
30.3667
139
30.4
139
30.4333
139
30.4667
141
30.5
141
30.5333
141
30.5667
141
30.6
142
30.6333
142
30.6667
142
30.7
142
30.7333
142
30.7667
142
30.8
142
30.8333
143
30.8667
145
30.9
146
30.9333
146
30.9667
146
31
146
31.0333
146
31.0667
146
31.1
146
31.1333
148
31.1667
148
31.2
149
31.2333
149
31.2667
149
31.3
149
31.3333
150
31.3667
150
31.4
150
31.4333
150
31.4667
150
31.5
150
31.5333
150
31.5667
151
31.6
151
31.6333
151
31.6667
151
31.7
151
31.7333
151
31.7667
151
31.8
151
31.8333
151
31.8667
151
31.9
151
31.9333
152
31.9667
152
32
152
32.0333
152
32.0667
152
32.1
152
32.1333
152
32.1667
152
32.2
152
32.2333
152
32.2667
152
32.3
152
32.3333
152
32.3667
152
32.4
152
32.4333
152
32.4667
152
32.5
152
32.5333
152
32.5667
152
32.6
152
32.6333
152
32.6667
152
32.7
152
32.7333
152
32.7667
153
32.8
153
32.8333
153
32.8667
153
32.9
153
32.9333
153
32.9667
153
33
153
33.0333
153
33.0667
153
33.1
153
33.1333
153
33.1667
154
33.2
154
33.2333
154
33.2667
154
33.3
154
33.3333
154
33.3667
155
33.4
155
33.4333
155
33.4667
155
33.5
155
33.5333
155
33.5667
156
33.6
156
33.6333
156
33.6667
156
33.7
156
33.7333
156
33.7667
156
33.8
156
33.8333
156
33.8667
156
33.9
156
33.9333
156
33.9667
156
34
157
34.0333
157
34.0667
157
34.1
157
34.1333
157
34.1667
157
34.2
157
34.2333
157
34.2667
157
34.3
157
34.3333
157
34.3667
157
34.4
158
34.4333
158
34.4667
158
34.5
158
34.5333
159
34.5667
159
34.6
159
34.6333
159
34.6667
159
34.7
159
34.7333
159
34.7667
159
34.8
159
34.8333
159
34.8667
159
34.9
159
34.9333
159
34.9667
159
35
160
35.0333
160
35.0667
160
35.1
160
35.1333
160
35.1667
160
35.2
160
35.2333
160
35.2667
160
35.3
161
35.3333
161
35.3667
161
35.4
161
35.4333
161
35.4667
161
35.5
161
35.5333
161
35.5667
161
35.6
161
35.6333
161
35.6667
161
35.7
161
35.7333
161
35.7667
161
35.8
161
35.8333
161
35.8667
161
35.9
161
35.9333
161
35.9667
161
36
161
36.0333
161
36.0667
161
36.1
161
36.1333
161
36.1667
161
36.2
161
36.2333
161
36.2667
161
36.3
161
36.3333
161
36.3667
161
36.4
161
36.4333
161
36.4667
161
36.5
161
36.5333
161
36.5667
161
36.6
161
36.6333
161
36.6667
161
36.7
161
36.7333
161
36.7667
161
36.8
161
36.8333
161
36.8667
161
36.9
161
36.9333
161
36.9667
161
37
161
37.0333
161
37.0667
161
37.1
161
37.1333
161
37.1667
161
37.2
161
37.2333
161
37.2667
161
37.3
161
37.3333
161
37.3667
161
37.4
161
37.4333
161
37.4667
161
37.5
161
37.5333
161
37.5667
161
37.6
161
37.6333
161
37.6667
161
37.7
161
37.7333
161
37.7667
161
37.8
161
37.8333
161
37.8667
161
37.9
161
37.9333
161
37.9667
162
38
162
38.0333
162
38.0667
162
38.1
162
38.1333
162
38.1667
162
38.2
162
38.2333
162
38.2667
162
38.3
162
38.3333
162
38.3667
162
38.4
162
38.4333
162
38.4667
162
38.5
162
38.5333
162
38.5667
162
38.6
162
38.6333
162
38.6667
162
38.7
162
38.7333
162
38.7667
162
38.8
162
38.8333
162
38.8667
162
38.9
162
38.9333
162
38.9667
162
39
162
39.0333
162
39.0667
162
39.1
162
39.1333
162
39.1667
162
39.2
162
39.2333
162
39.2667
162
39.3
162
39.3333
162
39.3667
162
39.4
162
39.4333
162
39.4667
162
39.5
162
39.5333
162
39.5667
162
39.6
162
39.6333
162
39.6667
162
39.7
162
39.7333
162
39.7667
162
39.8
162
39.8333
162
39.8667
162
39.9
162
39.9333
162
39.9667
162
40
162
40.0333
162
40.0667
162
40.1
162
40.1333
162
40.1667
162
40.2
162
40.2333
162
40.2667
162
40.3
163
40.3333
163
40.3667
163
40.4
163
40.4333
163
40.4667
163
40.5
163
40.5333
163
40.5667
163
40.6
163
40.6333
163
40.6667
163
40.7
163
40.7333
163
40.7667
163
40.8
163
40.8333
163
40.8667
163
40.9
163
40.9333
163
40.9667
163
41
163
41.0333
163
41.0667
163
41.1
163
41.1333
163
41.1667
164
41.2
164
41.2333
164
41.2667
164
41.3
164
41.3333
164
41.3667
164
41.4
164
41.4333
164
41.4667
164
41.5
164
41.5333
164
41.5667
164
41.6
164
41.6333
164
41.6667
164
41.7
164
41.7333
164
41.7667
164
41.8
164
41.8333
164
41.8667
164
41.9
164
41.9333
164
41.9667
164
42
164
42.0333
164
42.0667
164
42.1
164
42.1333
164
42.1667
164
42.2
164
42.2333
164
42.2667
164
42.3
164
42.3333
164
42.3667
164
42.4
164
42.4333
164
42.4667
164
42.5
164
42.5333
164
42.5667
164
42.6
164
42.6333
164
42.6667
164
42.7
164
42.7333
164
42.7667
164
42.8
164
42.8333
164
42.8667
165
42.9
165
42.9333
165
42.9667
165
43
165
43.0333
165
43.0667
165
43.1
165
43.1333
165
43.1667
165
43.2
165
43.2333
165
43.2667
165
43.3
165
43.3333
165
43.3667
165
43.4
165
43.4333
165
43.4667
165
43.5
165
43.5333
165
43.5667
165
43.6
165
43.6333
165
43.6667
165
43.7
165
43.7333
165
43.7667
165
43.8
165
43.8333
165
43.8667
165
43.9
165
43.9333
165
43.9667
165
44
165
44.0333
165
44.0667
165
44.1
165
44.1333
165
44.1667
165
44.2
165
44.2333
165
44.2667
165
44.3
165
44.3333
165
44.3667
165
44.4
165
44.4333
165
44.4667
165
44.5
165
44.5333
165
44.5667
165
44.6
165
44.6333
165
44.6667
165
44.7
165
44.7333
165
44.7667
165
44.8
165
44.8333
165
44.8667
165
44.9
165
44.9333
165
44.9667
165
45
165
45.0333
165
45.0667
165
45.1
165
45.1333
165
45.1667
165
45.2
165
45.2333
165
45.2667
165
45.3
165
45.3333
165
45.3667
165
45.4
165
45.4333
165
45.4667
165
45.5
165
45.5333
165
45.5667
165
45.6
165
45.6333
165
45.6667
165
45.7
165
45.7333
165
45.7667
165
45.8
165
45.8333
165
45.8667
165
45.9
165
45.9333
165
45.9667
165
46
165
46.0333
165
46.0667
165
46.1
165
46.1333
165
46.1667
165
46.2
165
46.2333
165
46.2667
165
46.3
165
46.3333
165
46.3667
165
46.4
165
46.4333
165
46.4667
165
46.5
165
46.5333
165
46.5667
165
46.6
165
46.6333
165
46.6667
165
46.7
165
46.7333
165
46.7667
165
46.8
165
46.8333
165
46.8667
165
46.9
165
46.9333
165
46.9667
165
47
165
47.0333
165
47.0667
165
47.1
165
47.1333
165
47.1667
165
47.2
165
47.2333
165
47.2667
165
47.3
165
47.3333
165
47.3667
166
47.4
166
47.4333
166
47.4667
166
47.5
166
47.5333
166
47.5667
166
47.6
166
47.6333
166
47.6667
166
47.7
166
47.7333
166
47.7667
166
47.8
166
47.8333
166
47.8667
166
47.9
166
47.9333
166
47.9667
166
48
166
48.0333
166
48.0667
166
48.1
166
48.1333
166
48.1667
166
48.2
166
48.2333
166
48.2667
166
48.3
166
48.3333
166
48.3667
166
48.4
166
48.4333
166
48.4667
166
48.5
166
48.5333
166
48.5667
166
48.6
166
48.6333
166
48.6667
166
48.7
166
48.7333
166
48.7667
166
48.8
166
48.8333
166
48.8667
166
48.9
166
48.9333
166
48.9667
166
49
166
49.0333
166
49.0667
166
49.1
166
49.1333
166
49.1667
166
49.2
166
49.2333
166
49.2667
166
49.3
166
49.3333
166
49.3667
166
49.4
166
49.4333
166
49.4667
166
49.5
166
49.5333
166
49.5667
166
49.6
166
49.6333
166
49.6667
166
49.7
166
49.7333
166
49.7667
166
49.8
166
49.8333
166
49.8667
166
49.9
166
49.9333
166
49.9667
166
50
166
50.0333
166
50.0667
166
50.1
166
50.1333
166
50.1667
166
50.2
166
50.2333
166
50.2667
166
50.3
166
50.3333
166
50.3667
166
50.4
166
50.4333
166
50.4667
166
50.5
166
50.5333
166
50.5667
166
50.6
166
50.6333
166
50.6667
166
50.7
166
50.7333
166
50.7667
166
50.8
166
50.8333
166
50.8667
166
50.9
166
50.9333
166
50.9667
166
51
166
51.0333
166
51.0667
166
51.1
166
51.1333
166
51.1667
166
51.2
166
51.2333
166
51.2667
166
51.3
166
51.3333
166
51.3667
166
51.4
166
51.4333
166
51.4667
166
51.5
166
51.5333
166
51.5667
166
51.6
166
51.6333
166
51.6667
166
51.7
166
51.7333
166
51.7667
166
51.8
166
51.8333
166
51.8667
166
51.9
166
51.9333
166
51.9667
166
52
166
52.0333
166
52.0667
166
52.1
166
52.1333
166
52.1667
166
52.2
166
52.2333
166
52.2667
166
52.3
166
52.3333
166
52.3667
166
52.4
166
52.4333
166
52.4667
166
52.5
166
52.5333
166
52.5667
166
52.6
166
52.6333
166
52.6667
166
52.7
166
52.7333
166
52.7667
166
52.8
166
52.8333
166
52.8667
166
52.9
166
52.9333
166
52.9667
166
53
166
53.0333
166
53.0667
166
53.1
166
53.1333
166
53.1667
166
53.2
167
53.2333
168
53.2667
168
53.3
168
53.3333
168
