0
1
0.0333333
1
0.0666667
1
0.1
1
0.133333
1
0.166667
1
0.2
1
0.233333
1
0.266667
1
0.3
1
0.333333
1
0.366667
1
0.4
1
0.433333
1
0.466667
1
0.5
1
0.533333
1
0.566667
1
0.6
1
0.633333
1
0.666667
1
0.7
1
0.733333
1
0.766667
1
0.8
1
0.833333
1
0.866667
1
0.9
1
0.933333
1
0.966667
1
1
1
1.03333
1
1.06667
1
1.1
1
1.13333
1
1.16667
1
1.2
1
1.23333
1
1.26667
1
1.3
1
1.33333
1
1.36667
1
1.4
1
1.43333
1
1.46667
1
1.5
1
1.53333
1
1.56667
1
1.6
1
1.63333
1
1.66667
1
1.7
1
1.73333
1
1.76667
1
1.8
1
1.83333
1
1.86667
1
1.9
1
1.93333
1
1.96667
1
2
1
2.03333
1
2.06667
1
2.1
1
2.13333
1
2.16667
1
2.2
1
2.23333
1
2.26667
1
2.3
1
2.33333
1
2.36667
1
2.4
1
2.43333
1
2.46667
1
2.5
1
2.53333
1
2.56667
1
2.6
1
2.63333
1
2.66667
1
2.7
1
2.73333
1
2.76667
1
2.8
1
2.83333
1
2.86667
1
2.9
1
2.93333
1
2.96667
1
3
1
3.03333
1
3.06667
1
3.1
1
3.13333
1
3.16667
1
3.2
1
3.23333
1
3.26667
1
3.3
1
3.33333
1
3.36667
1
3.4
1
3.43333
1
3.46667
1
3.5
1
3.53333
1
3.56667
1
3.6
1
3.63333
1
3.66667
1
3.7
1
3.73333
1
3.76667
1
3.8
1
3.83333
1
3.86667
1
3.9
1
3.93333
1
3.96667
1
4
1
4.03333
1
4.06667
1
4.1
1
4.13333
1
4.16667
1
4.2
1
4.23333
1
4.26667
1
4.3
1
4.33333
1
4.36667
1
4.4
1
4.43333
1
4.46667
1
4.5
1
4.53333
1
4.56667
1
4.6
1
4.63333
1
4.66667
1
4.7
2
4.73333
2
4.76667
2
4.8
2
4.83333
2
4.86667
2
4.9
2
4.93333
2
4.96667
2
5
2
5.03333
2
5.06667
2
5.1
3
5.13333
4
5.16667
4
5.2
4
5.23333
4
5.26667
4
5.3
4
5.33333
4
5.36667
4
5.4
4
5.43333
4
5.46667
4
5.5
4
5.53333
4
5.56667
4
5.6
4
5.63333
4
5.66667
4
5.7
4
5.73333
4
5.76667
4
5.8
4
5.83333
5
5.86667
6
5.9
6
5.93333
6
5.96667
8
6
8
6.03333
8
6.06667
8
6.1
8
6.13333
9
6.16667
9
6.2
9
6.23333
9
6.26667
10
6.3
11
6.33333
11
6.36667
12
6.4
13
6.43333
13
6.46667
13
6.5
13
6.53333
15
6.56667
16
6.6
16
6.63333
17
6.66667
20
6.7
21
6.73333
23
6.76667
26
6.8
26
6.83333
26
6.86667
26
6.9
29
6.93333
31
6.96667
33
7
34
7.03333
35
7.06667
36
7.1
37
7.13333
40
7.16667
41
7.2
46
7.23333
51
7.26667
55
7.3
56
7.33333
57
7.36667
59
7.4
60
7.43333
63
7.46667
67
7.5
71
7.53333
71
7.56667
75
7.6
76
7.63333
79
7.66667
81
7.7
87
7.73333
90
7.76667
92
7.8
94
7.83333
95
7.86667
97
7.9
99
7.93333
101
7.96667
102
8
107
8.03333
109
8.06667
114
8.1
115
8.13333
118
8.16667
119
8.2
121
8.23333
124
8.26667
127
8.3
130
8.33333
133
8.36667
135
8.4
140
8.43333
141
8.46667
143
8.5
143
8.53333
144
8.56667
146
8.6
148
8.63333
149
8.66667
150
8.7
151
8.73333
151
8.76667
152
8.8
153
8.83333
154
8.86667
158
8.9
160
8.93333
162
8.96667
162
9
162
9.03333
163
9.06667
163
9.1
168
9.13333
169
9.16667
171
9.2
172
9.23333
174
9.26667
176
9.3
178
9.33333
178
9.36667
178
9.4
178
9.43333
179
9.46667
181
9.5
183
9.53333
184
9.56667
188
9.6
188
9.63333
189
9.66667
190
9.7
191
9.73333
192
9.76667
193
9.8
194
9.83333
194
9.86667
194
9.9
198
9.93333
199
9.96667
199
10
202
10.0333
204
10.0667
207
10.1
208
10.1333
209
10.1667
211
10.2
211
10.2333
211
10.2667
213
10.3
215
10.3333
216
10.3667
217
10.4
221
10.4333
222
10.4667
224
10.5
225
10.5333
228
10.5667
230
10.6
233
10.6333
234
10.6667
234
10.7
238
10.7333
241
10.7667
242
10.8
242
10.8333
242
10.8667
243
10.9
244
10.9333
245
10.9667
246
11
247
11.0333
249
11.0667
250
11.1
250
11.1333
251
11.1667
252
11.2
255
11.2333
255
11.2667
255
11.3
256
11.3333
258
11.3667
259
11.4
261
11.4333
261
11.4667
262
11.5
266
11.5333
267
11.5667
267
11.6
269
11.6333
271
11.6667
273
11.7
273
11.7333
274
11.7667
276
11.8
276
11.8333
277
11.8667
278
11.9
279
11.9333
279
11.9667
283
12
283
12.0333
283
12.0667
284
12.1
286
12.1333
288
12.1667
289
12.2
289
12.2333
290
12.2667
290
12.3
293
12.3333
295
12.3667
295
12.4
295
12.4333
295
12.4667
298
12.5
299
12.5333
300
12.5667
301
12.6
301
12.6333
301
12.6667
302
12.7
303
12.7333
303
12.7667
304
12.8
305
12.8333
305
12.8667
307
12.9
307
12.9333
307
12.9667
307
13
307
13.0333
307
13.0667
307
13.1
309
13.1333
310
13.1667
310
13.2
310
13.2333
310
13.2667
311
13.3
312
13.3333
312
13.3667
312
13.4
313
13.4333
313
13.4667
313
13.5
313
13.5333
313
13.5667
314
13.6
314
13.6333
314
13.6667
316
13.7
316
13.7333
316
13.7667
317
13.8
321
13.8333
322
13.8667
322
13.9
322
13.9333
323
13.9667
323
14
325
14.0333
326
14.0667
326
14.1
326
14.1333
327
14.1667
328
14.2
328
14.2333
328
14.2667
328
14.3
330
14.3333
330
14.3667
331
14.4
332
14.4333
332
14.4667
333
14.5
333
14.5333
333
14.5667
334
14.6
335
14.6333
336
14.6667
338
14.7
339
14.7333
339
14.7667
341
14.8
341
14.8333
341
14.8667
342
14.9
342
14.9333
342
14.9667
342
15
342
15.0333
345
15.0667
345
15.1
347
15.1333
347
15.1667
347
15.2
347
15.2333
347
15.2667
347
15.3
349
15.3333
350
15.3667
351
15.4
351
15.4333
351
15.4667
351
15.5
351
15.5333
352
15.5667
353
15.6
353
15.6333
353
15.6667
354
15.7
355
15.7333
356
15.7667
356
15.8
358
15.8333
358
15.8667
358
15.9
358
15.9333
359
15.9667
359
16
359
16.0333
360
16.0667
362
16.1
362
16.1333
362
16.1667
362
16.2
362
16.2333
363
16.2667
363
16.3
363
16.3333
363
16.3667
363
16.4
363
16.4333
363
16.4667
363
16.5
364
16.5333
364
16.5667
365
16.6
365
16.6333
365
16.6667
365
16.7
365
16.7333
366
16.7667
366
16.8
366
16.8333
366
16.8667
367
16.9
367
16.9333
367
16.9667
367
17
368
17.0333
368
17.0667
368
17.1
368
17.1333
368
17.1667
368
17.2
368
17.2333
368
17.2667
368
17.3
368
17.3333
368
17.3667
368
17.4
370
17.4333
370
17.4667
370
17.5
372
17.5333
373
17.5667
374
17.6
374
17.6333
374
17.6667
374
17.7
375
17.7333
375
17.7667
375
17.8
376
17.8333
376
17.8667
376
17.9
376
17.9333
376
17.9667
377
18
379
18.0333
379
18.0667
380
18.1
380
18.1333
380
18.1667
380
18.2
380
18.2333
380
18.2667
380
18.3
380
18.3333
380
18.3667
380
18.4
381
18.4333
381
18.4667
381
18.5
381
18.5333
381
18.5667
382
18.6
383
18.6333
383
18.6667
383
18.7
383
18.7333
385
18.7667
385
18.8
385
18.8333
386
18.8667
386
18.9
386
18.9333
386
18.9667
387
19
387
19.0333
387
19.0667
388
19.1
388
19.1333
388
19.1667
388
19.2
389
19.2333
389
19.2667
391
19.3
392
19.3333
392
19.3667
392
19.4
392
19.4333
392
19.4667
392
19.5
395
19.5333
397
19.5667
398
19.6
398
19.6333
399
19.6667
399
19.7
401
19.7333
401
19.7667
401
19.8
402
19.8333
402
19.8667
402
19.9
403
19.9333
405
19.9667
406
20
406
20.0333
408
20.0667
408
20.1
409
20.1333
409
20.1667
409
20.2
409
20.2333
410
20.2667
412
20.3
415
20.3333
415
20.3667
417
20.4
420
20.4333
421
20.4667
424
20.5
425
20.5333
426
20.5667
427
20.6
430
20.6333
431
20.6667
432
20.7
433
20.7333
436
20.7667
439
20.8
439
20.8333
439
20.8667
441
20.9
444
20.9333
445
20.9667
446
21
451
21.0333
453
21.0667
453
21.1
453
21.1333
456
21.1667
458
21.2
460
21.2333
460
21.2667
463
21.3
464
21.3333
465
21.3667
465
21.4
465
21.4333
465
21.4667
467
21.5
468
21.5333
470
21.5667
470
21.6
472
21.6333
473
21.6667
474
21.7
476
21.7333
476
21.7667
476
21.8
477
21.8333
477
21.8667
477
21.9
478
21.9333
479
21.9667
479
22
479
22.0333
479
22.0667
480
22.1
481
22.1333
481
22.1667
482
22.2
482
22.2333
482
22.2667
483
22.3
484
22.3333
485
22.3667
485
22.4
485
22.4333
485
22.4667
485
22.5
485
22.5333
485
22.5667
486
22.6
486
22.6333
486
22.6667
486
22.7
486
22.7333
486
22.7667
486
22.8
486
22.8333
486
22.8667
486
22.9
487
22.9333
487
22.9667
487
23
487
23.0333
487
23.0667
487
23.1
487
23.1333
487
23.1667
488
23.2
489
23.2333
490
23.2667
491
23.3
492
23.3333
492
23.3667
492
23.4
493
23.4333
494
23.4667
496
23.5
496
23.5333
496
23.5667
497
23.6
497
23.6333
497
23.6667
498
23.7
498
23.7333
498
23.7667
498
23.8
498
23.8333
499
23.8667
499
23.9
499
23.9333
499
23.9667
499
24
499
24.0333
500
24.0667
501
24.1
501
24.1333
501
24.1667
501
24.2
502
24.2333
503
24.2667
504
24.3
504
24.3333
504
24.3667
505
24.4
505
24.4333
506
24.4667
507
24.5
507
24.5333
507
24.5667
507
24.6
508
24.6333
508
24.6667
508
24.7
508
24.7333
508
24.7667
508
24.8
508
24.8333
508
24.8667
509
24.9
510
24.9333
510
24.9667
510
25
510
25.0333
510
25.0667
510
25.1
510
25.1333
510
25.1667
510
25.2
510
25.2333
511
25.2667
511
25.3
511
25.3333
511
25.3667
512
25.4
512
25.4333
512
25.4667
512
25.5
512
25.5333
512
25.5667
513
25.6
514
25.6333
514
25.6667
514
25.7
515
25.7333
515
25.7667
515
25.8
515
25.8333
515
25.8667
515
25.9
515
25.9333
515
25.9667
516
26
516
26.0333
516
26.0667
516
26.1
516
26.1333
516
26.1667
516
26.2
516
26.2333
516
26.2667
516
26.3
516
26.3333
516
26.3667
517
26.4
517
26.4333
517
26.4667
517
26.5
518
26.5333
519
26.5667
519
26.6
519
26.6333
519
26.6667
520
26.7
523
26.7333
523
26.7667
523
26.8
524
26.8333
525
26.8667
525
26.9
526
26.9333
526
26.9667
526
27
526
27.0333
526
27.0667
527
27.1
527
27.1333
527
27.1667
527
27.2
527
27.2333
527
27.2667
528
27.3
528
27.3333
528
27.3667
528
27.4
528
27.4333
528
27.4667
528
27.5
528
27.5333
529
27.5667
529
27.6
531
27.6333
531
27.6667
532
27.7
533
27.7333
533
27.7667
533
27.8
533
27.8333
533
27.8667
533
27.9
535
27.9333
535
27.9667
535
28
535
28.0333
535
28.0667
535
28.1
535
28.1333
535
28.1667
535
28.2
535
28.2333
535
28.2667
535
28.3
536
28.3333
536
28.3667
537
28.4
538
28.4333
539
28.4667
539
28.5
539
28.5333
539
28.5667
539
28.6
540
28.6333
540
28.6667
540
28.7
540
28.7333
540
28.7667
540
28.8
540
28.8333
540
28.8667
540
28.9
540
28.9333
540
28.9667
540
29
540
29.0333
540
29.0667
540
29.1
540
29.1333
540
29.1667
540
29.2
540
29.2333
540
29.2667
540
29.3
540
29.3333
540
29.3667
540
29.4
540
29.4333
540
29.4667
540
29.5
540
29.5333
540
29.5667
540
29.6
540
29.6333
541
29.6667
541
29.7
541
29.7333
541
29.7667
541
29.8
541
29.8333
543
29.8667
543
29.9
543
29.9333
543
29.9667
543
30
543
30.0333
544
30.0667
544
30.1
544
30.1333
545
30.1667
546
30.2
546
30.2333
546
30.2667
546
30.3
546
30.3333
546
30.3667
546
30.4
546
30.4333
546
30.4667
546
30.5
546
30.5333
546
30.5667
546
30.6
546
30.6333
546
30.6667
546
30.7
546
30.7333
546
30.7667
546
30.8
546
30.8333
546
30.8667
546
30.9
546
30.9333
546
30.9667
546
31
546
31.0333
546
31.0667
546
31.1
546
31.1333
546
31.1667
546
31.2
546
31.2333
546
31.2667
546
31.3
546
31.3333
546
31.3667
546
31.4
546
31.4333
546
31.4667
546
31.5
546
31.5333
546
31.5667
546
31.6
546
31.6333
546
31.6667
546
31.7
546
31.7333
546
31.7667
546
31.8
546
31.8333
546
31.8667
548
31.9
548
31.9333
548
31.9667
548
32
548
32.0333
548
32.0667
548
32.1
548
32.1333
548
32.1667
548
32.2
548
32.2333
548
32.2667
548
32.3
548
32.3333
548
32.3667
548
32.4
548
32.4333
548
32.4667
548
32.5
548
32.5333
548
32.5667
548
32.6
548
32.6333
548
32.6667
548
32.7
548
32.7333
548
32.7667
548
32.8
548
32.8333
548
32.8667
548
32.9
548
32.9333
548
32.9667
548
33
548
33.0333
548
33.0667
549
33.1
549
33.1333
549
33.1667
550
33.2
550
33.2333
550
33.2667
550
33.3
550
33.3333
550
33.3667
550
33.4
550
33.4333
550
33.4667
550
33.5
551
33.5333
551
33.5667
551
33.6
551
33.6333
552
33.6667
552
33.7
552
33.7333
552
33.7667
552
33.8
552
33.8333
552
33.8667
552
33.9
552
33.9333
552
33.9667
552
34
552
34.0333
552
34.0667
552
34.1
552
34.1333
552
34.1667
552
34.2
552
34.2333
552
34.2667
552
34.3
552
34.3333
552
34.3667
552
34.4
552
34.4333
552
34.4667
552
34.5
552
34.5333
552
34.5667
552
34.6
552
34.6333
552
34.6667
552
34.7
552
34.7333
552
34.7667
552
34.8
552
34.8333
552
34.8667
552
34.9
552
34.9333
552
34.9667
552
35
552
35.0333
552
35.0667
552
35.1
552
35.1333
552
35.1667
552
35.2
552
35.2333
552
35.2667
552
35.3
552
35.3333
552
35.3667
552
35.4
553
35.4333
553
35.4667
553
35.5
553
35.5333
553
35.5667
553
35.6
553
35.6333
553
35.6667
554
35.7
554
35.7333
554
35.7667
555
35.8
555
35.8333
555
35.8667
555
35.9
555
35.9333
555
35.9667
555
36
555
36.0333
555
36.0667
555
36.1
555
36.1333
555
36.1667
555
36.2
556
36.2333
556
36.2667
556
36.3
556
36.3333
556
36.3667
556
36.4
556
36.4333
556
36.4667
556
36.5
556
36.5333
556
36.5667
556
36.6
556
36.6333
556
36.6667
556
36.7
556
36.7333
556
36.7667
556
36.8
556
36.8333
556
36.8667
556
36.9
556
36.9333
556
36.9667
556
37
556
37.0333
556
37.0667
557
37.1
557
37.1333
557
37.1667
557
37.2
557
37.2333
557
37.2667
557
37.3
557
37.3333
557
37.3667
557
37.4
557
37.4333
557
37.4667
557
37.5
557
37.5333
558
37.5667
558
37.6
559
37.6333
559
37.6667
559
37.7
559
37.7333
560
37.7667
560
37.8
560
37.8333
560
37.8667
561
37.9
561
37.9333
561
37.9667
561
38
561
38.0333
561
38.0667
561
38.1
562
38.1333
562
38.1667
562
38.2
562
38.2333
562
38.2667
562
38.3
562
38.3333
562
38.3667
562
38.4
562
38.4333
562
38.4667
562
38.5
562
38.5333
562
38.5667
562
38.6
562
38.6333
563
38.6667
563
38.7
563
38.7333
563
38.7667
563
38.8
563
38.8333
563
38.8667
563
38.9
563
38.9333
563
38.9667
563
39
563
39.0333
563
39.0667
563
39.1
563
39.1333
563
39.1667
563
39.2
563
39.2333
563
39.2667
563
39.3
563
39.3333
563
39.3667
563
39.4
563
39.4333
563
39.4667
563
39.5
563
39.5333
563
39.5667
563
39.6
563
39.6333
563
39.6667
563
39.7
563
39.7333
563
39.7667
563
39.8
563
39.8333
563
39.8667
563
39.9
563
39.9333
563
39.9667
563
40
563
40.0333
563
40.0667
563
40.1
563
40.1333
563
40.1667
563
40.2
563
40.2333
563
40.2667
563
40.3
563
40.3333
563
40.3667
563
40.4
563
40.4333
563
40.4667
563
40.5
564
40.5333
564
40.5667
564
40.6
564
40.6333
564
40.6667
564
40.7
564
40.7333
564
40.7667
565
40.8
565
40.8333
565
40.8667
565
40.9
565
40.9333
565
40.9667
565
41
565
41.0333
565
41.0667
565
41.1
565
41.1333
565
41.1667
565
41.2
565
41.2333
565
41.2667
565
41.3
565
41.3333
565
41.3667
565
41.4
566
41.4333
566
41.4667
566
41.5
566
41.5333
566
41.5667
566
41.6
566
41.6333
566
41.6667
566
41.7
566
41.7333
566
41.7667
566
41.8
566
41.8333
566
41.8667
566
41.9
566
41.9333
566
41.9667
566
42
566
42.0333
566
42.0667
566
42.1
567
42.1333
567
42.1667
567
42.2
567
42.2333
567
42.2667
567
42.3
567
42.3333
567
42.3667
567
42.4
567
42.4333
567
42.4667
568
42.5
568
42.5333
568
42.5667
568
42.6
568
42.6333
568
42.6667
568
42.7
568
42.7333
568
42.7667
568
42.8
568
42.8333
568
42.8667
568
42.9
568
42.9333
568
42.9667
568
43
568
43.0333
568
43.0667
568
43.1
568
43.1333
568
43.1667
568
43.2
568
43.2333
568
43.2667
568
43.3
568
43.3333
568
43.3667
568
43.4
568
43.4333
568
43.4667
568
43.5
568
43.5333
568
43.5667
568
43.6
568
43.6333
568
43.6667
568
43.7
568
43.7333
568
43.7667
568
43.8
568
43.8333
568
43.8667
568
43.9
568
43.9333
568
43.9667
568
44
568
44.0333
568
44.0667
568
44.1
568
44.1333
568
44.1667
568
44.2
568
44.2333
568
44.2667
568
44.3
568
44.3333
568
44.3667
568
44.4
568
44.4333
568
44.4667
568
44.5
568
44.5333
568
44.5667
568
44.6
568
44.6333
568
44.6667
568
44.7
568
44.7333
568
44.7667
569
44.8
569
44.8333
569
44.8667
569
44.9
569
44.9333
569
44.9667
569
45
569
45.0333
569
45.0667
569
45.1
569
45.1333
569
45.1667
569
45.2
569
45.2333
569
45.2667
569
45.3
569
45.3333
569
45.3667
569
45.4
569
45.4333
569
45.4667
569
45.5
569
45.5333
569
45.5667
569
45.6
569
45.6333
569
45.6667
569
45.7
569
45.7333
569
45.7667
569
45.8
569
45.8333
569
45.8667
569
45.9
569
45.9333
569
45.9667
569
46
569
46.0333
569
46.0667
569
46.1
569
46.1333
569
46.1667
569
46.2
569
46.2333
569
46.2667
569
46.3
569
46.3333
569
46.3667
570
46.4
571
46.4333
571
46.4667
571
46.5
571
46.5333
571
46.5667
571
46.6
571
46.6333
571
46.6667
571
46.7
572
46.7333
572
46.7667
572
46.8
572
46.8333
572
46.8667
572
46.9
572
46.9333
572
46.9667
572
47
572
47.0333
572
47.0667
572
47.1
572
47.1333
572
47.1667
572
47.2
572
47.2333
572
47.2667
572
47.3
573
47.3333
573
47.3667
573
47.4
573
47.4333
573
47.4667
573
47.5
573
47.5333
573
47.5667
573
47.6
573
47.6333
573
47.6667
573
47.7
574
47.7333
574
47.7667
574
47.8
574
47.8333
574
47.8667
574
47.9
574
47.9333
574
47.9667
574
48
574
48.0333
574
48.0667
574
48.1
574
48.1333
574
48.1667
574
48.2
574
48.2333
574
48.2667
574
48.3
574
48.3333
574
48.3667
574
48.4
574
48.4333
574
48.4667
574
48.5
574
48.5333
574
48.5667
574
48.6
574
48.6333
574
48.6667
574
48.7
574
48.7333
574
48.7667
574
48.8
574
48.8333
574
48.8667
574
48.9
574
48.9333
574
48.9667
574
49
574
49.0333
574
49.0667
574
49.1
574
49.1333
574
49.1667
574
49.2
574
49.2333
574
49.2667
574
49.3
574
49.3333
574
49.3667
574
49.4
574
49.4333
574
49.4667
574
49.5
574
49.5333
574
49.5667
574
49.6
574
49.6333
574
49.6667
574
49.7
574
49.7333
574
49.7667
574
49.8
575
49.8333
575
49.8667
575
49.9
575
49.9333
575
49.9667
575
50
575
50.0333
575
50.0667
575
50.1
575
50.1333
575
50.1667
575
50.2
575
50.2333
575
50.2667
575
50.3
575
50.3333
575
50.3667
575
50.4
575
50.4333
575
50.4667
575
50.5
575
50.5333
575
50.5667
575
50.6
575
50.6333
575
50.6667
575
50.7
575
50.7333
575
50.7667
576
50.8
576
50.8333
576
50.8667
576
50.9
576
50.9333
576
50.9667
576
51
576
51.0333
576
51.0667
576
51.1
576
51.1333
576
51.1667
576
51.2
576
51.2333
576
51.2667
576
51.3
576
51.3333
576
51.3667
576
51.4
576
51.4333
576
51.4667
576
51.5
576
51.5333
576
51.5667
576
51.6
576
51.6333
576
51.6667
576
51.7
576
51.7333
576
51.7667
576
51.8
576
51.8333
576
51.8667
576
51.9
576
51.9333
576
51.9667
576
52
576
52.0333
576
52.0667
576
52.1
576
52.1333
576
52.1667
576
52.2
576
52.2333
576
52.2667
576
52.3
576
52.3333
576
52.3667
576
52.4
576
52.4333
576
52.4667
576
52.5
576
52.5333
576
52.5667
576
52.6
576
52.6333
576
52.6667
576
52.7
576
52.7333
576
52.7667
576
52.8
576
52.8333
576
52.8667
576
52.9
576
52.9333
576
52.9667
576
53
576
53.0333
576
53.0667
576
53.1
576
53.1333
576
53.1667
576
53.2
576
53.2333
576
53.2667
576
53.3
576
53.3333
576
