0
1
0.0333333
1
0.0666667
1
0.1
1
0.133333
1
0.166667
1
0.2
1
0.233333
1
0.266667
1
0.3
1
0.333333
1
0.366667
1
0.4
1
0.433333
1
0.466667
1
0.5
1
0.533333
1
0.566667
1
0.6
1
0.633333
1
0.666667
1
0.7
1
0.733333
1
0.766667
1
0.8
1
0.833333
1
0.866667
1
0.9
1
0.933333
1
0.966667
1
1
1
1.03333
1
1.06667
1
1.1
1
1.13333
1
1.16667
1
1.2
1
1.23333
1
1.26667
1
1.3
1
1.33333
1
1.36667
1
1.4
1
1.43333
1
1.46667
1
1.5
1
1.53333
1
1.56667
1
1.6
1
1.63333
1
1.66667
1
1.7
1
1.73333
1
1.76667
1
1.8
1
1.83333
1
1.86667
1
1.9
1
1.93333
1
1.96667
1
2
1
2.03333
1
2.06667
1
2.1
1
2.13333
1
2.16667
1
2.2
1
2.23333
1
2.26667
1
2.3
1
2.33333
1
2.36667
1
2.4
1
2.43333
1
2.46667
1
2.5
1
2.53333
1
2.56667
1
2.6
1
2.63333
1
2.66667
1
2.7
1
2.73333
1
2.76667
1
2.8
1
2.83333
1
2.86667
1
2.9
1
2.93333
1
2.96667
1
3
1
3.03333
1
3.06667
1
3.1
1
3.13333
1
3.16667
1
3.2
1
3.23333
1
3.26667
1
3.3
1
3.33333
1
3.36667
1
3.4
1
3.43333
1
3.46667
1
3.5
1
3.53333
1
3.56667
1
3.6
1
3.63333
1
3.66667
1
3.7
1
3.73333
1
3.76667
1
3.8
1
3.83333
1
3.86667
1
3.9
1
3.93333
1
3.96667
1
4
1
4.03333
1
4.06667
1
4.1
1
4.13333
1
4.16667
1
4.2
1
4.23333
1
4.26667
1
4.3
1
4.33333
1
4.36667
1
4.4
1
4.43333
1
4.46667
1
4.5
1
4.53333
1
4.56667
1
4.6
1
4.63333
1
4.66667
1
4.7
1
4.73333
1
4.76667
1
4.8
1
4.83333
1
4.86667
1
4.9
1
4.93333
1
4.96667
1
5
1
5.03333
1
5.06667
1
5.1
1
5.13333
1
5.16667
1
5.2
1
5.23333
1
5.26667
1
5.3
1
5.33333
1
5.36667
1
5.4
1
5.43333
1
5.46667
1
5.5
1
5.53333
2
5.56667
2
5.6
2
5.63333
2
5.66667
2
5.7
2
5.73333
2
5.76667
2
5.8
2
5.83333
2
5.86667
2
5.9
2
5.93333
2
5.96667
2
6
2
6.03333
2
6.06667
2
6.1
2
6.13333
3
6.16667
3
6.2
3
6.23333
3
6.26667
3
6.3
3
6.33333
3
6.36667
4
6.4
4
6.43333
4
6.46667
4
6.5
5
6.53333
5
6.56667
5
6.6
5
6.63333
5
6.66667
5
6.7
5
6.73333
7
6.76667
9
6.8
9
6.83333
10
6.86667
12
6.9
12
6.93333
12
6.96667
12
7
12
7.03333
13
7.06667
13
7.1
13
7.13333
14
7.16667
15
7.2
15
7.23333
17
7.26667
18
7.3
21
7.33333
21
7.36667
22
7.4
23
7.43333
23
7.46667
24
7.5
24
7.53333
24
7.56667
26
7.6
29
7.63333
29
7.66667
29
7.7
29
7.73333
29
7.76667
31
7.8
31
7.83333
31
7.86667
33
7.9
34
7.93333
34
7.96667
34
8
35
8.03333
36
8.06667
36
8.1
37
8.13333
38
8.16667
38
8.2
42
8.23333
42
8.26667
44
8.3
44
8.33333
44
8.36667
45
8.4
45
8.43333
47
8.46667
49
8.5
49
8.53333
49
8.56667
49
8.6
50
8.63333
50
8.66667
50
8.7
50
8.73333
50
8.76667
50
8.8
51
8.83333
51
8.86667
52
8.9
53
8.93333
53
8.96667
54
9
56
9.03333
56
9.06667
56
9.1
56
9.13333
56
9.16667
56
9.2
56
9.23333
56
9.26667
57
9.3
58
9.33333
58
9.36667
59
9.4
60
9.43333
61
9.46667
61
9.5
62
9.53333
62
9.56667
63
9.6
63
9.63333
63
9.66667
65
9.7
65
9.73333
65
9.76667
65
9.8
65
9.83333
65
9.86667
66
9.9
66
9.93333
66
9.96667
66
10
66
10.0333
67
10.0667
67
10.1
67
10.1333
69
10.1667
69
10.2
69
10.2333
69
10.2667
70
10.3
71
10.3333
72
10.3667
72
10.4
72
10.4333
72
10.4667
73
10.5
74
10.5333
75
10.5667
76
10.6
76
10.6333
76
10.6667
76
10.7
76
10.7333
76
10.7667
77
10.8
77
10.8333
78
10.8667
79
10.9
81
10.9333
81
10.9667
81
11
81
11.0333
81
11.0667
84
11.1
84
11.1333
84
11.1667
84
11.2
84
11.2333
85
11.2667
85
11.3
86
11.3333
87
11.3667
87
11.4
87
11.4333
87
11.4667
89
11.5
89
11.5333
89
11.5667
89
11.6
89
11.6333
89
11.6667
89
11.7
90
11.7333
91
11.7667
91
11.8
91
11.8333
91
11.8667
91
11.9
91
11.9333
92
11.9667
92
12
93
12.0333
93
12.0667
93
12.1
93
12.1333
93
12.1667
94
12.2
94
12.2333
94
12.2667
94
12.3
94
12.3333
94
12.3667
94
12.4
94
12.4333
94
12.4667
94
12.5
94
12.5333
94
12.5667
94
12.6
94
12.6333
94
12.6667
94
12.7
94
12.7333
94
12.7667
94
12.8
94
12.8333
94
12.8667
94
12.9
95
12.9333
95
12.9667
95
13
95
13.0333
95
13.0667
95
13.1
96
13.1333
96
13.1667
96
13.2
96
13.2333
96
13.2667
96
13.3
97
13.3333
98
13.3667
98
13.4
99
13.4333
99
13.4667
99
13.5
99
13.5333
100
13.5667
100
13.6
100
13.6333
100
13.6667
100
13.7
100
13.7333
100
13.7667
101
13.8
101
13.8333
103
13.8667
106
13.9
107
13.9333
107
13.9667
107
14
107
14.0333
107
14.0667
107
14.1
107
14.1333
108
14.1667
108
14.2
108
14.2333
108
14.2667
110
14.3
110
14.3333
110
14.3667
110
14.4
110
14.4333
111
14.4667
111
14.5
111
14.5333
111
14.5667
111
14.6
111
14.6333
111
14.6667
112
14.7
113
14.7333
113
14.7667
114
14.8
114
14.8333
114
14.8667
115
14.9
117
14.9333
118
14.9667
120
15
122
15.0333
123
15.0667
123
15.1
124
15.1333
125
15.1667
125
15.2
128
15.2333
128
15.2667
129
15.3
130
15.3333
130
15.3667
130
15.4
131
15.4333
132
15.4667
134
15.5
134
15.5333
134
15.5667
134
15.6
134
15.6333
134
15.6667
134
15.7
134
15.7333
135
15.7667
135
15.8
136
15.8333
136
15.8667
136
15.9
137
15.9333
138
15.9667
138
16
138
16.0333
140
16.0667
140
16.1
140
16.1333
140
16.1667
140
16.2
141
16.2333
142
16.2667
142
16.3
142
16.3333
142
16.3667
142
16.4
143
16.4333
143
16.4667
144
16.5
144
16.5333
144
16.5667
144
16.6
144
16.6333
144
16.6667
145
16.7
145
16.7333
145
16.7667
145
16.8
145
16.8333
146
16.8667
146
16.9
146
16.9333
147
16.9667
147
17
147
17.0333
147
17.0667
147
17.1
147
17.1333
147
17.1667
147
17.2
147
17.2333
147
17.2667
147
17.3
148
17.3333
148
17.3667
148
17.4
148
17.4333
148
17.4667
148
17.5
149
17.5333
150
17.5667
150
17.6
150
17.6333
151
17.6667
151
17.7
151
17.7333
151
17.7667
151
17.8
151
17.8333
151
17.8667
151
17.9
151
17.9333
152
17.9667
154
18
155
18.0333
155
18.0667
156
18.1
156
18.1333
156
18.1667
157
18.2
157
18.2333
157
18.2667
157
18.3
157
18.3333
158
18.3667
159
18.4
159
18.4333
159
18.4667
159
18.5
159
18.5333
160
18.5667
160
18.6
160
18.6333
160
18.6667
160
18.7
160
18.7333
160
18.7667
161
18.8
161
18.8333
161
18.8667
161
18.9
161
18.9333
161
18.9667
161
19
161
19.0333
161
19.0667
161
19.1
161
19.1333
161
19.1667
161
19.2
161
19.2333
162
19.2667
162
19.3
162
19.3333
162
19.3667
162
19.4
162
19.4333
162
19.4667
162
19.5
162
19.5333
162
19.5667
162
19.6
162
19.6333
162
19.6667
162
19.7
162
19.7333
162
19.7667
162
19.8
162
19.8333
162
19.8667
162
19.9
162
19.9333
162
19.9667
162
20
162
20.0333
162
20.0667
162
20.1
162
20.1333
162
20.1667
163
20.2
163
20.2333
163
20.2667
163
20.3
163
20.3333
163
20.3667
163
20.4
164
20.4333
164
20.4667
164
20.5
164
20.5333
164
20.5667
164
20.6
164
20.6333
164
20.6667
164
20.7
164
20.7333
164
20.7667
164
20.8
164
20.8333
164
20.8667
166
20.9
166
20.9333
166
20.9667
166
21
166
21.0333
167
21.0667
167
21.1
167
21.1333
168
21.1667
168
21.2
169
21.2333
169
21.2667
169
21.3
169
21.3333
169
21.3667
169
21.4
169
21.4333
169
21.4667
169
21.5
170
21.5333
172
21.5667
172
21.6
172
21.6333
176
21.6667
176
21.7
177
21.7333
179
21.7667
179
21.8
179
21.8333
180
21.8667
181
21.9
182
21.9333
182
21.9667
182
22
182
22.0333
183
22.0667
183
22.1
183
22.1333
184
22.1667
184
22.2
184
22.2333
184
22.2667
185
22.3
185
22.3333
186
22.3667
186
22.4
186
22.4333
186
22.4667
186
22.5
186
22.5333
186
22.5667
186
22.6
186
22.6333
188
22.6667
188
22.7
189
22.7333
189
22.7667
189
22.8
190
22.8333
190
22.8667
190
22.9
191
22.9333
191
22.9667
191
23
191
23.0333
191
23.0667
191
23.1
191
23.1333
191
23.1667
192
23.2
192
23.2333
192
23.2667
193
23.3
193
23.3333
193
23.3667
193
23.4
193
23.4333
193
23.4667
193
23.5
193
23.5333
193
23.5667
193
23.6
193
23.6333
193
23.6667
193
23.7
193
23.7333
193
23.7667
194
23.8
195
23.8333
196
23.8667
196
23.9
196
23.9333
196
23.9667
196
24
196
24.0333
196
24.0667
196
24.1
196
24.1333
196
24.1667
196
24.2
196
24.2333
196
24.2667
196
24.3
196
24.3333
196
24.3667
196
24.4
196
24.4333
196
24.4667
196
24.5
196
24.5333
196
24.5667
197
24.6
197
24.6333
197
24.6667
197
24.7
197
24.7333
197
24.7667
197
24.8
197
24.8333
197
24.8667
197
24.9
197
24.9333
197
24.9667
197
25
197
25.0333
197
25.0667
197
25.1
197
25.1333
197
25.1667
197
25.2
197
25.2333
197
25.2667
198
25.3
198
25.3333
198
25.3667
198
25.4
198
25.4333
198
25.4667
198
25.5
198
25.5333
198
25.5667
198
25.6
198
25.6333
198
25.6667
198
25.7
198
25.7333
198
25.7667
199
25.8
200
25.8333
201
25.8667
201
25.9
201
25.9333
201
25.9667
201
26
201
26.0333
201
26.0667
201
26.1
201
26.1333
201
26.1667
202
26.2
202
26.2333
202
26.2667
202
26.3
202
26.3333
202
26.3667
202
26.4
202
26.4333
202
26.4667
202
26.5
203
26.5333
203
26.5667
204
26.6
205
26.6333
205
26.6667
205
26.7
206
26.7333
207
26.7667
208
26.8
208
26.8333
208
26.8667
209
26.9
209
26.9333
210
26.9667
210
27
210
27.0333
210
27.0667
210
27.1
212
27.1333
213
27.1667
213
27.2
213
27.2333
213
27.2667
215
27.3
215
27.3333
216
27.3667
216
27.4
216
27.4333
216
27.4667
216
27.5
218
27.5333
219
27.5667
219
27.6
219
27.6333
219
27.6667
219
27.7
220
27.7333
220
27.7667
221
27.8
221
27.8333
221
27.8667
221
27.9
221
27.9333
221
27.9667
223
28
223
28.0333
223
28.0667
223
28.1
224
28.1333
224
28.1667
224
28.2
224
28.2333
224
28.2667
224
28.3
224
28.3333
224
28.3667
224
28.4
224
28.4333
225
28.4667
226
28.5
226
28.5333
226
28.5667
226
28.6
226
28.6333
226
28.6667
226
28.7
226
28.7333
227
28.7667
227
28.8
227
28.8333
227
28.8667
227
28.9
227
28.9333
227
28.9667
227
29
228
29.0333
228
29.0667
228
29.1
228
29.1333
228
29.1667
228
29.2
228
29.2333
228
29.2667
228
29.3
228
29.3333
228
29.3667
228
29.4
228
29.4333
228
29.4667
228
29.5
228
29.5333
228
29.5667
228
29.6
228
29.6333
228
29.6667
228
29.7
228
29.7333
228
29.7667
228
29.8
228
29.8333
228
29.8667
229
29.9
229
29.9333
229
29.9667
229
30
229
30.0333
229
30.0667
229
30.1
229
30.1333
229
30.1667
229
30.2
229
30.2333
229
30.2667
229
30.3
229
30.3333
229
30.3667
230
30.4
230
30.4333
230
30.4667
230
30.5
230
30.5333
230
30.5667
230
30.6
230
30.6333
230
30.6667
230
30.7
230
30.7333
230
30.7667
230
30.8
230
30.8333
230
30.8667
231
30.9
231
30.9333
231
30.9667
231
31
231
31.0333
231
31.0667
231
31.1
231
31.1333
231
31.1667
231
31.2
231
31.2333
231
31.2667
231
31.3
231
31.3333
231
31.3667
231
31.4
231
31.4333
231
31.4667
231
31.5
231
31.5333
231
31.5667
231
31.6
231
31.6333
231
31.6667
231
31.7
231
31.7333
231
31.7667
231
31.8
231
31.8333
231
31.8667
231
31.9
231
31.9333
231
31.9667
231
32
231
32.0333
232
32.0667
232
32.1
232
32.1333
232
32.1667
232
32.2
233
32.2333
233
32.2667
233
32.3
233
32.3333
233
32.3667
233
32.4
233
32.4333
233
32.4667
233
32.5
233
32.5333
234
32.5667
234
32.6
234
32.6333
234
32.6667
234
32.7
234
32.7333
234
32.7667
234
32.8
234
32.8333
234
32.8667
234
32.9
234
32.9333
234
32.9667
234
33
234
33.0333
234
33.0667
234
33.1
234
33.1333
234
33.1667
234
33.2
234
33.2333
234
33.2667
234
33.3
234
33.3333
234
33.3667
234
33.4
234
33.4333
234
33.4667
234
33.5
235
33.5333
235
33.5667
235
33.6
235
33.6333
235
33.6667
235
33.7
235
33.7333
235
33.7667
235
33.8
235
33.8333
236
33.8667
236
33.9
237
33.9333
237
33.9667
237
34
237
34.0333
237
34.0667
237
34.1
237
34.1333
237
34.1667
237
34.2
237
34.2333
237
34.2667
237
34.3
237
34.3333
237
34.3667
237
34.4
237
34.4333
237
34.4667
237
34.5
237
34.5333
237
34.5667
237
34.6
237
34.6333
237
34.6667
237
34.7
237
34.7333
237
34.7667
237
34.8
237
34.8333
237
34.8667
237
34.9
237
34.9333
237
34.9667
237
35
237
35.0333
237
35.0667
237
35.1
237
35.1333
238
35.1667
238
35.2
238
35.2333
238
35.2667
238
35.3
238
35.3333
238
35.3667
238
35.4
238
35.4333
238
35.4667
238
35.5
239
35.5333
239
35.5667
239
35.6
239
35.6333
239
35.6667
239
35.7
239
35.7333
239
35.7667
239
35.8
239
35.8333
239
35.8667
239
35.9
239
35.9333
239
35.9667
240
36
240
36.0333
240
36.0667
240
36.1
240
36.1333
240
36.1667
240
36.2
240
36.2333
240
36.2667
240
36.3
240
36.3333
240
36.3667
240
36.4
240
36.4333
240
36.4667
240
36.5
240
36.5333
240
36.5667
240
36.6
240
36.6333
240
36.6667
240
36.7
240
36.7333
240
36.7667
240
36.8
240
36.8333
240
36.8667
240
36.9
240
36.9333
240
36.9667
240
37
240
37.0333
240
37.0667
240
37.1
240
37.1333
240
37.1667
240
37.2
240
37.2333
241
37.2667
241
37.3
241
37.3333
241
37.3667
241
37.4
241
37.4333
241
37.4667
241
37.5
241
37.5333
241
37.5667
241
37.6
241
37.6333
241
37.6667
241
37.7
241
37.7333
241
37.7667
241
37.8
241
37.8333
241
37.8667
241
37.9
241
37.9333
241
37.9667
241
38
241
38.0333
241
38.0667
241
38.1
241
38.1333
241
38.1667
241
38.2
241
38.2333
242
38.2667
242
38.3
242
38.3333
242
38.3667
242
38.4
242
38.4333
242
38.4667
242
38.5
242
38.5333
242
38.5667
242
38.6
242
38.6333
242
38.6667
242
38.7
242
38.7333
242
38.7667
242
38.8
242
38.8333
242
38.8667
243
38.9
243
38.9333
243
38.9667
243
39
243
39.0333
243
39.0667
243
39.1
243
39.1333
243
39.1667
243
39.2
243
39.2333
243
39.2667
243
39.3
243
39.3333
243
39.3667
243
39.4
243
39.4333
243
39.4667
243
39.5
243
39.5333
243
39.5667
244
39.6
244
39.6333
244
39.6667
244
39.7
244
39.7333
244
39.7667
244
39.8
244
39.8333
244
39.8667
244
39.9
244
39.9333
244
39.9667
244
40
244
40.0333
244
40.0667
244
40.1
244
40.1333
244
40.1667
244
40.2
244
40.2333
244
40.2667
244
40.3
244
40.3333
244
40.3667
244
40.4
244
40.4333
244
40.4667
244
40.5
244
40.5333
244
40.5667
244
40.6
244
40.6333
244
40.6667
244
40.7
244
40.7333
244
40.7667
244
40.8
244
40.8333
244
40.8667
244
40.9
244
40.9333
244
40.9667
244
41
244
41.0333
244
41.0667
244
41.1
244
41.1333
244
41.1667
244
41.2
244
41.2333
244
41.2667
244
41.3
244
41.3333
244
41.3667
244
41.4
244
41.4333
244
41.4667
244
41.5
244
41.5333
244
41.5667
244
41.6
244
41.6333
244
41.6667
244
41.7
244
41.7333
244
41.7667
244
41.8
245
41.8333
245
41.8667
245
41.9
245
41.9333
245
41.9667
245
42
245
42.0333
245
42.0667
245
42.1
245
42.1333
245
42.1667
245
42.2
245
42.2333
245
42.2667
245
42.3
245
42.3333
245
42.3667
245
42.4
245
42.4333
245
42.4667
245
42.5
245
42.5333
245
42.5667
245
42.6
245
42.6333
245
42.6667
245
42.7
245
42.7333
245
42.7667
245
42.8
245
42.8333
245
42.8667
245
42.9
245
42.9333
245
42.9667
245
43
245
43.0333
245
43.0667
245
43.1
245
43.1333
245
43.1667
245
43.2
245
43.2333
245
43.2667
245
43.3
245
43.3333
245
43.3667
245
43.4
245
43.4333
245
43.4667
245
43.5
245
43.5333
245
43.5667
245
43.6
245
43.6333
245
43.6667
245
43.7
245
43.7333
245
43.7667
245
43.8
245
43.8333
245
43.8667
245
43.9
245
43.9333
245
43.9667
245
44
245
44.0333
245
44.0667
245
44.1
245
44.1333
245
44.1667
245
44.2
245
44.2333
245
44.2667
245
44.3
245
44.3333
245
44.3667
245
44.4
245
44.4333
245
44.4667
245
44.5
245
44.5333
245
44.5667
245
44.6
245
44.6333
245
44.6667
245
44.7
245
44.7333
245
44.7667
245
44.8
245
44.8333
245
44.8667
245
44.9
245
44.9333
245
44.9667
245
45
245
45.0333
245
45.0667
245
45.1
245
45.1333
245
45.1667
245
45.2
245
45.2333
245
45.2667
245
45.3
245
45.3333
245
45.3667
245
45.4
245
45.4333
245
45.4667
245
45.5
245
45.5333
245
45.5667
245
45.6
246
45.6333
246
45.6667
246
45.7
246
45.7333
246
45.7667
247
45.8
247
45.8333
247
45.8667
248
45.9
248
45.9333
248
45.9667
249
46
249
46.0333
250
46.0667
250
46.1
250
46.1333
250
46.1667
250
46.2
250
46.2333
250
46.2667
250
46.3
250
46.3333
250
46.3667
250
46.4
250
46.4333
250
46.4667
250
46.5
251
46.5333
251
46.5667
251
46.6
251
46.6333
251
46.6667
251
46.7
251
46.7333
251
46.7667
251
46.8
251
46.8333
251
46.8667
251
46.9
251
46.9333
251
46.9667
251
47
251
47.0333
251
47.0667
251
47.1
251
47.1333
251
47.1667
251
47.2
251
47.2333
251
47.2667
251
47.3
251
47.3333
251
47.3667
251
47.4
251
47.4333
251
47.4667
251
47.5
251
47.5333
251
47.5667
251
47.6
251
47.6333
251
47.6667
251
47.7
251
47.7333
251
47.7667
251
47.8
251
47.8333
251
47.8667
251
47.9
251
47.9333
251
47.9667
251
48
251
48.0333
251
48.0667
251
48.1
251
48.1333
251
48.1667
251
48.2
251
48.2333
251
48.2667
251
48.3
251
48.3333
251
48.3667
251
48.4
251
48.4333
251
48.4667
251
48.5
251
48.5333
251
48.5667
251
48.6
251
48.6333
251
48.6667
251
48.7
251
48.7333
251
48.7667
251
48.8
251
48.8333
251
48.8667
251
48.9
251
48.9333
251
48.9667
251
49
251
49.0333
251
49.0667
251
49.1
251
49.1333
251
49.1667
251
49.2
251
49.2333
251
49.2667
251
49.3
251
49.3333
251
49.3667
251
49.4
251
49.4333
251
49.4667
251
49.5
251
49.5333
251
49.5667
251
49.6
251
49.6333
251
49.6667
251
49.7
251
49.7333
251
49.7667
251
49.8
251
49.8333
251
49.8667
251
49.9
251
49.9333
251
49.9667
251
50
251
50.0333
251
50.0667
251
50.1
251
50.1333
251
50.1667
251
50.2
251
50.2333
251
50.2667
251
50.3
251
50.3333
251
50.3667
251
50.4
251
50.4333
251
50.4667
251
50.5
251
50.5333
251
50.5667
251
50.6
251
50.6333
251
50.6667
251
50.7
251
50.7333
251
50.7667
251
50.8
251
50.8333
251
50.8667
251
50.9
251
50.9333
251
50.9667
251
51
251
51.0333
251
51.0667
251
51.1
251
51.1333
251
51.1667
251
51.2
251
51.2333
251
51.2667
251
51.3
251
51.3333
251
51.3667
251
51.4
251
51.4333
251
51.4667
251
51.5
251
51.5333
251
51.5667
251
51.6
251
51.6333
251
51.6667
251
51.7
251
51.7333
251
51.7667
251
51.8
251
51.8333
251
51.8667
251
51.9
251
51.9333
251
51.9667
251
52
251
52.0333
251
52.0667
251
52.1
251
52.1333
251
52.1667
251
52.2
251
52.2333
251
52.2667
251
52.3
251
52.3333
251
52.3667
251
52.4
251
52.4333
251
52.4667
251
52.5
251
52.5333
251
52.5667
251
52.6
251
52.6333
251
52.6667
251
52.7
251
52.7333
251
52.7667
251
52.8
251
52.8333
251
52.8667
251
52.9
251
52.9333
251
52.9667
251
53
251
53.0333
251
53.0667
251
53.1
251
53.1333
251
53.1667
251
53.2
251
53.2333
251
53.2667
251
53.3
251
53.3333
251
