0
1
0.0333333
1
0.0666667
1
0.1
1
0.133333
1
0.166667
1
0.2
1
0.233333
1
0.266667
1
0.3
1
0.333333
1
0.366667
1
0.4
1
0.433333
1
0.466667
1
0.5
1
0.533333
1
0.566667
1
0.6
1
0.633333
1
0.666667
1
0.7
1
0.733333
1
0.766667
1
0.8
1
0.833333
1
0.866667
1
0.9
1
0.933333
1
0.966667
1
1
1
1.03333
1
1.06667
1
1.1
1
1.13333
1
1.16667
1
1.2
1
1.23333
1
1.26667
1
1.3
1
1.33333
1
1.36667
1
1.4
1
1.43333
1
1.46667
1
1.5
1
1.53333
1
1.56667
1
1.6
1
1.63333
1
1.66667
1
1.7
1
1.73333
1
1.76667
1
1.8
1
1.83333
1
1.86667
1
1.9
1
1.93333
1
1.96667
1
2
1
2.03333
1
2.06667
1
2.1
1
2.13333
1
2.16667
1
2.2
1
2.23333
1
2.26667
1
2.3
1
2.33333
1
2.36667
1
2.4
1
2.43333
1
2.46667
1
2.5
1
2.53333
1
2.56667
1
2.6
1
2.63333
1
2.66667
1
2.7
1
2.73333
1
2.76667
1
2.8
1
2.83333
1
2.86667
1
2.9
1
2.93333
1
2.96667
1
3
1
3.03333
1
3.06667
1
3.1
1
3.13333
1
3.16667
1
3.2
1
3.23333
1
3.26667
1
3.3
1
3.33333
1
3.36667
1
3.4
1
3.43333
1
3.46667
1
3.5
1
3.53333
1
3.56667
1
3.6
1
3.63333
1
3.66667
1
3.7
1
3.73333
1
3.76667
1
3.8
1
3.83333
1
3.86667
1
3.9
1
3.93333
1
3.96667
1
4
1
4.03333
1
4.06667
1
4.1
1
4.13333
1
4.16667
1
4.2
1
4.23333
1
4.26667
1
4.3
1
4.33333
1
4.36667
1
4.4
1
4.43333
1
4.46667
1
4.5
1
4.53333
1
4.56667
1
4.6
1
4.63333
1
4.66667
1
4.7
1
4.73333
1
4.76667
1
4.8
1
4.83333
1
4.86667
1
4.9
1
4.93333
1
4.96667
1
5
1
5.03333
1
5.06667
1
5.1
1
5.13333
1
5.16667
1
5.2
1
5.23333
1
5.26667
1
5.3
1
5.33333
1
5.36667
1
5.4
2
5.43333
2
5.46667
2
5.5
2
5.53333
2
5.56667
2
5.6
2
5.63333
2
5.66667
2
5.7
2
5.73333
2
5.76667
2
5.8
2
5.83333
2
5.86667
2
5.9
2
5.93333
2
5.96667
2
6
2
6.03333
2
6.06667
2
6.1
2
6.13333
2
6.16667
3
6.2
4
6.23333
4
6.26667
4
6.3
4
6.33333
4
6.36667
4
6.4
4
6.43333
4
6.46667
4
6.5
4
6.53333
4
6.56667
4
6.6
5
6.63333
5
6.66667
5
6.7
5
6.73333
5
6.76667
5
6.8
6
6.83333
6
6.86667
7
6.9
7
6.93333
7
6.96667
7
7
7
7.03333
8
7.06667
8
7.1
8
7.13333
8
7.16667
8
7.2
8
7.23333
8
7.26667
8
7.3
9
7.33333
9
7.36667
10
7.4
10
7.43333
10
7.46667
10
7.5
10
7.53333
11
7.56667
11
7.6
11
7.63333
11
7.66667
11
7.7
11
7.73333
11
7.76667
11
7.8
11
7.83333
11
7.86667
11
7.9
11
7.93333
12
7.96667
12
8
12
8.03333
12
8.06667
13
8.1
13
8.13333
13
8.16667
13
8.2
13
8.23333
13
8.26667
13
8.3
13
8.33333
13
8.36667
13
8.4
14
8.43333
14
8.46667
14
8.5
14
8.53333
15
8.56667
16
8.6
17
8.63333
17
8.66667
18
8.7
18
8.73333
18
8.76667
18
8.8
18
8.83333
18
8.86667
18
8.9
18
8.93333
18
8.96667
18
9
18
9.03333
18
9.06667
18
9.1
20
9.13333
21
9.16667
22
9.2
22
9.23333
22
9.26667
22
9.3
22
9.33333
23
9.36667
24
9.4
24
9.43333
26
9.46667
26
9.5
27
9.53333
27
9.56667
27
9.6
27
9.63333
28
9.66667
29
9.7
29
9.73333
31
9.76667
32
9.8
33
9.83333
34
9.86667
36
9.9
38
9.93333
39
9.96667
40
10
41
10.0333
41
10.0667
41
10.1
42
10.1333
44
10.1667
44
10.2
44
10.2333
44
10.2667
45
10.3
45
10.3333
46
10.3667
46
10.4
46
10.4333
46
10.4667
46
10.5
46
10.5333
46
10.5667
48
10.6
48
10.6333
49
10.6667
49
10.7
49
10.7333
49
10.7667
49
10.8
49
10.8333
49
10.8667
50
10.9
50
10.9333
50
10.9667
50
11
51
11.0333
52
11.0667
52
11.1
52
11.1333
52
11.1667
52
11.2
52
11.2333
52
11.2667
52
11.3
52
11.3333
52
11.3667
52
11.4
52
11.4333
52
11.4667
52
11.5
52
11.5333
52
11.5667
52
11.6
52
11.6333
52
11.6667
52
11.7
52
11.7333
54
11.7667
56
11.8
56
11.8333
57
11.8667
58
11.9
59
11.9333
59
11.9667
59
12
59
12.0333
60
12.0667
60
12.1
61
12.1333
61
12.1667
62
12.2
64
12.2333
64
12.2667
64
12.3
65
12.3333
65
12.3667
68
12.4
68
12.4333
68
12.4667
69
12.5
69
12.5333
69
12.5667
69
12.6
69
12.6333
70
12.6667
70
12.7
70
12.7333
71
12.7667
71
12.8
72
12.8333
72
12.8667
72
12.9
72
12.9333
73
12.9667
73
13
73
13.0333
74
13.0667
74
13.1
74
13.1333
74
13.1667
74
13.2
74
13.2333
75
13.2667
75
13.3
75
13.3333
75
13.3667
76
13.4
76
13.4333
76
13.4667
77
13.5
77
13.5333
78
13.5667
78
13.6
78
13.6333
78
13.6667
79
13.7
80
13.7333
81
13.7667
82
13.8
82
13.8333
83
13.8667
83
13.9
83
13.9333
84
13.9667
84
14
84
14.0333
87
14.0667
87
14.1
87
14.1333
87
14.1667
87
14.2
87
14.2333
87
14.2667
88
14.3
88
14.3333
88
14.3667
88
14.4
88
14.4333
88
14.4667
88
14.5
88
14.5333
89
14.5667
89
14.6
89
14.6333
91
14.6667
91
14.7
92
14.7333
93
14.7667
94
14.8
94
14.8333
94
14.8667
94
14.9
94
14.9333
94
14.9667
94
15
94
15.0333
94
15.0667
94
15.1
96
15.1333
96
15.1667
96
15.2
96
15.2333
96
15.2667
96
15.3
96
15.3333
96
15.3667
96
15.4
96
15.4333
98
15.4667
99
15.5
99
15.5333
99
15.5667
99
15.6
99
15.6333
99
15.6667
99
15.7
99
15.7333
100
15.7667
100
15.8
100
15.8333
100
15.8667
101
15.9
101
15.9333
102
15.9667
102
16
103
16.0333
103
16.0667
103
16.1
103
16.1333
103
16.1667
103
16.2
103
16.2333
103
16.2667
103
16.3
104
16.3333
104
16.3667
104
16.4
104
16.4333
104
16.4667
105
16.5
105
16.5333
105
16.5667
105
16.6
105
16.6333
105
16.6667
105
16.7
105
16.7333
105
16.7667
106
16.8
106
16.8333
106
16.8667
106
16.9
106
16.9333
106
16.9667
106
17
106
17.0333
106
17.0667
106
17.1
106
17.1333
107
17.1667
107
17.2
107
17.2333
108
17.2667
108
17.3
108
17.3333
108
17.3667
108
17.4
108
17.4333
109
17.4667
109
17.5
110
17.5333
110
17.5667
110
17.6
111
17.6333
111
17.6667
111
17.7
112
17.7333
113
17.7667
113
17.8
113
17.8333
113
17.8667
113
17.9
113
17.9333
113
17.9667
113
18
114
18.0333
114
18.0667
114
18.1
114
18.1333
114
18.1667
114
18.2
114
18.2333
114
18.2667
114
18.3
114
18.3333
114
18.3667
114
18.4
114
18.4333
114
18.4667
114
18.5
114
18.5333
114
18.5667
115
18.6
115
18.6333
115
18.6667
115
18.7
115
18.7333
115
18.7667
115
18.8
115
18.8333
115
18.8667
115
18.9
115
18.9333
115
18.9667
115
19
115
19.0333
115
19.0667
115
19.1
116
19.1333
116
19.1667
116
19.2
116
19.2333
116
19.2667
116
19.3
116
19.3333
117
19.3667
117
19.4
118
19.4333
118
19.4667
119
19.5
119
19.5333
119
19.5667
119
19.6
119
19.6333
119
19.6667
119
19.7
119
19.7333
119
19.7667
119
19.8
119
19.8333
119
19.8667
119
19.9
119
19.9333
119
19.9667
119
20
119
20.0333
119
20.0667
119
20.1
119
20.1333
119
20.1667
119
20.2
119
20.2333
119
20.2667
119
20.3
119
20.3333
119
20.3667
119
20.4
119
20.4333
119
20.4667
119
20.5
119
20.5333
119
20.5667
119
20.6
119
20.6333
119
20.6667
120
20.7
120
20.7333
120
20.7667
120
20.8
120
20.8333
120
20.8667
120
20.9
120
20.9333
120
20.9667
120
21
120
21.0333
120
21.0667
120
21.1
120
21.1333
120
21.1667
120
21.2
120
21.2333
120
21.2667
120
21.3
120
21.3333
121
21.3667
121
21.4
121
21.4333
121
21.4667
121
21.5
122
21.5333
122
21.5667
122
21.6
122
21.6333
122
21.6667
122
21.7
122
21.7333
122
21.7667
122
21.8
122
21.8333
122
21.8667
122
21.9
122
21.9333
122
21.9667
122
22
122
22.0333
122
22.0667
122
22.1
122
22.1333
122
22.1667
122
22.2
122
22.2333
122
22.2667
122
22.3
123
22.3333
123
22.3667
124
22.4
124
22.4333
126
22.4667
126
22.5
128
22.5333
128
22.5667
129
22.6
129
22.6333
130
22.6667
131
22.7
131
22.7333
131
22.7667
131
22.8
131
22.8333
131
22.8667
131
22.9
131
22.9333
131
22.9667
132
23
132
23.0333
133
23.0667
134
23.1
134
23.1333
135
23.1667
136
23.2
136
23.2333
136
23.2667
137
23.3
137
23.3333
137
23.3667
137
23.4
137
23.4333
137
23.4667
137
23.5
137
23.5333
137
23.5667
137
23.6
137
23.6333
137
23.6667
138
23.7
138
23.7333
138
23.7667
138
23.8
138
23.8333
138
23.8667
138
23.9
138
23.9333
139
23.9667
140
24
140
24.0333
140
24.0667
141
24.1
141
24.1333
142
24.1667
142
24.2
142
24.2333
142
24.2667
142
24.3
142
24.3333
142
24.3667
142
24.4
143
24.4333
144
24.4667
144
24.5
144
24.5333
144
24.5667
144
24.6
144
24.6333
144
24.6667
144
24.7
144
24.7333
144
24.7667
144
24.8
144
24.8333
144
24.8667
144
24.9
145
24.9333
146
24.9667
147
25
147
25.0333
147
25.0667
147
25.1
147
25.1333
147
25.1667
147
25.2
147
25.2333
147
25.2667
147
25.3
147
25.3333
147
25.3667
148
25.4
148
25.4333
148
25.4667
148
25.5
148
25.5333
149
25.5667
149
25.6
149
25.6333
150
25.6667
150
25.7
150
25.7333
150
25.7667
150
25.8
150
25.8333
150
25.8667
150
25.9
150
25.9333
150
25.9667
150
26
150
26.0333
150
26.0667
150
26.1
151
26.1333
151
26.1667
151
26.2
151
26.2333
152
26.2667
152
26.3
152
26.3333
152
26.3667
152
26.4
152
26.4333
152
26.4667
152
26.5
152
26.5333
152
26.5667
152
26.6
152
26.6333
152
26.6667
152
26.7
152
26.7333
152
26.7667
152
26.8
152
26.8333
152
26.8667
152
26.9
152
26.9333
152
26.9667
152
27
152
27.0333
152
27.0667
152
27.1
152
27.1333
152
27.1667
153
27.2
153
27.2333
153
27.2667
153
27.3
153
27.3333
153
27.3667
153
27.4
153
27.4333
153
27.4667
153
27.5
153
27.5333
153
27.5667
153
27.6
154
27.6333
154
27.6667
154
27.7
154
27.7333
154
27.7667
154
27.8
154
27.8333
154
27.8667
154
27.9
154
27.9333
154
27.9667
154
28
154
28.0333
154
28.0667
154
28.1
154
28.1333
154
28.1667
154
28.2
154
28.2333
154
28.2667
154
28.3
154
28.3333
154
28.3667
154
28.4
154
28.4333
154
28.4667
154
28.5
154
28.5333
154
28.5667
154
28.6
154
28.6333
154
28.6667
154
28.7
154
28.7333
155
28.7667
155
28.8
155
28.8333
155
28.8667
155
28.9
155
28.9333
156
28.9667
156
29
156
29.0333
157
29.0667
157
29.1
157
29.1333
157
29.1667
157
29.2
157
29.2333
158
29.2667
158
29.3
158
29.3333
158
29.3667
158
29.4
158
29.4333
158
29.4667
158
29.5
158
29.5333
158
29.5667
158
29.6
158
29.6333
158
29.6667
158
29.7
158
29.7333
158
29.7667
158
29.8
158
29.8333
158
29.8667
158
29.9
158
29.9333
158
29.9667
158
30
158
30.0333
158
30.0667
158
30.1
158
30.1333
158
30.1667
158
30.2
158
30.2333
158
30.2667
158
30.3
158
30.3333
158
30.3667
158
30.4
158
30.4333
158
30.4667
158
30.5
158
30.5333
158
30.5667
158
30.6
158
30.6333
158
30.6667
158
30.7
158
30.7333
158
30.7667
158
30.8
158
30.8333
158
30.8667
158
30.9
158
30.9333
158
30.9667
158
31
158
31.0333
158
31.0667
158
31.1
158
31.1333
158
31.1667
158
31.2
158
31.2333
158
31.2667
158
31.3
158
31.3333
158
31.3667
158
31.4
158
31.4333
158
31.4667
158
31.5
158
31.5333
158
31.5667
158
31.6
158
31.6333
158
31.6667
158
31.7
158
31.7333
158
31.7667
158
31.8
158
31.8333
158
31.8667
158
31.9
158
31.9333
158
31.9667
158
32
158
32.0333
158
32.0667
158
32.1
158
32.1333
158
32.1667
158
32.2
158
32.2333
158
32.2667
158
32.3
159
32.3333
159
32.3667
159
32.4
159
32.4333
159
32.4667
159
32.5
159
32.5333
159
32.5667
159
32.6
159
32.6333
159
32.6667
159
32.7
159
32.7333
159
32.7667
159
32.8
159
32.8333
159
32.8667
159
32.9
159
32.9333
159
32.9667
159
33
159
33.0333
159
33.0667
159
33.1
159
33.1333
160
33.1667
160
33.2
160
33.2333
160
33.2667
160
33.3
160
33.3333
160
33.3667
160
33.4
160
33.4333
160
33.4667
160
33.5
160
33.5333
160
33.5667
160
33.6
160
33.6333
160
33.6667
160
33.7
160
33.7333
160
33.7667
160
33.8
160
33.8333
160
33.8667
160
33.9
160
33.9333
160
33.9667
160
34
160
34.0333
160
34.0667
160
34.1
160
34.1333
160
34.1667
160
34.2
161
34.2333
161
34.2667
161
34.3
161
34.3333
161
34.3667
161
34.4
162
34.4333
162
34.4667
162
34.5
162
34.5333
162
34.5667
162
34.6
162
34.6333
162
34.6667
162
34.7
162
34.7333
162
34.7667
162
34.8
162
34.8333
162
34.8667
162
34.9
162
34.9333
162
34.9667
162
35
162
35.0333
162
35.0667
162
35.1
162
35.1333
162
35.1667
162
35.2
162
35.2333
162
35.2667
162
35.3
162
35.3333
162
35.3667
162
35.4
162
35.4333
162
35.4667
162
35.5
162
35.5333
162
35.5667
162
35.6
162
35.6333
162
35.6667
162
35.7
162
35.7333
162
35.7667
162
35.8
162
35.8333
162
35.8667
162
35.9
162
35.9333
162
35.9667
162
36
162
36.0333
162
36.0667
162
36.1
162
36.1333
162
36.1667
162
36.2
162
36.2333
162
36.2667
162
36.3
162
36.3333
162
36.3667
162
36.4
162
36.4333
162
36.4667
162
36.5
162
36.5333
162
36.5667
162
36.6
162
36.6333
162
36.6667
162
36.7
162
36.7333
162
36.7667
162
36.8
162
36.8333
162
36.8667
162
36.9
162
36.9333
162
36.9667
162
37
162
37.0333
162
37.0667
162
37.1
162
37.1333
162
37.1667
162
37.2
162
37.2333
162
37.2667
162
37.3
162
37.3333
162
37.3667
162
37.4
162
37.4333
162
37.4667
162
37.5
162
37.5333
162
37.5667
162
37.6
162
37.6333
162
37.6667
162
37.7
162
37.7333
162
37.7667
162
37.8
162
37.8333
162
37.8667
162
37.9
162
37.9333
162
37.9667
162
38
162
38.0333
162
38.0667
162
38.1
163
38.1333
163
38.1667
163
38.2
163
38.2333
163
38.2667
163
38.3
163
38.3333
163
38.3667
163
38.4
163
38.4333
163
38.4667
163
38.5
163
38.5333
163
38.5667
163
38.6
163
38.6333
163
38.6667
163
38.7
163
38.7333
163
38.7667
163
38.8
163
38.8333
163
38.8667
163
38.9
163
38.9333
164
38.9667
164
39
164
39.0333
164
39.0667
164
39.1
164
39.1333
164
39.1667
164
39.2
164
39.2333
164
39.2667
164
39.3
164
39.3333
164
39.3667
164
39.4
164
39.4333
164
39.4667
164
39.5
164
39.5333
164
39.5667
164
39.6
164
39.6333
164
39.6667
164
39.7
164
39.7333
164
39.7667
164
39.8
164
39.8333
164
39.8667
164
39.9
164
39.9333
164
39.9667
164
40
164
40.0333
164
40.0667
164
40.1
164
40.1333
164
40.1667
164
40.2
164
40.2333
164
40.2667
164
40.3
164
40.3333
164
40.3667
164
40.4
164
40.4333
164
40.4667
164
40.5
164
40.5333
164
40.5667
164
40.6
164
40.6333
164
40.6667
164
40.7
164
40.7333
164
40.7667
164
40.8
164
40.8333
164
40.8667
164
40.9
164
40.9333
164
40.9667
164
41
164
41.0333
164
41.0667
164
41.1
164
41.1333
164
41.1667
164
41.2
164
41.2333
164
41.2667
164
41.3
164
41.3333
164
41.3667
165
41.4
165
41.4333
165
41.4667
165
41.5
165
41.5333
165
41.5667
165
41.6
165
41.6333
165
41.6667
165
41.7
165
41.7333
165
41.7667
165
41.8
165
41.8333
165
41.8667
165
41.9
165
41.9333
165
41.9667
165
42
165
42.0333
165
42.0667
165
42.1
165
42.1333
165
42.1667
165
42.2
165
42.2333
165
42.2667
165
42.3
165
42.3333
165
42.3667
165
42.4
165
42.4333
165
42.4667
165
42.5
165
42.5333
165
42.5667
165
42.6
165
42.6333
166
42.6667
166
42.7
166
42.7333
166
42.7667
166
42.8
166
42.8333
166
42.8667
166
42.9
166
42.9333
166
42.9667
166
43
166
43.0333
166
43.0667
166
43.1
166
43.1333
166
43.1667
166
43.2
166
43.2333
166
43.2667
166
43.3
166
43.3333
166
43.3667
166
43.4
166
43.4333
166
43.4667
166
43.5
166
43.5333
166
43.5667
166
43.6
166
43.6333
166
43.6667
166
43.7
166
43.7333
166
43.7667
166
43.8
166
43.8333
166
43.8667
166
43.9
166
43.9333
166
43.9667
166
44
166
44.0333
166
44.0667
166
44.1
166
44.1333
166
44.1667
166
44.2
166
44.2333
166
44.2667
167
44.3
167
44.3333
167
44.3667
167
44.4
167
44.4333
167
44.4667
167
44.5
167
44.5333
167
44.5667
167
44.6
167
44.6333
167
44.6667
167
44.7
167
44.7333
167
44.7667
167
44.8
167
44.8333
167
44.8667
167
44.9
167
44.9333
167
44.9667
167
45
167
45.0333
167
45.0667
167
45.1
167
45.1333
167
45.1667
167
45.2
167
45.2333
167
45.2667
167
45.3
167
45.3333
167
45.3667
167
45.4
167
45.4333
167
45.4667
167
45.5
167
45.5333
167
45.5667
167
45.6
167
45.6333
167
45.6667
167
45.7
167
45.7333
167
45.7667
167
45.8
167
45.8333
167
45.8667
167
45.9
167
45.9333
167
45.9667
167
46
167
46.0333
167
46.0667
167
46.1
167
46.1333
167
46.1667
167
46.2
167
46.2333
167
46.2667
167
46.3
167
46.3333
167
46.3667
167
46.4
167
46.4333
167
46.4667
167
46.5
167
46.5333
167
46.5667
167
46.6
167
46.6333
167
46.6667
167
46.7
167
46.7333
167
46.7667
167
46.8
167
46.8333
167
46.8667
167
46.9
167
46.9333
167
46.9667
167
47
167
47.0333
167
47.0667
167
47.1
167
47.1333
167
47.1667
167
47.2
167
47.2333
167
47.2667
167
47.3
167
47.3333
167
47.3667
167
47.4
167
47.4333
167
47.4667
167
47.5
167
47.5333
167
47.5667
167
47.6
167
47.6333
167
47.6667
167
47.7
167
47.7333
167
47.7667
167
47.8
167
47.8333
167
47.8667
167
47.9
167
47.9333
167
47.9667
167
48
167
48.0333
167
48.0667
167
48.1
167
48.1333
167
48.1667
167
48.2
167
48.2333
167
48.2667
167
48.3
167
48.3333
167
48.3667
167
48.4
167
48.4333
167
48.4667
167
48.5
167
48.5333
168
48.5667
168
48.6
168
48.6333
168
48.6667
168
48.7
168
48.7333
168
48.7667
168
48.8
168
48.8333
168
48.8667
168
48.9
168
48.9333
168
48.9667
168
49
168
49.0333
168
49.0667
168
49.1
168
49.1333
168
49.1667
168
49.2
168
49.2333
168
49.2667
168
49.3
168
49.3333
168
49.3667
168
49.4
168
49.4333
168
49.4667
168
49.5
168
49.5333
168
49.5667
168
49.6
168
49.6333
168
49.6667
168
49.7
168
49.7333
168
49.7667
168
49.8
168
49.8333
168
49.8667
168
49.9
168
49.9333
168
49.9667
168
50
168
50.0333
168
50.0667
168
50.1
168
50.1333
168
50.1667
168
50.2
168
50.2333
168
50.2667
168
50.3
168
50.3333
168
50.3667
168
50.4
168
50.4333
168
50.4667
168
50.5
168
50.5333
168
50.5667
168
50.6
168
50.6333
168
50.6667
168
50.7
168
50.7333
168
50.7667
168
50.8
168
50.8333
168
50.8667
168
50.9
168
50.9333
168
50.9667
168
51
168
51.0333
168
51.0667
168
51.1
168
51.1333
168
51.1667
168
51.2
168
51.2333
168
51.2667
168
51.3
168
51.3333
168
51.3667
168
51.4
168
51.4333
168
51.4667
168
51.5
168
51.5333
168
51.5667
168
51.6
168
51.6333
168
51.6667
168
51.7
168
51.7333
168
51.7667
168
51.8
168
51.8333
168
51.8667
168
51.9
168
51.9333
168
51.9667
168
52
168
52.0333
168
52.0667
168
52.1
168
52.1333
168
52.1667
168
52.2
168
52.2333
168
52.2667
168
52.3
168
52.3333
168
52.3667
168
52.4
168
52.4333
168
52.4667
168
52.5
168
52.5333
169
52.5667
169
52.6
169
52.6333
169
52.6667
169
52.7
169
52.7333
169
52.7667
169
52.8
169
52.8333
169
52.8667
169
52.9
169
52.9333
169
52.9667
169
53
169
53.0333
169
53.0667
169
53.1
169
53.1333
169
53.1667
169
53.2
169
53.2333
169
53.2667
169
53.3
169
53.3333
169
