0
1
0.0333333
1
0.0666667
1
0.1
1
0.133333
1
0.166667
1
0.2
1
0.233333
1
0.266667
1
0.3
1
0.333333
1
0.366667
1
0.4
1
0.433333
1
0.466667
1
0.5
1
0.533333
1
0.566667
1
0.6
1
0.633333
1
0.666667
1
0.7
1
0.733333
1
0.766667
1
0.8
1
0.833333
1
0.866667
1
0.9
1
0.933333
1
0.966667
1
1
1
1.03333
1
1.06667
1
1.1
1
1.13333
1
1.16667
1
1.2
1
1.23333
1
1.26667
1
1.3
1
1.33333
1
1.36667
1
1.4
1
1.43333
1
1.46667
1
1.5
1
1.53333
1
1.56667
1
1.6
1
1.63333
1
1.66667
1
1.7
1
1.73333
1
1.76667
1
1.8
1
1.83333
1
1.86667
1
1.9
1
1.93333
1
1.96667
1
2
1
2.03333
1
2.06667
1
2.1
1
2.13333
1
2.16667
1
2.2
1
2.23333
1
2.26667
1
2.3
1
2.33333
1
2.36667
1
2.4
1
2.43333
1
2.46667
1
2.5
1
2.53333
1
2.56667
1
2.6
1
2.63333
1
2.66667
1
2.7
1
2.73333
1
2.76667
1
2.8
1
2.83333
1
2.86667
1
2.9
1
2.93333
1
2.96667
1
3
1
3.03333
1
3.06667
1
3.1
1
3.13333
1
3.16667
1
3.2
1
3.23333
1
3.26667
1
3.3
1
3.33333
1
3.36667
1
3.4
1
3.43333
1
3.46667
1
3.5
1
3.53333
1
3.56667
1
3.6
1
3.63333
1
3.66667
1
3.7
1
3.73333
1
3.76667
1
3.8
1
3.83333
1
3.86667
1
3.9
1
3.93333
1
3.96667
1
4
1
4.03333
1
4.06667
1
4.1
1
4.13333
1
4.16667
1
4.2
1
4.23333
1
4.26667
1
4.3
1
4.33333
1
4.36667
1
4.4
1
4.43333
1
4.46667
1
4.5
1
4.53333
1
4.56667
1
4.6
1
4.63333
1
4.66667
1
4.7
1
4.73333
1
4.76667
1
4.8
1
4.83333
1
4.86667
1
4.9
1
4.93333
1
4.96667
1
5
2
5.03333
2
5.06667
2
5.1
2
5.13333
2
5.16667
2
5.2
2
5.23333
2
5.26667
2
5.3
2
5.33333
3
5.36667
3
5.4
3
5.43333
4
5.46667
4
5.5
4
5.53333
4
5.56667
4
5.6
4
5.63333
4
5.66667
4
5.7
4
5.73333
4
5.76667
4
5.8
5
5.83333
5
5.86667
5
5.9
5
5.93333
5
5.96667
5
6
5
6.03333
5
6.06667
5
6.1
6
6.13333
6
6.16667
7
6.2
8
6.23333
8
6.26667
8
6.3
9
6.33333
9
6.36667
9
6.4
11
6.43333
11
6.46667
11
6.5
11
6.53333
12
6.56667
13
6.6
14
6.63333
15
6.66667
15
6.7
15
6.73333
16
6.76667
16
6.8
16
6.83333
16
6.86667
16
6.9
16
6.93333
16
6.96667
16
7
16
7.03333
16
7.06667
18
7.1
20
7.13333
20
7.16667
20
7.2
20
7.23333
20
7.26667
21
7.3
22
7.33333
23
7.36667
25
7.4
27
7.43333
28
7.46667
29
7.5
29
7.53333
31
7.56667
31
7.6
33
7.63333
35
7.66667
36
7.7
36
7.73333
37
7.76667
40
7.8
41
7.83333
43
7.86667
43
7.9
43
7.93333
44
7.96667
47
8
47
8.03333
48
8.06667
48
8.1
49
8.13333
50
8.16667
51
8.2
51
8.23333
53
8.26667
53
8.3
54
8.33333
57
8.36667
59
8.4
60
8.43333
60
8.46667
61
8.5
61
8.53333
61
8.56667
61
8.6
61
8.63333
62
8.66667
65
8.7
65
8.73333
65
8.76667
66
8.8
66
8.83333
66
8.86667
66
8.9
66
8.93333
67
8.96667
67
9
68
9.03333
70
9.06667
72
9.1
73
9.13333
74
9.16667
74
9.2
74
9.23333
75
9.26667
76
9.3
77
9.33333
77
9.36667
79
9.4
81
9.43333
82
9.46667
83
9.5
83
9.53333
83
9.56667
83
9.6
85
9.63333
86
9.66667
88
9.7
89
9.73333
91
9.76667
91
9.8
91
9.83333
92
9.86667
93
9.9
93
9.93333
93
9.96667
94
10
95
10.0333
96
10.0667
96
10.1
97
10.1333
99
10.1667
99
10.2
99
10.2333
100
10.2667
101
10.3
101
10.3333
102
10.3667
103
10.4
104
10.4333
105
10.4667
105
10.5
106
10.5333
107
10.5667
108
10.6
108
10.6333
110
10.6667
112
10.7
112
10.7333
113
10.7667
113
10.8
113
10.8333
113
10.8667
114
10.9
116
10.9333
116
10.9667
116
11
116
11.0333
117
11.0667
118
11.1
118
11.1333
119
11.1667
119
11.2
119
11.2333
119
11.2667
120
11.3
121
11.3333
122
11.3667
122
11.4
122
11.4333
122
11.4667
123
11.5
123
11.5333
123
11.5667
123
11.6
124
11.6333
125
11.6667
126
11.7
127
11.7333
128
11.7667
128
11.8
128
11.8333
128
11.8667
128
11.9
129
11.9333
130
11.9667
132
12
132
12.0333
132
12.0667
132
12.1
132
12.1333
133
12.1667
133
12.2
134
12.2333
135
12.2667
135
12.3
135
12.3333
136
12.3667
137
12.4
137
12.4333
139
12.4667
140
12.5
140
12.5333
140
12.5667
141
12.6
142
12.6333
142
12.6667
142
12.7
142
12.7333
143
12.7667
143
12.8
145
12.8333
145
12.8667
146
12.9
146
12.9333
146
12.9667
146
13
146
13.0333
146
13.0667
146
13.1
147
13.1333
148
13.1667
148
13.2
148
13.2333
148
13.2667
148
13.3
148
13.3333
149
13.3667
150
13.4
150
13.4333
150
13.4667
150
13.5
150
13.5333
150
13.5667
150
13.6
150
13.6333
151
13.6667
151
13.7
152
13.7333
153
13.7667
153
13.8
154
13.8333
154
13.8667
154
13.9
154
13.9333
155
13.9667
155
14
158
14.0333
158
14.0667
160
14.1
162
14.1333
162
14.1667
162
14.2
162
14.2333
162
14.2667
162
14.3
162
14.3333
162
14.3667
162
14.4
162
14.4333
163
14.4667
163
14.5
163
14.5333
163
14.5667
163
14.6
164
14.6333
164
14.6667
164
14.7
164
14.7333
164
14.7667
165
14.8
165
14.8333
166
14.8667
166
14.9
166
14.9333
167
14.9667
167
15
168
15.0333
168
15.0667
168
15.1
168
15.1333
169
15.1667
169
15.2
170
15.2333
171
15.2667
171
15.3
171
15.3333
171
15.3667
172
15.4
173
15.4333
174
15.4667
174
15.5
174
15.5333
174
15.5667
175
15.6
175
15.6333
175
15.6667
175
15.7
175
15.7333
175
15.7667
175
15.8
176
15.8333
176
15.8667
178
15.9
178
15.9333
179
15.9667
180
16
181
16.0333
182
16.0667
182
16.1
182
16.1333
183
16.1667
183
16.2
183
16.2333
183
16.2667
184
16.3
184
16.3333
184
16.3667
185
16.4
187
16.4333
187
16.4667
188
16.5
188
16.5333
189
16.5667
189
16.6
189
16.6333
189
16.6667
189
16.7
189
16.7333
189
16.7667
190
16.8
190
16.8333
190
16.8667
191
16.9
191
16.9333
191
16.9667
191
17
193
17.0333
193
17.0667
194
17.1
195
17.1333
195
17.1667
195
17.2
195
17.2333
195
17.2667
196
17.3
197
17.3333
198
17.3667
198
17.4
198
17.4333
199
17.4667
199
17.5
199
17.5333
200
17.5667
200
17.6
200
17.6333
200
17.6667
200
17.7
200
17.7333
200
17.7667
200
17.8
200
17.8333
200
17.8667
200
17.9
200
17.9333
200
17.9667
201
18
201
18.0333
202
18.0667
203
18.1
203
18.1333
203
18.1667
206
18.2
206
18.2333
206
18.2667
207
18.3
207
18.3333
209
18.3667
209
18.4
209
18.4333
210
18.4667
211
18.5
211
18.5333
212
18.5667
212
18.6
213
18.6333
213
18.6667
214
18.7
214
18.7333
215
18.7667
216
18.8
217
18.8333
217
18.8667
217
18.9
218
18.9333
219
18.9667
220
19
220
19.0333
221
19.0667
221
19.1
222
19.1333
223
19.1667
223
19.2
225
19.2333
225
19.2667
225
19.3
225
19.3333
227
19.3667
228
19.4
228
19.4333
228
19.4667
229
19.5
230
19.5333
232
19.5667
233
19.6
234
19.6333
234
19.6667
234
19.7
234
19.7333
234
19.7667
234
19.8
234
19.8333
235
19.8667
235
19.9
236
19.9333
236
19.9667
236
20
236
20.0333
236
20.0667
236
20.1
236
20.1333
237
20.1667
237
20.2
237
20.2333
237
20.2667
237
20.3
238
20.3333
238
20.3667
238
20.4
239
20.4333
239
20.4667
240
20.5
240
20.5333
240
20.5667
240
20.6
240
20.6333
240
20.6667
240
20.7
240
20.7333
240
20.7667
240
20.8
240
20.8333
241
20.8667
241
20.9
241
20.9333
241
20.9667
242
21
243
21.0333
244
21.0667
244
21.1
244
21.1333
244
21.1667
244
21.2
244
21.2333
244
21.2667
244
21.3
244
21.3333
244
21.3667
244
21.4
244
21.4333
244
21.4667
244
21.5
244
21.5333
245
21.5667
245
21.6
245
21.6333
245
21.6667
245
21.7
245
21.7333
245
21.7667
245
21.8
245
21.8333
245
21.8667
245
21.9
245
21.9333
245
21.9667
245
22
246
22.0333
248
22.0667
248
22.1
248
22.1333
248
22.1667
248
22.2
248
22.2333
249
22.2667
249
22.3
250
22.3333
250
22.3667
250
22.4
251
22.4333
252
22.4667
252
22.5
252
22.5333
253
22.5667
253
22.6
253
22.6333
254
22.6667
254
22.7
254
22.7333
254
22.7667
254
22.8
254
22.8333
254
22.8667
254
22.9
254
22.9333
254
22.9667
254
23
254
23.0333
254
23.0667
254
23.1
254
23.1333
255
23.1667
255
23.2
255
23.2333
255
23.2667
255
23.3
256
23.3333
256
23.3667
256
23.4
256
23.4333
256
23.4667
256
23.5
257
23.5333
257
23.5667
258
23.6
258
23.6333
258
23.6667
258
23.7
258
23.7333
258
23.7667
258
23.8
258
23.8333
259
23.8667
259
23.9
259
23.9333
259
23.9667
259
24
259
24.0333
259
24.0667
259
24.1
259
24.1333
259
24.1667
259
24.2
260
24.2333
260
24.2667
260
24.3
260
24.3333
260
24.3667
260
24.4
260
24.4333
260
24.4667
260
24.5
260
24.5333
260
24.5667
260
24.6
260
24.6333
260
24.6667
260
24.7
261
24.7333
261
24.7667
261
24.8
261
24.8333
261
24.8667
261
24.9
261
24.9333
261
24.9667
261
25
261
25.0333
261
25.0667
261
25.1
261
25.1333
262
25.1667
262
25.2
262
25.2333
262
25.2667
262
25.3
262
25.3333
262
25.3667
262
25.4
262
25.4333
262
25.4667
262
25.5
262
25.5333
262
25.5667
262
25.6
262
25.6333
262
25.6667
262
25.7
262
25.7333
262
25.7667
262
25.8
262
25.8333
263
25.8667
263
25.9
263
25.9333
263
25.9667
263
26
263
26.0333
263
26.0667
263
26.1
263
26.1333
263
26.1667
263
26.2
263
26.2333
263
26.2667
263
26.3
263
26.3333
263
26.3667
263
26.4
263
26.4333
263
26.4667
264
26.5
264
26.5333
264
26.5667
265
26.6
265
26.6333
265
26.6667
265
26.7
265
26.7333
265
26.7667
265
26.8
265
26.8333
265
26.8667
265
26.9
265
26.9333
265
26.9667
265
27
265
27.0333
265
27.0667
265
27.1
265
27.1333
265
27.1667
265
27.2
265
27.2333
265
27.2667
265
27.3
265
27.3333
266
27.3667
266
27.4
266
27.4333
266
27.4667
266
27.5
266
27.5333
266
27.5667
266
27.6
267
27.6333
267
27.6667
267
27.7
267
27.7333
267
27.7667
268
27.8
268
27.8333
268
27.8667
269
27.9
269
27.9333
269
27.9667
269
28
269
28.0333
269
28.0667
269
28.1
269
28.1333
269
28.1667
269
28.2
269
28.2333
269
28.2667
269
28.3
269
28.3333
269
28.3667
269
28.4
269
28.4333
269
28.4667
269
28.5
269
28.5333
269
28.5667
270
28.6
270
28.6333
270
28.6667
270
28.7
270
28.7333
271
28.7667
271
28.8
271
28.8333
271
28.8667
271
28.9
271
28.9333
271
28.9667
271
29
271
29.0333
271
29.0667
271
29.1
271
29.1333
271
29.1667
271
29.2
271
29.2333
271
29.2667
271
29.3
271
29.3333
271
29.3667
271
29.4
271
29.4333
271
29.4667
271
29.5
271
29.5333
271
29.5667
271
29.6
271
29.6333
271
29.6667
271
29.7
271
29.7333
271
29.7667
271
29.8
271
29.8333
271
29.8667
271
29.9
271
29.9333
271
29.9667
271
30
271
30.0333
271
30.0667
271
30.1
271
30.1333
271
30.1667
271
30.2
271
30.2333
271
30.2667
271
30.3
271
30.3333
271
30.3667
272
30.4
272
30.4333
272
30.4667
272
30.5
272
30.5333
272
30.5667
272
30.6
272
30.6333
272
30.6667
272
30.7
272
30.7333
272
30.7667
272
30.8
272
30.8333
272
30.8667
273
30.9
273
30.9333
273
30.9667
273
31
273
31.0333
273
31.0667
273
31.1
274
31.1333
274
31.1667
274
31.2
274
31.2333
274
31.2667
274
31.3
274
31.3333
274
31.3667
274
31.4
274
31.4333
274
31.4667
274
31.5
275
31.5333
275
31.5667
275
31.6
275
31.6333
275
31.6667
275
31.7
275
31.7333
275
31.7667
275
31.8
275
31.8333
275
31.8667
276
31.9
276
31.9333
276
31.9667
276
32
276
32.0333
276
32.0667
276
32.1
276
32.1333
276
32.1667
276
32.2
276
32.2333
276
32.2667
276
32.3
276
32.3333
277
32.3667
277
32.4
277
32.4333
277
32.4667
277
32.5
277
32.5333
277
32.5667
277
32.6
277
32.6333
277
32.6667
277
32.7
278
32.7333
278
32.7667
278
32.8
278
32.8333
278
32.8667
278
32.9
278
32.9333
278
32.9667
278
33
278
33.0333
278
33.0667
278
33.1
278
33.1333
278
33.1667
278
33.2
278
33.2333
278
33.2667
278
33.3
278
33.3333
278
33.3667
278
33.4
278
33.4333
279
33.4667
279
33.5
279
33.5333
279
33.5667
279
33.6
279
33.6333
279
33.6667
280
33.7
280
33.7333
280
33.7667
280
33.8
280
33.8333
280
33.8667
280
33.9
280
33.9333
280
33.9667
280
34
280
34.0333
280
34.0667
280
34.1
280
34.1333
281
34.1667
281
34.2
281
34.2333
281
34.2667
281
34.3
281
34.3333
281
34.3667
281
34.4
281
34.4333
281
34.4667
281
34.5
281
34.5333
281
34.5667
281
34.6
281
34.6333
281
34.6667
281
34.7
281
34.7333
281
34.7667
281
34.8
281
34.8333
281
34.8667
281
34.9
281
34.9333
282
34.9667
282
35
282
35.0333
282
35.0667
282
35.1
283
35.1333
283
35.1667
283
35.2
283
35.2333
284
35.2667
284
35.3
284
35.3333
285
35.3667
285
35.4
285
35.4333
285
35.4667
285
35.5
285
35.5333
285
35.5667
285
35.6
285
35.6333
285
35.6667
285
35.7
285
35.7333
285
35.7667
285
35.8
285
35.8333
286
35.8667
286
35.9
286
35.9333
286
35.9667
286
36
286
36.0333
286
36.0667
286
36.1
286
36.1333
286
36.1667
286
36.2
286
36.2333
286
36.2667
286
36.3
286
36.3333
286
36.3667
286
36.4
286
36.4333
286
36.4667
287
36.5
287
36.5333
287
36.5667
287
36.6
287
36.6333
287
36.6667
287
36.7
287
36.7333
287
36.7667
287
36.8
287
36.8333
287
36.8667
287
36.9
287
36.9333
287
36.9667
287
37
287
37.0333
287
37.0667
287
37.1
287
37.1333
287
37.1667
287
37.2
287
37.2333
287
37.2667
287
37.3
287
37.3333
287
37.3667
287
37.4
287
37.4333
287
37.4667
288
37.5
288
37.5333
288
37.5667
288
37.6
288
37.6333
288
37.6667
288
37.7
288
37.7333
288
37.7667
288
37.8
288
37.8333
288
37.8667
288
37.9
288
37.9333
288
37.9667
288
38
288
38.0333
288
38.0667
288
38.1
288
38.1333
288
38.1667
288
38.2
288
38.2333
288
38.2667
288
38.3
288
38.3333
288
38.3667
288
38.4
288
38.4333
288
38.4667
288
38.5
288
38.5333
288
38.5667
288
38.6
288
38.6333
288
38.6667
288
38.7
288
38.7333
288
38.7667
288
38.8
288
38.8333
288
38.8667
288
38.9
288
38.9333
289
38.9667
289
39
289
39.0333
289
39.0667
289
39.1
289
39.1333
289
39.1667
290
39.2
290
39.2333
290
39.2667
290
39.3
290
39.3333
290
39.3667
290
39.4
290
39.4333
290
39.4667
290
39.5
290
39.5333
290
39.5667
290
39.6
290
39.6333
290
39.6667
290
39.7
290
39.7333
290
39.7667
290
39.8
290
39.8333
290
39.8667
290
39.9
290
39.9333
290
39.9667
291
40
291
40.0333
291
40.0667
291
40.1
291
40.1333
291
40.1667
291
40.2
291
40.2333
291
40.2667
291
40.3
291
40.3333
291
40.3667
291
40.4
291
40.4333
291
40.4667
291
40.5
291
40.5333
291
40.5667
292
40.6
293
40.6333
293
40.6667
293
40.7
293
40.7333
293
40.7667
293
40.8
293
40.8333
293
40.8667
294
40.9
294
40.9333
294
40.9667
294
41
294
41.0333
295
41.0667
295
41.1
295
41.1333
295
41.1667
295
41.2
295
41.2333
295
41.2667
295
41.3
295
41.3333
295
41.3667
295
41.4
295
41.4333
295
41.4667
295
41.5
295
41.5333
295
41.5667
295
41.6
295
41.6333
295
41.6667
295
41.7
295
41.7333
295
41.7667
295
41.8
295
41.8333
295
41.8667
295
41.9
295
41.9333
295
41.9667
295
42
295
42.0333
295
42.0667
295
42.1
295
42.1333
295
42.1667
295
42.2
295
42.2333
295
42.2667
295
42.3
295
42.3333
295
42.3667
295
42.4
295
42.4333
295
42.4667
295
42.5
295
42.5333
295
42.5667
295
42.6
295
42.6333
295
42.6667
295
42.7
295
42.7333
295
42.7667
295
42.8
295
42.8333
295
42.8667
295
42.9
295
42.9333
295
42.9667
295
43
295
43.0333
295
43.0667
295
43.1
295
43.1333
295
43.1667
295
43.2
295
43.2333
295
43.2667
295
43.3
295
43.3333
296
43.3667
296
43.4
297
43.4333
297
43.4667
297
43.5
297
43.5333
297
43.5667
297
43.6
297
43.6333
297
43.6667
297
43.7
297
43.7333
297
43.7667
297
43.8
297
43.8333
297
43.8667
297
43.9
297
43.9333
297
43.9667
297
44
297
44.0333
297
44.0667
297
44.1
297
44.1333
297
44.1667
297
44.2
297
44.2333
297
44.2667
297
44.3
297
44.3333
297
44.3667
297
44.4
297
44.4333
297
44.4667
297
44.5
297
44.5333
297
44.5667
297
44.6
297
44.6333
297
44.6667
297
44.7
297
44.7333
297
44.7667
297
44.8
297
44.8333
297
44.8667
297
44.9
297
44.9333
297
44.9667
297
45
297
45.0333
297
45.0667
297
45.1
297
45.1333
297
45.1667
297
45.2
297
45.2333
297
45.2667
297
45.3
297
45.3333
297
45.3667
297
45.4
297
45.4333
297
45.4667
297
45.5
297
45.5333
297
45.5667
297
45.6
297
45.6333
297
45.6667
297
45.7
297
45.7333
297
45.7667
297
45.8
297
45.8333
297
45.8667
297
45.9
297
45.9333
297
45.9667
297
46
297
46.0333
297
46.0667
298
46.1
298
46.1333
299
46.1667
299
46.2
299
46.2333
299
46.2667
299
46.3
299
46.3333
299
46.3667
299
46.4
299
46.4333
299
46.4667
299
46.5
299
46.5333
299
46.5667
299
46.6
299
46.6333
299
46.6667
299
46.7
299
46.7333
299
46.7667
299
46.8
299
46.8333
299
46.8667
299
46.9
299
46.9333
299
46.9667
299
47
299
47.0333
299
47.0667
299
47.1
299
47.1333
299
47.1667
299
47.2
299
47.2333
299
47.2667
299
47.3
299
47.3333
299
47.3667
299
47.4
299
47.4333
299
47.4667
299
47.5
299
47.5333
299
47.5667
299
47.6
299
47.6333
299
47.6667
299
47.7
299
47.7333
299
47.7667
299
47.8
299
47.8333
299
47.8667
299
47.9
299
47.9333
299
47.9667
299
48
299
48.0333
299
48.0667
299
48.1
299
48.1333
299
48.1667
299
48.2
299
48.2333
299
48.2667
299
48.3
299
48.3333
299
48.3667
299
48.4
299
48.4333
299
48.4667
299
48.5
299
48.5333
299
48.5667
299
48.6
299
48.6333
299
48.6667
299
48.7
299
48.7333
299
48.7667
299
48.8
299
48.8333
299
48.8667
299
48.9
299
48.9333
299
48.9667
299
49
299
49.0333
299
49.0667
299
49.1
299
49.1333
299
49.1667
299
49.2
299
49.2333
299
49.2667
299
49.3
299
49.3333
299
49.3667
299
49.4
299
49.4333
299
49.4667
299
49.5
299
49.5333
299
49.5667
299
49.6
299
49.6333
299
49.6667
299
49.7
299
49.7333
299
49.7667
299
49.8
299
49.8333
299
49.8667
299
49.9
299
49.9333
299
49.9667
299
50
299
50.0333
299
50.0667
299
50.1
299
50.1333
299
50.1667
299
50.2
299
50.2333
299
50.2667
299
50.3
299
50.3333
299
50.3667
299
50.4
299
50.4333
299
50.4667
299
50.5
299
50.5333
299
50.5667
299
50.6
299
50.6333
299
50.6667
299
50.7
299
50.7333
299
50.7667
299
50.8
300
50.8333
300
50.8667
300
50.9
300
50.9333
300
50.9667
300
51
300
51.0333
300
51.0667
300
51.1
300
51.1333
300
51.1667
300
51.2
300
51.2333
300
51.2667
300
51.3
300
51.3333
300
51.3667
300
51.4
300
51.4333
300
51.4667
300
51.5
300
51.5333
300
51.5667
300
51.6
300
51.6333
300
51.6667
300
51.7
300
51.7333
300
51.7667
300
51.8
300
51.8333
300
51.8667
300
51.9
300
51.9333
300
51.9667
300
52
300
52.0333
300
52.0667
300
52.1
300
52.1333
300
52.1667
300
52.2
300
52.2333
300
52.2667
300
52.3
300
52.3333
300
52.3667
300
52.4
300
52.4333
300
52.4667
300
52.5
300
52.5333
300
52.5667
300
52.6
300
52.6333
300
52.6667
300
52.7
300
52.7333
300
52.7667
300
52.8
300
52.8333
300
52.8667
300
52.9
300
52.9333
300
52.9667
300
53
300
53.0333
300
53.0667
300
53.1
300
53.1333
300
53.1667
300
53.2
300
53.2333
300
53.2667
300
53.3
300
53.3333
300
