0
1
0.0333333
1
0.0666667
1
0.1
1
0.133333
1
0.166667
1
0.2
1
0.233333
1
0.266667
1
0.3
1
0.333333
1
0.366667
1
0.4
1
0.433333
1
0.466667
1
0.5
1
0.533333
1
0.566667
1
0.6
1
0.633333
1
0.666667
1
0.7
1
0.733333
1
0.766667
1
0.8
1
0.833333
1
0.866667
1
0.9
1
0.933333
1
0.966667
1
1
1
1.03333
1
1.06667
1
1.1
1
1.13333
1
1.16667
1
1.2
1
1.23333
1
1.26667
1
1.3
1
1.33333
1
1.36667
1
1.4
1
1.43333
1
1.46667
1
1.5
1
1.53333
1
1.56667
1
1.6
1
1.63333
1
1.66667
1
1.7
1
1.73333
1
1.76667
1
1.8
1
1.83333
1
1.86667
1
1.9
1
1.93333
1
1.96667
1
2
1
2.03333
1
2.06667
1
2.1
1
2.13333
1
2.16667
1
2.2
1
2.23333
1
2.26667
1
2.3
1
2.33333
1
2.36667
1
2.4
1
2.43333
1
2.46667
1
2.5
1
2.53333
1
2.56667
1
2.6
1
2.63333
1
2.66667
1
2.7
1
2.73333
1
2.76667
1
2.8
1
2.83333
1
2.86667
1
2.9
1
2.93333
1
2.96667
1
3
1
3.03333
1
3.06667
1
3.1
1
3.13333
1
3.16667
1
3.2
1
3.23333
1
3.26667
1
3.3
1
3.33333
1
3.36667
1
3.4
1
3.43333
1
3.46667
1
3.5
1
3.53333
1
3.56667
1
3.6
1
3.63333
1
3.66667
1
3.7
1
3.73333
1
3.76667
1
3.8
1
3.83333
1
3.86667
1
3.9
1
3.93333
1
3.96667
1
4
1
4.03333
1
4.06667
1
4.1
1
4.13333
1
4.16667
1
4.2
1
4.23333
1
4.26667
1
4.3
1
4.33333
1
4.36667
1
4.4
1
4.43333
1
4.46667
1
4.5
1
4.53333
1
4.56667
1
4.6
1
4.63333
1
4.66667
1
4.7
1
4.73333
1
4.76667
1
4.8
1
4.83333
1
4.86667
1
4.9
1
4.93333
2
4.96667
2
5
2
5.03333
2
5.06667
2
5.1
3
5.13333
3
5.16667
3
5.2
3
5.23333
3
5.26667
3
5.3
3
5.33333
4
5.36667
4
5.4
4
5.43333
4
5.46667
5
5.5
5
5.53333
6
5.56667
6
5.6
6
5.63333
6
5.66667
8
5.7
8
5.73333
8
5.76667
9
5.8
10
5.83333
11
5.86667
11
5.9
11
5.93333
12
5.96667
13
6
16
6.03333
18
6.06667
18
6.1
18
6.13333
19
6.16667
20
6.2
21
6.23333
22
6.26667
22
6.3
22
6.33333
23
6.36667
23
6.4
23
6.43333
23
6.46667
26
6.5
26
6.53333
27
6.56667
30
6.6
32
6.63333
33
6.66667
35
6.7
39
6.73333
42
6.76667
45
6.8
45
6.83333
45
6.86667
46
6.9
47
6.93333
47
6.96667
48
7
50
7.03333
55
7.06667
56
7.1
56
7.13333
56
7.16667
56
7.2
56
7.23333
57
7.26667
57
7.3
59
7.33333
61
7.36667
62
7.4
65
7.43333
68
7.46667
68
7.5
71
7.53333
71
7.56667
72
7.6
73
7.63333
74
7.66667
79
7.7
82
7.73333
83
7.76667
84
7.8
85
7.83333
85
7.86667
86
7.9
87
7.93333
88
7.96667
90
8
92
8.03333
94
8.06667
96
8.1
96
8.13333
97
8.16667
97
8.2
98
8.23333
98
8.26667
99
8.3
103
8.33333
103
8.36667
103
8.4
103
8.43333
103
8.46667
105
8.5
106
8.53333
108
8.56667
109
8.6
111
8.63333
113
8.66667
113
8.7
114
8.73333
118
8.76667
120
8.8
120
8.83333
120
8.86667
122
8.9
122
8.93333
125
8.96667
125
9
126
9.03333
127
9.06667
127
9.1
129
9.13333
130
9.16667
132
9.2
133
9.23333
134
9.26667
134
9.3
136
9.33333
138
9.36667
141
9.4
143
9.43333
143
9.46667
145
9.5
146
9.53333
147
9.56667
148
9.6
148
9.63333
149
9.66667
150
9.7
153
9.73333
154
9.76667
156
9.8
160
9.83333
162
9.86667
164
9.9
166
9.93333
168
9.96667
168
10
170
10.0333
172
10.0667
174
10.1
179
10.1333
181
10.1667
183
10.2
185
10.2333
188
10.2667
192
10.3
196
10.3333
199
10.3667
201
10.4
205
10.4333
207
10.4667
207
10.5
209
10.5333
216
10.5667
216
10.6
217
10.6333
219
10.6667
221
10.7
221
10.7333
223
10.7667
228
10.8
230
10.8333
231
10.8667
234
10.9
239
10.9333
243
10.9667
248
11
250
11.0333
252
11.0667
255
11.1
256
11.1333
258
11.1667
259
11.2
259
11.2333
262
11.2667
265
11.3
266
11.3333
267
11.3667
270
11.4
273
11.4333
275
11.4667
278
11.5
284
11.5333
287
11.5667
291
11.6
298
11.6333
302
11.6667
303
11.7
311
11.7333
314
11.7667
320
11.8
325
11.8333
328
11.8667
331
11.9
333
11.9333
336
11.9667
339
12
341
12.0333
344
12.0667
344
12.1
347
12.1333
349
12.1667
352
12.2
354
12.2333
355
12.2667
355
12.3
355
12.3333
356
12.3667
357
12.4
362
12.4333
364
12.4667
366
12.5
367
12.5333
368
12.5667
370
12.6
371
12.6333
374
12.6667
376
12.7
376
12.7333
377
12.7667
377
12.8
378
12.8333
378
12.8667
379
12.9
382
12.9333
383
12.9667
386
13
387
13.0333
388
13.0667
390
13.1
391
13.1333
391
13.1667
392
13.2
392
13.2333
393
13.2667
394
13.3
397
13.3333
400
13.3667
400
13.4
400
13.4333
403
13.4667
403
13.5
403
13.5333
406
13.5667
407
13.6
407
13.6333
408
13.6667
408
13.7
410
13.7333
412
13.7667
414
13.8
415
13.8333
419
13.8667
422
13.9
422
13.9333
426
13.9667
427
14
429
14.0333
429
14.0667
431
14.1
432
14.1333
434
14.1667
434
14.2
434
14.2333
435
14.2667
436
14.3
437
14.3333
440
14.3667
443
14.4
445
14.4333
449
14.4667
452
14.5
455
14.5333
458
14.5667
461
14.6
462
14.6333
465
14.6667
470
14.7
472
14.7333
473
14.7667
473
14.8
474
14.8333
476
14.8667
476
14.9
479
14.9333
479
14.9667
479
15
479
15.0333
480
15.0667
480
15.1
480
15.1333
480
15.1667
482
15.2
483
15.2333
483
15.2667
483
15.3
483
15.3333
484
15.3667
484
15.4
485
15.4333
486
15.4667
486
15.5
490
15.5333
491
15.5667
492
15.6
492
15.6333
492
15.6667
493
15.7
493
15.7333
493
15.7667
494
15.8
495
15.8333
496
15.8667
496
15.9
496
15.9333
498
15.9667
499
16
501
16.0333
502
16.0667
503
16.1
503
16.1333
506
16.1667
508
16.2
509
16.2333
510
16.2667
511
16.3
512
16.3333
512
16.3667
514
16.4
515
16.4333
517
16.4667
518
16.5
520
16.5333
520
16.5667
521
16.6
521
16.6333
524
16.6667
526
16.7
527
16.7333
527
16.7667
528
16.8
530
16.8333
535
16.8667
537
16.9
537
16.9333
538
16.9667
540
17
542
17.0333
543
17.0667
544
17.1
544
17.1333
548
17.1667
548
17.2
551
17.2333
551
17.2667
552
17.3
552
17.3333
554
17.3667
557
17.4
558
17.4333
558
17.4667
561
17.5
561
17.5333
563
17.5667
565
17.6
565
17.6333
565
17.6667
565
17.7
566
17.7333
567
17.7667
569
17.8
570
17.8333
571
17.8667
571
17.9
571
17.9333
571
17.9667
572
18
572
18.0333
572
18.0667
574
18.1
574
18.1333
575
18.1667
575
18.2
576
18.2333
577
18.2667
578
18.3
578
18.3333
581
18.3667
581
18.4
582
18.4333
585
18.4667
585
18.5
585
18.5333
585
18.5667
585
18.6
585
18.6333
585
18.6667
585
18.7
585
18.7333
585
18.7667
585
18.8
587
18.8333
588
18.8667
588
18.9
589
18.9333
589
18.9667
589
19
590
19.0333
591
19.0667
591
19.1
591
19.1333
593
19.1667
594
19.2
594
19.2333
594
19.2667
596
19.3
598
19.3333
601
19.3667
601
19.4
602
19.4333
603
19.4667
604
19.5
604
19.5333
605
19.5667
606
19.6
607
19.6333
608
19.6667
608
19.7
608
19.7333
609
19.7667
609
19.8
609
19.8333
609
19.8667
610
19.9
614
19.9333
616
19.9667
617
20
617
20.0333
619
20.0667
620
20.1
620
20.1333
621
20.1667
621
20.2
624
20.2333
625
20.2667
627
20.3
629
20.3333
630
20.3667
633
20.4
634
20.4333
635
20.4667
637
20.5
638
20.5333
638
20.5667
639
20.6
640
20.6333
641
20.6667
642
20.7
642
20.7333
644
20.7667
645
20.8
646
20.8333
648
20.8667
650
20.9
650
20.9333
650
20.9667
651
21
651
21.0333
651
21.0667
652
21.1
652
21.1333
652
21.1667
652
21.2
653
21.2333
654
21.2667
654
21.3
654
21.3333
655
21.3667
655
21.4
655
21.4333
655
21.4667
656
21.5
656
21.5333
656
21.5667
656
21.6
656
21.6333
657
21.6667
659
21.7
659
21.7333
659
21.7667
659
21.8
660
21.8333
660
21.8667
660
21.9
661
21.9333
661
21.9667
662
22
662
22.0333
663
22.0667
663
22.1
663
22.1333
664
22.1667
665
22.2
665
22.2333
665
22.2667
666
22.3
666
22.3333
668
22.3667
668
22.4
668
22.4333
668
22.4667
669
22.5
671
22.5333
672
22.5667
672
22.6
672
22.6333
672
22.6667
672
22.7
672
22.7333
673
22.7667
673
22.8
674
22.8333
674
22.8667
675
22.9
676
22.9333
678
22.9667
679
23
680
23.0333
680
23.0667
680
23.1
680
23.1333
681
23.1667
682
23.2
682
23.2333
683
23.2667
683
23.3
684
23.3333
686
23.3667
687
23.4
688
23.4333
688
23.4667
690
23.5
691
23.5333
692
23.5667
693
23.6
694
23.6333
695
23.6667
695
23.7
695
23.7333
695
23.7667
696
23.8
698
23.8333
699
23.8667
699
23.9
700
23.9333
701
23.9667
703
24
704
24.0333
705
24.0667
706
24.1
706
24.1333
706
24.1667
709
24.2
711
24.2333
711
24.2667
711
24.3
711
24.3333
712
24.3667
712
24.4
713
24.4333
713
24.4667
713
24.5
714
24.5333
716
24.5667
716
24.6
717
24.6333
717
24.6667
718
24.7
719
24.7333
720
24.7667
720
24.8
721
24.8333
723
24.8667
723
24.9
725
24.9333
725
24.9667
725
25
726
25.0333
726
25.0667
726
25.1
726
25.1333
726
25.1667
727
25.2
727
25.2333
727
25.2667
727
25.3
727
25.3333
728
25.3667
729
25.4
729
25.4333
729
25.4667
729
25.5
729
25.5333
730
25.5667
730
25.6
730
25.6333
730
25.6667
730
25.7
730
25.7333
730
25.7667
731
25.8
731
25.8333
732
25.8667
732
25.9
732
25.9333
732
25.9667
732
26
733
26.0333
733
26.0667
733
26.1
734
26.1333
735
26.1667
736
26.2
736
26.2333
737
26.2667
737
26.3
737
26.3333
737
26.3667
737
26.4
737
26.4333
737
26.4667
737
26.5
737
26.5333
737
26.5667
737
26.6
737
26.6333
737
26.6667
738
26.7
738
26.7333
738
26.7667
738
26.8
739
26.8333
739
26.8667
739
26.9
740
26.9333
741
26.9667
741
27
741
27.0333
741
27.0667
741
27.1
743
27.1333
744
27.1667
744
27.2
744
27.2333
745
27.2667
745
27.3
746
27.3333
747
27.3667
747
27.4
748
27.4333
748
27.4667
749
27.5
749
27.5333
749
27.5667
749
27.6
750
27.6333
750
27.6667
750
27.7
750
27.7333
750
27.7667
751
27.8
751
27.8333
753
27.8667
754
27.9
754
27.9333
754
27.9667
754
28
755
28.0333
755
28.0667
755
28.1
755
28.1333
756
28.1667
756
28.2
756
28.2333
757
28.2667
757
28.3
758
28.3333
759
28.3667
760
28.4
760
28.4333
761
28.4667
761
28.5
763
28.5333
765
28.5667
765
28.6
766
28.6333
766
28.6667
766
28.7
768
28.7333
768
28.7667
768
28.8
769
28.8333
770
28.8667
770
28.9
770
28.9333
770
28.9667
771
29
771
29.0333
771
29.0667
771
29.1
772
29.1333
773
29.1667
773
29.2
773
29.2333
774
29.2667
775
29.3
776
29.3333
776
29.3667
776
29.4
776
29.4333
777
29.4667
777
29.5
779
29.5333
779
29.5667
779
29.6
779
29.6333
780
29.6667
781
29.7
781
29.7333
781
29.7667
781
29.8
781
29.8333
781
29.8667
781
29.9
781
29.9333
781
29.9667
781
30
782
30.0333
782
30.0667
783
30.1
783
30.1333
784
30.1667
784
30.2
784
30.2333
784
30.2667
784
30.3
784
30.3333
784
30.3667
784
30.4
784
30.4333
784
30.4667
784
30.5
784
30.5333
784
30.5667
785
30.6
787
30.6333
787
30.6667
787
30.7
788
30.7333
788
30.7667
788
30.8
788
30.8333
789
30.8667
789
30.9
789
30.9333
789
30.9667
789
31
791
31.0333
791
31.0667
791
31.1
791
31.1333
792
31.1667
792
31.2
792
31.2333
792
31.2667
793
31.3
794
31.3333
794
31.3667
794
31.4
794
31.4333
794
31.4667
795
31.5
795
31.5333
796
31.5667
796
31.6
796
31.6333
797
31.6667
797
31.7
797
31.7333
797
31.7667
797
31.8
799
31.8333
800
31.8667
800
31.9
800
31.9333
800
31.9667
800
32
801
32.0333
801
32.0667
801
32.1
801
32.1333
801
32.1667
801
32.2
801
32.2333
801
32.2667
801
32.3
802
32.3333
802
32.3667
803
32.4
805
32.4333
805
32.4667
805
32.5
806
32.5333
806
32.5667
807
32.6
808
32.6333
808
32.6667
808
32.7
809
32.7333
809
32.7667
809
32.8
810
32.8333
810
32.8667
810
32.9
810
32.9333
810
32.9667
810
33
810
33.0333
810
33.0667
811
33.1
811
33.1333
812
33.1667
814
33.2
814
33.2333
815
33.2667
816
33.3
817
33.3333
818
33.3667
819
33.4
819
33.4333
820
33.4667
821
33.5
821
33.5333
822
33.5667
822
33.6
823
33.6333
823
33.6667
823
33.7
824
33.7333
826
33.7667
826
33.8
826
33.8333
826
33.8667
826
33.9
826
33.9333
826
33.9667
826
34
826
34.0333
826
34.0667
827
34.1
827
34.1333
827
34.1667
827
34.2
827
34.2333
827
34.2667
827
34.3
829
34.3333
829
34.3667
829
34.4
830
34.4333
830
34.4667
830
34.5
830
34.5333
830
34.5667
831
34.6
832
34.6333
832
34.6667
835
34.7
837
34.7333
837
34.7667
838
34.8
838
34.8333
838
34.8667
838
34.9
838
34.9333
838
34.9667
838
35
839
35.0333
839
35.0667
839
35.1
840
35.1333
840
35.1667
840
35.2
840
35.2333
840
35.2667
840
35.3
840
35.3333
840
35.3667
840
35.4
841
35.4333
841
35.4667
841
35.5
843
35.5333
843
35.5667
844
35.6
845
35.6333
846
35.6667
846
35.7
846
35.7333
846
35.7667
846
35.8
846
35.8333
846
35.8667
846
35.9
846
35.9333
847
35.9667
847
36
847
36.0333
847
36.0667
847
36.1
847
36.1333
847
36.1667
848
36.2
848
36.2333
848
36.2667
848
36.3
848
36.3333
848
36.3667
848
36.4
848
36.4333
848
36.4667
848
36.5
848
36.5333
850
36.5667
850
36.6
851
36.6333
851
36.6667
851
36.7
851
36.7333
851
36.7667
851
36.8
851
36.8333
851
36.8667
851
36.9
851
36.9333
851
36.9667
851
37
851
37.0333
852
37.0667
853
37.1
854
37.1333
855
37.1667
855
37.2
855
37.2333
855
37.2667
855
37.3
855
37.3333
856
37.3667
856
37.4
856
37.4333
856
37.4667
856
37.5
856
37.5333
856
37.5667
856
37.6
856
37.6333
856
37.6667
858
37.7
859
37.7333
860
37.7667
861
37.8
861
37.8333
861
37.8667
862
37.9
862
37.9333
862
37.9667
862
38
863
38.0333
863
38.0667
863
38.1
863
38.1333
864
38.1667
864
38.2
864
38.2333
864
38.2667
864
38.3
865
38.3333
866
38.3667
866
38.4
866
38.4333
866
38.4667
866
38.5
866
38.5333
866
38.5667
866
38.6
866
38.6333
866
38.6667
866
38.7
866
38.7333
867
38.7667
867
38.8
867
38.8333
867
38.8667
867
38.9
867
38.9333
867
38.9667
867
39
867
39.0333
868
39.0667
869
39.1
869
39.1333
869
39.1667
869
39.2
869
39.2333
869
39.2667
869
39.3
869
39.3333
869
39.3667
869
39.4
869
39.4333
869
39.4667
869
39.5
869
39.5333
869
39.5667
869
39.6
869
39.6333
869
39.6667
870
39.7
870
39.7333
871
39.7667
871
39.8
871
39.8333
871
39.8667
871
39.9
871
39.9333
871
39.9667
871
40
871
40.0333
871
40.0667
871
40.1
871
40.1333
872
40.1667
872
40.2
872
40.2333
872
40.2667
872
40.3
872
40.3333
872
40.3667
872
40.4
872
40.4333
872
40.4667
872
40.5
872
40.5333
872
40.5667
872
40.6
872
40.6333
872
40.6667
872
40.7
872
40.7333
872
40.7667
872
40.8
872
40.8333
872
40.8667
872
40.9
872
40.9333
872
40.9667
872
41
872
41.0333
872
41.0667
872
41.1
872
41.1333
872
41.1667
872
41.2
872
41.2333
872
41.2667
872
41.3
872
41.3333
872
41.3667
872
41.4
872
41.4333
872
41.4667
872
41.5
872
41.5333
874
41.5667
875
41.6
875
41.6333
875
41.6667
875
41.7
875
41.7333
875
41.7667
875
41.8
875
41.8333
875
41.8667
875
41.9
875
41.9333
875
41.9667
875
42
875
42.0333
875
42.0667
875
42.1
875
42.1333
875
42.1667
875
42.2
875
42.2333
875
42.2667
875
42.3
875
42.3333
875
42.3667
875
42.4
875
42.4333
876
42.4667
876
42.5
876
42.5333
876
42.5667
878
42.6
878
42.6333
878
42.6667
878
42.7
878
42.7333
878
42.7667
878
42.8
878
42.8333
878
42.8667
878
42.9
878
42.9333
878
42.9667
878
43
878
43.0333
879
43.0667
879
43.1
879
43.1333
879
43.1667
879
43.2
879
43.2333
879
43.2667
879
43.3
879
43.3333
880
43.3667
880
43.4
880
43.4333
880
43.4667
880
43.5
880
43.5333
881
43.5667
881
43.6
881
43.6333
881
43.6667
881
43.7
881
43.7333
881
43.7667
881
43.8
881
43.8333
881
43.8667
881
43.9
881
43.9333
881
43.9667
881
44
881
44.0333
881
44.0667
881
44.1
881
44.1333
881
44.1667
881
44.2
881
44.2333
881
44.2667
882
44.3
882
44.3333
882
44.3667
882
44.4
882
44.4333
883
44.4667
883
44.5
883
44.5333
883
44.5667
883
44.6
884
44.6333
884
44.6667
884
44.7
884
44.7333
884
44.7667
884
44.8
885
44.8333
886
44.8667
886
44.9
886
44.9333
886
44.9667
886
45
886
45.0333
886
45.0667
887
45.1
887
45.1333
888
45.1667
888
45.2
889
45.2333
890
45.2667
890
45.3
890
45.3333
890
45.3667
890
45.4
890
45.4333
890
45.4667
890
45.5
891
45.5333
891
45.5667
891
45.6
891
45.6333
891
45.6667
891
45.7
891
45.7333
891
45.7667
891
45.8
891
45.8333
891
45.8667
891
45.9
891
45.9333
892
45.9667
892
46
892
46.0333
892
46.0667
892
46.1
893
46.1333
893
46.1667
894
46.2
894
46.2333
894
46.2667
894
46.3
894
46.3333
895
46.3667
895
46.4
895
46.4333
895
46.4667
896
46.5
896
46.5333
896
46.5667
897
46.6
897
46.6333
897
46.6667
898
46.7
899
46.7333
899
46.7667
899
46.8
899
46.8333
899
46.8667
899
46.9
900
46.9333
900
46.9667
900
47
900
47.0333
900
47.0667
900
47.1
900
47.1333
901
47.1667
901
47.2
902
47.2333
902
47.2667
902
47.3
902
47.3333
902
47.3667
902
47.4
902
47.4333
902
47.4667
902
47.5
902
47.5333
902
47.5667
902
47.6
902
47.6333
902
47.6667
903
47.7
903
47.7333
903
47.7667
903
47.8
903
47.8333
903
47.8667
903
47.9
904
47.9333
904
47.9667
904
48
905
48.0333
906
48.0667
906
48.1
907
48.1333
907
48.1667
907
48.2
907
48.2333
908
48.2667
908
48.3
908
48.3333
908
48.3667
909
48.4
909
48.4333
909
48.4667
909
48.5
909
48.5333
910
48.5667
910
48.6
911
48.6333
911
48.6667
911
48.7
911
48.7333
911
48.7667
911
48.8
911
48.8333
911
48.8667
911
48.9
911
48.9333
911
48.9667
911
49
911
49.0333
911
49.0667
912
49.1
912
49.1333
913
49.1667
913
49.2
913
49.2333
914
49.2667
914
49.3
914
49.3333
914
49.3667
915
49.4
915
49.4333
915
49.4667
916
49.5
916
49.5333
916
49.5667
916
49.6
916
49.6333
916
49.6667
916
49.7
916
49.7333
916
49.7667
917
49.8
917
49.8333
917
49.8667
918
49.9
919
49.9333
921
49.9667
921
50
921
50.0333
921
50.0667
921
50.1
921
50.1333
921
50.1667
921
50.2
921
50.2333
921
50.2667
921
50.3
921
50.3333
921
50.3667
921
50.4
921
50.4333
921
50.4667
921
50.5
921
50.5333
921
50.5667
922
50.6
922
50.6333
922
50.6667
922
50.7
922
50.7333
922
50.7667
922
50.8
922
50.8333
923
50.8667
924
50.9
924
50.9333
924
50.9667
925
51
925
51.0333
925
51.0667
925
51.1
925
51.1333
925
51.1667
925
51.2
925
51.2333
925
51.2667
925
51.3
925
51.3333
926
51.3667
927
51.4
927
51.4333
927
51.4667
928
51.5
928
51.5333
928
51.5667
928
51.6
928
51.6333
929
51.6667
930
51.7
931
51.7333
931
51.7667
931
51.8
931
51.8333
932
51.8667
932
51.9
933
51.9333
933
51.9667
933
52
933
52.0333
933
52.0667
933
52.1
933
52.1333
933
52.1667
933
52.2
933
52.2333
933
52.2667
933
52.3
933
52.3333
933
52.3667
933
52.4
933
52.4333
933
52.4667
933
52.5
933
52.5333
933
52.5667
933
52.6
934
52.6333
934
52.6667
934
52.7
934
52.7333
934
52.7667
934
52.8
934
52.8333
934
52.8667
934
52.9
935
52.9333
935
52.9667
935
53
935
53.0333
936
53.0667
936
53.1
936
53.1333
936
53.1667
937
53.2
937
53.2333
937
53.2667
937
53.3
938
53.3333
940
