0
1
0.0333333
1
0.0666667
1
0.1
1
0.133333
1
0.166667
1
0.2
1
0.233333
1
0.266667
1
0.3
1
0.333333
1
0.366667
1
0.4
1
0.433333
1
0.466667
1
0.5
1
0.533333
1
0.566667
1
0.6
1
0.633333
1
0.666667
1
0.7
1
0.733333
1
0.766667
1
0.8
1
0.833333
1
0.866667
1
0.9
1
0.933333
1
0.966667
1
1
1
1.03333
1
1.06667
1
1.1
1
1.13333
1
1.16667
1
1.2
1
1.23333
1
1.26667
1
1.3
1
1.33333
1
1.36667
1
1.4
1
1.43333
1
1.46667
1
1.5
1
1.53333
1
1.56667
1
1.6
1
1.63333
1
1.66667
1
1.7
1
1.73333
1
1.76667
1
1.8
1
1.83333
1
1.86667
1
1.9
1
1.93333
1
1.96667
1
2
1
2.03333
1
2.06667
1
2.1
1
2.13333
1
2.16667
1
2.2
1
2.23333
1
2.26667
1
2.3
1
2.33333
1
2.36667
1
2.4
1
2.43333
1
2.46667
1
2.5
1
2.53333
1
2.56667
1
2.6
1
2.63333
1
2.66667
1
2.7
1
2.73333
1
2.76667
1
2.8
1
2.83333
1
2.86667
1
2.9
1
2.93333
1
2.96667
1
3
1
3.03333
1
3.06667
1
3.1
1
3.13333
1
3.16667
1
3.2
1
3.23333
1
3.26667
1
3.3
1
3.33333
1
3.36667
1
3.4
1
3.43333
1
3.46667
1
3.5
1
3.53333
1
3.56667
1
3.6
1
3.63333
1
3.66667
1
3.7
1
3.73333
1
3.76667
1
3.8
1
3.83333
1
3.86667
1
3.9
1
3.93333
1
3.96667
1
4
1
4.03333
1
4.06667
1
4.1
1
4.13333
1
4.16667
1
4.2
1
4.23333
1
4.26667
1
4.3
1
4.33333
1
4.36667
1
4.4
1
4.43333
1
4.46667
1
4.5
1
4.53333
1
4.56667
1
4.6
1
4.63333
1
4.66667
1
4.7
1
4.73333
1
4.76667
1
4.8
1
4.83333
1
4.86667
1
4.9
1
4.93333
1
4.96667
1
5
1
5.03333
1
5.06667
1
5.1
1
5.13333
1
5.16667
1
5.2
1
5.23333
1
5.26667
1
5.3
1
5.33333
1
5.36667
1
5.4
1
5.43333
1
5.46667
1
5.5
2
5.53333
2
5.56667
2
5.6
2
5.63333
2
5.66667
3
5.7
4
5.73333
4
5.76667
4
5.8
4
5.83333
4
5.86667
4
5.9
5
5.93333
6
5.96667
6
6
6
6.03333
6
6.06667
6
6.1
6
6.13333
7
6.16667
7
6.2
7
6.23333
9
6.26667
10
6.3
10
6.33333
11
6.36667
12
6.4
12
6.43333
12
6.46667
12
6.5
13
6.53333
13
6.56667
13
6.6
13
6.63333
16
6.66667
17
6.7
18
6.73333
21
6.76667
21
6.8
23
6.83333
23
6.86667
24
6.9
27
6.93333
27
6.96667
27
7
27
7.03333
28
7.06667
31
7.1
32
7.13333
33
7.16667
34
7.2
36
7.23333
38
7.26667
41
7.3
42
7.33333
44
7.36667
45
7.4
46
7.43333
49
7.46667
51
7.5
52
7.53333
52
7.56667
53
7.6
54
7.63333
54
7.66667
54
7.7
55
7.73333
57
7.76667
57
7.8
57
7.83333
59
7.86667
59
7.9
59
7.93333
61
7.96667
64
8
66
8.03333
66
8.06667
66
8.1
68
8.13333
68
8.16667
69
8.2
70
8.23333
70
8.26667
70
8.3
70
8.33333
70
8.36667
71
8.4
71
8.43333
72
8.46667
72
8.5
74
8.53333
74
8.56667
76
8.6
77
8.63333
78
8.66667
79
8.7
80
8.73333
81
8.76667
81
8.8
82
8.83333
83
8.86667
84
8.9
86
8.93333
86
8.96667
87
9
87
9.03333
88
9.06667
88
9.1
89
9.13333
89
9.16667
91
9.2
94
9.23333
94
9.26667
94
9.3
94
9.33333
97
9.36667
98
9.4
98
9.43333
99
9.46667
99
9.5
99
9.53333
100
9.56667
100
9.6
101
9.63333
101
9.66667
102
9.7
106
9.73333
108
9.76667
109
9.8
110
9.83333
111
9.86667
113
9.9
114
9.93333
114
9.96667
117
10
122
10.0333
123
10.0667
125
10.1
126
10.1333
127
10.1667
127
10.2
131
10.2333
133
10.2667
134
10.3
135
10.3333
136
10.3667
138
10.4
139
10.4333
142
10.4667
144
10.5
144
10.5333
146
10.5667
147
10.6
151
10.6333
152
10.6667
155
10.7
159
10.7333
159
10.7667
159
10.8
160
10.8333
160
10.8667
164
10.9
164
10.9333
167
10.9667
168
11
168
11.0333
169
11.0667
170
11.1
170
11.1333
170
11.1667
170
11.2
170
11.2333
172
11.2667
174
11.3
175
11.3333
176
11.3667
176
11.4
177
11.4333
177
11.4667
178
11.5
178
11.5333
178
11.5667
178
11.6
179
11.6333
179
11.6667
179
11.7
179
11.7333
180
11.7667
180
11.8
181
11.8333
181
11.8667
181
11.9
183
11.9333
183
11.9667
183
12
183
12.0333
183
12.0667
183
12.1
183
12.1333
183
12.1667
185
12.2
185
12.2333
185
12.2667
185
12.3
188
12.3333
188
12.3667
188
12.4
190
12.4333
190
12.4667
192
12.5
194
12.5333
195
12.5667
198
12.6
201
12.6333
203
12.6667
203
12.7
203
12.7333
204
12.7667
205
12.8
206
12.8333
207
12.8667
208
12.9
209
12.9333
210
12.9667
210
13
211
13.0333
212
13.0667
214
13.1
215
13.1333
215
13.1667
215
13.2
215
13.2333
217
13.2667
219
13.3
220
13.3333
222
13.3667
224
13.4
224
13.4333
225
13.4667
225
13.5
226
13.5333
227
13.5667
228
13.6
228
13.6333
228
13.6667
228
13.7
228
13.7333
228
13.7667
228
13.8
230
13.8333
230
13.8667
231
13.9
231
13.9333
233
13.9667
233
14
234
14.0333
234
14.0667
234
14.1
234
14.1333
235
14.1667
235
14.2
237
14.2333
238
14.2667
239
14.3
239
14.3333
241
14.3667
243
14.4
243
14.4333
244
14.4667
244
14.5
245
14.5333
245
14.5667
246
14.6
247
14.6333
247
14.6667
248
14.7
248
14.7333
248
14.7667
248
14.8
248
14.8333
248
14.8667
248
14.9
249
14.9333
249
14.9667
249
15
249
15.0333
249
15.0667
249
15.1
250
15.1333
251
15.1667
251
15.2
251
15.2333
252
15.2667
252
15.3
253
15.3333
255
15.3667
255
15.4
255
15.4333
255
15.4667
255
15.5
256
15.5333
257
15.5667
257
15.6
259
15.6333
260
15.6667
260
15.7
261
15.7333
262
15.7667
263
15.8
263
15.8333
265
15.8667
266
15.9
266
15.9333
266
15.9667
267
16
268
16.0333
268
16.0667
269
16.1
269
16.1333
269
16.1667
270
16.2
270
16.2333
270
16.2667
271
16.3
274
16.3333
275
16.3667
276
16.4
279
16.4333
279
16.4667
280
16.5
282
16.5333
282
16.5667
282
16.6
283
16.6333
283
16.6667
283
16.7
283
16.7333
283
16.7667
283
16.8
285
16.8333
287
16.8667
288
16.9
288
16.9333
291
16.9667
292
17
292
17.0333
293
17.0667
294
17.1
295
17.1333
296
17.1667
300
17.2
300
17.2333
300
17.2667
304
17.3
307
17.3333
308
17.3667
309
17.4
309
17.4333
309
17.4667
310
17.5
310
17.5333
311
17.5667
312
17.6
313
17.6333
314
17.6667
316
17.7
319
17.7333
321
17.7667
321
17.8
323
17.8333
324
17.8667
324
17.9
325
17.9333
325
17.9667
326
18
326
18.0333
326
18.0667
326
18.1
326
18.1333
326
18.1667
326
18.2
326
18.2333
326
18.2667
327
18.3
328
18.3333
329
18.3667
329
18.4
330
18.4333
331
18.4667
334
18.5
335
18.5333
335
18.5667
335
18.6
336
18.6333
336
18.6667
338
18.7
338
18.7333
338
18.7667
339
18.8
339
18.8333
341
18.8667
341
18.9
341
18.9333
341
18.9667
342
19
342
19.0333
342
19.0667
342
19.1
342
19.1333
342
19.1667
342
19.2
343
19.2333
343
19.2667
343
19.3
344
19.3333
345
19.3667
345
19.4
346
19.4333
346
19.4667
346
19.5
346
19.5333
346
19.5667
346
19.6
346
19.6333
346
19.6667
346
19.7
346
19.7333
346
19.7667
346
19.8
346
19.8333
346
19.8667
348
19.9
348
19.9333
348
19.9667
348
20
349
20.0333
350
20.0667
350
20.1
350
20.1333
350
20.1667
350
20.2
351
20.2333
351
20.2667
352
20.3
353
20.3333
353
20.3667
353
20.4
354
20.4333
354
20.4667
354
20.5
354
20.5333
354
20.5667
356
20.6
356
20.6333
356
20.6667
356
20.7
356
20.7333
356
20.7667
356
20.8
356
20.8333
356
20.8667
356
20.9
356
20.9333
356
20.9667
356
21
356
21.0333
356
21.0667
356
21.1
357
21.1333
357
21.1667
357
21.2
357
21.2333
357
21.2667
357
21.3
357
21.3333
357
21.3667
357
21.4
357
21.4333
358
21.4667
358
21.5
358
21.5333
358
21.5667
358
21.6
358
21.6333
358
21.6667
359
21.7
359
21.7333
359
21.7667
360
21.8
360
21.8333
360
21.8667
360
21.9
362
21.9333
362
21.9667
364
22
365
22.0333
365
22.0667
366
22.1
366
22.1333
368
22.1667
368
22.2
368
22.2333
368
22.2667
368
22.3
368
22.3333
370
22.3667
370
22.4
372
22.4333
372
22.4667
374
22.5
374
22.5333
376
22.5667
376
22.6
376
22.6333
376
22.6667
377
22.7
377
22.7333
377
22.7667
377
22.8
377
22.8333
377
22.8667
377
22.9
379
22.9333
379
22.9667
379
23
379
23.0333
379
23.0667
380
23.1
380
23.1333
380
23.1667
380
23.2
381
23.2333
382
23.2667
383
23.3
383
23.3333
383
23.3667
383
23.4
383
23.4333
383
23.4667
384
23.5
385
23.5333
385
23.5667
385
23.6
385
23.6333
385
23.6667
386
23.7
387
23.7333
387
23.7667
389
23.8
389
23.8333
389
23.8667
389
23.9
389
23.9333
389
23.9667
389
24
389
24.0333
390
24.0667
391
24.1
391
24.1333
391
24.1667
391
24.2
391
24.2333
391
24.2667
391
24.3
392
24.3333
392
24.3667
392
24.4
392
24.4333
392
24.4667
392
24.5
392
24.5333
393
24.5667
393
24.6
393
24.6333
393
24.6667
394
24.7
394
24.7333
394
24.7667
394
24.8
394
24.8333
394
24.8667
394
24.9
394
24.9333
395
24.9667
395
25
396
25.0333
398
25.0667
398
25.1
398
25.1333
399
25.1667
399
25.2
399
25.2333
399
25.2667
400
25.3
401
25.3333
401
25.3667
401
25.4
401
25.4333
401
25.4667
401
25.5
401
25.5333
401
25.5667
401
25.6
402
25.6333
403
25.6667
403
25.7
403
25.7333
404
25.7667
404
25.8
404
25.8333
404
25.8667
404
25.9
404
25.9333
404
25.9667
404
26
405
26.0333
405
26.0667
405
26.1
405
26.1333
405
26.1667
405
26.2
405
26.2333
405
26.2667
405
26.3
406
26.3333
406
26.3667
406
26.4
407
26.4333
407
26.4667
407
26.5
407
26.5333
407
26.5667
407
26.6
408
26.6333
409
26.6667
409
26.7
409
26.7333
411
26.7667
411
26.8
411
26.8333
411
26.8667
412
26.9
412
26.9333
412
26.9667
412
27
413
27.0333
413
27.0667
413
27.1
414
27.1333
414
27.1667
415
27.2
416
27.2333
417
27.2667
417
27.3
417
27.3333
417
27.3667
419
27.4
420
27.4333
422
27.4667
423
27.5
423
27.5333
423
27.5667
423
27.6
423
27.6333
423
27.6667
423
27.7
425
27.7333
425
27.7667
426
27.8
426
27.8333
426
27.8667
427
27.9
427
27.9333
427
27.9667
427
28
427
28.0333
427
28.0667
427
28.1
427
28.1333
427
28.1667
428
28.2
428
28.2333
428
28.2667
429
28.3
429
28.3333
429
28.3667
429
28.4
429
28.4333
429
28.4667
429
28.5
430
28.5333
431
28.5667
431
28.6
431
28.6333
431
28.6667
432
28.7
432
28.7333
433
28.7667
433
28.8
433
28.8333
433
28.8667
433
28.9
433
28.9333
433
28.9667
433
29
433
29.0333
433
29.0667
433
29.1
433
29.1333
433
29.1667
434
29.2
434
29.2333
434
29.2667
435
29.3
436
29.3333
437
29.3667
437
29.4
437
29.4333
437
29.4667
437
29.5
437
29.5333
437
29.5667
437
29.6
437
29.6333
437
29.6667
437
29.7
438
29.7333
439
29.7667
439
29.8
439
29.8333
439
29.8667
440
29.9
440
29.9333
440
29.9667
440
30
440
30.0333
441
30.0667
445
30.1
445
30.1333
445
30.1667
447
30.2
448
30.2333
448
30.2667
449
30.3
449
30.3333
449
30.3667
449
30.4
449
30.4333
450
30.4667
450
30.5
451
30.5333
451
30.5667
452
30.6
452
30.6333
452
30.6667
453
30.7
454
30.7333
455
30.7667
455
30.8
457
30.8333
457
30.8667
457
30.9
457
30.9333
457
30.9667
459
31
459
31.0333
460
31.0667
460
31.1
461
31.1333
461
31.1667
462
31.2
463
31.2333
463
31.2667
464
31.3
464
31.3333
464
31.3667
465
31.4
466
31.4333
466
31.4667
466
31.5
467
31.5333
468
31.5667
468
31.6
469
31.6333
469
31.6667
469
31.7
469
31.7333
469
31.7667
469
31.8
469
31.8333
469
31.8667
470
31.9
470
31.9333
470
31.9667
470
32
470
32.0333
470
32.0667
470
32.1
470
32.1333
470
32.1667
470
32.2
470
32.2333
470
32.2667
472
32.3
472
32.3333
473
32.3667
473
32.4
473
32.4333
473
32.4667
473
32.5
473
32.5333
473
32.5667
473
32.6
474
32.6333
475
32.6667
475
32.7
475
32.7333
475
32.7667
475
32.8
475
32.8333
475
32.8667
475
32.9
475
32.9333
475
32.9667
475
33
475
33.0333
475
33.0667
475
33.1
475
33.1333
475
33.1667
475
33.2
475
33.2333
475
33.2667
475
33.3
475
33.3333
475
33.3667
476
33.4
476
33.4333
476
33.4667
476
33.5
476
33.5333
476
33.5667
476
33.6
476
33.6333
476
33.6667
476
33.7
476
33.7333
476
33.7667
477
33.8
477
33.8333
477
33.8667
478
33.9
478
33.9333
478
33.9667
478
34
478
34.0333
478
34.0667
478
34.1
478
34.1333
478
34.1667
478
34.2
479
34.2333
479
34.2667
479
34.3
479
34.3333
481
34.3667
481
34.4
481
34.4333
482
34.4667
483
34.5
483
34.5333
483
34.5667
483
34.6
483
34.6333
483
34.6667
483
34.7
483
34.7333
483
34.7667
483
34.8
484
34.8333
484
34.8667
484
34.9
484
34.9333
485
34.9667
485
35
485
35.0333
485
35.0667
485
35.1
485
35.1333
485
35.1667
485
35.2
486
35.2333
486
35.2667
486
35.3
486
35.3333
486
35.3667
486
35.4
486
35.4333
487
35.4667
487
35.5
489
35.5333
489
35.5667
489
35.6
489
35.6333
489
35.6667
489
35.7
489
35.7333
489
35.7667
489
35.8
489
35.8333
490
35.8667
490
35.9
490
35.9333
491
35.9667
491
36
491
36.0333
491
36.0667
492
36.1
492
36.1333
492
36.1667
492
36.2
492
36.2333
492
36.2667
492
36.3
492
36.3333
492
36.3667
492
36.4
493
36.4333
493
36.4667
493
36.5
493
36.5333
493
36.5667
494
36.6
494
36.6333
495
36.6667
496
36.7
496
36.7333
496
36.7667
496
36.8
496
36.8333
496
36.8667
496
36.9
496
36.9333
496
36.9667
496
37
496
37.0333
498
37.0667
498
37.1
498
37.1333
498
37.1667
498
37.2
498
37.2333
498
37.2667
499
37.3
499
37.3333
499
37.3667
499
37.4
499
37.4333
499
37.4667
499
37.5
499
37.5333
499
37.5667
499
37.6
499
37.6333
499
37.6667
499
37.7
499
37.7333
499
37.7667
499
37.8
499
37.8333
499
37.8667
499
37.9
499
37.9333
499
37.9667
499
38
499
38.0333
500
38.0667
501
38.1
502
38.1333
502
38.1667
502
38.2
503
38.2333
503
38.2667
503
38.3
503
38.3333
503
38.3667
503
38.4
503
38.4333
503
38.4667
503
38.5
503
38.5333
503
38.5667
503
38.6
503
38.6333
503
38.6667
503
38.7
503
38.7333
503
38.7667
503
38.8
503
38.8333
503
38.8667
503
38.9
504
38.9333
504
38.9667
504
39
504
39.0333
504
39.0667
504
39.1
504
39.1333
504
39.1667
504
39.2
504
39.2333
504
39.2667
504
39.3
504
39.3333
504
39.3667
504
39.4
504
39.4333
504
39.4667
504
39.5
504
39.5333
504
39.5667
504
39.6
504
39.6333
504
39.6667
504
39.7
505
39.7333
505
39.7667
506
39.8
506
39.8333
506
39.8667
506
39.9
506
39.9333
506
39.9667
506
40
506
40.0333
506
40.0667
506
40.1
506
40.1333
506
40.1667
507
40.2
507
40.2333
507
40.2667
507
40.3
507
40.3333
507
40.3667
507
40.4
507
40.4333
507
40.4667
507
40.5
507
40.5333
507
40.5667
507
40.6
508
40.6333
508
40.6667
508
40.7
508
40.7333
508
40.7667
508
40.8
508
40.8333
508
40.8667
508
40.9
508
40.9333
508
40.9667
508
41
508
41.0333
508
41.0667
508
41.1
508
41.1333
508
41.1667
508
41.2
508
41.2333
509
41.2667
509
41.3
509
41.3333
509
41.3667
509
41.4
509
41.4333
509
41.4667
509
41.5
509
41.5333
509
41.5667
509
41.6
509
41.6333
509
41.6667
509
41.7
510
41.7333
510
41.7667
510
41.8
510
41.8333
510
41.8667
510
41.9
510
41.9333
510
41.9667
510
42
510
42.0333
510
42.0667
510
42.1
510
42.1333
510
42.1667
510
42.2
510
42.2333
510
42.2667
510
42.3
510
42.3333
510
42.3667
510
42.4
510
42.4333
510
42.4667
510
42.5
510
42.5333
510
42.5667
510
42.6
510
42.6333
510
42.6667
510
42.7
510
42.7333
510
42.7667
510
42.8
510
42.8333
510
42.8667
510
42.9
510
42.9333
510
42.9667
510
43
510
43.0333
510
43.0667
510
43.1
510
43.1333
510
43.1667
510
43.2
510
43.2333
510
43.2667
510
43.3
510
43.3333
510
43.3667
510
43.4
510
43.4333
510
43.4667
510
43.5
510
43.5333
510
43.5667
510
43.6
510
43.6333
510
43.6667
510
43.7
510
43.7333
510
43.7667
510
43.8
510
43.8333
510
43.8667
510
43.9
510
43.9333
510
43.9667
510
44
510
44.0333
510
44.0667
511
44.1
511
44.1333
511
44.1667
511
44.2
511
44.2333
511
44.2667
511
44.3
511
44.3333
511
44.3667
511
44.4
511
44.4333
511
44.4667
511
44.5
511
44.5333
511
44.5667
511
44.6
511
44.6333
511
44.6667
511
44.7
511
44.7333
511
44.7667
511
44.8
511
44.8333
511
44.8667
511
44.9
511
44.9333
511
44.9667
511
45
511
45.0333
511
45.0667
511
45.1
511
45.1333
511
45.1667
511
45.2
511
45.2333
511
45.2667
511
45.3
511
45.3333
511
45.3667
511
45.4
511
45.4333
511
45.4667
511
45.5
511
45.5333
511
45.5667
511
45.6
511
45.6333
511
45.6667
511
45.7
511
45.7333
511
45.7667
511
45.8
511
45.8333
511
45.8667
511
45.9
511
45.9333
511
45.9667
511
46
511
46.0333
511
46.0667
511
46.1
511
46.1333
511
46.1667
511
46.2
511
46.2333
511
46.2667
511
46.3
511
46.3333
511
46.3667
511
46.4
511
46.4333
511
46.4667
511
46.5
511
46.5333
511
46.5667
511
46.6
511
46.6333
511
46.6667
511
46.7
511
46.7333
511
46.7667
511
46.8
511
46.8333
511
46.8667
511
46.9
511
46.9333
511
46.9667
511
47
511
47.0333
512
47.0667
512
47.1
512
47.1333
512
47.1667
512
47.2
512
47.2333
512
47.2667
512
47.3
512
47.3333
512
47.3667
512
47.4
512
47.4333
512
47.4667
512
47.5
512
47.5333
513
47.5667
513
47.6
513
47.6333
513
47.6667
513
47.7
513
47.7333
513
47.7667
513
47.8
513
47.8333
513
47.8667
513
47.9
513
47.9333
513
47.9667
513
48
513
48.0333
513
48.0667
513
48.1
513
48.1333
513
48.1667
513
48.2
513
48.2333
513
48.2667
513
48.3
513
48.3333
513
48.3667
513
48.4
513
48.4333
513
48.4667
513
48.5
513
48.5333
513
48.5667
513
48.6
513
48.6333
513
48.6667
513
48.7
513
48.7333
513
48.7667
513
48.8
513
48.8333
513
48.8667
513
48.9
513
48.9333
513
48.9667
513
49
513
49.0333
513
49.0667
513
49.1
513
49.1333
513
49.1667
513
49.2
513
49.2333
513
49.2667
513
49.3
513
49.3333
513
49.3667
513
49.4
513
49.4333
513
49.4667
513
49.5
513
49.5333
513
49.5667
514
49.6
514
49.6333
514
49.6667
514
49.7
514
49.7333
514
49.7667
514
49.8
515
49.8333
515
49.8667
515
49.9
515
49.9333
515
49.9667
515
50
515
50.0333
515
50.0667
515
50.1
515
50.1333
515
50.1667
515
50.2
515
50.2333
515
50.2667
515
50.3
515
50.3333
515
50.3667
515
50.4
516
50.4333
516
50.4667
516
50.5
516
50.5333
516
50.5667
516
50.6
516
50.6333
516
50.6667
516
50.7
516
50.7333
516
50.7667
516
50.8
516
50.8333
516
50.8667
516
50.9
516
50.9333
516
50.9667
516
51
516
51.0333
516
51.0667
516
51.1
516
51.1333
516
51.1667
516
51.2
516
51.2333
516
51.2667
516
51.3
516
51.3333
516
51.3667
516
51.4
516
51.4333
516
51.4667
516
51.5
516
51.5333
516
51.5667
516
51.6
516
51.6333
516
51.6667
516
51.7
516
51.7333
516
51.7667
516
51.8
516
51.8333
516
51.8667
516
51.9
516
51.9333
516
51.9667
516
52
516
52.0333
516
52.0667
516
52.1
516
52.1333
516
52.1667
516
52.2
516
52.2333
516
52.2667
516
52.3
516
52.3333
516
52.3667
516
52.4
516
52.4333
516
52.4667
516
52.5
516
52.5333
516
52.5667
516
52.6
516
52.6333
516
52.6667
516
52.7
516
52.7333
516
52.7667
517
52.8
517
52.8333
517
52.8667
517
52.9
517
52.9333
517
52.9667
517
53
517
53.0333
517
53.0667
517
53.1
517
53.1333
517
53.1667
517
53.2
517
53.2333
517
53.2667
517
53.3
517
53.3333
517
