0
1
0.0333333
1
0.0666667
1
0.1
1
0.133333
1
0.166667
1
0.2
1
0.233333
1
0.266667
1
0.3
1
0.333333
1
0.366667
1
0.4
1
0.433333
1
0.466667
1
0.5
1
0.533333
1
0.566667
1
0.6
1
0.633333
1
0.666667
1
0.7
1
0.733333
1
0.766667
1
0.8
1
0.833333
1
0.866667
1
0.9
1
0.933333
1
0.966667
1
1
1
1.03333
1
1.06667
1
1.1
1
1.13333
1
1.16667
1
1.2
1
1.23333
1
1.26667
1
1.3
1
1.33333
1
1.36667
1
1.4
1
1.43333
1
1.46667
1
1.5
1
1.53333
1
1.56667
1
1.6
1
1.63333
1
1.66667
1
1.7
1
1.73333
1
1.76667
1
1.8
1
1.83333
1
1.86667
1
1.9
1
1.93333
1
1.96667
1
2
1
2.03333
1
2.06667
1
2.1
1
2.13333
1
2.16667
1
2.2
1
2.23333
1
2.26667
1
2.3
1
2.33333
1
2.36667
1
2.4
1
2.43333
1
2.46667
1
2.5
1
2.53333
1
2.56667
1
2.6
1
2.63333
1
2.66667
1
2.7
1
2.73333
1
2.76667
1
2.8
1
2.83333
1
2.86667
1
2.9
1
2.93333
1
2.96667
1
3
1
3.03333
1
3.06667
1
3.1
1
3.13333
1
3.16667
1
3.2
1
3.23333
1
3.26667
1
3.3
1
3.33333
1
3.36667
1
3.4
1
3.43333
1
3.46667
1
3.5
1
3.53333
1
3.56667
1
3.6
1
3.63333
1
3.66667
1
3.7
1
3.73333
1
3.76667
1
3.8
1
3.83333
1
3.86667
1
3.9
1
3.93333
1
3.96667
1
4
1
4.03333
1
4.06667
1
4.1
1
4.13333
1
4.16667
1
4.2
1
4.23333
1
4.26667
1
4.3
1
4.33333
1
4.36667
1
4.4
1
4.43333
1
4.46667
1
4.5
1
4.53333
1
4.56667
1
4.6
1
4.63333
1
4.66667
1
4.7
1
4.73333
1
4.76667
1
4.8
1
4.83333
1
4.86667
1
4.9
1
4.93333
1
4.96667
1
5
1
5.03333
1
5.06667
1
5.1
1
5.13333
1
5.16667
1
5.2
1
5.23333
1
5.26667
1
5.3
1
5.33333
1
5.36667
1
5.4
1
5.43333
1
5.46667
1
5.5
1
5.53333
1
5.56667
1
5.6
1
5.63333
1
5.66667
1
5.7
1
5.73333
1
5.76667
1
5.8
1
5.83333
1
5.86667
1
5.9
1
5.93333
1
5.96667
1
6
1
6.03333
2
6.06667
2
6.1
2
6.13333
2
6.16667
2
6.2
2
6.23333
2
6.26667
2
6.3
3
6.33333
3
6.36667
4
6.4
4
6.43333
5
6.46667
5
6.5
5
6.53333
5
6.56667
5
6.6
5
6.63333
5
6.66667
5
6.7
5
6.73333
5
6.76667
5
6.8
5
6.83333
5
6.86667
5
6.9
6
6.93333
6
6.96667
6
7
7
7.03333
8
7.06667
8
7.1
8
7.13333
8
7.16667
8
7.2
8
7.23333
8
7.26667
9
7.3
9
7.33333
10
7.36667
10
7.4
10
7.43333
10
7.46667
10
7.5
12
7.53333
14
7.56667
16
7.6
16
7.63333
16
7.66667
16
7.7
16
7.73333
16
7.76667
17
7.8
18
7.83333
18
7.86667
18
7.9
18
7.93333
21
7.96667
22
8
24
8.03333
25
8.06667
26
8.1
26
8.13333
26
8.16667
26
8.2
26
8.23333
26
8.26667
26
8.3
26
8.33333
26
8.36667
26
8.4
26
8.43333
26
8.46667
26
8.5
26
8.53333
27
8.56667
27
8.6
27
8.63333
27
8.66667
27
8.7
27
8.73333
27
8.76667
27
8.8
27
8.83333
27
8.86667
27
8.9
27
8.93333
27
8.96667
28
9
28
9.03333
28
9.06667
29
9.1
29
9.13333
29
9.16667
29
9.2
29
9.23333
29
9.26667
29
9.3
29
9.33333
29
9.36667
29
9.4
29
9.43333
29
9.46667
29
9.5
29
9.53333
29
9.56667
29
9.6
29
9.63333
29
9.66667
29
9.7
30
9.73333
30
9.76667
30
9.8
30
9.83333
30
9.86667
30
9.9
30
9.93333
31
9.96667
33
10
34
10.0333
34
10.0667
34
10.1
34
10.1333
34
10.1667
35
10.2
35
10.2333
35
10.2667
35
10.3
35
10.3333
35
10.3667
36
10.4
37
10.4333
38
10.4667
38
10.5
38
10.5333
38
10.5667
38
10.6
38
10.6333
38
10.6667
38
10.7
39
10.7333
39
10.7667
39
10.8
39
10.8333
39
10.8667
39
10.9
39
10.9333
39
10.9667
39
11
39
11.0333
39
11.0667
39
11.1
39
11.1333
39
11.1667
39
11.2
40
11.2333
40
11.2667
40
11.3
40
11.3333
40
11.3667
40
11.4
40
11.4333
40
11.4667
40
11.5
41
11.5333
41
11.5667
41
11.6
41
11.6333
41
11.6667
41
11.7
41
11.7333
41
11.7667
41
11.8
41
11.8333
41
11.8667
41
11.9
41
11.9333
42
11.9667
42
12
42
12.0333
42
12.0667
42
12.1
43
12.1333
45
12.1667
45
12.2
45
12.2333
45
12.2667
45
12.3
45
12.3333
46
12.3667
46
12.4
47
12.4333
47
12.4667
47
12.5
47
12.5333
47
12.5667
47
12.6
47
12.6333
47
12.6667
47
12.7
47
12.7333
47
12.7667
47
12.8
49
12.8333
49
12.8667
49
12.9
49
12.9333
49
12.9667
49
13
49
13.0333
49
13.0667
49
13.1
50
13.1333
50
13.1667
50
13.2
50
13.2333
50
13.2667
50
13.3
50
13.3333
50
13.3667
50
13.4
50
13.4333
51
13.4667
51
13.5
51
13.5333
51
13.5667
51
13.6
51
13.6333
51
13.6667
51
13.7
51
13.7333
51
13.7667
51
13.8
51
13.8333
51
13.8667
51
13.9
51
13.9333
51
13.9667
51
14
51
14.0333
51
14.0667
51
14.1
51
14.1333
51
14.1667
51
14.2
51
14.2333
51
14.2667
51
14.3
51
14.3333
51
14.3667
51
14.4
51
14.4333
51
14.4667
51
14.5
51
14.5333
51
14.5667
51
14.6
51
14.6333
51
14.6667
51
14.7
51
14.7333
51
14.7667
51
14.8
51
14.8333
51
14.8667
51
14.9
51
14.9333
51
14.9667
51
15
51
15.0333
51
15.0667
51
15.1
51
15.1333
51
15.1667
51
15.2
51
15.2333
51
15.2667
51
15.3
51
15.3333
51
15.3667
51
15.4
51
15.4333
51
15.4667
51
15.5
51
15.5333
51
15.5667
51
15.6
51
15.6333
51
15.6667
51
15.7
51
15.7333
51
15.7667
51
15.8
51
15.8333
51
15.8667
51
15.9
52
15.9333
52
15.9667
52
16
52
16.0333
52
16.0667
52
16.1
52
16.1333
52
16.1667
52
16.2
52
16.2333
52
16.2667
53
16.3
53
16.3333
53
16.3667
54
16.4
54
16.4333
54
16.4667
54
16.5
54
16.5333
54
16.5667
54
16.6
54
16.6333
54
16.6667
55
16.7
55
16.7333
56
16.7667
56
16.8
56
16.8333
56
16.8667
56
16.9
57
16.9333
57
16.9667
57
17
57
17.0333
57
17.0667
57
17.1
57
17.1333
58
17.1667
58
17.2
58
17.2333
58
17.2667
58
17.3
58
17.3333
58
17.3667
58
17.4
58
17.4333
58
17.4667
58
17.5
58
17.5333
58
17.5667
58
17.6
58
17.6333
58
17.6667
58
17.7
58
17.7333
58
17.7667
58
17.8
58
17.8333
58
17.8667
58
17.9
58
17.9333
58
17.9667
58
18
58
18.0333
58
18.0667
58
18.1
58
18.1333
58
18.1667
58
18.2
58
18.2333
58
18.2667
58
18.3
58
18.3333
58
18.3667
58
18.4
58
18.4333
58
18.4667
58
18.5
58
18.5333
58
18.5667
58
18.6
58
18.6333
58
18.6667
58
18.7
58
18.7333
58
18.7667
58
18.8
58
18.8333
58
18.8667
58
18.9
58
18.9333
58
18.9667
58
19
58
19.0333
58
19.0667
58
19.1
58
19.1333
58
19.1667
58
19.2
58
19.2333
58
19.2667
58
19.3
58
19.3333
58
19.3667
58
19.4
58
19.4333
58
19.4667
58
19.5
58
19.5333
58
19.5667
58
19.6
58
19.6333
58
19.6667
58
19.7
58
19.7333
58
19.7667
58
19.8
58
19.8333
58
19.8667
58
19.9
58
19.9333
58
19.9667
58
20
58
20.0333
58
20.0667
58
20.1
58
20.1333
58
20.1667
58
20.2
58
20.2333
58
20.2667
58
20.3
58
20.3333
58
20.3667
58
20.4
58
20.4333
58
20.4667
58
20.5
58
20.5333
58
20.5667
58
20.6
58
20.6333
58
20.6667
58
20.7
58
20.7333
58
20.7667
58
20.8
58
20.8333
58
20.8667
58
20.9
58
20.9333
58
20.9667
58
21
58
21.0333
58
21.0667
58
21.1
58
21.1333
58
21.1667
58
21.2
58
21.2333
58
21.2667
58
21.3
58
21.3333
58
21.3667
58
21.4
58
21.4333
58
21.4667
58
21.5
58
21.5333
58
21.5667
58
21.6
58
21.6333
58
21.6667
58
21.7
58
21.7333
58
21.7667
58
21.8
58
21.8333
58
21.8667
58
21.9
58
21.9333
58
21.9667
58
22
58
22.0333
58
22.0667
58
22.1
58
22.1333
58
22.1667
58
22.2
58
22.2333
58
22.2667
58
22.3
58
22.3333
58
22.3667
59
22.4
59
22.4333
59
22.4667
59
22.5
59
22.5333
59
22.5667
59
22.6
59
22.6333
59
22.6667
59
22.7
59
22.7333
59
22.7667
59
22.8
59
22.8333
59
22.8667
59
22.9
59
22.9333
59
22.9667
59
23
59
23.0333
59
23.0667
59
23.1
59
23.1333
59
23.1667
59
23.2
59
23.2333
59
23.2667
59
23.3
59
23.3333
59
23.3667
59
23.4
59
23.4333
59
23.4667
59
23.5
59
23.5333
59
23.5667
59
23.6
59
23.6333
59
23.6667
59
23.7
59
23.7333
59
23.7667
59
23.8
59
23.8333
59
23.8667
59
23.9
59
23.9333
59
23.9667
59
24
59
24.0333
59
24.0667
59
24.1
59
24.1333
59
24.1667
59
24.2
59
24.2333
60
24.2667
61
24.3
61
24.3333
61
24.3667
61
24.4
61
24.4333
61
24.4667
61
24.5
61
24.5333
61
24.5667
61
24.6
61
24.6333
61
24.6667
61
24.7
61
24.7333
61
24.7667
62
24.8
62
24.8333
62
24.8667
62
24.9
62
24.9333
62
24.9667
62
25
62
25.0333
62
25.0667
62
25.1
62
25.1333
62
25.1667
62
25.2
62
25.2333
62
25.2667
62
25.3
62
25.3333
62
25.3667
62
25.4
62
25.4333
62
25.4667
62
25.5
62
25.5333
62
25.5667
62
25.6
62
25.6333
62
25.6667
62
25.7
62
25.7333
62
25.7667
62
25.8
63
25.8333
63
25.8667
63
25.9
63
25.9333
63
25.9667
63
26
64
26.0333
64
26.0667
64
26.1
64
26.1333
64
26.1667
64
26.2
64
26.2333
64
26.2667
64
26.3
64
26.3333
64
26.3667
64
26.4
64
26.4333
64
26.4667
64
26.5
64
26.5333
64
26.5667
64
26.6
64
26.6333
64
26.6667
64
26.7
64
26.7333
64
26.7667
64
26.8
64
26.8333
64
26.8667
64
26.9
64
26.9333
64
26.9667
64
27
64
27.0333
64
27.0667
64
27.1
64
27.1333
64
27.1667
64
27.2
64
27.2333
64
27.2667
64
27.3
64
27.3333
64
27.3667
64
27.4
64
27.4333
64
27.4667
64
27.5
64
27.5333
64
27.5667
64
27.6
64
27.6333
64
27.6667
64
27.7
64
27.7333
64
27.7667
64
27.8
64
27.8333
64
27.8667
64
27.9
64
27.9333
65
27.9667
65
28
65
28.0333
65
28.0667
65
28.1
65
28.1333
65
28.1667
65
28.2
65
28.2333
65
28.2667
65
28.3
65
28.3333
65
28.3667
65
28.4
65
28.4333
65
28.4667
65
28.5
65
28.5333
65
28.5667
65
28.6
65
28.6333
65
28.6667
65
28.7
65
28.7333
65
28.7667
65
28.8
65
28.8333
65
28.8667
65
28.9
65
28.9333
65
28.9667
65
29
65
29.0333
65
29.0667
65
29.1
65
29.1333
65
29.1667
65
29.2
65
29.2333
65
29.2667
65
29.3
65
29.3333
65
29.3667
65
29.4
65
29.4333
65
29.4667
65
29.5
65
29.5333
65
29.5667
65
29.6
65
29.6333
65
29.6667
65
29.7
65
29.7333
65
29.7667
65
29.8
65
29.8333
65
29.8667
65
29.9
65
29.9333
65
29.9667
65
30
65
30.0333
65
30.0667
65
30.1
65
30.1333
65
30.1667
65
30.2
65
30.2333
65
30.2667
65
30.3
65
30.3333
65
30.3667
65
30.4
65
30.4333
65
30.4667
65
30.5
65
30.5333
65
30.5667
65
30.6
65
30.6333
65
30.6667
65
30.7
65
30.7333
65
30.7667
65
30.8
65
30.8333
65
30.8667
65
30.9
65
30.9333
65
30.9667
65
31
65
31.0333
65
31.0667
65
31.1
65
31.1333
65
31.1667
65
31.2
65
31.2333
65
31.2667
65
31.3
65
31.3333
65
31.3667
65
31.4
65
31.4333
65
31.4667
65
31.5
65
31.5333
65
31.5667
65
31.6
65
31.6333
65
31.6667
65
31.7
65
31.7333
65
31.7667
65
31.8
65
31.8333
65
31.8667
65
31.9
65
31.9333
65
31.9667
65
32
65
32.0333
65
32.0667
65
32.1
65
32.1333
65
32.1667
65
32.2
65
32.2333
65
32.2667
65
32.3
65
32.3333
65
32.3667
65
32.4
65
32.4333
65
32.4667
65
32.5
65
32.5333
65
32.5667
65
32.6
65
32.6333
65
32.6667
65
32.7
65
32.7333
65
32.7667
65
32.8
65
32.8333
65
32.8667
65
32.9
65
32.9333
65
32.9667
65
33
65
33.0333
65
33.0667
65
33.1
65
33.1333
65
33.1667
65
33.2
65
33.2333
65
33.2667
65
33.3
65
33.3333
65
33.3667
65
33.4
65
33.4333
65
33.4667
65
33.5
65
33.5333
65
33.5667
65
33.6
65
33.6333
65
33.6667
65
33.7
65
33.7333
65
33.7667
65
33.8
65
33.8333
65
33.8667
65
33.9
65
33.9333
65
33.9667
65
34
65
34.0333
65
34.0667
65
34.1
65
34.1333
65
34.1667
65
34.2
65
34.2333
65
34.2667
65
34.3
65
34.3333
65
34.3667
65
34.4
65
34.4333
65
34.4667
65
34.5
65
34.5333
65
34.5667
65
34.6
65
34.6333
65
34.6667
65
34.7
65
34.7333
65
34.7667
65
34.8
65
34.8333
65
34.8667
65
34.9
65
34.9333
65
34.9667
65
35
65
35.0333
65
35.0667
65
35.1
65
35.1333
65
35.1667
65
35.2
65
35.2333
65
35.2667
65
35.3
65
35.3333
65
35.3667
65
35.4
65
35.4333
65
35.4667
65
35.5
65
35.5333
65
35.5667
65
35.6
65
35.6333
65
35.6667
65
35.7
65
35.7333
65
35.7667
65
35.8
65
35.8333
65
35.8667
65
35.9
65
35.9333
65
35.9667
65
36
65
36.0333
65
36.0667
65
36.1
65
36.1333
65
36.1667
65
36.2
65
36.2333
65
36.2667
65
36.3
65
36.3333
65
36.3667
65
36.4
65
36.4333
65
36.4667
65
36.5
65
36.5333
65
36.5667
65
36.6
65
36.6333
65
36.6667
65
36.7
65
36.7333
65
36.7667
65
36.8
65
36.8333
65
36.8667
65
36.9
65
36.9333
65
36.9667
65
37
65
37.0333
65
37.0667
65
37.1
65
37.1333
65
37.1667
65
37.2
65
37.2333
65
37.2667
65
37.3
65
37.3333
65
37.3667
65
37.4
65
37.4333
65
37.4667
65
37.5
65
37.5333
65
37.5667
65
37.6
65
37.6333
65
37.6667
65
37.7
65
37.7333
65
37.7667
65
37.8
65
37.8333
65
37.8667
65
37.9
65
37.9333
65
37.9667
65
38
65
38.0333
65
38.0667
65
38.1
65
38.1333
65
38.1667
65
38.2
65
38.2333
65
38.2667
65
38.3
65
38.3333
65
38.3667
65
38.4
65
38.4333
65
38.4667
65
38.5
65
38.5333
65
38.5667
65
38.6
65
38.6333
65
38.6667
65
38.7
65
38.7333
65
38.7667
65
38.8
65
38.8333
65
38.8667
65
38.9
65
38.9333
65
38.9667
65
39
65
39.0333
65
39.0667
65
39.1
65
39.1333
65
39.1667
65
39.2
65
39.2333
65
39.2667
65
39.3
65
39.3333
65
39.3667
65
39.4
65
39.4333
65
39.4667
65
39.5
65
39.5333
65
39.5667
65
39.6
65
39.6333
65
39.6667
65
39.7
65
39.7333
65
39.7667
65
39.8
65
39.8333
65
39.8667
65
39.9
65
39.9333
65
39.9667
65
40
65
40.0333
65
40.0667
65
40.1
65
40.1333
65
40.1667
65
40.2
65
40.2333
65
40.2667
65
40.3
65
40.3333
65
40.3667
65
40.4
65
40.4333
65
40.4667
65
40.5
65
40.5333
65
40.5667
65
40.6
65
40.6333
65
40.6667
65
40.7
65
40.7333
65
40.7667
65
40.8
65
40.8333
65
40.8667
65
40.9
65
40.9333
65
40.9667
65
41
65
41.0333
65
41.0667
65
41.1
65
41.1333
65
41.1667
65
41.2
65
41.2333
65
41.2667
65
41.3
65
41.3333
65
41.3667
65
41.4
65
41.4333
65
41.4667
65
41.5
65
41.5333
65
41.5667
65
41.6
65
41.6333
65
41.6667
65
41.7
65
41.7333
65
41.7667
65
41.8
65
41.8333
65
41.8667
65
41.9
65
41.9333
65
41.9667
65
42
65
42.0333
65
42.0667
65
42.1
65
42.1333
65
42.1667
65
42.2
65
42.2333
65
42.2667
65
42.3
65
42.3333
65
42.3667
65
42.4
65
42.4333
65
42.4667
65
42.5
65
42.5333
65
42.5667
65
42.6
65
42.6333
65
42.6667
65
42.7
65
42.7333
65
42.7667
65
42.8
65
42.8333
65
42.8667
65
42.9
65
42.9333
65
42.9667
65
43
65
43.0333
65
43.0667
65
43.1
65
43.1333
65
43.1667
65
43.2
65
43.2333
65
43.2667
65
43.3
65
43.3333
65
43.3667
65
43.4
65
43.4333
65
43.4667
65
43.5
65
43.5333
65
43.5667
65
43.6
65
43.6333
65
43.6667
65
43.7
65
43.7333
65
43.7667
65
43.8
65
43.8333
65
43.8667
65
43.9
65
43.9333
65
43.9667
65
44
65
44.0333
65
44.0667
65
44.1
65
44.1333
65
44.1667
65
44.2
65
44.2333
65
44.2667
65
44.3
65
44.3333
65
44.3667
65
44.4
65
44.4333
65
44.4667
65
44.5
65
44.5333
65
44.5667
65
44.6
65
44.6333
65
44.6667
65
44.7
65
44.7333
65
44.7667
65
44.8
65
44.8333
65
44.8667
65
44.9
65
44.9333
65
44.9667
65
45
65
45.0333
65
45.0667
65
45.1
65
45.1333
65
45.1667
65
45.2
65
45.2333
65
45.2667
65
45.3
65
45.3333
65
45.3667
65
45.4
65
45.4333
65
45.4667
65
45.5
65
45.5333
65
45.5667
65
45.6
65
45.6333
65
45.6667
65
45.7
65
45.7333
65
45.7667
65
45.8
65
45.8333
65
45.8667
65
45.9
65
45.9333
65
45.9667
65
46
65
46.0333
65
46.0667
65
46.1
65
46.1333
65
46.1667
65
46.2
65
46.2333
65
46.2667
65
46.3
65
46.3333
65
46.3667
65
46.4
65
46.4333
65
46.4667
65
46.5
65
46.5333
65
46.5667
65
46.6
65
46.6333
65
46.6667
65
46.7
65
46.7333
65
46.7667
65
46.8
65
46.8333
65
46.8667
65
46.9
65
46.9333
65
46.9667
65
47
65
47.0333
65
47.0667
65
47.1
65
47.1333
65
47.1667
65
47.2
65
47.2333
65
47.2667
65
47.3
65
47.3333
65
47.3667
65
47.4
65
47.4333
65
47.4667
65
47.5
65
47.5333
65
47.5667
65
47.6
65
47.6333
65
47.6667
65
47.7
65
47.7333
65
47.7667
65
47.8
65
47.8333
65
47.8667
65
47.9
65
47.9333
65
47.9667
65
48
65
48.0333
65
48.0667
65
48.1
65
48.1333
65
48.1667
65
48.2
65
48.2333
65
48.2667
65
48.3
65
48.3333
65
48.3667
65
48.4
65
48.4333
65
48.4667
65
48.5
65
48.5333
65
48.5667
65
48.6
65
48.6333
65
48.6667
65
48.7
65
48.7333
65
48.7667
65
48.8
65
48.8333
65
48.8667
65
48.9
65
48.9333
65
48.9667
65
49
65
49.0333
65
49.0667
65
49.1
65
49.1333
65
49.1667
65
49.2
65
49.2333
65
49.2667
65
49.3
65
49.3333
65
49.3667
65
49.4
65
49.4333
65
49.4667
65
49.5
65
49.5333
65
49.5667
65
49.6
65
49.6333
65
49.6667
65
49.7
65
49.7333
65
49.7667
65
49.8
65
49.8333
65
49.8667
65
49.9
65
49.9333
65
49.9667
65
50
65
50.0333
65
50.0667
65
50.1
65
50.1333
65
50.1667
65
50.2
65
50.2333
65
50.2667
65
50.3
65
50.3333
65
50.3667
65
50.4
65
50.4333
65
50.4667
65
50.5
65
50.5333
65
50.5667
65
50.6
65
50.6333
65
50.6667
65
50.7
65
50.7333
65
50.7667
65
50.8
65
50.8333
65
50.8667
65
50.9
65
50.9333
65
50.9667
65
51
65
51.0333
65
51.0667
65
51.1
65
51.1333
65
51.1667
65
51.2
65
51.2333
65
51.2667
65
51.3
65
51.3333
65
51.3667
65
51.4
65
51.4333
65
51.4667
65
51.5
65
51.5333
65
51.5667
65
51.6
65
51.6333
65
51.6667
65
51.7
65
51.7333
65
51.7667
65
51.8
65
51.8333
65
51.8667
65
51.9
65
51.9333
65
51.9667
65
52
65
52.0333
65
52.0667
65
52.1
65
52.1333
65
52.1667
65
52.2
65
52.2333
65
52.2667
65
52.3
65
52.3333
65
52.3667
65
52.4
65
52.4333
65
52.4667
65
52.5
65
52.5333
65
52.5667
65
52.6
65
52.6333
65
52.6667
65
52.7
65
52.7333
65
52.7667
65
52.8
65
52.8333
65
52.8667
65
52.9
65
52.9333
65
52.9667
65
53
65
53.0333
65
53.0667
65
53.1
65
53.1333
65
53.1667
65
53.2
65
53.2333
65
53.2667
65
53.3
65
53.3333
65
