0
1
0.0333333
1
0.0666667
1
0.1
1
0.133333
1
0.166667
1
0.2
1
0.233333
1
0.266667
1
0.3
1
0.333333
1
0.366667
1
0.4
1
0.433333
1
0.466667
1
0.5
1
0.533333
1
0.566667
1
0.6
1
0.633333
1
0.666667
1
0.7
1
0.733333
1
0.766667
1
0.8
1
0.833333
1
0.866667
1
0.9
1
0.933333
1
0.966667
1
1
1
1.03333
1
1.06667
1
1.1
1
1.13333
1
1.16667
1
1.2
1
1.23333
1
1.26667
1
1.3
1
1.33333
1
1.36667
1
1.4
1
1.43333
1
1.46667
1
1.5
1
1.53333
1
1.56667
1
1.6
1
1.63333
1
1.66667
1
1.7
1
1.73333
1
1.76667
1
1.8
1
1.83333
1
1.86667
1
1.9
1
1.93333
1
1.96667
1
2
1
2.03333
1
2.06667
1
2.1
1
2.13333
1
2.16667
1
2.2
1
2.23333
1
2.26667
1
2.3
1
2.33333
1
2.36667
1
2.4
1
2.43333
1
2.46667
1
2.5
1
2.53333
1
2.56667
1
2.6
1
2.63333
1
2.66667
1
2.7
1
2.73333
1
2.76667
1
2.8
1
2.83333
1
2.86667
1
2.9
1
2.93333
1
2.96667
1
3
1
3.03333
1
3.06667
1
3.1
1
3.13333
1
3.16667
1
3.2
1
3.23333
1
3.26667
1
3.3
1
3.33333
1
3.36667
1
3.4
1
3.43333
1
3.46667
1
3.5
1
3.53333
1
3.56667
1
3.6
1
3.63333
1
3.66667
1
3.7
1
3.73333
1
3.76667
1
3.8
1
3.83333
1
3.86667
1
3.9
1
3.93333
1
3.96667
1
4
1
4.03333
1
4.06667
1
4.1
1
4.13333
1
4.16667
1
4.2
1
4.23333
1
4.26667
1
4.3
1
4.33333
1
4.36667
1
4.4
1
4.43333
1
4.46667
1
4.5
1
4.53333
1
4.56667
1
4.6
1
4.63333
2
4.66667
2
4.7
2
4.73333
2
4.76667
2
4.8
2
4.83333
2
4.86667
2
4.9
2
4.93333
3
4.96667
3
5
3
5.03333
3
5.06667
3
5.1
3
5.13333
4
5.16667
4
5.2
4
5.23333
4
5.26667
4
5.3
4
5.33333
4
5.36667
4
5.4
4
5.43333
4
5.46667
4
5.5
4
5.53333
4
5.56667
4
5.6
4
5.63333
4
5.66667
4
5.7
4
5.73333
4
5.76667
6
5.8
7
5.83333
7
5.86667
7
5.9
7
5.93333
7
5.96667
7
6
8
6.03333
8
6.06667
8
6.1
9
6.13333
9
6.16667
9
6.2
9
6.23333
9
6.26667
9
6.3
9
6.33333
9
6.36667
11
6.4
11
6.43333
12
6.46667
12
6.5
12
6.53333
12
6.56667
12
6.6
13
6.63333
13
6.66667
13
6.7
13
6.73333
13
6.76667
13
6.8
13
6.83333
14
6.86667
14
6.9
14
6.93333
15
6.96667
16
7
17
7.03333
18
7.06667
19
7.1
19
7.13333
21
7.16667
21
7.2
21
7.23333
23
7.26667
23
7.3
23
7.33333
23
7.36667
23
7.4
23
7.43333
23
7.46667
23
7.5
24
7.53333
24
7.56667
25
7.6
26
7.63333
27
7.66667
27
7.7
29
7.73333
30
7.76667
30
7.8
30
7.83333
30
7.86667
31
7.9
31
7.93333
32
7.96667
32
8
32
8.03333
32
8.06667
33
8.1
33
8.13333
33
8.16667
33
8.2
34
8.23333
36
8.26667
38
8.3
38
8.33333
39
8.36667
39
8.4
40
8.43333
41
8.46667
41
8.5
41
8.53333
41
8.56667
42
8.6
43
8.63333
44
8.66667
45
8.7
45
8.73333
46
8.76667
47
8.8
48
8.83333
49
8.86667
49
8.9
51
8.93333
52
8.96667
52
9
52
9.03333
52
9.06667
52
9.1
52
9.13333
53
9.16667
53
9.2
54
9.23333
57
9.26667
59
9.3
60
9.33333
62
9.36667
63
9.4
64
9.43333
64
9.46667
65
9.5
66
9.53333
68
9.56667
69
9.6
71
9.63333
71
9.66667
72
9.7
72
9.73333
74
9.76667
75
9.8
76
9.83333
78
9.86667
79
9.9
79
9.93333
79
9.96667
79
10
80
10.0333
81
10.0667
81
10.1
81
10.1333
82
10.1667
82
10.2
82
10.2333
83
10.2667
83
10.3
84
10.3333
84
10.3667
85
10.4
86
10.4333
86
10.4667
88
10.5
88
10.5333
88
10.5667
88
10.6
88
10.6333
89
10.6667
90
10.7
91
10.7333
91
10.7667
91
10.8
91
10.8333
91
10.8667
91
10.9
92
10.9333
92
10.9667
92
11
92
11.0333
93
11.0667
93
11.1
94
11.1333
94
11.1667
94
11.2
95
11.2333
95
11.2667
95
11.3
96
11.3333
96
11.3667
96
11.4
96
11.4333
97
11.4667
98
11.5
101
11.5333
101
11.5667
104
11.6
104
11.6333
105
11.6667
106
11.7
107
11.7333
108
11.7667
109
11.8
109
11.8333
111
11.8667
113
11.9
113
11.9333
113
11.9667
114
12
114
12.0333
114
12.0667
114
12.1
115
12.1333
115
12.1667
116
12.2
117
12.2333
119
12.2667
119
12.3
119
12.3333
120
12.3667
120
12.4
120
12.4333
120
12.4667
122
12.5
122
12.5333
122
12.5667
122
12.6
122
12.6333
122
12.6667
122
12.7
122
12.7333
125
12.7667
125
12.8
125
12.8333
125
12.8667
126
12.9
126
12.9333
126
12.9667
126
13
126
13.0333
126
13.0667
126
13.1
126
13.1333
127
13.1667
127
13.2
128
13.2333
128
13.2667
128
13.3
128
13.3333
128
13.3667
128
13.4
128
13.4333
128
13.4667
128
13.5
128
13.5333
128
13.5667
128
13.6
128
13.6333
128
13.6667
128
13.7
129
13.7333
129
13.7667
129
13.8
129
13.8333
129
13.8667
129
13.9
129
13.9333
129
13.9667
129
14
129
14.0333
130
14.0667
130
14.1
130
14.1333
130
14.1667
130
14.2
130
14.2333
130
14.2667
130
14.3
130
14.3333
130
14.3667
130
14.4
130
14.4333
130
14.4667
130
14.5
130
14.5333
130
14.5667
130
14.6
130
14.6333
130
14.6667
130
14.7
131
14.7333
131
14.7667
131
14.8
131
14.8333
131
14.8667
131
14.9
131
14.9333
131
14.9667
131
15
131
15.0333
131
15.0667
131
15.1
131
15.1333
131
15.1667
131
15.2
131
15.2333
131
15.2667
131
15.3
131
15.3333
131
15.3667
131
15.4
131
15.4333
131
15.4667
131
15.5
131
15.5333
131
15.5667
131
15.6
131
15.6333
131
15.6667
131
15.7
131
15.7333
131
15.7667
131
15.8
131
15.8333
131
15.8667
132
15.9
132
15.9333
132
15.9667
132
16
132
16.0333
132
16.0667
132
16.1
132
16.1333
132
16.1667
132
16.2
132
16.2333
132
16.2667
132
16.3
132
16.3333
132
16.3667
132
16.4
132
16.4333
132
16.4667
132
16.5
132
16.5333
132
16.5667
132
16.6
132
16.6333
132
16.6667
132
16.7
132
16.7333
132
16.7667
132
16.8
133
16.8333
133
16.8667
134
16.9
134
16.9333
134
16.9667
134
17
134
17.0333
134
17.0667
134
17.1
134
17.1333
135
17.1667
136
17.2
136
17.2333
136
17.2667
136
17.3
136
17.3333
136
17.3667
137
17.4
137
17.4333
137
17.4667
137
17.5
137
17.5333
137
17.5667
137
17.6
137
17.6333
137
17.6667
137
17.7
137
17.7333
137
17.7667
137
17.8
139
17.8333
140
17.8667
141
17.9
141
17.9333
141
17.9667
141
18
141
18.0333
141
18.0667
142
18.1
142
18.1333
142
18.1667
142
18.2
143
18.2333
143
18.2667
143
18.3
143
18.3333
143
18.3667
144
18.4
144
18.4333
144
18.4667
144
18.5
144
18.5333
144
18.5667
144
18.6
144
18.6333
144
18.6667
144
18.7
145
18.7333
146
18.7667
146
18.8
146
18.8333
147
18.8667
147
18.9
147
18.9333
147
18.9667
147
19
147
19.0333
148
19.0667
148
19.1
148
19.1333
148
19.1667
149
19.2
149
19.2333
149
19.2667
149
19.3
149
19.3333
149
19.3667
149
19.4
149
19.4333
149
19.4667
149
19.5
149
19.5333
150
19.5667
150
19.6
150
19.6333
150
19.6667
150
19.7
150
19.7333
150
19.7667
151
19.8
151
19.8333
152
19.8667
152
19.9
152
19.9333
152
19.9667
152
20
152
20.0333
152
20.0667
152
20.1
152
20.1333
152
20.1667
152
20.2
152
20.2333
152
20.2667
152
20.3
152
20.3333
152
20.3667
152
20.4
152
20.4333
152
20.4667
152
20.5
152
20.5333
152
20.5667
152
20.6
153
20.6333
153
20.6667
153
20.7
153
20.7333
153
20.7667
153
20.8
153
20.8333
153
20.8667
153
20.9
153
20.9333
153
20.9667
153
21
153
21.0333
153
21.0667
153
21.1
153
21.1333
153
21.1667
154
21.2
154
21.2333
154
21.2667
154
21.3
154
21.3333
154
21.3667
154
21.4
154
21.4333
154
21.4667
154
21.5
154
21.5333
154
21.5667
154
21.6
154
21.6333
155
21.6667
155
21.7
155
21.7333
155
21.7667
155
21.8
155
21.8333
155
21.8667
155
21.9
155
21.9333
156
21.9667
156
22
156
22.0333
156
22.0667
156
22.1
156
22.1333
156
22.1667
156
22.2
156
22.2333
156
22.2667
156
22.3
156
22.3333
156
22.3667
156
22.4
156
22.4333
156
22.4667
157
22.5
157
22.5333
157
22.5667
157
22.6
157
22.6333
157
22.6667
157
22.7
157
22.7333
157
22.7667
157
22.8
157
22.8333
157
22.8667
157
22.9
157
22.9333
157
22.9667
158
23
158
23.0333
158
23.0667
158
23.1
158
23.1333
158
23.1667
158
23.2
158
23.2333
158
23.2667
158
23.3
158
23.3333
158
23.3667
158
23.4
161
23.4333
161
23.4667
162
23.5
162
23.5333
162
23.5667
162
23.6
162
23.6333
163
23.6667
163
23.7
163
23.7333
163
23.7667
163
23.8
163
23.8333
163
23.8667
163
23.9
163
23.9333
163
23.9667
163
24
163
24.0333
163
24.0667
163
24.1
164
24.1333
164
24.1667
165
24.2
165
24.2333
165
24.2667
166
24.3
166
24.3333
166
24.3667
166
24.4
166
24.4333
166
24.4667
166
24.5
166
24.5333
166
24.5667
166
24.6
166
24.6333
167
24.6667
167
24.7
167
24.7333
168
24.7667
168
24.8
168
24.8333
168
24.8667
168
24.9
168
24.9333
168
24.9667
168
25
168
25.0333
168
25.0667
168
25.1
168
25.1333
168
25.1667
169
25.2
169
25.2333
169
25.2667
169
25.3
169
25.3333
169
25.3667
169
25.4
169
25.4333
169
25.4667
169
25.5
169
25.5333
169
25.5667
169
25.6
169
25.6333
170
25.6667
170
25.7
171
25.7333
171
25.7667
171
25.8
171
25.8333
171
25.8667
172
25.9
172
25.9333
172
25.9667
172
26
172
26.0333
172
26.0667
172
26.1
172
26.1333
172
26.1667
172
26.2
172
26.2333
172
26.2667
172
26.3
173
26.3333
173
26.3667
173
26.4
173
26.4333
173
26.4667
173
26.5
173
26.5333
174
26.5667
174
26.6
174
26.6333
174
26.6667
174
26.7
174
26.7333
174
26.7667
174
26.8
174
26.8333
174
26.8667
174
26.9
174
26.9333
174
26.9667
174
27
174
27.0333
174
27.0667
174
27.1
174
27.1333
174
27.1667
174
27.2
174
27.2333
174
27.2667
174
27.3
174
27.3333
174
27.3667
174
27.4
174
27.4333
174
27.4667
174
27.5
174
27.5333
174
27.5667
174
27.6
174
27.6333
174
27.6667
174
27.7
174
27.7333
174
27.7667
174
27.8
174
27.8333
174
27.8667
174
27.9
174
27.9333
174
27.9667
174
28
174
28.0333
174
28.0667
174
28.1
174
28.1333
174
28.1667
174
28.2
174
28.2333
174
28.2667
174
28.3
174
28.3333
174
28.3667
174
28.4
174
28.4333
174
28.4667
174
28.5
174
28.5333
174
28.5667
174
28.6
174
28.6333
174
28.6667
174
28.7
174
28.7333
174
28.7667
175
28.8
175
28.8333
175
28.8667
175
28.9
175
28.9333
175
28.9667
175
29
175
29.0333
175
29.0667
175
29.1
175
29.1333
175
29.1667
176
29.2
176
29.2333
176
29.2667
176
29.3
177
29.3333
177
29.3667
177
29.4
177
29.4333
177
29.4667
177
29.5
177
29.5333
177
29.5667
177
29.6
177
29.6333
177
29.6667
177
29.7
177
29.7333
177
29.7667
177
29.8
177
29.8333
177
29.8667
177
29.9
177
29.9333
177
29.9667
177
30
177
30.0333
177
30.0667
177
30.1
177
30.1333
177
30.1667
177
30.2
177
30.2333
178
30.2667
178
30.3
178
30.3333
178
30.3667
178
30.4
179
30.4333
179
30.4667
179
30.5
179
30.5333
179
30.5667
179
30.6
179
30.6333
180
30.6667
180
30.7
180
30.7333
180
30.7667
180
30.8
180
30.8333
180
30.8667
180
30.9
181
30.9333
182
30.9667
182
31
182
31.0333
182
31.0667
182
31.1
182
31.1333
182
31.1667
182
31.2
182
31.2333
182
31.2667
182
31.3
182
31.3333
182
31.3667
182
31.4
182
31.4333
182
31.4667
182
31.5
182
31.5333
182
31.5667
183
31.6
183
31.6333
183
31.6667
183
31.7
183
31.7333
183
31.7667
183
31.8
183
31.8333
183
31.8667
183
31.9
183
31.9333
183
31.9667
183
32
183
32.0333
183
32.0667
184
32.1
184
32.1333
184
32.1667
184
32.2
184
32.2333
184
32.2667
184
32.3
184
32.3333
184
32.3667
184
32.4
184
32.4333
184
32.4667
184
32.5
184
32.5333
184
32.5667
184
32.6
184
32.6333
184
32.6667
184
32.7
184
32.7333
184
32.7667
184
32.8
184
32.8333
184
32.8667
184
32.9
184
32.9333
184
32.9667
184
33
184
33.0333
184
33.0667
184
33.1
184
33.1333
184
33.1667
184
33.2
184
33.2333
184
33.2667
184
33.3
184
33.3333
184
33.3667
185
33.4
185
33.4333
185
33.4667
185
33.5
185
33.5333
185
33.5667
185
33.6
185
33.6333
185
33.6667
185
33.7
185
33.7333
185
33.7667
185
33.8
185
33.8333
185
33.8667
185
33.9
185
33.9333
185
33.9667
185
34
185
34.0333
185
34.0667
185
34.1
185
34.1333
186
34.1667
186
34.2
186
34.2333
186
34.2667
186
34.3
186
34.3333
186
34.3667
186
34.4
186
34.4333
186
34.4667
186
34.5
186
34.5333
186
34.5667
186
34.6
186
34.6333
186
34.6667
186
34.7
187
34.7333
187
34.7667
187
34.8
187
34.8333
187
34.8667
188
34.9
188
34.9333
188
34.9667
188
35
188
35.0333
188
35.0667
188
35.1
188
35.1333
188
35.1667
188
35.2
188
35.2333
188
35.2667
188
35.3
188
35.3333
188
35.3667
189
35.4
190
35.4333
191
35.4667
191
35.5
191
35.5333
191
35.5667
191
35.6
191
35.6333
191
35.6667
191
35.7
191
35.7333
191
35.7667
191
35.8
191
35.8333
191
35.8667
191
35.9
191
35.9333
191
35.9667
191
36
191
36.0333
191
36.0667
191
36.1
191
36.1333
191
36.1667
191
36.2
191
36.2333
191
36.2667
192
36.3
192
36.3333
192
36.3667
192
36.4
192
36.4333
192
36.4667
192
36.5
192
36.5333
192
36.5667
192
36.6
192
36.6333
192
36.6667
192
36.7
192
36.7333
192
36.7667
192
36.8
192
36.8333
192
36.8667
192
36.9
192
36.9333
192
36.9667
192
37
192
37.0333
192
37.0667
192
37.1
192
37.1333
192
37.1667
192
37.2
192
37.2333
192
37.2667
192
37.3
192
37.3333
192
37.3667
192
37.4
192
37.4333
192
37.4667
192
37.5
192
37.5333
192
37.5667
192
37.6
192
37.6333
192
37.6667
192
37.7
192
37.7333
192
37.7667
192
37.8
192
37.8333
192
37.8667
192
37.9
192
37.9333
192
37.9667
192
38
192
38.0333
192
38.0667
192
38.1
192
38.1333
192
38.1667
192
38.2
192
38.2333
192
38.2667
192
38.3
192
38.3333
192
38.3667
192
38.4
192
38.4333
192
38.4667
192
38.5
192
38.5333
192
38.5667
192
38.6
192
38.6333
192
38.6667
192
38.7
192
38.7333
192
38.7667
192
38.8
192
38.8333
192
38.8667
192
38.9
192
38.9333
192
38.9667
192
39
192
39.0333
192
39.0667
192
39.1
192
39.1333
192
39.1667
192
39.2
192
39.2333
192
39.2667
192
39.3
192
39.3333
192
39.3667
192
39.4
192
39.4333
192
39.4667
192
39.5
192
39.5333
192
39.5667
192
39.6
192
39.6333
192
39.6667
192
39.7
192
39.7333
192
39.7667
192
39.8
192
39.8333
192
39.8667
192
39.9
192
39.9333
192
39.9667
192
40
192
40.0333
192
40.0667
192
40.1
192
40.1333
192
40.1667
192
40.2
192
40.2333
192
40.2667
192
40.3
192
40.3333
192
40.3667
192
40.4
192
40.4333
192
40.4667
192
40.5
192
40.5333
192
40.5667
192
40.6
192
40.6333
192
40.6667
192
40.7
192
40.7333
192
40.7667
192
40.8
192
40.8333
192
40.8667
192
40.9
192
40.9333
192
40.9667
192
41
192
41.0333
192
41.0667
192
41.1
192
41.1333
192
41.1667
192
41.2
192
41.2333
192
41.2667
192
41.3
192
41.3333
192
41.3667
192
41.4
192
41.4333
193
41.4667
193
41.5
193
41.5333
193
41.5667
193
41.6
193
41.6333
193
41.6667
193
41.7
193
41.7333
194
41.7667
194
41.8
194
41.8333
195
41.8667
195
41.9
195
41.9333
195
41.9667
195
42
195
42.0333
195
42.0667
195
42.1
195
42.1333
195
42.1667
195
42.2
195
42.2333
195
42.2667
195
42.3
195
42.3333
195
42.3667
195
42.4
195
42.4333
195
42.4667
195
42.5
195
42.5333
195
42.5667
195
42.6
195
42.6333
195
42.6667
195
42.7
195
42.7333
195
42.7667
195
42.8
195
42.8333
195
42.8667
195
42.9
195
42.9333
195
42.9667
195
43
195
43.0333
195
43.0667
195
43.1
195
43.1333
195
43.1667
195
43.2
195
43.2333
195
43.2667
195
43.3
195
43.3333
195
43.3667
195
43.4
195
43.4333
195
43.4667
195
43.5
195
43.5333
195
43.5667
195
43.6
195
43.6333
195
43.6667
195
43.7
195
43.7333
195
43.7667
195
43.8
195
43.8333
195
43.8667
195
43.9
195
43.9333
195
43.9667
195
44
196
44.0333
196
44.0667
196
44.1
196
44.1333
196
44.1667
196
44.2
196
44.2333
196
44.2667
196
44.3
196
44.3333
196
44.3667
196
44.4
196
44.4333
196
44.4667
196
44.5
196
44.5333
196
44.5667
196
44.6
196
44.6333
196
44.6667
196
44.7
196
44.7333
196
44.7667
196
44.8
196
44.8333
197
44.8667
197
44.9
197
44.9333
197
44.9667
197
45
197
45.0333
197
45.0667
198
45.1
198
45.1333
198
45.1667
198
45.2
198
45.2333
198
45.2667
198
45.3
198
45.3333
198
45.3667
198
45.4
198
45.4333
198
45.4667
198
45.5
198
45.5333
198
45.5667
198
45.6
198
45.6333
198
45.6667
198
45.7
198
45.7333
198
45.7667
198
45.8
198
45.8333
198
45.8667
198
45.9
198
45.9333
198
45.9667
198
46
198
46.0333
198
46.0667
198
46.1
198
46.1333
198
46.1667
198
46.2
198
46.2333
199
46.2667
199
46.3
199
46.3333
199
46.3667
199
46.4
199
46.4333
199
46.4667
199
46.5
199
46.5333
199
46.5667
199
46.6
199
46.6333
199
46.6667
199
46.7
199
46.7333
199
46.7667
199
46.8
199
46.8333
199
46.8667
199
46.9
199
46.9333
199
46.9667
199
47
199
47.0333
199
47.0667
199
47.1
199
47.1333
199
47.1667
199
47.2
199
47.2333
199
47.2667
199
47.3
199
47.3333
199
47.3667
199
47.4
199
47.4333
199
47.4667
199
47.5
199
47.5333
199
47.5667
199
47.6
199
47.6333
199
47.6667
199
47.7
199
47.7333
199
47.7667
199
47.8
199
47.8333
199
47.8667
199
47.9
199
47.9333
199
47.9667
199
48
199
48.0333
199
48.0667
199
48.1
199
48.1333
199
48.1667
199
48.2
199
48.2333
199
48.2667
199
48.3
199
48.3333
199
48.3667
199
48.4
199
48.4333
199
48.4667
199
48.5
199
48.5333
199
48.5667
199
48.6
199
48.6333
199
48.6667
199
48.7
199
48.7333
199
48.7667
199
48.8
199
48.8333
199
48.8667
199
48.9
199
48.9333
199
48.9667
199
49
199
49.0333
199
49.0667
199
49.1
199
49.1333
199
49.1667
199
49.2
199
49.2333
199
49.2667
199
49.3
199
49.3333
199
49.3667
199
49.4
199
49.4333
199
49.4667
199
49.5
199
49.5333
199
49.5667
199
49.6
199
49.6333
199
49.6667
199
49.7
199
49.7333
199
49.7667
199
49.8
199
49.8333
199
49.8667
199
49.9
199
49.9333
199
49.9667
199
50
199
50.0333
199
50.0667
199
50.1
199
50.1333
199
50.1667
199
50.2
199
50.2333
199
50.2667
199
50.3
199
50.3333
199
50.3667
199
50.4
199
50.4333
199
50.4667
199
50.5
199
50.5333
199
50.5667
199
50.6
199
50.6333
199
50.6667
199
50.7
199
50.7333
199
50.7667
199
50.8
199
50.8333
199
50.8667
199
50.9
199
50.9333
199
50.9667
199
51
199
51.0333
199
51.0667
199
51.1
199
51.1333
199
51.1667
199
51.2
199
51.2333
199
51.2667
199
51.3
199
51.3333
199
51.3667
200
51.4
200
51.4333
200
51.4667
200
51.5
200
51.5333
200
51.5667
200
51.6
200
51.6333
200
51.6667
200
51.7
200
51.7333
200
51.7667
200
51.8
200
51.8333
200
51.8667
200
51.9
200
51.9333
200
51.9667
200
52
200
52.0333
200
52.0667
200
52.1
200
52.1333
200
52.1667
200
52.2
200
52.2333
200
52.2667
200
52.3
200
52.3333
200
52.3667
200
52.4
200
52.4333
200
52.4667
200
52.5
200
52.5333
200
52.5667
200
52.6
200
52.6333
200
52.6667
200
52.7
200
52.7333
200
52.7667
200
52.8
200
52.8333
200
52.8667
201
52.9
201
52.9333
201
52.9667
201
53
201
53.0333
201
53.0667
201
53.1
201
53.1333
201
53.1667
201
53.2
201
53.2333
201
53.2667
201
53.3
201
53.3333
201
