0
1
0.0333333
1
0.0666667
1
0.1
1
0.133333
1
0.166667
1
0.2
1
0.233333
1
0.266667
1
0.3
1
0.333333
1
0.366667
1
0.4
1
0.433333
1
0.466667
1
0.5
1
0.533333
1
0.566667
1
0.6
1
0.633333
1
0.666667
1
0.7
1
0.733333
1
0.766667
1
0.8
1
0.833333
1
0.866667
1
0.9
1
0.933333
1
0.966667
1
1
1
1.03333
1
1.06667
1
1.1
1
1.13333
1
1.16667
1
1.2
1
1.23333
1
1.26667
1
1.3
1
1.33333
1
1.36667
1
1.4
1
1.43333
1
1.46667
1
1.5
1
1.53333
1
1.56667
1
1.6
1
1.63333
1
1.66667
1
1.7
1
1.73333
1
1.76667
1
1.8
1
1.83333
1
1.86667
1
1.9
1
1.93333
1
1.96667
1
2
1
2.03333
1
2.06667
1
2.1
1
2.13333
1
2.16667
1
2.2
1
2.23333
1
2.26667
1
2.3
1
2.33333
1
2.36667
1
2.4
1
2.43333
1
2.46667
1
2.5
1
2.53333
1
2.56667
1
2.6
1
2.63333
1
2.66667
1
2.7
1
2.73333
1
2.76667
1
2.8
1
2.83333
1
2.86667
1
2.9
1
2.93333
1
2.96667
1
3
1
3.03333
1
3.06667
1
3.1
1
3.13333
1
3.16667
1
3.2
1
3.23333
1
3.26667
1
3.3
1
3.33333
1
3.36667
1
3.4
1
3.43333
1
3.46667
1
3.5
1
3.53333
1
3.56667
1
3.6
1
3.63333
1
3.66667
1
3.7
1
3.73333
1
3.76667
1
3.8
1
3.83333
1
3.86667
1
3.9
1
3.93333
1
3.96667
1
4
1
4.03333
1
4.06667
1
4.1
1
4.13333
1
4.16667
1
4.2
1
4.23333
1
4.26667
1
4.3
1
4.33333
1
4.36667
1
4.4
1
4.43333
1
4.46667
1
4.5
1
4.53333
1
4.56667
1
4.6
1
4.63333
1
4.66667
1
4.7
1
4.73333
1
4.76667
1
4.8
1
4.83333
1
4.86667
1
4.9
1
4.93333
1
4.96667
1
5
1
5.03333
1
5.06667
1
5.1
1
5.13333
1
5.16667
2
5.2
2
5.23333
3
5.26667
3
5.3
3
5.33333
3
5.36667
3
5.4
3
5.43333
3
5.46667
3
5.5
3
5.53333
3
5.56667
3
5.6
3
5.63333
3
5.66667
4
5.7
4
5.73333
4
5.76667
4
5.8
4
5.83333
4
5.86667
4
5.9
5
5.93333
5
5.96667
5
6
5
6.03333
5
6.06667
5
6.1
5
6.13333
5
6.16667
5
6.2
5
6.23333
5
6.26667
5
6.3
5
6.33333
5
6.36667
5
6.4
5
6.43333
5
6.46667
5
6.5
5
6.53333
6
6.56667
6
6.6
6
6.63333
6
6.66667
6
6.7
6
6.73333
6
6.76667
6
6.8
6
6.83333
6
6.86667
6
6.9
8
6.93333
8
6.96667
8
7
9
7.03333
9
7.06667
9
7.1
10
7.13333
10
7.16667
10
7.2
10
7.23333
10
7.26667
11
7.3
12
7.33333
15
7.36667
15
7.4
15
7.43333
15
7.46667
16
7.5
17
7.53333
17
7.56667
18
7.6
20
7.63333
22
7.66667
22
7.7
24
7.73333
25
7.76667
26
7.8
27
7.83333
27
7.86667
28
7.9
29
7.93333
29
7.96667
31
8
31
8.03333
33
8.06667
35
8.1
35
8.13333
35
8.16667
36
8.2
37
8.23333
38
8.26667
40
8.3
40
8.33333
41
8.36667
41
8.4
42
8.43333
44
8.46667
46
8.5
48
8.53333
51
8.56667
53
8.6
53
8.63333
53
8.66667
53
8.7
55
8.73333
55
8.76667
56
8.8
56
8.83333
57
8.86667
58
8.9
60
8.93333
61
8.96667
61
9
61
9.03333
61
9.06667
61
9.1
62
9.13333
62
9.16667
62
9.2
62
9.23333
63
9.26667
64
9.3
64
9.33333
67
9.36667
67
9.4
67
9.43333
68
9.46667
68
9.5
68
9.53333
68
9.56667
71
9.6
71
9.63333
71
9.66667
71
9.7
72
9.73333
72
9.76667
72
9.8
72
9.83333
74
9.86667
74
9.9
74
9.93333
74
9.96667
75
10
75
10.0333
75
10.0667
78
10.1
78
10.1333
78
10.1667
81
10.2
81
10.2333
81
10.2667
81
10.3
82
10.3333
82
10.3667
82
10.4
82
10.4333
82
10.4667
82
10.5
84
10.5333
84
10.5667
84
10.6
86
10.6333
86
10.6667
86
10.7
87
10.7333
87
10.7667
87
10.8
87
10.8333
88
10.8667
88
10.9
88
10.9333
88
10.9667
89
11
89
11.0333
90
11.0667
90
11.1
90
11.1333
90
11.1667
90
11.2
90
11.2333
90
11.2667
90
11.3
90
11.3333
90
11.3667
90
11.4
91
11.4333
92
11.4667
92
11.5
93
11.5333
93
11.5667
93
11.6
93
11.6333
93
11.6667
93
11.7
94
11.7333
94
11.7667
94
11.8
95
11.8333
97
11.8667
97
11.9
98
11.9333
98
11.9667
99
12
100
12.0333
100
12.0667
101
12.1
102
12.1333
103
12.1667
103
12.2
103
12.2333
103
12.2667
103
12.3
103
12.3333
103
12.3667
103
12.4
103
12.4333
104
12.4667
104
12.5
104
12.5333
105
12.5667
106
12.6
106
12.6333
107
12.6667
108
12.7
109
12.7333
111
12.7667
111
12.8
111
12.8333
111
12.8667
111
12.9
111
12.9333
112
12.9667
113
13
114
13.0333
114
13.0667
115
13.1
117
13.1333
117
13.1667
118
13.2
118
13.2333
122
13.2667
123
13.3
123
13.3333
123
13.3667
123
13.4
123
13.4333
123
13.4667
124
13.5
124
13.5333
124
13.5667
124
13.6
125
13.6333
125
13.6667
127
13.7
128
13.7333
128
13.7667
129
13.8
129
13.8333
129
13.8667
129
13.9
129
13.9333
129
13.9667
129
14
129
14.0333
130
14.0667
130
14.1
130
14.1333
131
14.1667
131
14.2
131
14.2333
131
14.2667
131
14.3
131
14.3333
132
14.3667
132
14.4
133
14.4333
133
14.4667
133
14.5
133
14.5333
133
14.5667
134
14.6
134
14.6333
136
14.6667
136
14.7
137
14.7333
137
14.7667
137
14.8
137
14.8333
137
14.8667
137
14.9
138
14.9333
138
14.9667
138
15
138
15.0333
139
15.0667
139
15.1
140
15.1333
140
15.1667
141
15.2
141
15.2333
141
15.2667
142
15.3
142
15.3333
143
15.3667
143
15.4
143
15.4333
143
15.4667
143
15.5
143
15.5333
144
15.5667
144
15.6
144
15.6333
146
15.6667
146
15.7
146
15.7333
146
15.7667
147
15.8
148
15.8333
149
15.8667
149
15.9
150
15.9333
150
15.9667
150
16
150
16.0333
150
16.0667
150
16.1
150
16.1333
150
16.1667
150
16.2
150
16.2333
150
16.2667
150
16.3
150
16.3333
150
16.3667
150
16.4
150
16.4333
150
16.4667
150
16.5
150
16.5333
150
16.5667
150
16.6
150
16.6333
150
16.6667
150
16.7
151
16.7333
152
16.7667
152
16.8
152
16.8333
152
16.8667
152
16.9
152
16.9333
152
16.9667
152
17
152
17.0333
152
17.0667
152
17.1
152
17.1333
152
17.1667
153
17.2
153
17.2333
153
17.2667
154
17.3
154
17.3333
154
17.3667
154
17.4
154
17.4333
154
17.4667
154
17.5
154
17.5333
154
17.5667
154
17.6
155
17.6333
155
17.6667
155
17.7
155
17.7333
155
17.7667
155
17.8
155
17.8333
155
17.8667
155
17.9
155
17.9333
155
17.9667
155
18
155
18.0333
155
18.0667
155
18.1
155
18.1333
155
18.1667
155
18.2
158
18.2333
158
18.2667
158
18.3
159
18.3333
159
18.3667
159
18.4
159
18.4333
159
18.4667
159
18.5
159
18.5333
159
18.5667
159
18.6
159
18.6333
160
18.6667
160
18.7
160
18.7333
160
18.7667
160
18.8
160
18.8333
161
18.8667
162
18.9
162
18.9333
162
18.9667
162
19
163
19.0333
164
19.0667
165
19.1
166
19.1333
167
19.1667
167
19.2
167
19.2333
167
19.2667
167
19.3
167
19.3333
167
19.3667
167
19.4
167
19.4333
168
19.4667
168
19.5
168
19.5333
169
19.5667
169
19.6
169
19.6333
169
19.6667
170
19.7
170
19.7333
170
19.7667
170
19.8
170
19.8333
170
19.8667
170
19.9
171
19.9333
171
19.9667
171
20
171
20.0333
171
20.0667
171
20.1
171
20.1333
171
20.1667
171
20.2
171
20.2333
171
20.2667
171
20.3
171
20.3333
171
20.3667
171
20.4
171
20.4333
171
20.4667
171
20.5
171
20.5333
171
20.5667
171
20.6
171
20.6333
171
20.6667
171
20.7
171
20.7333
171
20.7667
171
20.8
171
20.8333
171
20.8667
171
20.9
171
20.9333
171
20.9667
171
21
171
21.0333
171
21.0667
171
21.1
171
21.1333
171
21.1667
171
21.2
171
21.2333
171
21.2667
171
21.3
171
21.3333
171
21.3667
171
21.4
171
21.4333
171
21.4667
171
21.5
171
21.5333
171
21.5667
171
21.6
171
21.6333
171
21.6667
171
21.7
171
21.7333
172
21.7667
172
21.8
172
21.8333
173
21.8667
173
21.9
173
21.9333
173
21.9667
173
22
173
22.0333
173
22.0667
173
22.1
174
22.1333
174
22.1667
174
22.2
174
22.2333
174
22.2667
174
22.3
174
22.3333
175
22.3667
175
22.4
175
22.4333
175
22.4667
175
22.5
175
22.5333
175
22.5667
175
22.6
175
22.6333
175
22.6667
175
22.7
175
22.7333
175
22.7667
175
22.8
175
22.8333
175
22.8667
175
22.9
175
22.9333
175
22.9667
175
23
175
23.0333
175
23.0667
175
23.1
175
23.1333
175
23.1667
175
23.2
175
23.2333
175
23.2667
175
23.3
175
23.3333
175
23.3667
175
23.4
175
23.4333
175
23.4667
175
23.5
175
23.5333
175
23.5667
175
23.6
175
23.6333
176
23.6667
176
23.7
176
23.7333
177
23.7667
177
23.8
177
23.8333
177
23.8667
177
23.9
177
23.9333
177
23.9667
177
24
177
24.0333
177
24.0667
177
24.1
178
24.1333
179
24.1667
179
24.2
179
24.2333
179
24.2667
179
24.3
179
24.3333
179
24.3667
179
24.4
179
24.4333
179
24.4667
179
24.5
179
24.5333
179
24.5667
180
24.6
181
24.6333
181
24.6667
181
24.7
181
24.7333
181
24.7667
181
24.8
181
24.8333
182
24.8667
182
24.9
182
24.9333
183
24.9667
183
25
183
25.0333
183
25.0667
183
25.1
184
25.1333
184
25.1667
184
25.2
184
25.2333
184
25.2667
184
25.3
184
25.3333
184
25.3667
184
25.4
184
25.4333
184
25.4667
184
25.5
184
25.5333
184
25.5667
185
25.6
185
25.6333
185
25.6667
185
25.7
185
25.7333
185
25.7667
185
25.8
185
25.8333
185
25.8667
187
25.9
187
25.9333
187
25.9667
187
26
187
26.0333
187
26.0667
187
26.1
187
26.1333
188
26.1667
188
26.2
188
26.2333
188
26.2667
188
26.3
188
26.3333
188
26.3667
188
26.4
188
26.4333
188
26.4667
188
26.5
188
26.5333
188
26.5667
188
26.6
188
26.6333
188
26.6667
188
26.7
188
26.7333
188
26.7667
188
26.8
188
26.8333
188
26.8667
188
26.9
188
26.9333
188
26.9667
188
27
188
27.0333
188
27.0667
188
27.1
189
27.1333
189
27.1667
189
27.2
189
27.2333
189
27.2667
189
27.3
189
27.3333
189
27.3667
189
27.4
189
27.4333
189
27.4667
189
27.5
189
27.5333
189
27.5667
189
27.6
189
27.6333
189
27.6667
189
27.7
189
27.7333
189
27.7667
189
27.8
189
27.8333
189
27.8667
189
27.9
189
27.9333
189
27.9667
189
28
189
28.0333
189
28.0667
189
28.1
189
28.1333
189
28.1667
189
28.2
189
28.2333
189
28.2667
189
28.3
189
28.3333
189
28.3667
189
28.4
189
28.4333
189
28.4667
189
28.5
189
28.5333
189
28.5667
189
28.6
189
28.6333
189
28.6667
189
28.7
189
28.7333
189
28.7667
189
28.8
189
28.8333
189
28.8667
189
28.9
189
28.9333
189
28.9667
189
29
189
29.0333
189
29.0667
189
29.1
189
29.1333
189
29.1667
189
29.2
189
29.2333
189
29.2667
189
29.3
189
29.3333
189
29.3667
189
29.4
189
29.4333
189
29.4667
189
29.5
189
29.5333
189
29.5667
189
29.6
189
29.6333
189
29.6667
189
29.7
189
29.7333
189
29.7667
189
29.8
189
29.8333
189
29.8667
189
29.9
189
29.9333
189
29.9667
189
30
189
30.0333
189
30.0667
189
30.1
189
30.1333
189
30.1667
189
30.2
189
30.2333
189
30.2667
189
30.3
189
30.3333
189
30.3667
189
30.4
189
30.4333
189
30.4667
189
30.5
189
30.5333
189
30.5667
189
30.6
189
30.6333
189
30.6667
189
30.7
189
30.7333
189
30.7667
189
30.8
189
30.8333
189
30.8667
190
30.9
190
30.9333
190
30.9667
190
31
190
31.0333
190
31.0667
190
31.1
190
31.1333
190
31.1667
190
31.2
190
31.2333
190
31.2667
190
31.3
190
31.3333
190
31.3667
190
31.4
191
31.4333
191
31.4667
192
31.5
192
31.5333
192
31.5667
192
31.6
192
31.6333
192
31.6667
192
31.7
192
31.7333
193
31.7667
193
31.8
193
31.8333
193
31.8667
193
31.9
193
31.9333
193
31.9667
193
32
195
32.0333
195
32.0667
195
32.1
195
32.1333
196
32.1667
196
32.2
196
32.2333
197
32.2667
198
32.3
199
32.3333
199
32.3667
201
32.4
201
32.4333
202
32.4667
204
32.5
204
32.5333
204
32.5667
205
32.6
205
32.6333
207
32.6667
209
32.7
210
32.7333
210
32.7667
210
32.8
210
32.8333
210
32.8667
210
32.9
210
32.9333
210
32.9667
210
33
211
33.0333
211
33.0667
211
33.1
212
33.1333
212
33.1667
212
33.2
212
33.2333
212
33.2667
212
33.3
212
33.3333
212
33.3667
212
33.4
212
33.4333
212
33.4667
213
33.5
213
33.5333
213
33.5667
215
33.6
215
33.6333
215
33.6667
215
33.7
215
33.7333
215
33.7667
215
33.8
215
33.8333
215
33.8667
215
33.9
215
33.9333
215
33.9667
215
34
215
34.0333
215
34.0667
215
34.1
215
34.1333
215
34.1667
215
34.2
215
34.2333
215
34.2667
215
34.3
215
34.3333
215
34.3667
215
34.4
215
34.4333
215
34.4667
215
34.5
216
34.5333
216
34.5667
216
34.6
216
34.6333
216
34.6667
216
34.7
216
34.7333
216
34.7667
216
34.8
216
34.8333
216
34.8667
216
34.9
216
34.9333
216
34.9667
216
35
216
35.0333
216
35.0667
216
35.1
216
35.1333
216
35.1667
216
35.2
216
35.2333
216
35.2667
216
35.3
216
35.3333
216
35.3667
216
35.4
216
35.4333
216
35.4667
216
35.5
216
35.5333
216
35.5667
216
35.6
216
35.6333
216
35.6667
216
35.7
216
35.7333
216
35.7667
216
35.8
216
35.8333
216
35.8667
216
35.9
216
35.9333
216
35.9667
217
36
217
36.0333
217
36.0667
217
36.1
217
36.1333
217
36.1667
217
36.2
217
36.2333
217
36.2667
217
36.3
217
36.3333
217
36.3667
217
36.4
217
36.4333
217
36.4667
217
36.5
217
36.5333
217
36.5667
217
36.6
217
36.6333
217
36.6667
217
36.7
217
36.7333
217
36.7667
217
36.8
217
36.8333
217
36.8667
217
36.9
217
36.9333
217
36.9667
217
37
217
37.0333
217
37.0667
217
37.1
217
37.1333
217
37.1667
217
37.2
217
37.2333
217
37.2667
217
37.3
217
37.3333
217
37.3667
217
37.4
217
37.4333
217
37.4667
217
37.5
217
37.5333
217
37.5667
217
37.6
217
37.6333
217
37.6667
217
37.7
217
37.7333
217
37.7667
217
37.8
217
37.8333
217
37.8667
217
37.9
217
37.9333
217
37.9667
217
38
217
38.0333
217
38.0667
217
38.1
217
38.1333
217
38.1667
217
38.2
217
38.2333
217
38.2667
217
38.3
217
38.3333
217
38.3667
217
38.4
218
38.4333
218
38.4667
218
38.5
218
38.5333
218
38.5667
218
38.6
218
38.6333
218
38.6667
218
38.7
218
38.7333
218
38.7667
218
38.8
218
38.8333
218
38.8667
218
38.9
218
38.9333
218
38.9667
218
39
218
39.0333
218
39.0667
218
39.1
218
39.1333
219
39.1667
219
39.2
219
39.2333
219
39.2667
219
39.3
219
39.3333
219
39.3667
219
39.4
219
39.4333
219
39.4667
219
39.5
219
39.5333
219
39.5667
219
39.6
219
39.6333
219
39.6667
219
39.7
219
39.7333
219
39.7667
219
39.8
219
39.8333
219
39.8667
219
39.9
219
39.9333
219
39.9667
219
40
219
40.0333
219
40.0667
219
40.1
219
40.1333
220
40.1667
220
40.2
220
40.2333
220
40.2667
220
40.3
220
40.3333
220
40.3667
220
40.4
220
40.4333
220
40.4667
220
40.5
220
40.5333
220
40.5667
220
40.6
220
40.6333
220
40.6667
220
40.7
220
40.7333
220
40.7667
220
40.8
220
40.8333
220
40.8667
220
40.9
220
40.9333
220
40.9667
220
41
220
41.0333
220
41.0667
220
41.1
220
41.1333
220
41.1667
220
41.2
220
41.2333
220
41.2667
220
41.3
220
41.3333
220
41.3667
220
41.4
220
41.4333
220
41.4667
220
41.5
220
41.5333
220
41.5667
220
41.6
220
41.6333
220
41.6667
220
41.7
220
41.7333
220
41.7667
220
41.8
220
41.8333
220
41.8667
220
41.9
220
41.9333
221
41.9667
221
42
221
42.0333
221
42.0667
221
42.1
221
42.1333
221
42.1667
222
42.2
222
42.2333
222
42.2667
222
42.3
222
42.3333
222
42.3667
222
42.4
222
42.4333
222
42.4667
222
42.5
222
42.5333
222
42.5667
222
42.6
222
42.6333
222
42.6667
222
42.7
222
42.7333
222
42.7667
222
42.8
222
42.8333
222
42.8667
222
42.9
222
42.9333
222
42.9667
222
43
222
43.0333
222
43.0667
222
43.1
222
43.1333
222
43.1667
222
43.2
222
43.2333
222
43.2667
222
43.3
222
43.3333
222
43.3667
222
43.4
222
43.4333
222
43.4667
222
43.5
222
43.5333
222
43.5667
222
43.6
222
43.6333
222
43.6667
222
43.7
222
43.7333
222
43.7667
222
43.8
222
43.8333
222
43.8667
222
43.9
222
43.9333
222
43.9667
222
44
222
44.0333
222
44.0667
222
44.1
222
44.1333
222
44.1667
222
44.2
222
44.2333
222
44.2667
222
44.3
222
44.3333
222
44.3667
222
44.4
222
44.4333
222
44.4667
222
44.5
222
44.5333
222
44.5667
222
44.6
222
44.6333
222
44.6667
223
44.7
223
44.7333
223
44.7667
223
44.8
223
44.8333
223
44.8667
223
44.9
223
44.9333
223
44.9667
223
45
223
45.0333
223
45.0667
223
45.1
223
45.1333
223
45.1667
223
45.2
223
45.2333
223
45.2667
223
45.3
223
45.3333
223
45.3667
223
45.4
223
45.4333
223
45.4667
223
45.5
223
45.5333
223
45.5667
223
45.6
223
45.6333
223
45.6667
223
45.7
223
45.7333
223
45.7667
223
45.8
223
45.8333
223
45.8667
223
45.9
223
45.9333
223
45.9667
223
46
223
46.0333
223
46.0667
223
46.1
223
46.1333
223
46.1667
223
46.2
223
46.2333
223
46.2667
223
46.3
223
46.3333
223
46.3667
223
46.4
223
46.4333
223
46.4667
223
46.5
223
46.5333
223
46.5667
223
46.6
223
46.6333
223
46.6667
223
46.7
223
46.7333
223
46.7667
223
46.8
223
46.8333
223
46.8667
223
46.9
223
46.9333
223
46.9667
223
47
223
47.0333
223
47.0667
223
47.1
223
47.1333
223
47.1667
223
47.2
223
47.2333
223
47.2667
223
47.3
223
47.3333
223
47.3667
223
47.4
223
47.4333
223
47.4667
223
47.5
223
47.5333
223
47.5667
223
47.6
223
47.6333
223
47.6667
223
47.7
223
47.7333
223
47.7667
223
47.8
223
47.8333
223
47.8667
223
47.9
223
47.9333
223
47.9667
223
48
223
48.0333
223
48.0667
223
48.1
223
48.1333
223
48.1667
223
48.2
223
48.2333
223
48.2667
223
48.3
223
48.3333
223
48.3667
223
48.4
223
48.4333
223
48.4667
223
48.5
223
48.5333
223
48.5667
223
48.6
223
48.6333
223
48.6667
223
48.7
223
48.7333
223
48.7667
223
48.8
223
48.8333
223
48.8667
223
48.9
223
48.9333
223
48.9667
223
49
223
49.0333
223
49.0667
223
49.1
223
49.1333
223
49.1667
223
49.2
223
49.2333
223
49.2667
223
49.3
223
49.3333
223
49.3667
223
49.4
223
49.4333
223
49.4667
223
49.5
223
49.5333
223
49.5667
223
49.6
223
49.6333
223
49.6667
223
49.7
223
49.7333
223
49.7667
223
49.8
223
49.8333
223
49.8667
223
49.9
223
49.9333
223
49.9667
223
50
223
50.0333
223
50.0667
223
50.1
223
50.1333
224
50.1667
224
50.2
224
50.2333
224
50.2667
224
50.3
224
50.3333
224
50.3667
224
50.4
224
50.4333
224
50.4667
224
50.5
224
50.5333
224
50.5667
224
50.6
224
50.6333
224
50.6667
224
50.7
224
50.7333
224
50.7667
224
50.8
224
50.8333
224
50.8667
224
50.9
224
50.9333
224
50.9667
224
51
224
51.0333
224
51.0667
224
51.1
224
51.1333
224
51.1667
224
51.2
224
51.2333
224
51.2667
224
51.3
224
51.3333
224
51.3667
224
51.4
224
51.4333
224
51.4667
224
51.5
224
51.5333
224
51.5667
224
51.6
224
51.6333
224
51.6667
224
51.7
224
51.7333
224
51.7667
224
51.8
224
51.8333
224
51.8667
224
51.9
224
51.9333
224
51.9667
224
52
224
52.0333
224
52.0667
224
52.1
224
52.1333
224
52.1667
224
52.2
224
52.2333
224
52.2667
224
52.3
224
52.3333
224
52.3667
224
52.4
224
52.4333
224
52.4667
224
52.5
224
52.5333
224
52.5667
224
52.6
224
52.6333
224
52.6667
224
52.7
224
52.7333
224
52.7667
224
52.8
224
52.8333
224
52.8667
224
52.9
224
52.9333
224
52.9667
224
53
224
53.0333
224
53.0667
224
53.1
224
53.1333
224
53.1667
224
53.2
224
53.2333
224
53.2667
224
53.3
224
53.3333
224
