0
1
0.0333333
1
0.0666667
1
0.1
1
0.133333
1
0.166667
1
0.2
1
0.233333
1
0.266667
1
0.3
1
0.333333
1
0.366667
1
0.4
1
0.433333
1
0.466667
1
0.5
1
0.533333
1
0.566667
1
0.6
1
0.633333
1
0.666667
1
0.7
1
0.733333
1
0.766667
1
0.8
1
0.833333
1
0.866667
1
0.9
1
0.933333
1
0.966667
1
1
1
1.03333
1
1.06667
1
1.1
1
1.13333
1
1.16667
1
1.2
1
1.23333
1
1.26667
1
1.3
1
1.33333
1
1.36667
1
1.4
1
1.43333
1
1.46667
1
1.5
1
1.53333
1
1.56667
1
1.6
1
1.63333
1
1.66667
1
1.7
1
1.73333
1
1.76667
1
1.8
1
1.83333
1
1.86667
1
1.9
1
1.93333
1
1.96667
1
2
1
2.03333
1
2.06667
1
2.1
1
2.13333
1
2.16667
1
2.2
1
2.23333
1
2.26667
1
2.3
1
2.33333
1
2.36667
1
2.4
1
2.43333
1
2.46667
1
2.5
1
2.53333
1
2.56667
1
2.6
1
2.63333
1
2.66667
1
2.7
1
2.73333
1
2.76667
1
2.8
1
2.83333
1
2.86667
1
2.9
1
2.93333
1
2.96667
1
3
1
3.03333
1
3.06667
1
3.1
1
3.13333
1
3.16667
1
3.2
1
3.23333
1
3.26667
1
3.3
1
3.33333
1
3.36667
1
3.4
1
3.43333
1
3.46667
1
3.5
1
3.53333
1
3.56667
1
3.6
1
3.63333
1
3.66667
1
3.7
1
3.73333
1
3.76667
1
3.8
1
3.83333
1
3.86667
1
3.9
1
3.93333
1
3.96667
1
4
1
4.03333
1
4.06667
1
4.1
1
4.13333
1
4.16667
1
4.2
1
4.23333
1
4.26667
1
4.3
1
4.33333
1
4.36667
1
4.4
1
4.43333
1
4.46667
1
4.5
1
4.53333
1
4.56667
1
4.6
1
4.63333
1
4.66667
1
4.7
1
4.73333
1
4.76667
1
4.8
1
4.83333
1
4.86667
2
4.9
2
4.93333
2
4.96667
2
5
2
5.03333
4
5.06667
4
5.1
6
5.13333
6
5.16667
8
5.2
8
5.23333
9
5.26667
9
5.3
9
5.33333
9
5.36667
10
5.4
10
5.43333
11
5.46667
11
5.5
12
5.53333
12
5.56667
12
5.6
13
5.63333
14
5.66667
14
5.7
14
5.73333
14
5.76667
15
5.8
16
5.83333
16
5.86667
17
5.9
17
5.93333
18
5.96667
19
6
19
6.03333
20
6.06667
20
6.1
21
6.13333
21
6.16667
24
6.2
26
6.23333
26
6.26667
26
6.3
27
6.33333
31
6.36667
35
6.4
38
6.43333
38
6.46667
40
6.5
40
6.53333
43
6.56667
47
6.6
54
6.63333
58
6.66667
59
6.7
59
6.73333
62
6.76667
66
6.8
68
6.83333
69
6.86667
72
6.9
73
6.93333
75
6.96667
76
7
79
7.03333
80
7.06667
81
7.1
83
7.13333
87
7.16667
87
7.2
87
7.23333
88
7.26667
89
7.3
89
7.33333
89
7.36667
90
7.4
91
7.43333
92
7.46667
93
7.5
94
7.53333
96
7.56667
96
7.6
99
7.63333
100
7.66667
102
7.7
104
7.73333
105
7.76667
106
7.8
108
7.83333
109
7.86667
109
7.9
109
7.93333
109
7.96667
109
8
110
8.03333
110
8.06667
110
8.1
110
8.13333
112
8.16667
113
8.2
114
8.23333
116
8.26667
116
8.3
117
8.33333
119
8.36667
120
8.4
122
8.43333
122
8.46667
122
8.5
124
8.53333
124
8.56667
126
8.6
126
8.63333
128
8.66667
129
8.7
129
8.73333
131
8.76667
132
8.8
133
8.83333
133
8.86667
135
8.9
135
8.93333
135
8.96667
136
9
138
9.03333
139
9.06667
141
9.1
142
9.13333
143
9.16667
146
9.2
148
9.23333
150
9.26667
150
9.3
152
9.33333
154
9.36667
155
9.4
156
9.43333
157
9.46667
157
9.5
157
9.53333
159
9.56667
160
9.6
161
9.63333
164
9.66667
164
9.7
165
9.73333
167
9.76667
168
9.8
169
9.83333
170
9.86667
172
9.9
174
9.93333
175
9.96667
176
10
178
10.0333
178
10.0667
179
10.1
179
10.1333
179
10.1667
179
10.2
180
10.2333
180
10.2667
183
10.3
184
10.3333
186
10.3667
189
10.4
190
10.4333
190
10.4667
192
10.5
193
10.5333
193
10.5667
194
10.6
196
10.6333
197
10.6667
197
10.7
197
10.7333
198
10.7667
198
10.8
198
10.8333
199
10.8667
202
10.9
203
10.9333
203
10.9667
204
11
205
11.0333
205
11.0667
208
11.1
210
11.1333
211
11.1667
211
11.2
211
11.2333
211
11.2667
211
11.3
212
11.3333
213
11.3667
215
11.4
215
11.4333
218
11.4667
222
11.5
223
11.5333
225
11.5667
227
11.6
229
11.6333
229
11.6667
232
11.7
232
11.7333
234
11.7667
237
11.8
238
11.8333
238
11.8667
241
11.9
243
11.9333
244
11.9667
244
12
245
12.0333
246
12.0667
248
12.1
249
12.1333
249
12.1667
250
12.2
252
12.2333
253
12.2667
253
12.3
256
12.3333
256
12.3667
259
12.4
261
12.4333
262
12.4667
265
12.5
267
12.5333
270
12.5667
275
12.6
276
12.6333
281
12.6667
281
12.7
282
12.7333
283
12.7667
285
12.8
290
12.8333
292
12.8667
295
12.9
297
12.9333
298
12.9667
299
13
299
13.0333
300
13.0667
300
13.1
301
13.1333
304
13.1667
308
13.2
310
13.2333
313
13.2667
314
13.3
316
13.3333
319
13.3667
323
13.4
324
13.4333
328
13.4667
333
13.5
338
13.5333
340
13.5667
341
13.6
345
13.6333
346
13.6667
349
13.7
350
13.7333
355
13.7667
355
13.8
355
13.8333
356
13.8667
358
13.9
358
13.9333
360
13.9667
360
14
362
14.0333
363
14.0667
364
14.1
365
14.1333
367
14.1667
367
14.2
367
14.2333
370
14.2667
371
14.3
375
14.3333
377
14.3667
380
14.4
381
14.4333
381
14.4667
381
14.5
382
14.5333
383
14.5667
384
14.6
386
14.6333
387
14.6667
388
14.7
391
14.7333
393
14.7667
396
14.8
396
14.8333
399
14.8667
401
14.9
402
14.9333
402
14.9667
404
15
405
15.0333
410
15.0667
413
15.1
413
15.1333
416
15.1667
417
15.2
418
15.2333
420
15.2667
421
15.3
425
15.3333
426
15.3667
427
15.4
427
15.4333
429
15.4667
429
15.5
429
15.5333
430
15.5667
431
15.6
431
15.6333
432
15.6667
432
15.7
433
15.7333
433
15.7667
433
15.8
435
15.8333
436
15.8667
436
15.9
436
15.9333
436
15.9667
436
16
437
16.0333
438
16.0667
441
16.1
442
16.1333
442
16.1667
444
16.2
444
16.2333
445
16.2667
445
16.3
447
16.3333
447
16.3667
448
16.4
450
16.4333
452
16.4667
453
16.5
453
16.5333
453
16.5667
453
16.6
456
16.6333
459
16.6667
460
16.7
461
16.7333
462
16.7667
462
16.8
462
16.8333
464
16.8667
464
16.9
464
16.9333
467
16.9667
467
17
467
17.0333
468
17.0667
469
17.1
469
17.1333
470
17.1667
471
17.2
472
17.2333
472
17.2667
475
17.3
478
17.3333
480
17.3667
480
17.4
482
17.4333
485
17.4667
488
17.5
490
17.5333
490
17.5667
493
17.6
494
17.6333
498
17.6667
501
17.7
505
17.7333
506
17.7667
508
17.8
509
17.8333
510
17.8667
512
17.9
513
17.9333
515
17.9667
517
18
518
18.0333
518
18.0667
518
18.1
518
18.1333
519
18.1667
521
18.2
525
18.2333
526
18.2667
529
18.3
532
18.3333
534
18.3667
536
18.4
538
18.4333
538
18.4667
540
18.5
542
18.5333
542
18.5667
544
18.6
544
18.6333
545
18.6667
545
18.7
545
18.7333
545
18.7667
547
18.8
547
18.8333
547
18.8667
547
18.9
549
18.9333
549
18.9667
549
19
549
19.0333
549
19.0667
551
19.1
552
19.1333
553
19.1667
555
19.2
556
19.2333
557
19.2667
559
19.3
561
19.3333
561
19.3667
561
19.4
562
19.4333
563
19.4667
563
19.5
563
19.5333
564
19.5667
564
19.6
564
19.6333
564
19.6667
564
19.7
565
19.7333
567
19.7667
568
19.8
570
19.8333
571
19.8667
572
19.9
574
19.9333
574
19.9667
574
20
575
20.0333
575
20.0667
578
20.1
578
20.1333
578
20.1667
579
20.2
581
20.2333
582
20.2667
582
20.3
582
20.3333
582
20.3667
582
20.4
583
20.4333
583
20.4667
583
20.5
583
20.5333
583
20.5667
583
20.6
584
20.6333
584
20.6667
586
20.7
587
20.7333
588
20.7667
588
20.8
588
20.8333
588
20.8667
588
20.9
592
20.9333
593
20.9667
593
21
593
21.0333
593
21.0667
593
21.1
595
21.1333
595
21.1667
595
21.2
596
21.2333
596
21.2667
597
21.3
597
21.3333
598
21.3667
599
21.4
599
21.4333
600
21.4667
601
21.5
601
21.5333
604
21.5667
605
21.6
606
21.6333
606
21.6667
606
21.7
607
21.7333
607
21.7667
609
21.8
610
21.8333
610
21.8667
611
21.9
611
21.9333
612
21.9667
612
22
614
22.0333
616
22.0667
617
22.1
619
22.1333
619
22.1667
622
22.2
622
22.2333
622
22.2667
623
22.3
625
22.3333
625
22.3667
626
22.4
626
22.4333
626
22.4667
626
22.5
626
22.5333
627
22.5667
627
22.6
627
22.6333
628
22.6667
628
22.7
628
22.7333
629
22.7667
629
22.8
631
22.8333
631
22.8667
631
22.9
632
22.9333
632
22.9667
632
23
632
23.0333
632
23.0667
634
23.1
635
23.1333
636
23.1667
636
23.2
637
23.2333
637
23.2667
637
23.3
637
23.3333
639
23.3667
641
23.4
641
23.4333
643
23.4667
643
23.5
643
23.5333
643
23.5667
645
23.6
645
23.6333
645
23.6667
646
23.7
647
23.7333
647
23.7667
647
23.8
647
23.8333
647
23.8667
648
23.9
648
23.9333
648
23.9667
648
24
649
24.0333
650
24.0667
650
24.1
650
24.1333
650
24.1667
650
24.2
651
24.2333
651
24.2667
651
24.3
652
24.3333
653
24.3667
653
24.4
654
24.4333
656
24.4667
656
24.5
656
24.5333
656
24.5667
657
24.6
658
24.6333
659
24.6667
660
24.7
661
24.7333
662
24.7667
662
24.8
663
24.8333
664
24.8667
664
24.9
665
24.9333
665
24.9667
665
25
665
25.0333
665
25.0667
667
25.1
668
25.1333
669
25.1667
670
25.2
670
25.2333
671
25.2667
672
25.3
673
25.3333
674
25.3667
674
25.4
674
25.4333
674
25.4667
674
25.5
675
25.5333
675
25.5667
675
25.6
675
25.6333
675
25.6667
675
25.7
677
25.7333
677
25.7667
678
25.8
678
25.8333
678
25.8667
679
25.9
679
25.9333
679
25.9667
679
26
680
26.0333
680
26.0667
680
26.1
680
26.1333
680
26.1667
680
26.2
680
26.2333
681
26.2667
681
26.3
681
26.3333
681
26.3667
681
26.4
681
26.4333
681
26.4667
682
26.5
682
26.5333
683
26.5667
683
26.6
683
26.6333
684
26.6667
684
26.7
684
26.7333
684
26.7667
684
26.8
684
26.8333
685
26.8667
685
26.9
685
26.9333
685
26.9667
685
27
685
27.0333
686
27.0667
686
27.1
686
27.1333
686
27.1667
686
27.2
686
27.2333
686
27.2667
686
27.3
686
27.3333
686
27.3667
686
27.4
687
27.4333
687
27.4667
687
27.5
687
27.5333
687
27.5667
687
27.6
687
27.6333
687
27.6667
687
27.7
687
27.7333
687
27.7667
688
27.8
688
27.8333
688
27.8667
688
27.9
688
27.9333
688
27.9667
688
28
688
28.0333
688
28.0667
688
28.1
688
28.1333
688
28.1667
688
28.2
688
28.2333
688
28.2667
688
28.3
690
28.3333
690
28.3667
690
28.4
690
28.4333
690
28.4667
691
28.5
691
28.5333
692
28.5667
692
28.6
692
28.6333
692
28.6667
693
28.7
693
28.7333
693
28.7667
694
28.8
694
28.8333
694
28.8667
694
28.9
694
28.9333
696
28.9667
696
29
696
29.0333
696
29.0667
697
29.1
698
29.1333
698
29.1667
698
29.2
698
29.2333
698
29.2667
698
29.3
698
29.3333
700
29.3667
700
29.4
700
29.4333
700
29.4667
700
29.5
701
29.5333
701
29.5667
702
29.6
704
29.6333
704
29.6667
704
29.7
704
29.7333
705
29.7667
705
29.8
705
29.8333
705
29.8667
706
29.9
706
29.9333
706
29.9667
706
30
708
30.0333
708
30.0667
708
30.1
708
30.1333
708
30.1667
708
30.2
708
30.2333
709
30.2667
709
30.3
709
30.3333
710
30.3667
710
30.4
711
30.4333
711
30.4667
711
30.5
711
30.5333
711
30.5667
711
30.6
711
30.6333
711
30.6667
711
30.7
711
30.7333
711
30.7667
714
30.8
714
30.8333
714
30.8667
714
30.9
714
30.9333
714
30.9667
714
31
714
31.0333
715
31.0667
717
31.1
717
31.1333
717
31.1667
717
31.2
717
31.2333
718
31.2667
718
31.3
720
31.3333
721
31.3667
721
31.4
721
31.4333
721
31.4667
722
31.5
723
31.5333
723
31.5667
723
31.6
723
31.6333
724
31.6667
724
31.7
724
31.7333
724
31.7667
724
31.8
725
31.8333
726
31.8667
726
31.9
726
31.9333
726
31.9667
726
32
726
32.0333
726
32.0667
728
32.1
730
32.1333
731
32.1667
731
32.2
731
32.2333
731
32.2667
732
32.3
732
32.3333
733
32.3667
733
32.4
733
32.4333
734
32.4667
734
32.5
734
32.5333
735
32.5667
736
32.6
736
32.6333
738
32.6667
738
32.7
738
32.7333
739
32.7667
739
32.8
739
32.8333
739
32.8667
741
32.9
741
32.9333
741
32.9667
742
33
742
33.0333
742
33.0667
742
33.1
742
33.1333
743
33.1667
744
33.2
745
33.2333
745
33.2667
745
33.3
745
33.3333
745
33.3667
747
33.4
748
33.4333
748
33.4667
749
33.5
750
33.5333
750
33.5667
750
33.6
750
33.6333
750
33.6667
750
33.7
751
33.7333
751
33.7667
751
33.8
751
33.8333
751
33.8667
751
33.9
751
33.9333
751
33.9667
751
34
751
34.0333
752
34.0667
753
34.1
753
34.1333
754
34.1667
754
34.2
754
34.2333
755
34.2667
755
34.3
755
34.3333
756
34.3667
756
34.4
756
34.4333
756
34.4667
757
34.5
757
34.5333
757
34.5667
757
34.6
757
34.6333
757
34.6667
757
34.7
758
34.7333
758
34.7667
758
34.8
758
34.8333
759
34.8667
759
34.9
760
34.9333
761
34.9667
762
35
762
35.0333
762
35.0667
762
35.1
764
35.1333
764
35.1667
764
35.2
765
35.2333
766
35.2667
766
35.3
768
35.3333
768
35.3667
768
35.4
769
35.4333
770
35.4667
770
35.5
770
35.5333
770
35.5667
770
35.6
770
35.6333
771
35.6667
771
35.7
771
35.7333
771
35.7667
771
35.8
771
35.8333
771
35.8667
771
35.9
772
35.9333
773
35.9667
773
36
774
36.0333
774
36.0667
775
36.1
776
36.1333
776
36.1667
776
36.2
776
36.2333
777
36.2667
779
36.3
780
36.3333
780
36.3667
781
36.4
782
36.4333
782
36.4667
782
36.5
783
36.5333
783
36.5667
783
36.6
783
36.6333
783
36.6667
783
36.7
783
36.7333
784
36.7667
784
36.8
785
36.8333
785
36.8667
785
36.9
785
36.9333
785
36.9667
785
37
785
37.0333
785
37.0667
785
37.1
786
37.1333
786
37.1667
786
37.2
786
37.2333
786
37.2667
787
37.3
788
37.3333
788
37.3667
788
37.4
788
37.4333
788
37.4667
788
37.5
788
37.5333
788
37.5667
788
37.6
788
37.6333
789
37.6667
789
37.7
789
37.7333
789
37.7667
790
37.8
790
37.8333
790
37.8667
790
37.9
790
37.9333
790
37.9667
791
38
792
38.0333
793
38.0667
793
38.1
794
38.1333
795
38.1667
795
38.2
795
38.2333
795
38.2667
795
38.3
795
38.3333
795
38.3667
796
38.4
796
38.4333
796
38.4667
796
38.5
796
38.5333
796
38.5667
796
38.6
796
38.6333
796
38.6667
796
38.7
797
38.7333
797
38.7667
798
38.8
798
38.8333
798
38.8667
798
38.9
798
38.9333
798
38.9667
798
39
799
39.0333
799
39.0667
799
39.1
799
39.1333
800
39.1667
800
39.2
800
39.2333
801
39.2667
801
39.3
801
39.3333
801
39.3667
803
39.4
806
39.4333
807
39.4667
807
39.5
808
39.5333
808
39.5667
808
39.6
808
39.6333
808
39.6667
808
39.7
808
39.7333
808
39.7667
808
39.8
808
39.8333
808
39.8667
808
39.9
808
39.9333
808
39.9667
808
40
808
40.0333
809
40.0667
810
40.1
810
40.1333
810
40.1667
813
40.2
815
40.2333
815
40.2667
815
40.3
815
40.3333
815
40.3667
815
40.4
815
40.4333
815
40.4667
815
40.5
815
40.5333
817
40.5667
819
40.6
819
40.6333
820
40.6667
820
40.7
820
40.7333
820
40.7667
820
40.8
820
40.8333
820
40.8667
820
40.9
820
40.9333
820
40.9667
820
41
820
41.0333
820
41.0667
821
41.1
821
41.1333
821
41.1667
821
41.2
821
41.2333
822
41.2667
822
41.3
822
41.3333
822
41.3667
822
41.4
822
41.4333
823
41.4667
823
41.5
824
41.5333
824
41.5667
824
41.6
824
41.6333
824
41.6667
825
41.7
825
41.7333
825
41.7667
826
41.8
828
41.8333
828
41.8667
828
41.9
828
41.9333
828
41.9667
829
42
829
42.0333
829
42.0667
829
42.1
829
42.1333
830
42.1667
830
42.2
830
42.2333
831
42.2667
831
42.3
831
42.3333
832
42.3667
832
42.4
832
42.4333
832
42.4667
832
42.5
832
42.5333
832
42.5667
832
42.6
833
42.6333
833
42.6667
833
42.7
833
42.7333
833
42.7667
833
42.8
833
42.8333
833
42.8667
833
42.9
834
42.9333
834
42.9667
836
43
836
43.0333
836
43.0667
836
43.1
836
43.1333
836
43.1667
836
43.2
836
43.2333
836
43.2667
836
43.3
836
43.3333
836
43.3667
836
43.4
837
43.4333
837
43.4667
837
43.5
837
43.5333
837
43.5667
837
43.6
837
43.6333
837
43.6667
837
43.7
837
43.7333
838
43.7667
838
43.8
839
43.8333
839
43.8667
839
43.9
839
43.9333
839
43.9667
839
44
839
44.0333
839
44.0667
839
44.1
839
44.1333
840
44.1667
840
44.2
840
44.2333
841
44.2667
842
44.3
842
44.3333
842
44.3667
842
44.4
842
44.4333
842
44.4667
842
44.5
842
44.5333
842
44.5667
842
44.6
842
44.6333
842
44.6667
843
44.7
843
44.7333
843
44.7667
843
44.8
843
44.8333
843
44.8667
843
44.9
843
44.9333
843
44.9667
843
45
843
45.0333
843
45.0667
843
45.1
843
45.1333
844
45.1667
844
45.2
844
45.2333
844
45.2667
844
45.3
844
45.3333
845
45.3667
845
45.4
845
45.4333
846
45.4667
846
45.5
846
45.5333
846
45.5667
846
45.6
846
45.6333
847
45.6667
848
45.7
849
45.7333
849
45.7667
850
45.8
850
45.8333
850
45.8667
851
45.9
851
45.9333
851
45.9667
851
46
851
46.0333
851
46.0667
851
46.1
852
46.1333
852
46.1667
852
46.2
852
46.2333
852
46.2667
852
46.3
852
46.3333
852
46.3667
852
46.4
852
46.4333
852
46.4667
852
46.5
852
46.5333
853
46.5667
853
46.6
853
46.6333
853
46.6667
854
46.7
854
46.7333
854
46.7667
854
46.8
854
46.8333
855
46.8667
857
46.9
857
46.9333
857
46.9667
857
47
857
47.0333
858
47.0667
858
47.1
858
47.1333
858
47.1667
858
47.2
858
47.2333
858
47.2667
858
47.3
859
47.3333
859
47.3667
859
47.4
860
47.4333
860
47.4667
860
47.5
860
47.5333
861
47.5667
861
47.6
861
47.6333
861
47.6667
861
47.7
861
47.7333
861
47.7667
861
47.8
861
47.8333
862
47.8667
862
47.9
862
47.9333
863
47.9667
863
48
863
48.0333
865
48.0667
865
48.1
865
48.1333
865
48.1667
866
48.2
867
48.2333
867
48.2667
867
48.3
868
48.3333
868
48.3667
868
48.4
868
48.4333
868
48.4667
868
48.5
868
48.5333
868
48.5667
868
48.6
868
48.6333
870
48.6667
870
48.7
871
48.7333
871
48.7667
871
48.8
871
48.8333
871
48.8667
871
48.9
871
48.9333
871
48.9667
872
49
872
49.0333
873
49.0667
873
49.1
873
49.1333
873
49.1667
873
49.2
873
49.2333
873
49.2667
873
49.3
873
49.3333
873
49.3667
873
49.4
873
49.4333
873
49.4667
873
49.5
873
49.5333
874
49.5667
875
49.6
875
49.6333
875
49.6667
876
49.7
876
49.7333
876
49.7667
876
49.8
876
49.8333
876
49.8667
876
49.9
878
49.9333
878
49.9667
878
50
878
50.0333
878
50.0667
880
50.1
880
50.1333
881
50.1667
881
50.2
882
50.2333
882
50.2667
882
50.3
882
50.3333
882
50.3667
882
50.4
883
50.4333
883
50.4667
883
50.5
883
50.5333
883
50.5667
884
50.6
885
50.6333
886
50.6667
887
50.7
888
50.7333
888
50.7667
889
50.8
889
50.8333
889
50.8667
889
50.9
889
50.9333
889
50.9667
889
51
889
51.0333
889
51.0667
889
51.1
889
51.1333
889
51.1667
889
51.2
889
51.2333
889
51.2667
889
51.3
889
51.3333
889
51.3667
889
51.4
889
51.4333
889
51.4667
889
51.5
890
51.5333
890
51.5667
890
51.6
890
51.6333
890
51.6667
890
51.7
890
51.7333
890
51.7667
890
51.8
890
51.8333
890
51.8667
890
51.9
891
51.9333
891
51.9667
891
52
891
52.0333
891
52.0667
891
52.1
891
52.1333
892
52.1667
893
52.2
893
52.2333
894
52.2667
894
52.3
895
52.3333
895
52.3667
895
52.4
895
52.4333
895
52.4667
895
52.5
895
52.5333
895
52.5667
895
52.6
895
52.6333
896
52.6667
897
52.7
897
52.7333
897
52.7667
897
52.8
897
52.8333
898
52.8667
898
52.9
898
52.9333
898
52.9667
898
53
898
53.0333
898
53.0667
898
53.1
899
53.1333
900
53.1667
900
53.2
900
53.2333
900
53.2667
900
53.3
900
53.3333
900
