0
1
0.0333333
1
0.0666667
1
0.1
1
0.133333
1
0.166667
1
0.2
1
0.233333
1
0.266667
1
0.3
1
0.333333
1
0.366667
1
0.4
1
0.433333
1
0.466667
1
0.5
1
0.533333
1
0.566667
1
0.6
1
0.633333
1
0.666667
1
0.7
1
0.733333
1
0.766667
1
0.8
1
0.833333
1
0.866667
1
0.9
1
0.933333
1
0.966667
1
1
1
1.03333
1
1.06667
1
1.1
1
1.13333
1
1.16667
1
1.2
1
1.23333
1
1.26667
1
1.3
1
1.33333
1
1.36667
1
1.4
1
1.43333
1
1.46667
1
1.5
1
1.53333
1
1.56667
1
1.6
1
1.63333
1
1.66667
1
1.7
1
1.73333
1
1.76667
1
1.8
1
1.83333
1
1.86667
1
1.9
1
1.93333
1
1.96667
1
2
1
2.03333
1
2.06667
1
2.1
1
2.13333
1
2.16667
1
2.2
1
2.23333
1
2.26667
1
2.3
1
2.33333
1
2.36667
1
2.4
1
2.43333
1
2.46667
1
2.5
1
2.53333
1
2.56667
1
2.6
1
2.63333
1
2.66667
1
2.7
1
2.73333
1
2.76667
1
2.8
1
2.83333
1
2.86667
1
2.9
1
2.93333
1
2.96667
1
3
1
3.03333
1
3.06667
1
3.1
1
3.13333
1
3.16667
1
3.2
1
3.23333
1
3.26667
1
3.3
1
3.33333
1
3.36667
1
3.4
1
3.43333
1
3.46667
1
3.5
1
3.53333
1
3.56667
1
3.6
1
3.63333
1
3.66667
1
3.7
1
3.73333
1
3.76667
1
3.8
1
3.83333
1
3.86667
1
3.9
1
3.93333
1
3.96667
1
4
1
4.03333
1
4.06667
1
4.1
1
4.13333
1
4.16667
1
4.2
1
4.23333
1
4.26667
1
4.3
1
4.33333
1
4.36667
1
4.4
1
4.43333
1
4.46667
1
4.5
1
4.53333
1
4.56667
1
4.6
1
4.63333
1
4.66667
1
4.7
1
4.73333
1
4.76667
1
4.8
2
4.83333
2
4.86667
2
4.9
3
4.93333
3
4.96667
3
5
5
5.03333
5
5.06667
5
5.1
5
5.13333
5
5.16667
5
5.2
5
5.23333
5
5.26667
5
5.3
7
5.33333
7
5.36667
7
5.4
7
5.43333
7
5.46667
8
5.5
9
5.53333
9
5.56667
9
5.6
11
5.63333
11
5.66667
11
5.7
11
5.73333
11
5.76667
11
5.8
11
5.83333
12
5.86667
12
5.9
12
5.93333
12
5.96667
12
6
15
6.03333
16
6.06667
18
6.1
18
6.13333
19
6.16667
20
6.2
21
6.23333
21
6.26667
22
6.3
22
6.33333
24
6.36667
24
6.4
25
6.43333
26
6.46667
27
6.5
28
6.53333
29
6.56667
30
6.6
31
6.63333
33
6.66667
34
6.7
34
6.73333
35
6.76667
35
6.8
36
6.83333
36
6.86667
38
6.9
41
6.93333
42
6.96667
45
7
49
7.03333
49
7.06667
51
7.1
52
7.13333
53
7.16667
55
7.2
55
7.23333
56
7.26667
57
7.3
62
7.33333
63
7.36667
64
7.4
67
7.43333
70
7.46667
71
7.5
72
7.53333
72
7.56667
73
7.6
76
7.63333
79
7.66667
84
7.7
84
7.73333
86
7.76667
90
7.8
91
7.83333
92
7.86667
95
7.9
98
7.93333
101
7.96667
103
8
105
8.03333
107
8.06667
110
8.1
110
8.13333
111
8.16667
116
8.2
119
8.23333
122
8.26667
126
8.3
128
8.33333
132
8.36667
133
8.4
138
8.43333
139
8.46667
141
8.5
144
8.53333
145
8.56667
147
8.6
148
8.63333
149
8.66667
152
8.7
157
8.73333
161
8.76667
163
8.8
163
8.83333
163
8.86667
164
8.9
165
8.93333
169
8.96667
171
9
174
9.03333
178
9.06667
180
9.1
182
9.13333
183
9.16667
184
9.2
185
9.23333
187
9.26667
191
9.3
191
9.33333
192
9.36667
194
9.4
198
9.43333
198
9.46667
202
9.5
206
9.53333
209
9.56667
210
9.6
212
9.63333
213
9.66667
214
9.7
215
9.73333
221
9.76667
223
9.8
225
9.83333
227
9.86667
230
9.9
230
9.93333
232
9.96667
232
10
233
10.0333
234
10.0667
234
10.1
234
10.1333
236
10.1667
237
10.2
240
10.2333
243
10.2667
243
10.3
245
10.3333
245
10.3667
245
10.4
246
10.4333
248
10.4667
249
10.5
251
10.5333
253
10.5667
254
10.6
254
10.6333
257
10.6667
257
10.7
257
10.7333
258
10.7667
259
10.8
261
10.8333
262
10.8667
263
10.9
263
10.9333
264
10.9667
265
11
265
11.0333
267
11.0667
267
11.1
267
11.1333
269
11.1667
270
11.2
271
11.2333
274
11.2667
275
11.3
276
11.3333
280
11.3667
281
11.4
283
11.4333
283
11.4667
283
11.5
284
11.5333
284
11.5667
285
11.6
288
11.6333
289
11.6667
289
11.7
289
11.7333
290
11.7667
290
11.8
293
11.8333
296
11.8667
299
11.9
300
11.9333
303
11.9667
308
12
309
12.0333
311
12.0667
312
12.1
314
12.1333
315
12.1667
317
12.2
320
12.2333
320
12.2667
321
12.3
321
12.3333
325
12.3667
328
12.4
330
12.4333
331
12.4667
332
12.5
333
12.5333
335
12.5667
336
12.6
336
12.6333
338
12.6667
340
12.7
340
12.7333
341
12.7667
344
12.8
344
12.8333
345
12.8667
346
12.9
348
12.9333
348
12.9667
349
13
349
13.0333
349
13.0667
349
13.1
349
13.1333
349
13.1667
351
13.2
352
13.2333
354
13.2667
355
13.3
356
13.3333
358
13.3667
360
13.4
360
13.4333
360
13.4667
360
13.5
360
13.5333
361
13.5667
362
13.6
363
13.6333
364
13.6667
366
13.7
367
13.7333
368
13.7667
369
13.8
372
13.8333
375
13.8667
375
13.9
376
13.9333
377
13.9667
377
14
379
14.0333
379
14.0667
379
14.1
380
14.1333
382
14.1667
384
14.2
386
14.2333
387
14.2667
387
14.3
387
14.3333
390
14.3667
392
14.4
393
14.4333
396
14.4667
397
14.5
399
14.5333
400
14.5667
401
14.6
403
14.6333
405
14.6667
409
14.7
411
14.7333
412
14.7667
416
14.8
416
14.8333
416
14.8667
418
14.9
421
14.9333
422
14.9667
422
15
422
15.0333
423
15.0667
424
15.1
425
15.1333
426
15.1667
427
15.2
429
15.2333
429
15.2667
431
15.3
431
15.3333
432
15.3667
434
15.4
436
15.4333
437
15.4667
437
15.5
438
15.5333
439
15.5667
440
15.6
440
15.6333
442
15.6667
443
15.7
443
15.7333
444
15.7667
444
15.8
445
15.8333
446
15.8667
447
15.9
449
15.9333
450
15.9667
451
16
452
16.0333
452
16.0667
453
16.1
454
16.1333
455
16.1667
457
16.2
457
16.2333
457
16.2667
457
16.3
459
16.3333
460
16.3667
462
16.4
463
16.4333
464
16.4667
464
16.5
464
16.5333
465
16.5667
465
16.6
465
16.6333
467
16.6667
469
16.7
470
16.7333
471
16.7667
473
16.8
474
16.8333
474
16.8667
475
16.9
475
16.9333
476
16.9667
476
17
476
17.0333
478
17.0667
478
17.1
479
17.1333
481
17.1667
481
17.2
481
17.2333
484
17.2667
484
17.3
484
17.3333
485
17.3667
486
17.4
486
17.4333
486
17.4667
486
17.5
486
17.5333
486
17.5667
488
17.6
489
17.6333
492
17.6667
493
17.7
494
17.7333
495
17.7667
496
17.8
496
17.8333
496
17.8667
497
17.9
498
17.9333
498
17.9667
498
18
502
18.0333
502
18.0667
503
18.1
505
18.1333
506
18.1667
507
18.2
509
18.2333
509
18.2667
510
18.3
512
18.3333
512
18.3667
513
18.4
513
18.4333
515
18.4667
515
18.5
515
18.5333
515
18.5667
515
18.6
517
18.6333
517
18.6667
517
18.7
518
18.7333
518
18.7667
518
18.8
519
18.8333
520
18.8667
520
18.9
520
18.9333
522
18.9667
522
19
522
19.0333
523
19.0667
524
19.1
524
19.1333
525
19.1667
525
19.2
526
19.2333
527
19.2667
527
19.3
528
19.3333
529
19.3667
531
19.4
532
19.4333
532
19.4667
532
19.5
534
19.5333
535
19.5667
536
19.6
536
19.6333
536
19.6667
538
19.7
538
19.7333
539
19.7667
540
19.8
540
19.8333
541
19.8667
542
19.9
542
19.9333
542
19.9667
543
20
544
20.0333
545
20.0667
545
20.1
545
20.1333
545
20.1667
545
20.2
545
20.2333
546
20.2667
548
20.3
548
20.3333
548
20.3667
548
20.4
548
20.4333
549
20.4667
551
20.5
551
20.5333
551
20.5667
551
20.6
552
20.6333
552
20.6667
553
20.7
553
20.7333
553
20.7667
553
20.8
553
20.8333
554
20.8667
554
20.9
556
20.9333
557
20.9667
557
21
559
21.0333
560
21.0667
561
21.1
562
21.1333
563
21.1667
563
21.2
563
21.2333
564
21.2667
565
21.3
565
21.3333
566
21.3667
568
21.4
568
21.4333
568
21.4667
568
21.5
569
21.5333
569
21.5667
570
21.6
572
21.6333
573
21.6667
574
21.7
574
21.7333
574
21.7667
575
21.8
575
21.8333
575
21.8667
575
21.9
575
21.9333
575
21.9667
575
22
575
22.0333
575
22.0667
575
22.1
575
22.1333
575
22.1667
575
22.2
575
22.2333
575
22.2667
576
22.3
577
22.3333
578
22.3667
579
22.4
580
22.4333
580
22.4667
580
22.5
580
22.5333
580
22.5667
580
22.6
582
22.6333
582
22.6667
582
22.7
582
22.7333
582
22.7667
582
22.8
582
22.8333
582
22.8667
582
22.9
584
22.9333
585
22.9667
586
23
587
23.0333
587
23.0667
587
23.1
587
23.1333
587
23.1667
587
23.2
588
23.2333
588
23.2667
588
23.3
589
23.3333
589
23.3667
592
23.4
592
23.4333
594
23.4667
596
23.5
598
23.5333
600
23.5667
602
23.6
603
23.6333
605
23.6667
605
23.7
606
23.7333
607
23.7667
608
23.8
608
23.8333
608
23.8667
609
23.9
609
23.9333
609
23.9667
609
24
610
24.0333
610
24.0667
610
24.1
611
24.1333
612
24.1667
612
24.2
613
24.2333
613
24.2667
614
24.3
615
24.3333
615
24.3667
615
24.4
615
24.4333
616
24.4667
616
24.5
617
24.5333
619
24.5667
619
24.6
619
24.6333
619
24.6667
619
24.7
619
24.7333
619
24.7667
619
24.8
619
24.8333
619
24.8667
622
24.9
622
24.9333
623
24.9667
623
25
625
25.0333
626
25.0667
626
25.1
626
25.1333
626
25.1667
627
25.2
628
25.2333
628
25.2667
628
25.3
628
25.3333
628
25.3667
628
25.4
628
25.4333
628
25.4667
628
25.5
628
25.5333
628
25.5667
628
25.6
628
25.6333
628
25.6667
629
25.7
630
25.7333
630
25.7667
630
25.8
630
25.8333
630
25.8667
630
25.9
630
25.9333
630
25.9667
630
26
630
26.0333
630
26.0667
630
26.1
630
26.1333
631
26.1667
632
26.2
632
26.2333
632
26.2667
632
26.3
633
26.3333
633
26.3667
633
26.4
633
26.4333
633
26.4667
634
26.5
635
26.5333
635
26.5667
635
26.6
636
26.6333
636
26.6667
636
26.7
637
26.7333
637
26.7667
638
26.8
638
26.8333
638
26.8667
639
26.9
639
26.9333
639
26.9667
639
27
639
27.0333
640
27.0667
640
27.1
640
27.1333
641
27.1667
641
27.2
641
27.2333
641
27.2667
642
27.3
642
27.3333
642
27.3667
642
27.4
642
27.4333
642
27.4667
642
27.5
642
27.5333
642
27.5667
642
27.6
642
27.6333
643
27.6667
644
27.7
644
27.7333
644
27.7667
644
27.8
644
27.8333
644
27.8667
644
27.9
644
27.9333
644
27.9667
644
28
645
28.0333
645
28.0667
645
28.1
645
28.1333
645
28.1667
645
28.2
645
28.2333
645
28.2667
645
28.3
645
28.3333
645
28.3667
647
28.4
647
28.4333
648
28.4667
649
28.5
649
28.5333
650
28.5667
650
28.6
651
28.6333
651
28.6667
651
28.7
651
28.7333
651
28.7667
651
28.8
652
28.8333
652
28.8667
652
28.9
652
28.9333
652
28.9667
652
29
653
29.0333
653
29.0667
653
29.1
653
29.1333
653
29.1667
653
29.2
653
29.2333
654
29.2667
656
29.3
656
29.3333
657
29.3667
657
29.4
658
29.4333
658
29.4667
658
29.5
658
29.5333
659
29.5667
660
29.6
660
29.6333
660
29.6667
660
29.7
660
29.7333
661
29.7667
661
29.8
661
29.8333
661
29.8667
661
29.9
661
29.9333
661
29.9667
661
30
662
30.0333
662
30.0667
662
30.1
662
30.1333
662
30.1667
662
30.2
662
30.2333
662
30.2667
663
30.3
665
30.3333
665
30.3667
665
30.4
665
30.4333
665
30.4667
665
30.5
665
30.5333
666
30.5667
666
30.6
666
30.6333
666
30.6667
666
30.7
667
30.7333
668
30.7667
670
30.8
670
30.8333
670
30.8667
670
30.9
670
30.9333
670
30.9667
670
31
670
31.0333
670
31.0667
670
31.1
670
31.1333
670
31.1667
670
31.2
670
31.2333
671
31.2667
671
31.3
671
31.3333
672
31.3667
673
31.4
673
31.4333
673
31.4667
674
31.5
674
31.5333
674
31.5667
675
31.6
675
31.6333
675
31.6667
675
31.7
675
31.7333
675
31.7667
675
31.8
675
31.8333
675
31.8667
675
31.9
675
31.9333
675
31.9667
675
32
675
32.0333
675
32.0667
676
32.1
676
32.1333
676
32.1667
677
32.2
678
32.2333
678
32.2667
678
32.3
678
32.3333
678
32.3667
678
32.4
678
32.4333
678
32.4667
678
32.5
678
32.5333
678
32.5667
678
32.6
678
32.6333
678
32.6667
678
32.7
678
32.7333
678
32.7667
678
32.8
678
32.8333
678
32.8667
678
32.9
678
32.9333
678
32.9667
679
33
680
33.0333
682
33.0667
682
33.1
682
33.1333
682
33.1667
682
33.2
682
33.2333
682
33.2667
682
33.3
682
33.3333
682
33.3667
682
33.4
682
33.4333
683
33.4667
683
33.5
683
33.5333
683
33.5667
683
33.6
683
33.6333
683
33.6667
683
33.7
684
33.7333
684
33.7667
684
33.8
685
33.8333
685
33.8667
685
33.9
685
33.9333
685
33.9667
686
34
686
34.0333
686
34.0667
686
34.1
686
34.1333
686
34.1667
687
34.2
688
34.2333
688
34.2667
688
34.3
688
34.3333
688
34.3667
688
34.4
688
34.4333
688
34.4667
688
34.5
688
34.5333
688
34.5667
688
34.6
688
34.6333
688
34.6667
688
34.7
688
34.7333
688
34.7667
688
34.8
688
34.8333
688
34.8667
689
34.9
689
34.9333
690
34.9667
691
35
691
35.0333
692
35.0667
692
35.1
692
35.1333
692
35.1667
692
35.2
692
35.2333
692
35.2667
692
35.3
692
35.3333
692
35.3667
693
35.4
693
35.4333
693
35.4667
694
35.5
694
35.5333
694
35.5667
695
35.6
695
35.6333
695
35.6667
695
35.7
695
35.7333
695
35.7667
695
35.8
696
35.8333
696
35.8667
698
35.9
698
35.9333
699
35.9667
703
36
707
36.0333
708
36.0667
709
36.1
712
36.1333
713
36.1667
715
36.2
717
36.2333
718
36.2667
723
36.3
724
36.3333
726
36.3667
729
36.4
733
36.4333
738
36.4667
739
36.5
739
36.5333
741
36.5667
744
36.6
749
36.6333
752
36.6667
755
36.7
755
36.7333
756
36.7667
756
36.8
757
36.8333
758
36.8667
759
36.9
760
36.9333
761
36.9667
762
37
764
37.0333
764
37.0667
765
37.1
765
37.1333
767
37.1667
768
37.2
769
37.2333
769
37.2667
769
37.3
770
37.3333
771
37.3667
771
37.4
771
37.4333
771
37.4667
771
37.5
772
37.5333
773
37.5667
773
37.6
773
37.6333
774
37.6667
775
37.7
775
37.7333
775
37.7667
775
37.8
775
37.8333
775
37.8667
775
37.9
776
37.9333
776
37.9667
776
38
776
38.0333
777
38.0667
777
38.1
777
38.1333
777
38.1667
777
38.2
777
38.2333
777
38.2667
777
38.3
777
38.3333
777
38.3667
779
38.4
779
38.4333
779
38.4667
779
38.5
779
38.5333
779
38.5667
781
38.6
782
38.6333
782
38.6667
782
38.7
783
38.7333
783
38.7667
784
38.8
784
38.8333
785
38.8667
785
38.9
785
38.9333
785
38.9667
786
39
786
39.0333
786
39.0667
786
39.1
786
39.1333
786
39.1667
786
39.2
786
39.2333
786
39.2667
786
39.3
786
39.3333
786
39.3667
786
39.4
786
39.4333
786
39.4667
786
39.5
786
39.5333
786
39.5667
786
39.6
786
39.6333
787
39.6667
787
39.7
787
39.7333
787
39.7667
788
39.8
788
39.8333
789
39.8667
789
39.9
789
39.9333
789
39.9667
789
40
789
40.0333
789
40.0667
789
40.1
789
40.1333
789
40.1667
790
40.2
790
40.2333
790
40.2667
790
40.3
790
40.3333
790
40.3667
790
40.4
790
40.4333
790
40.4667
790
40.5
790
40.5333
790
40.5667
791
40.6
791
40.6333
791
40.6667
791
40.7
791
40.7333
791
40.7667
791
40.8
791
40.8333
792
40.8667
792
40.9
792
40.9333
794
40.9667
794
41
794
41.0333
794
41.0667
794
41.1
794
41.1333
794
41.1667
794
41.2
794
41.2333
794
41.2667
794
41.3
794
41.3333
794
41.3667
794
41.4
794
41.4333
794
41.4667
794
41.5
794
41.5333
794
41.5667
794
41.6
794
41.6333
794
41.6667
794
41.7
794
41.7333
794
41.7667
794
41.8
794
41.8333
795
41.8667
795
41.9
795
41.9333
795
41.9667
795
42
796
42.0333
796
42.0667
796
42.1
796
42.1333
796
42.1667
796
42.2
796
42.2333
796
42.2667
796
42.3
796
42.3333
796
42.3667
796
42.4
796
42.4333
796
42.4667
796
42.5
796
42.5333
796
42.5667
796
42.6
796
42.6333
797
42.6667
797
42.7
798
42.7333
798
42.7667
799
42.8
799
42.8333
799
42.8667
799
42.9
799
42.9333
799
42.9667
799
43
799
43.0333
799
43.0667
799
43.1
800
43.1333
800
43.1667
800
43.2
800
43.2333
801
43.2667
801
43.3
801
43.3333
801
43.3667
801
43.4
801
43.4333
801
43.4667
801
43.5
801
43.5333
801
43.5667
801
43.6
801
43.6333
801
43.6667
802
43.7
802
43.7333
803
43.7667
803
43.8
803
43.8333
803
43.8667
803
43.9
803
43.9333
803
43.9667
803
44
803
44.0333
803
44.0667
803
44.1
803
44.1333
803
44.1667
804
44.2
804
44.2333
804
44.2667
804
44.3
804
44.3333
804
44.3667
804
44.4
804
44.4333
804
44.4667
804
44.5
804
44.5333
804
44.5667
804
44.6
804
44.6333
804
44.6667
804
44.7
804
44.7333
804
44.7667
804
44.8
805
44.8333
806
44.8667
806
44.9
806
44.9333
806
44.9667
806
45
806
45.0333
806
45.0667
806
45.1
806
45.1333
807
45.1667
807
45.2
807
45.2333
807
45.2667
808
45.3
808
45.3333
809
45.3667
809
45.4
811
45.4333
812
45.4667
813
45.5
813
45.5333
813
45.5667
813
45.6
813
45.6333
813
45.6667
814
45.7
814
45.7333
814
45.7667
815
45.8
815
45.8333
816
45.8667
816
45.9
816
45.9333
816
45.9667
817
46
817
46.0333
817
46.0667
817
46.1
817
46.1333
817
46.1667
817
46.2
818
46.2333
818
46.2667
818
46.3
818
46.3333
818
46.3667
818
46.4
818
46.4333
818
46.4667
818
46.5
818
46.5333
819
46.5667
820
46.6
820
46.6333
820
46.6667
820
46.7
820
46.7333
820
46.7667
820
46.8
822
46.8333
823
46.8667
823
46.9
823
46.9333
823
46.9667
824
47
824
47.0333
824
47.0667
825
47.1
825
47.1333
825
47.1667
825
47.2
825
47.2333
825
47.2667
825
47.3
825
47.3333
825
47.3667
825
47.4
826
47.4333
826
47.4667
826
47.5
826
47.5333
827
47.5667
827
47.6
827
47.6333
827
47.6667
827
47.7
827
47.7333
827
47.7667
827
47.8
828
47.8333
829
47.8667
830
47.9
830
47.9333
830
47.9667
830
48
830
48.0333
830
48.0667
830
48.1
830
48.1333
830
48.1667
830
48.2
831
48.2333
831
48.2667
832
48.3
833
48.3333
834
48.3667
834
48.4
834
48.4333
834
48.4667
834
48.5
834
48.5333
834
48.5667
834
48.6
834
48.6333
834
48.6667
834
48.7
834
48.7333
834
48.7667
834
48.8
834
48.8333
834
48.8667
835
48.9
835
48.9333
835
48.9667
835
49
835
49.0333
835
49.0667
835
49.1
835
49.1333
836
49.1667
836
49.2
836
49.2333
836
49.2667
836
49.3
836
49.3333
838
49.3667
838
49.4
838
49.4333
838
49.4667
838
49.5
838
49.5333
838
49.5667
838
49.6
839
49.6333
839
49.6667
839
49.7
839
49.7333
839
49.7667
839
49.8
839
49.8333
839
49.8667
839
49.9
839
49.9333
839
49.9667
839
50
839
50.0333
839
50.0667
839
50.1
839
50.1333
839
50.1667
839
50.2
839
50.2333
839
50.2667
839
50.3
839
50.3333
840
50.3667
840
50.4
840
50.4333
840
50.4667
840
50.5
840
50.5333
840
50.5667
840
50.6
841
50.6333
841
50.6667
841
50.7
841
50.7333
841
50.7667
841
50.8
841
50.8333
841
50.8667
841
50.9
841
50.9333
841
50.9667
841
51
841
51.0333
841
51.0667
841
51.1
841
51.1333
842
51.1667
842
51.2
843
51.2333
843
51.2667
843
51.3
843
51.3333
844
51.3667
844
51.4
844
51.4333
844
51.4667
844
51.5
844
51.5333
844
51.5667
844
51.6
844
51.6333
844
51.6667
844
51.7
845
51.7333
845
51.7667
845
51.8
845
51.8333
845
51.8667
845
51.9
845
51.9333
845
51.9667
845
52
846
52.0333
846
52.0667
846
52.1
846
52.1333
847
52.1667
847
52.2
847
52.2333
847
52.2667
847
52.3
848
52.3333
848
52.3667
848
52.4
848
52.4333
848
52.4667
848
52.5
849
52.5333
849
52.5667
849
52.6
849
52.6333
849
52.6667
849
52.7
849
52.7333
849
52.7667
849
52.8
849
52.8333
849
52.8667
849
52.9
849
52.9333
849
52.9667
850
53
851
53.0333
852
53.0667
853
53.1
853
53.1333
853
53.1667
853
53.2
853
53.2333
853
53.2667
853
53.3
853
53.3333
853
