0
1
0.0333333
1
0.0666667
1
0.1
1
0.133333
1
0.166667
1
0.2
1
0.233333
1
0.266667
1
0.3
1
0.333333
1
0.366667
1
0.4
1
0.433333
1
0.466667
1
0.5
1
0.533333
1
0.566667
1
0.6
1
0.633333
1
0.666667
1
0.7
1
0.733333
1
0.766667
1
0.8
1
0.833333
1
0.866667
1
0.9
1
0.933333
1
0.966667
1
1
1
1.03333
1
1.06667
1
1.1
1
1.13333
1
1.16667
1
1.2
1
1.23333
1
1.26667
1
1.3
1
1.33333
1
1.36667
1
1.4
1
1.43333
1
1.46667
1
1.5
1
1.53333
1
1.56667
1
1.6
1
1.63333
1
1.66667
1
1.7
1
1.73333
1
1.76667
1
1.8
1
1.83333
1
1.86667
1
1.9
1
1.93333
1
1.96667
1
2
1
2.03333
1
2.06667
1
2.1
1
2.13333
1
2.16667
1
2.2
1
2.23333
1
2.26667
1
2.3
1
2.33333
1
2.36667
1
2.4
1
2.43333
1
2.46667
1
2.5
1
2.53333
1
2.56667
1
2.6
1
2.63333
1
2.66667
1
2.7
1
2.73333
1
2.76667
1
2.8
1
2.83333
1
2.86667
1
2.9
1
2.93333
1
2.96667
1
3
1
3.03333
1
3.06667
1
3.1
1
3.13333
1
3.16667
1
3.2
1
3.23333
1
3.26667
1
3.3
1
3.33333
1
3.36667
1
3.4
1
3.43333
1
3.46667
1
3.5
1
3.53333
1
3.56667
1
3.6
1
3.63333
1
3.66667
1
3.7
1
3.73333
1
3.76667
1
3.8
1
3.83333
1
3.86667
1
3.9
1
3.93333
1
3.96667
1
4
1
4.03333
1
4.06667
1
4.1
1
4.13333
1
4.16667
1
4.2
1
4.23333
1
4.26667
1
4.3
1
4.33333
1
4.36667
1
4.4
1
4.43333
1
4.46667
1
4.5
1
4.53333
1
4.56667
1
4.6
1
4.63333
1
4.66667
1
4.7
2
4.73333
2
4.76667
2
4.8
2
4.83333
2
4.86667
2
4.9
2
4.93333
2
4.96667
2
5
2
5.03333
2
5.06667
2
5.1
2
5.13333
2
5.16667
2
5.2
2
5.23333
2
5.26667
2
5.3
2
5.33333
2
5.36667
2
5.4
2
5.43333
2
5.46667
2
5.5
2
5.53333
3
5.56667
3
5.6
3
5.63333
3
5.66667
3
5.7
3
5.73333
3
5.76667
3
5.8
3
5.83333
4
5.86667
5
5.9
5
5.93333
6
5.96667
7
6
7
6.03333
7
6.06667
7
6.1
10
6.13333
10
6.16667
11
6.2
11
6.23333
11
6.26667
11
6.3
11
6.33333
11
6.36667
11
6.4
11
6.43333
11
6.46667
11
6.5
11
6.53333
11
6.56667
11
6.6
11
6.63333
11
6.66667
11
6.7
11
6.73333
12
6.76667
12
6.8
12
6.83333
12
6.86667
13
6.9
14
6.93333
14
6.96667
14
7
15
7.03333
15
7.06667
15
7.1
15
7.13333
15
7.16667
15
7.2
15
7.23333
16
7.26667
16
7.3
16
7.33333
16
7.36667
16
7.4
17
7.43333
18
7.46667
18
7.5
19
7.53333
19
7.56667
19
7.6
19
7.63333
19
7.66667
19
7.7
19
7.73333
19
7.76667
20
7.8
20
7.83333
20
7.86667
20
7.9
20
7.93333
20
7.96667
21
8
22
8.03333
22
8.06667
22
8.1
23
8.13333
23
8.16667
24
8.2
24
8.23333
25
8.26667
25
8.3
27
8.33333
27
8.36667
29
8.4
29
8.43333
29
8.46667
29
8.5
31
8.53333
32
8.56667
32
8.6
32
8.63333
32
8.66667
32
8.7
33
8.73333
34
8.76667
34
8.8
34
8.83333
35
8.86667
36
8.9
36
8.93333
36
8.96667
36
9
36
9.03333
36
9.06667
36
9.1
37
9.13333
37
9.16667
38
9.2
41
9.23333
41
9.26667
41
9.3
41
9.33333
41
9.36667
43
9.4
45
9.43333
46
9.46667
46
9.5
46
9.53333
46
9.56667
46
9.6
46
9.63333
47
9.66667
47
9.7
48
9.73333
48
9.76667
49
9.8
49
9.83333
49
9.86667
49
9.9
50
9.93333
51
9.96667
51
10
52
10.0333
53
10.0667
54
10.1
54
10.1333
54
10.1667
54
10.2
55
10.2333
55
10.2667
55
10.3
55
10.3333
59
10.3667
60
10.4
61
10.4333
61
10.4667
63
10.5
63
10.5333
63
10.5667
64
10.6
65
10.6333
65
10.6667
66
10.7
69
10.7333
70
10.7667
70
10.8
70
10.8333
70
10.8667
72
10.9
75
10.9333
76
10.9667
76
11
77
11.0333
77
11.0667
78
11.1
78
11.1333
78
11.1667
79
11.2
80
11.2333
81
11.2667
81
11.3
82
11.3333
83
11.3667
83
11.4
83
11.4333
83
11.4667
83
11.5
83
11.5333
84
11.5667
84
11.6
84
11.6333
85
11.6667
86
11.7
87
11.7333
87
11.7667
88
11.8
88
11.8333
88
11.8667
89
11.9
89
11.9333
89
11.9667
89
12
90
12.0333
90
12.0667
91
12.1
91
12.1333
92
12.1667
92
12.2
92
12.2333
92
12.2667
92
12.3
92
12.3333
93
12.3667
94
12.4
94
12.4333
94
12.4667
97
12.5
98
12.5333
100
12.5667
100
12.6
100
12.6333
101
12.6667
101
12.7
102
12.7333
102
12.7667
102
12.8
102
12.8333
102
12.8667
103
12.9
104
12.9333
104
12.9667
104
13
104
13.0333
104
13.0667
104
13.1
105
13.1333
105
13.1667
105
13.2
105
13.2333
106
13.2667
106
13.3
106
13.3333
107
13.3667
107
13.4
107
13.4333
107
13.4667
107
13.5
108
13.5333
108
13.5667
108
13.6
109
13.6333
110
13.6667
110
13.7
110
13.7333
111
13.7667
111
13.8
111
13.8333
113
13.8667
113
13.9
113
13.9333
113
13.9667
113
14
113
14.0333
113
14.0667
113
14.1
113
14.1333
114
14.1667
114
14.2
116
14.2333
116
14.2667
116
14.3
116
14.3333
117
14.3667
117
14.4
118
14.4333
118
14.4667
118
14.5
118
14.5333
118
14.5667
118
14.6
118
14.6333
118
14.6667
118
14.7
118
14.7333
118
14.7667
118
14.8
118
14.8333
118
14.8667
118
14.9
119
14.9333
120
14.9667
120
15
120
15.0333
120
15.0667
120
15.1
120
15.1333
121
15.1667
122
15.2
122
15.2333
123
15.2667
123
15.3
123
15.3333
123
15.3667
124
15.4
124
15.4333
125
15.4667
126
15.5
126
15.5333
127
15.5667
127
15.6
127
15.6333
127
15.6667
127
15.7
128
15.7333
130
15.7667
132
15.8
132
15.8333
132
15.8667
132
15.9
133
15.9333
133
15.9667
133
16
133
16.0333
133
16.0667
133
16.1
133
16.1333
133
16.1667
133
16.2
133
16.2333
133
16.2667
135
16.3
135
16.3333
135
16.3667
135
16.4
135
16.4333
135
16.4667
135
16.5
135
16.5333
135
16.5667
135
16.6
135
16.6333
135
16.6667
135
16.7
136
16.7333
136
16.7667
136
16.8
137
16.8333
138
16.8667
138
16.9
138
16.9333
138
16.9667
138
17
140
17.0333
141
17.0667
143
17.1
144
17.1333
144
17.1667
145
17.2
145
17.2333
146
17.2667
149
17.3
150
17.3333
151
17.3667
151
17.4
151
17.4333
151
17.4667
151
17.5
151
17.5333
151
17.5667
153
17.6
153
17.6333
153
17.6667
153
17.7
153
17.7333
153
17.7667
153
17.8
153
17.8333
154
17.8667
154
17.9
156
17.9333
156
17.9667
156
18
157
18.0333
157
18.0667
157
18.1
157
18.1333
157
18.1667
157
18.2
157
18.2333
158
18.2667
158
18.3
158
18.3333
159
18.3667
159
18.4
160
18.4333
161
18.4667
163
18.5
163
18.5333
164
18.5667
164
18.6
166
18.6333
166
18.6667
167
18.7
167
18.7333
167
18.7667
167
18.8
167
18.8333
168
18.8667
168
18.9
168
18.9333
168
18.9667
168
19
168
19.0333
169
19.0667
170
19.1
171
19.1333
171
19.1667
171
19.2
171
19.2333
171
19.2667
171
19.3
171
19.3333
172
19.3667
173
19.4
173
19.4333
173
19.4667
173
19.5
173
19.5333
173
19.5667
174
19.6
174
19.6333
174
19.6667
174
19.7
174
19.7333
175
19.7667
176
19.8
177
19.8333
177
19.8667
177
19.9
177
19.9333
177
19.9667
177
20
177
20.0333
177
20.0667
177
20.1
178
20.1333
178
20.1667
178
20.2
178
20.2333
178
20.2667
179
20.3
179
20.3333
179
20.3667
179
20.4
179
20.4333
179
20.4667
179
20.5
179
20.5333
179
20.5667
179
20.6
179
20.6333
179
20.6667
180
20.7
180
20.7333
180
20.7667
180
20.8
180
20.8333
180
20.8667
180
20.9
180
20.9333
180
20.9667
180
21
180
21.0333
180
21.0667
180
21.1
180
21.1333
180
21.1667
180
21.2
180
21.2333
180
21.2667
180
21.3
180
21.3333
180
21.3667
180
21.4
180
21.4333
180
21.4667
180
21.5
181
21.5333
181
21.5667
181
21.6
182
21.6333
182
21.6667
182
21.7
182
21.7333
182
21.7667
182
21.8
182
21.8333
183
21.8667
183
21.9
183
21.9333
183
21.9667
183
22
183
22.0333
183
22.0667
183
22.1
183
22.1333
183
22.1667
183
22.2
183
22.2333
183
22.2667
183
22.3
183
22.3333
183
22.3667
183
22.4
183
22.4333
183
22.4667
183
22.5
184
22.5333
184
22.5667
184
22.6
184
22.6333
184
22.6667
184
22.7
184
22.7333
184
22.7667
184
22.8
184
22.8333
185
22.8667
185
22.9
185
22.9333
185
22.9667
185
23
185
23.0333
185
23.0667
185
23.1
185
23.1333
185
23.1667
185
23.2
185
23.2333
186
23.2667
186
23.3
186
23.3333
186
23.3667
186
23.4
186
23.4333
187
23.4667
187
23.5
187
23.5333
187
23.5667
187
23.6
187
23.6333
187
23.6667
187
23.7
187
23.7333
187
23.7667
187
23.8
188
23.8333
188
23.8667
188
23.9
188
23.9333
188
23.9667
188
24
188
24.0333
188
24.0667
188
24.1
188
24.1333
188
24.1667
188
24.2
189
24.2333
189
24.2667
189
24.3
189
24.3333
189
24.3667
189
24.4
189
24.4333
189
24.4667
189
24.5
189
24.5333
189
24.5667
189
24.6
189
24.6333
189
24.6667
189
24.7
189
24.7333
189
24.7667
189
24.8
189
24.8333
189
24.8667
189
24.9
189
24.9333
189
24.9667
189
25
190
25.0333
190
25.0667
190
25.1
190
25.1333
190
25.1667
190
25.2
190
25.2333
190
25.2667
190
25.3
190
25.3333
190
25.3667
190
25.4
190
25.4333
190
25.4667
190
25.5
190
25.5333
190
25.5667
190
25.6
190
25.6333
190
25.6667
190
25.7
191
25.7333
191
25.7667
191
25.8
191
25.8333
191
25.8667
191
25.9
191
25.9333
191
25.9667
192
26
192
26.0333
192
26.0667
192
26.1
192
26.1333
192
26.1667
192
26.2
192
26.2333
192
26.2667
192
26.3
192
26.3333
192
26.3667
192
26.4
192
26.4333
192
26.4667
192
26.5
192
26.5333
192
26.5667
192
26.6
192
26.6333
192
26.6667
192
26.7
192
26.7333
193
26.7667
193
26.8
193
26.8333
193
26.8667
193
26.9
193
26.9333
193
26.9667
193
27
193
27.0333
193
27.0667
193
27.1
193
27.1333
193
27.1667
193
27.2
194
27.2333
194
27.2667
194
27.3
194
27.3333
194
27.3667
194
27.4
194
27.4333
194
27.4667
194
27.5
194
27.5333
194
27.5667
194
27.6
194
27.6333
194
27.6667
194
27.7
194
27.7333
194
27.7667
194
27.8
194
27.8333
194
27.8667
194
27.9
194
27.9333
194
27.9667
194
28
194
28.0333
194
28.0667
194
28.1
194
28.1333
194
28.1667
194
28.2
194
28.2333
194
28.2667
194
28.3
194
28.3333
194
28.3667
194
28.4
194
28.4333
194
28.4667
194
28.5
194
28.5333
194
28.5667
194
28.6
194
28.6333
194
28.6667
194
28.7
194
28.7333
194
28.7667
194
28.8
194
28.8333
194
28.8667
194
28.9
194
28.9333
194
28.9667
194
29
194
29.0333
194
29.0667
194
29.1
194
29.1333
194
29.1667
194
29.2
194
29.2333
194
29.2667
194
29.3
194
29.3333
194
29.3667
194
29.4
194
29.4333
194
29.4667
194
29.5
194
29.5333
194
29.5667
194
29.6
194
29.6333
194
29.6667
194
29.7
194
29.7333
194
29.7667
194
29.8
194
29.8333
194
29.8667
194
29.9
194
29.9333
194
29.9667
194
30
194
30.0333
194
30.0667
194
30.1
194
30.1333
194
30.1667
194
30.2
194
30.2333
194
30.2667
194
30.3
194
30.3333
194
30.3667
195
30.4
195
30.4333
195
30.4667
195
30.5
195
30.5333
195
30.5667
195
30.6
195
30.6333
195
30.6667
195
30.7
195
30.7333
196
30.7667
196
30.8
196
30.8333
196
30.8667
196
30.9
196
30.9333
196
30.9667
196
31
196
31.0333
197
31.0667
197
31.1
197
31.1333
197
31.1667
197
31.2
198
31.2333
198
31.2667
198
31.3
198
31.3333
198
31.3667
198
31.4
198
31.4333
198
31.4667
198
31.5
198
31.5333
198
31.5667
198
31.6
198
31.6333
198
31.6667
198
31.7
198
31.7333
198
31.7667
198
31.8
198
31.8333
198
31.8667
198
31.9
198
31.9333
198
31.9667
198
32
198
32.0333
198
32.0667
198
32.1
198
32.1333
198
32.1667
198
32.2
198
32.2333
198
32.2667
198
32.3
198
32.3333
198
32.3667
198
32.4
198
32.4333
198
32.4667
198
32.5
198
32.5333
198
32.5667
199
32.6
199
32.6333
199
32.6667
199
32.7
199
32.7333
199
32.7667
199
32.8
199
32.8333
199
32.8667
199
32.9
199
32.9333
199
32.9667
199
33
199
33.0333
199
33.0667
199
33.1
199
33.1333
199
33.1667
199
33.2
199
33.2333
199
33.2667
199
33.3
199
33.3333
199
33.3667
199
33.4
199
33.4333
199
33.4667
199
33.5
199
33.5333
199
33.5667
199
33.6
199
33.6333
199
33.6667
199
33.7
199
33.7333
199
33.7667
199
33.8
199
33.8333
199
33.8667
200
33.9
200
33.9333
200
33.9667
200
34
201
34.0333
201
34.0667
201
34.1
201
34.1333
201
34.1667
201
34.2
201
34.2333
201
34.2667
201
34.3
201
34.3333
201
34.3667
201
34.4
201
34.4333
201
34.4667
201
34.5
201
34.5333
201
34.5667
201
34.6
202
34.6333
202
34.6667
203
34.7
203
34.7333
203
34.7667
204
34.8
204
34.8333
204
34.8667
204
34.9
204
34.9333
204
34.9667
204
35
204
35.0333
204
35.0667
204
35.1
204
35.1333
204
35.1667
204
35.2
204
35.2333
204
35.2667
204
35.3
204
35.3333
204
35.3667
204
35.4
204
35.4333
204
35.4667
204
35.5
204
35.5333
204
35.5667
204
35.6
204
35.6333
204
35.6667
204
35.7
204
35.7333
204
35.7667
204
35.8
204
35.8333
204
35.8667
204
35.9
205
35.9333
206
35.9667
206
36
206
36.0333
207
36.0667
208
36.1
208
36.1333
208
36.1667
208
36.2
208
36.2333
208
36.2667
208
36.3
208
36.3333
208
36.3667
208
36.4
208
36.4333
208
36.4667
208
36.5
208
36.5333
208
36.5667
208
36.6
208
36.6333
208
36.6667
208
36.7
208
36.7333
208
36.7667
208
36.8
208
36.8333
208
36.8667
208
36.9
208
36.9333
208
36.9667
208
37
208
37.0333
208
37.0667
208
37.1
208
37.1333
208
37.1667
208
37.2
208
37.2333
208
37.2667
208
37.3
208
37.3333
208
37.3667
208
37.4
208
37.4333
208
37.4667
208
37.5
208
37.5333
208
37.5667
208
37.6
208
37.6333
208
37.6667
208
37.7
208
37.7333
208
37.7667
208
37.8
208
37.8333
208
37.8667
208
37.9
208
37.9333
209
37.9667
209
38
209
38.0333
210
38.0667
210
38.1
210
38.1333
210
38.1667
210
38.2
210
38.2333
210
38.2667
210
38.3
210
38.3333
210
38.3667
210
38.4
211
38.4333
211
38.4667
211
38.5
211
38.5333
211
38.5667
211
38.6
211
38.6333
211
38.6667
211
38.7
211
38.7333
211
38.7667
211
38.8
211
38.8333
211
38.8667
211
38.9
212
38.9333
212
38.9667
212
39
212
39.0333
212
39.0667
213
39.1
213
39.1333
213
39.1667
213
39.2
213
39.2333
213
39.2667
213
39.3
213
39.3333
213
39.3667
213
39.4
213
39.4333
213
39.4667
213
39.5
213
39.5333
213
39.5667
213
39.6
213
39.6333
213
39.6667
213
39.7
213
39.7333
213
39.7667
213
39.8
213
39.8333
213
39.8667
213
39.9
213
39.9333
213
39.9667
213
40
213
40.0333
213
40.0667
213
40.1
213
40.1333
213
40.1667
213
40.2
213
40.2333
213
40.2667
213
40.3
213
40.3333
213
40.3667
213
40.4
213
40.4333
213
40.4667
213
40.5
213
40.5333
213
40.5667
213
40.6
213
40.6333
213
40.6667
213
40.7
213
40.7333
213
40.7667
213
40.8
213
40.8333
213
40.8667
213
40.9
213
40.9333
213
40.9667
213
41
213
41.0333
213
41.0667
213
41.1
213
41.1333
214
41.1667
214
41.2
214
41.2333
214
41.2667
214
41.3
214
41.3333
215
41.3667
215
41.4
215
41.4333
215
41.4667
215
41.5
215
41.5333
215
41.5667
215
41.6
215
41.6333
215
41.6667
215
41.7
215
41.7333
215
41.7667
215
41.8
215
41.8333
215
41.8667
215
41.9
215
41.9333
215
41.9667
215
42
215
42.0333
215
42.0667
215
42.1
215
42.1333
215
42.1667
215
42.2
215
42.2333
215
42.2667
215
42.3
215
42.3333
215
42.3667
215
42.4
215
42.4333
215
42.4667
215
42.5
215
42.5333
215
42.5667
215
42.6
215
42.6333
215
42.6667
215
42.7
215
42.7333
215
42.7667
215
42.8
215
42.8333
215
42.8667
216
42.9
216
42.9333
216
42.9667
216
43
216
43.0333
216
43.0667
216
43.1
216
43.1333
216
43.1667
216
43.2
216
43.2333
216
43.2667
216
43.3
216
43.3333
216
43.3667
216
43.4
216
43.4333
216
43.4667
216
43.5
216
43.5333
216
43.5667
216
43.6
216
43.6333
216
43.6667
216
43.7
216
43.7333
216
43.7667
216
43.8
216
43.8333
216
43.8667
216
43.9
216
43.9333
216
43.9667
216
44
216
44.0333
216
44.0667
216
44.1
216
44.1333
216
44.1667
216
44.2
216
44.2333
216
44.2667
216
44.3
216
44.3333
216
44.3667
216
44.4
216
44.4333
216
44.4667
216
44.5
216
44.5333
217
44.5667
217
44.6
217
44.6333
217
44.6667
218
44.7
218
44.7333
218
44.7667
218
44.8
219
44.8333
219
44.8667
219
44.9
219
44.9333
219
44.9667
219
45
219
45.0333
219
45.0667
219
45.1
219
45.1333
219
45.1667
219
45.2
219
45.2333
219
45.2667
219
45.3
219
45.3333
219
45.3667
219
45.4
219
45.4333
219
45.4667
219
45.5
219
45.5333
219
45.5667
219
45.6
219
45.6333
219
45.6667
219
45.7
219
45.7333
219
45.7667
219
45.8
219
45.8333
219
45.8667
219
45.9
219
45.9333
219
45.9667
219
46
219
46.0333
219
46.0667
219
46.1
219
46.1333
219
46.1667
219
46.2
219
46.2333
220
46.2667
220
46.3
220
46.3333
220
46.3667
220
46.4
220
46.4333
220
46.4667
220
46.5
220
46.5333
220
46.5667
220
46.6
220
46.6333
220
46.6667
220
46.7
220
46.7333
220
46.7667
220
46.8
220
46.8333
220
46.8667
220
46.9
220
46.9333
220
46.9667
220
47
220
47.0333
220
47.0667
220
47.1
220
47.1333
220
47.1667
220
47.2
220
47.2333
220
47.2667
220
47.3
220
47.3333
220
47.3667
220
47.4
220
47.4333
220
47.4667
220
47.5
220
47.5333
220
47.5667
220
47.6
220
47.6333
220
47.6667
220
47.7
220
47.7333
220
47.7667
220
47.8
220
47.8333
220
47.8667
220
47.9
220
47.9333
220
47.9667
220
48
220
48.0333
220
48.0667
220
48.1
220
48.1333
220
48.1667
220
48.2
220
48.2333
220
48.2667
220
48.3
220
48.3333
220
48.3667
220
48.4
220
48.4333
220
48.4667
220
48.5
220
48.5333
220
48.5667
220
48.6
220
48.6333
220
48.6667
220
48.7
220
48.7333
220
48.7667
220
48.8
220
48.8333
220
48.8667
220
48.9
220
48.9333
220
48.9667
220
49
220
49.0333
220
49.0667
220
49.1
220
49.1333
220
49.1667
220
49.2
220
49.2333
220
49.2667
220
49.3
220
49.3333
220
49.3667
220
49.4
220
49.4333
220
49.4667
220
49.5
220
49.5333
220
49.5667
220
49.6
220
49.6333
220
49.6667
220
49.7
220
49.7333
220
49.7667
220
49.8
220
49.8333
220
49.8667
220
49.9
220
49.9333
220
49.9667
220
50
220
50.0333
220
50.0667
220
50.1
220
50.1333
220
50.1667
220
50.2
220
50.2333
220
50.2667
220
50.3
220
50.3333
220
50.3667
220
50.4
220
50.4333
220
50.4667
220
50.5
220
50.5333
220
50.5667
220
50.6
220
50.6333
220
50.6667
220
50.7
220
50.7333
220
50.7667
220
50.8
220
50.8333
220
50.8667
220
50.9
220
50.9333
220
50.9667
220
51
220
51.0333
220
51.0667
220
51.1
220
51.1333
220
51.1667
220
51.2
220
51.2333
220
51.2667
220
51.3
220
51.3333
220
51.3667
220
51.4
220
51.4333
220
51.4667
220
51.5
220
51.5333
220
51.5667
220
51.6
220
51.6333
220
51.6667
220
51.7
220
51.7333
220
51.7667
220
51.8
220
51.8333
220
51.8667
220
51.9
220
51.9333
220
51.9667
220
52
220
52.0333
220
52.0667
220
52.1
220
52.1333
220
52.1667
220
52.2
220
52.2333
220
52.2667
220
52.3
220
52.3333
220
52.3667
220
52.4
220
52.4333
220
52.4667
220
52.5
220
52.5333
220
52.5667
220
52.6
220
52.6333
220
52.6667
220
52.7
220
52.7333
220
52.7667
220
52.8
220
52.8333
220
52.8667
220
52.9
220
52.9333
220
52.9667
220
53
220
53.0333
220
53.0667
220
53.1
220
53.1333
220
53.1667
220
53.2
220
53.2333
220
53.2667
220
53.3
220
53.3333
220
