0
1
0.0333333
1
0.0666667
1
0.1
1
0.133333
1
0.166667
1
0.2
1
0.233333
1
0.266667
1
0.3
1
0.333333
1
0.366667
1
0.4
1
0.433333
1
0.466667
1
0.5
1
0.533333
1
0.566667
1
0.6
1
0.633333
1
0.666667
1
0.7
1
0.733333
1
0.766667
1
0.8
1
0.833333
1
0.866667
1
0.9
1
0.933333
1
0.966667
1
1
1
1.03333
1
1.06667
1
1.1
1
1.13333
1
1.16667
1
1.2
1
1.23333
1
1.26667
1
1.3
1
1.33333
1
1.36667
1
1.4
1
1.43333
1
1.46667
1
1.5
1
1.53333
1
1.56667
1
1.6
1
1.63333
1
1.66667
1
1.7
1
1.73333
1
1.76667
1
1.8
1
1.83333
1
1.86667
1
1.9
1
1.93333
1
1.96667
1
2
1
2.03333
1
2.06667
1
2.1
1
2.13333
1
2.16667
1
2.2
1
2.23333
1
2.26667
1
2.3
1
2.33333
1
2.36667
1
2.4
1
2.43333
1
2.46667
1
2.5
1
2.53333
1
2.56667
1
2.6
1
2.63333
1
2.66667
1
2.7
1
2.73333
1
2.76667
1
2.8
1
2.83333
1
2.86667
1
2.9
1
2.93333
1
2.96667
1
3
1
3.03333
1
3.06667
1
3.1
1
3.13333
1
3.16667
1
3.2
1
3.23333
1
3.26667
1
3.3
1
3.33333
1
3.36667
1
3.4
1
3.43333
1
3.46667
1
3.5
1
3.53333
1
3.56667
1
3.6
1
3.63333
1
3.66667
1
3.7
1
3.73333
1
3.76667
1
3.8
1
3.83333
1
3.86667
1
3.9
1
3.93333
1
3.96667
1
4
1
4.03333
1
4.06667
1
4.1
1
4.13333
1
4.16667
1
4.2
1
4.23333
1
4.26667
1
4.3
1
4.33333
1
4.36667
1
4.4
1
4.43333
1
4.46667
1
4.5
1
4.53333
1
4.56667
1
4.6
1
4.63333
1
4.66667
1
4.7
1
4.73333
1
4.76667
1
4.8
1
4.83333
1
4.86667
1
4.9
1
4.93333
1
4.96667
1
5
1
5.03333
2
5.06667
2
5.1
2
5.13333
2
5.16667
2
5.2
2
5.23333
2
5.26667
2
5.3
2
5.33333
3
5.36667
4
5.4
4
5.43333
4
5.46667
5
5.5
5
5.53333
5
5.56667
5
5.6
5
5.63333
5
5.66667
6
5.7
6
5.73333
6
5.76667
6
5.8
6
5.83333
7
5.86667
11
5.9
11
5.93333
12
5.96667
13
6
13
6.03333
15
6.06667
15
6.1
17
6.13333
17
6.16667
17
6.2
17
6.23333
17
6.26667
17
6.3
17
6.33333
18
6.36667
20
6.4
20
6.43333
20
6.46667
20
6.5
20
6.53333
20
6.56667
20
6.6
20
6.63333
20
6.66667
20
6.7
20
6.73333
20
6.76667
20
6.8
20
6.83333
20
6.86667
21
6.9
21
6.93333
21
6.96667
21
7
21
7.03333
21
7.06667
22
7.1
22
7.13333
22
7.16667
22
7.2
23
7.23333
26
7.26667
26
7.3
27
7.33333
27
7.36667
27
7.4
27
7.43333
28
7.46667
28
7.5
28
7.53333
29
7.56667
29
7.6
30
7.63333
31
7.66667
31
7.7
32
7.73333
33
7.76667
33
7.8
33
7.83333
33
7.86667
33
7.9
34
7.93333
34
7.96667
34
8
34
8.03333
34
8.06667
34
8.1
34
8.13333
36
8.16667
36
8.2
36
8.23333
36
8.26667
37
8.3
37
8.33333
37
8.36667
37
8.4
40
8.43333
41
8.46667
41
8.5
42
8.53333
42
8.56667
42
8.6
44
8.63333
44
8.66667
44
8.7
45
8.73333
45
8.76667
45
8.8
45
8.83333
45
8.86667
46
8.9
47
8.93333
48
8.96667
48
9
48
9.03333
49
9.06667
50
9.1
50
9.13333
52
9.16667
54
9.2
54
9.23333
55
9.26667
56
9.3
58
9.33333
58
9.36667
60
9.4
60
9.43333
61
9.46667
61
9.5
61
9.53333
61
9.56667
61
9.6
61
9.63333
62
9.66667
62
9.7
63
9.73333
64
9.76667
64
9.8
64
9.83333
64
9.86667
65
9.9
65
9.93333
65
9.96667
68
10
68
10.0333
68
10.0667
68
10.1
68
10.1333
69
10.1667
71
10.2
71
10.2333
71
10.2667
71
10.3
71
10.3333
71
10.3667
71
10.4
71
10.4333
74
10.4667
75
10.5
76
10.5333
76
10.5667
76
10.6
78
10.6333
78
10.6667
79
10.7
79
10.7333
79
10.7667
80
10.8
80
10.8333
82
10.8667
83
10.9
83
10.9333
84
10.9667
84
11
84
11.0333
85
11.0667
85
11.1
86
11.1333
88
11.1667
89
11.2
89
11.2333
90
11.2667
90
11.3
90
11.3333
93
11.3667
95
11.4
95
11.4333
96
11.4667
96
11.5
97
11.5333
99
11.5667
99
11.6
99
11.6333
101
11.6667
101
11.7
105
11.7333
106
11.7667
106
11.8
107
11.8333
108
11.8667
108
11.9
108
11.9333
109
11.9667
109
12
109
12.0333
109
12.0667
109
12.1
110
12.1333
110
12.1667
110
12.2
112
12.2333
112
12.2667
112
12.3
112
12.3333
112
12.3667
112
12.4
113
12.4333
114
12.4667
114
12.5
115
12.5333
116
12.5667
116
12.6
118
12.6333
119
12.6667
119
12.7
119
12.7333
119
12.7667
119
12.8
120
12.8333
120
12.8667
120
12.9
120
12.9333
120
12.9667
120
13
120
13.0333
120
13.0667
120
13.1
120
13.1333
120
13.1667
120
13.2
121
13.2333
121
13.2667
122
13.3
122
13.3333
122
13.3667
123
13.4
124
13.4333
124
13.4667
125
13.5
125
13.5333
126
13.5667
126
13.6
126
13.6333
127
13.6667
129
13.7
129
13.7333
129
13.7667
129
13.8
130
13.8333
130
13.8667
130
13.9
130
13.9333
130
13.9667
130
14
131
14.0333
131
14.0667
131
14.1
131
14.1333
132
14.1667
134
14.2
135
14.2333
135
14.2667
135
14.3
135
14.3333
137
14.3667
138
14.4
138
14.4333
138
14.4667
139
14.5
139
14.5333
140
14.5667
141
14.6
141
14.6333
142
14.6667
143
14.7
143
14.7333
143
14.7667
143
14.8
143
14.8333
143
14.8667
144
14.9
144
14.9333
144
14.9667
144
15
144
15.0333
145
15.0667
145
15.1
146
15.1333
146
15.1667
147
15.2
147
15.2333
147
15.2667
147
15.3
147
15.3333
147
15.3667
147
15.4
147
15.4333
147
15.4667
148
15.5
149
15.5333
150
15.5667
150
15.6
151
15.6333
151
15.6667
151
15.7
151
15.7333
151
15.7667
151
15.8
151
15.8333
151
15.8667
151
15.9
151
15.9333
151
15.9667
151
16
151
16.0333
151
16.0667
151
16.1
151
16.1333
151
16.1667
151
16.2
151
16.2333
151
16.2667
151
16.3
151
16.3333
151
16.3667
151
16.4
151
16.4333
151
16.4667
151
16.5
151
16.5333
152
16.5667
152
16.6
152
16.6333
152
16.6667
152
16.7
152
16.7333
152
16.7667
152
16.8
152
16.8333
152
16.8667
153
16.9
153
16.9333
153
16.9667
153
17
153
17.0333
154
17.0667
154
17.1
154
17.1333
154
17.1667
154
17.2
154
17.2333
154
17.2667
154
17.3
154
17.3333
155
17.3667
155
17.4
155
17.4333
155
17.4667
156
17.5
156
17.5333
156
17.5667
156
17.6
156
17.6333
156
17.6667
156
17.7
156
17.7333
156
17.7667
156
17.8
156
17.8333
156
17.8667
157
17.9
157
17.9333
157
17.9667
157
18
157
18.0333
157
18.0667
157
18.1
157
18.1333
157
18.1667
157
18.2
157
18.2333
158
18.2667
159
18.3
159
18.3333
159
18.3667
160
18.4
160
18.4333
160
18.4667
160
18.5
160
18.5333
160
18.5667
160
18.6
160
18.6333
160
18.6667
160
18.7
160
18.7333
160
18.7667
160
18.8
161
18.8333
162
18.8667
164
18.9
164
18.9333
165
18.9667
165
19
165
19.0333
165
19.0667
165
19.1
166
19.1333
166
19.1667
166
19.2
166
19.2333
166
19.2667
166
19.3
166
19.3333
166
19.3667
166
19.4
166
19.4333
167
19.4667
167
19.5
167
19.5333
167
19.5667
167
19.6
167
19.6333
167
19.6667
167
19.7
168
19.7333
168
19.7667
168
19.8
168
19.8333
168
19.8667
168
19.9
169
19.9333
169
19.9667
169
20
169
20.0333
170
20.0667
170
20.1
170
20.1333
170
20.1667
170
20.2
171
20.2333
171
20.2667
171
20.3
172
20.3333
172
20.3667
172
20.4
174
20.4333
174
20.4667
174
20.5
175
20.5333
175
20.5667
176
20.6
177
20.6333
177
20.6667
177
20.7
177
20.7333
179
20.7667
180
20.8
181
20.8333
182
20.8667
182
20.9
182
20.9333
182
20.9667
182
21
182
21.0333
182
21.0667
182
21.1
182
21.1333
182
21.1667
185
21.2
185
21.2333
185
21.2667
185
21.3
185
21.3333
185
21.3667
185
21.4
186
21.4333
186
21.4667
186
21.5
187
21.5333
187
21.5667
187
21.6
187
21.6333
187
21.6667
188
21.7
188
21.7333
188
21.7667
188
21.8
189
21.8333
190
21.8667
190
21.9
190
21.9333
192
21.9667
193
22
193
22.0333
193
22.0667
193
22.1
194
22.1333
194
22.1667
194
22.2
194
22.2333
194
22.2667
194
22.3
194
22.3333
194
22.3667
194
22.4
194
22.4333
194
22.4667
194
22.5
194
22.5333
194
22.5667
194
22.6
194
22.6333
194
22.6667
194
22.7
194
22.7333
194
22.7667
194
22.8
195
22.8333
195
22.8667
195
22.9
195
22.9333
196
22.9667
196
23
196
23.0333
196
23.0667
196
23.1
196
23.1333
197
23.1667
197
23.2
198
23.2333
198
23.2667
198
23.3
198
23.3333
199
23.3667
199
23.4
199
23.4333
199
23.4667
199
23.5
199
23.5333
199
23.5667
199
23.6
200
23.6333
200
23.6667
201
23.7
201
23.7333
201
23.7667
201
23.8
201
23.8333
201
23.8667
201
23.9
201
23.9333
201
23.9667
201
24
201
24.0333
201
24.0667
201
24.1
201
24.1333
202
24.1667
203
24.2
203
24.2333
206
24.2667
206
24.3
206
24.3333
206
24.3667
206
24.4
206
24.4333
206
24.4667
206
24.5
206
24.5333
207
24.5667
208
24.6
208
24.6333
208
24.6667
208
24.7
208
24.7333
209
24.7667
209
24.8
209
24.8333
209
24.8667
209
24.9
209
24.9333
209
24.9667
209
25
209
25.0333
209
25.0667
210
25.1
210
25.1333
210
25.1667
210
25.2
210
25.2333
211
25.2667
211
25.3
211
25.3333
211
25.3667
212
25.4
212
25.4333
213
25.4667
213
25.5
213
25.5333
214
25.5667
215
25.6
216
25.6333
216
25.6667
216
25.7
216
25.7333
219
25.7667
219
25.8
219
25.8333
219
25.8667
219
25.9
219
25.9333
219
25.9667
219
26
220
26.0333
220
26.0667
222
26.1
222
26.1333
222
26.1667
222
26.2
223
26.2333
223
26.2667
223
26.3
223
26.3333
223
26.3667
223
26.4
223
26.4333
223
26.4667
223
26.5
223
26.5333
223
26.5667
223
26.6
223
26.6333
224
26.6667
224
26.7
224
26.7333
224
26.7667
224
26.8
224
26.8333
224
26.8667
224
26.9
224
26.9333
225
26.9667
225
27
225
27.0333
225
27.0667
225
27.1
226
27.1333
226
27.1667
226
27.2
226
27.2333
226
27.2667
226
27.3
226
27.3333
226
27.3667
227
27.4
227
27.4333
227
27.4667
228
27.5
229
27.5333
230
27.5667
231
27.6
231
27.6333
231
27.6667
232
27.7
232
27.7333
232
27.7667
232
27.8
232
27.8333
232
27.8667
232
27.9
232
27.9333
232
27.9667
232
28
232
28.0333
232
28.0667
232
28.1
235
28.1333
235
28.1667
236
28.2
236
28.2333
236
28.2667
236
28.3
236
28.3333
236
28.3667
236
28.4
237
28.4333
238
28.4667
238
28.5
238
28.5333
238
28.5667
239
28.6
240
28.6333
240
28.6667
241
28.7
242
28.7333
242
28.7667
243
28.8
243
28.8333
243
28.8667
243
28.9
243
28.9333
243
28.9667
243
29
243
29.0333
243
29.0667
243
29.1
243
29.1333
243
29.1667
244
29.2
244
29.2333
244
29.2667
244
29.3
244
29.3333
244
29.3667
244
29.4
244
29.4333
244
29.4667
244
29.5
245
29.5333
245
29.5667
245
29.6
245
29.6333
245
29.6667
245
29.7
246
29.7333
246
29.7667
246
29.8
246
29.8333
246
29.8667
246
29.9
246
29.9333
247
29.9667
247
30
247
30.0333
247
30.0667
247
30.1
247
30.1333
247
30.1667
247
30.2
247
30.2333
247
30.2667
247
30.3
247
30.3333
247
30.3667
247
30.4
247
30.4333
247
30.4667
247
30.5
247
30.5333
247
30.5667
247
30.6
247
30.6333
247
30.6667
247
30.7
247
30.7333
247
30.7667
247
30.8
247
30.8333
247
30.8667
247
30.9
247
30.9333
247
30.9667
247
31
247
31.0333
247
31.0667
247
31.1
247
31.1333
247
31.1667
247
31.2
247
31.2333
247
31.2667
247
31.3
247
31.3333
247
31.3667
247
31.4
247
31.4333
247
31.4667
247
31.5
247
31.5333
247
31.5667
247
31.6
247
31.6333
247
31.6667
247
31.7
247
31.7333
247
31.7667
247
31.8
247
31.8333
247
31.8667
247
31.9
247
31.9333
247
31.9667
248
32
248
32.0333
248
32.0667
249
32.1
250
32.1333
250
32.1667
250
32.2
250
32.2333
250
32.2667
251
32.3
251
32.3333
251
32.3667
251
32.4
251
32.4333
251
32.4667
251
32.5
251
32.5333
251
32.5667
251
32.6
251
32.6333
251
32.6667
251
32.7
251
32.7333
251
32.7667
251
32.8
251
32.8333
251
32.8667
251
32.9
251
32.9333
251
32.9667
251
33
251
33.0333
251
33.0667
251
33.1
251
33.1333
251
33.1667
251
33.2
251
33.2333
252
33.2667
252
33.3
252
33.3333
252
33.3667
252
33.4
252
33.4333
252
33.4667
252
33.5
252
33.5333
252
33.5667
252
33.6
252
33.6333
252
33.6667
252
33.7
252
33.7333
252
33.7667
252
33.8
252
33.8333
252
33.8667
252
33.9
252
33.9333
252
33.9667
252
34
252
34.0333
252
34.0667
252
34.1
252
34.1333
252
34.1667
252
34.2
252
34.2333
252
34.2667
252
34.3
252
34.3333
252
34.3667
252
34.4
252
34.4333
252
34.4667
252
34.5
252
34.5333
252
34.5667
253
34.6
253
34.6333
253
34.6667
253
34.7
253
34.7333
253
34.7667
253
34.8
253
34.8333
253
34.8667
253
34.9
253
34.9333
253
34.9667
253
35
253
35.0333
253
35.0667
253
35.1
253
35.1333
253
35.1667
253
35.2
253
35.2333
253
35.2667
253
35.3
253
35.3333
253
35.3667
253
35.4
253
35.4333
253
35.4667
253
35.5
253
35.5333
253
35.5667
253
35.6
253
35.6333
253
35.6667
253
35.7
253
35.7333
253
35.7667
253
35.8
253
35.8333
253
35.8667
253
35.9
253
35.9333
253
35.9667
253
36
253
36.0333
254
36.0667
254
36.1
254
36.1333
254
36.1667
254
36.2
254
36.2333
254
36.2667
254
36.3
255
36.3333
256
36.3667
256
36.4
256
36.4333
256
36.4667
257
36.5
258
36.5333
258
36.5667
258
36.6
258
36.6333
258
36.6667
259
36.7
260
36.7333
260
36.7667
261
36.8
261
36.8333
262
36.8667
262
36.9
262
36.9333
263
36.9667
263
37
263
37.0333
263
37.0667
263
37.1
263
37.1333
263
37.1667
263
37.2
263
37.2333
263
37.2667
263
37.3
263
37.3333
263
37.3667
263
37.4
263
37.4333
263
37.4667
263
37.5
263
37.5333
263
37.5667
263
37.6
263
37.6333
263
37.6667
263
37.7
263
37.7333
263
37.7667
263
37.8
263
37.8333
264
37.8667
264
37.9
264
37.9333
264
37.9667
264
38
264
38.0333
264
38.0667
265
38.1
265
38.1333
265
38.1667
266
38.2
266
38.2333
266
38.2667
266
38.3
267
38.3333
267
38.3667
267
38.4
267
38.4333
267
38.4667
267
38.5
267
38.5333
268
38.5667
268
38.6
268
38.6333
268
38.6667
268
38.7
268
38.7333
268
38.7667
268
38.8
268
38.8333
268
38.8667
268
38.9
268
38.9333
268
38.9667
269
39
269
39.0333
269
39.0667
269
39.1
269
39.1333
269
39.1667
269
39.2
269
39.2333
269
39.2667
269
39.3
269
39.3333
269
39.3667
269
39.4
269
39.4333
269
39.4667
269
39.5
269
39.5333
269
39.5667
269
39.6
270
39.6333
270
39.6667
270
39.7
270
39.7333
270
39.7667
270
39.8
270
39.8333
270
39.8667
270
39.9
271
39.9333
271
39.9667
271
40
271
40.0333
271
40.0667
271
40.1
271
40.1333
271
40.1667
271
40.2
271
40.2333
271
40.2667
271
40.3
271
40.3333
271
40.3667
271
40.4
271
40.4333
271
40.4667
271
40.5
271
40.5333
271
40.5667
271
40.6
271
40.6333
271
40.6667
271
40.7
271
40.7333
271
40.7667
271
40.8
271
40.8333
271
40.8667
272
40.9
272
40.9333
272
40.9667
272
41
272
41.0333
272
41.0667
272
41.1
272
41.1333
272
41.1667
272
41.2
272
41.2333
272
41.2667
272
41.3
272
41.3333
272
41.3667
272
41.4
272
41.4333
272
41.4667
272
41.5
272
41.5333
272
41.5667
272
41.6
272
41.6333
272
41.6667
272
41.7
272
41.7333
273
41.7667
273
41.8
273
41.8333
273
41.8667
273
41.9
273
41.9333
273
41.9667
273
42
273
42.0333
273
42.0667
273
42.1
273
42.1333
273
42.1667
273
42.2
273
42.2333
273
42.2667
273
42.3
273
42.3333
273
42.3667
273
42.4
273
42.4333
273
42.4667
273
42.5
273
42.5333
273
42.5667
273
42.6
273
42.6333
273
42.6667
273
42.7
273
42.7333
273
42.7667
274
42.8
274
42.8333
274
42.8667
274
42.9
274
42.9333
274
42.9667
274
43
274
43.0333
274
43.0667
274
43.1
274
43.1333
275
43.1667
275
43.2
275
43.2333
275
43.2667
275
43.3
275
43.3333
275
43.3667
275
43.4
275
43.4333
275
43.4667
275
43.5
275
43.5333
275
43.5667
275
43.6
275
43.6333
275
43.6667
275
43.7
275
43.7333
275
43.7667
275
43.8
275
43.8333
275
43.8667
275
43.9
275
43.9333
275
43.9667
275
44
275
44.0333
275
44.0667
275
44.1
275
44.1333
275
44.1667
275
44.2
275
44.2333
275
44.2667
275
44.3
275
44.3333
275
44.3667
275
44.4
275
44.4333
275
44.4667
275
44.5
275
44.5333
275
44.5667
275
44.6
275
44.6333
275
44.6667
275
44.7
275
44.7333
275
44.7667
275
44.8
275
44.8333
275
44.8667
275
44.9
275
44.9333
275
44.9667
275
45
276
45.0333
277
45.0667
277
45.1
277
45.1333
277
45.1667
277
45.2
277
45.2333
277
45.2667
277
45.3
277
45.3333
277
45.3667
277
45.4
277
45.4333
277
45.4667
277
45.5
277
45.5333
277
45.5667
277
45.6
277
45.6333
277
45.6667
277
45.7
277
45.7333
277
45.7667
277
45.8
277
45.8333
277
45.8667
278
45.9
278
45.9333
278
45.9667
278
46
278
46.0333
278
46.0667
278
46.1
278
46.1333
278
46.1667
278
46.2
278
46.2333
278
46.2667
278
46.3
278
46.3333
278
46.3667
278
46.4
278
46.4333
278
46.4667
278
46.5
278
46.5333
278
46.5667
278
46.6
278
46.6333
278
46.6667
278
46.7
278
46.7333
278
46.7667
278
46.8
278
46.8333
278
46.8667
278
46.9
278
46.9333
278
46.9667
278
47
278
47.0333
278
47.0667
278
47.1
278
47.1333
278
47.1667
278
47.2
278
47.2333
278
47.2667
278
47.3
278
47.3333
278
47.3667
278
47.4
278
47.4333
278
47.4667
278
47.5
278
47.5333
278
47.5667
278
47.6
278
47.6333
279
47.6667
279
47.7
279
47.7333
279
47.7667
279
47.8
280
47.8333
280
47.8667
280
47.9
280
47.9333
280
47.9667
280
48
280
48.0333
280
48.0667
280
48.1
280
48.1333
280
48.1667
280
48.2
280
48.2333
280
48.2667
280
48.3
280
48.3333
280
48.3667
280
48.4
280
48.4333
280
48.4667
280
48.5
280
48.5333
280
48.5667
280
48.6
280
48.6333
280
48.6667
280
48.7
280
48.7333
280
48.7667
280
48.8
280
48.8333
280
48.8667
280
48.9
280
48.9333
280
48.9667
280
49
281
49.0333
281
49.0667
281
49.1
281
49.1333
281
49.1667
282
49.2
283
49.2333
283
49.2667
283
49.3
283
49.3333
283
49.3667
283
49.4
283
49.4333
283
49.4667
283
49.5
283
49.5333
283
49.5667
283
49.6
283
49.6333
283
49.6667
283
49.7
283
49.7333
283
49.7667
283
49.8
283
49.8333
283
49.8667
283
49.9
283
49.9333
283
49.9667
283
50
283
50.0333
283
50.0667
283
50.1
283
50.1333
283
50.1667
283
50.2
283
50.2333
283
50.2667
283
50.3
283
50.3333
283
50.3667
283
50.4
283
50.4333
283
50.4667
283
50.5
283
50.5333
283
50.5667
283
50.6
283
50.6333
283
50.6667
283
50.7
283
50.7333
283
50.7667
283
50.8
283
50.8333
283
50.8667
283
50.9
283
50.9333
283
50.9667
283
51
283
51.0333
283
51.0667
283
51.1
283
51.1333
283
51.1667
283
51.2
283
51.2333
283
51.2667
283
51.3
283
51.3333
283
51.3667
283
51.4
283
51.4333
283
51.4667
283
51.5
283
51.5333
283
51.5667
283
51.6
283
51.6333
283
51.6667
283
51.7
283
51.7333
283
51.7667
283
51.8
283
51.8333
283
51.8667
283
51.9
283
51.9333
283
51.9667
283
52
283
52.0333
283
52.0667
283
52.1
283
52.1333
283
52.1667
283
52.2
283
52.2333
283
52.2667
283
52.3
283
52.3333
283
52.3667
283
52.4
283
52.4333
283
52.4667
283
52.5
283
52.5333
283
52.5667
283
52.6
283
52.6333
283
52.6667
283
52.7
283
52.7333
283
52.7667
283
52.8
283
52.8333
283
52.8667
283
52.9
283
52.9333
283
52.9667
283
53
283
53.0333
283
53.0667
283
53.1
283
53.1333
283
53.1667
283
53.2
283
53.2333
284
53.2667
284
53.3
284
53.3333
284
