0
1
0.0333333
1
0.0666667
1
0.1
1
0.133333
1
0.166667
1
0.2
1
0.233333
1
0.266667
1
0.3
1
0.333333
1
0.366667
1
0.4
1
0.433333
1
0.466667
1
0.5
1
0.533333
1
0.566667
1
0.6
1
0.633333
1
0.666667
1
0.7
1
0.733333
1
0.766667
1
0.8
1
0.833333
1
0.866667
1
0.9
1
0.933333
1
0.966667
1
1
1
1.03333
1
1.06667
1
1.1
1
1.13333
1
1.16667
1
1.2
1
1.23333
1
1.26667
1
1.3
1
1.33333
1
1.36667
1
1.4
1
1.43333
1
1.46667
1
1.5
1
1.53333
1
1.56667
1
1.6
1
1.63333
1
1.66667
1
1.7
1
1.73333
1
1.76667
1
1.8
1
1.83333
1
1.86667
1
1.9
1
1.93333
1
1.96667
1
2
1
2.03333
1
2.06667
1
2.1
1
2.13333
1
2.16667
1
2.2
1
2.23333
1
2.26667
1
2.3
1
2.33333
1
2.36667
1
2.4
1
2.43333
1
2.46667
1
2.5
1
2.53333
1
2.56667
1
2.6
1
2.63333
1
2.66667
1
2.7
1
2.73333
1
2.76667
1
2.8
1
2.83333
1
2.86667
1
2.9
1
2.93333
1
2.96667
1
3
1
3.03333
1
3.06667
1
3.1
1
3.13333
1
3.16667
1
3.2
1
3.23333
1
3.26667
1
3.3
1
3.33333
1
3.36667
1
3.4
1
3.43333
1
3.46667
1
3.5
1
3.53333
1
3.56667
1
3.6
1
3.63333
1
3.66667
1
3.7
1
3.73333
1
3.76667
1
3.8
1
3.83333
1
3.86667
1
3.9
1
3.93333
1
3.96667
1
4
1
4.03333
1
4.06667
1
4.1
1
4.13333
1
4.16667
1
4.2
1
4.23333
1
4.26667
1
4.3
1
4.33333
1
4.36667
1
4.4
1
4.43333
1
4.46667
1
4.5
1
4.53333
1
4.56667
1
4.6
1
4.63333
1
4.66667
1
4.7
1
4.73333
2
4.76667
2
4.8
2
4.83333
2
4.86667
2
4.9
2
4.93333
2
4.96667
2
5
2
5.03333
2
5.06667
2
5.1
2
5.13333
2
5.16667
2
5.2
3
5.23333
3
5.26667
3
5.3
3
5.33333
3
5.36667
3
5.4
3
5.43333
3
5.46667
3
5.5
3
5.53333
3
5.56667
4
5.6
4
5.63333
4
5.66667
4
5.7
5
5.73333
6
5.76667
6
5.8
6
5.83333
8
5.86667
9
5.9
9
5.93333
9
5.96667
10
6
10
6.03333
10
6.06667
11
6.1
14
6.13333
15
6.16667
15
6.2
16
6.23333
20
6.26667
20
6.3
22
6.33333
25
6.36667
26
6.4
30
6.43333
33
6.46667
34
6.5
34
6.53333
37
6.56667
37
6.6
39
6.63333
40
6.66667
42
6.7
42
6.73333
43
6.76667
45
6.8
46
6.83333
47
6.86667
50
6.9
52
6.93333
54
6.96667
58
7
60
7.03333
62
7.06667
65
7.1
66
7.13333
67
7.16667
70
7.2
71
7.23333
72
7.26667
73
7.3
73
7.33333
74
7.36667
76
7.4
78
7.43333
79
7.46667
82
7.5
84
7.53333
85
7.56667
88
7.6
90
7.63333
91
7.66667
93
7.7
95
7.73333
97
7.76667
99
7.8
100
7.83333
106
7.86667
106
7.9
109
7.93333
109
7.96667
110
8
112
8.03333
114
8.06667
116
8.1
116
8.13333
118
8.16667
119
8.2
122
8.23333
125
8.26667
129
8.3
135
8.33333
138
8.36667
141
8.4
143
8.43333
143
8.46667
144
8.5
148
8.53333
149
8.56667
150
8.6
151
8.63333
153
8.66667
155
8.7
157
8.73333
159
8.76667
161
8.8
162
8.83333
164
8.86667
167
8.9
167
8.93333
169
8.96667
169
9
169
9.03333
170
9.06667
172
9.1
173
9.13333
173
9.16667
173
9.2
174
9.23333
174
9.26667
176
9.3
176
9.33333
177
9.36667
179
9.4
179
9.43333
179
9.46667
180
9.5
180
9.53333
182
9.56667
182
9.6
183
9.63333
184
9.66667
184
9.7
185
9.73333
187
9.76667
190
9.8
192
9.83333
194
9.86667
197
9.9
197
9.93333
199
9.96667
200
10
200
10.0333
202
10.0667
204
10.1
205
10.1333
206
10.1667
206
10.2
206
10.2333
208
10.2667
208
10.3
211
10.3333
211
10.3667
212
10.4
216
10.4333
218
10.4667
218
10.5
218
10.5333
219
10.5667
219
10.6
221
10.6333
224
10.6667
224
10.7
226
10.7333
228
10.7667
230
10.8
231
10.8333
233
10.8667
234
10.9
234
10.9333
234
10.9667
239
11
242
11.0333
243
11.0667
243
11.1
244
11.1333
246
11.1667
250
11.2
250
11.2333
250
11.2667
251
11.3
251
11.3333
255
11.3667
255
11.4
256
11.4333
258
11.4667
259
11.5
262
11.5333
265
11.5667
266
11.6
268
11.6333
269
11.6667
271
11.7
276
11.7333
279
11.7667
279
11.8
280
11.8333
283
11.8667
284
11.9
288
11.9333
290
11.9667
293
12
294
12.0333
295
12.0667
297
12.1
301
12.1333
302
12.1667
303
12.2
304
12.2333
306
12.2667
310
12.3
313
12.3333
318
12.3667
320
12.4
321
12.4333
322
12.4667
325
12.5
327
12.5333
327
12.5667
327
12.6
330
12.6333
330
12.6667
331
12.7
331
12.7333
331
12.7667
331
12.8
332
12.8333
334
12.8667
334
12.9
335
12.9333
335
12.9667
336
13
339
13.0333
341
13.0667
341
13.1
342
13.1333
342
13.1667
342
13.2
343
13.2333
344
13.2667
346
13.3
348
13.3333
348
13.3667
349
13.4
349
13.4333
351
13.4667
351
13.5
351
13.5333
352
13.5667
354
13.6
356
13.6333
358
13.6667
360
13.7
360
13.7333
361
13.7667
363
13.8
364
13.8333
365
13.8667
366
13.9
367
13.9333
367
13.9667
369
14
370
14.0333
371
14.0667
371
14.1
372
14.1333
373
14.1667
373
14.2
373
14.2333
373
14.2667
375
14.3
375
14.3333
376
14.3667
377
14.4
377
14.4333
377
14.4667
377
14.5
377
14.5333
378
14.5667
381
14.6
382
14.6333
382
14.6667
382
14.7
382
14.7333
382
14.7667
382
14.8
383
14.8333
383
14.8667
384
14.9
387
14.9333
387
14.9667
389
15
390
15.0333
390
15.0667
391
15.1
392
15.1333
392
15.1667
392
15.2
392
15.2333
393
15.2667
394
15.3
394
15.3333
395
15.3667
396
15.4
396
15.4333
396
15.4667
396
15.5
397
15.5333
397
15.5667
397
15.6
397
15.6333
397
15.6667
397
15.7
397
15.7333
397
15.7667
397
15.8
397
15.8333
398
15.8667
398
15.9
398
15.9333
399
15.9667
399
16
399
16.0333
399
16.0667
400
16.1
400
16.1333
400
16.1667
400
16.2
400
16.2333
400
16.2667
400
16.3
400
16.3333
400
16.3667
400
16.4
400
16.4333
400
16.4667
401
16.5
401
16.5333
403
16.5667
404
16.6
404
16.6333
405
16.6667
405
16.7
406
16.7333
406
16.7667
406
16.8
406
16.8333
407
16.8667
407
16.9
407
16.9333
407
16.9667
407
17
407
17.0333
407
17.0667
408
17.1
408
17.1333
409
17.1667
410
17.2
411
17.2333
411
17.2667
411
17.3
411
17.3333
412
17.3667
412
17.4
412
17.4333
412
17.4667
413
17.5
413
17.5333
416
17.5667
417
17.6
418
17.6333
419
17.6667
423
17.7
425
17.7333
427
17.7667
427
17.8
427
17.8333
428
17.8667
428
17.9
429
17.9333
431
17.9667
432
18
432
18.0333
432
18.0667
432
18.1
433
18.1333
433
18.1667
433
18.2
434
18.2333
434
18.2667
436
18.3
436
18.3333
436
18.3667
437
18.4
438
18.4333
438
18.4667
438
18.5
438
18.5333
438
18.5667
438
18.6
438
18.6333
438
18.6667
439
18.7
439
18.7333
439
18.7667
439
18.8
439
18.8333
439
18.8667
440
18.9
440
18.9333
440
18.9667
441
19
441
19.0333
442
19.0667
442
19.1
442
19.1333
442
19.1667
442
19.2
442
19.2333
442
19.2667
443
19.3
444
19.3333
445
19.3667
445
19.4
446
19.4333
446
19.4667
446
19.5
447
19.5333
447
19.5667
447
19.6
447
19.6333
447
19.6667
447
19.7
447
19.7333
448
19.7667
448
19.8
448
19.8333
448
19.8667
448
19.9
449
19.9333
449
19.9667
449
20
449
20.0333
449
20.0667
450
20.1
452
20.1333
453
20.1667
453
20.2
454
20.2333
455
20.2667
455
20.3
455
20.3333
456
20.3667
456
20.4
456
20.4333
457
20.4667
457
20.5
457
20.5333
457
20.5667
457
20.6
457
20.6333
458
20.6667
458
20.7
458
20.7333
459
20.7667
460
20.8
460
20.8333
461
20.8667
462
20.9
462
20.9333
463
20.9667
463
21
463
21.0333
463
21.0667
463
21.1
463
21.1333
463
21.1667
463
21.2
463
21.2333
464
21.2667
464
21.3
465
21.3333
465
21.3667
466
21.4
466
21.4333
466
21.4667
466
21.5
466
21.5333
467
21.5667
467
21.6
467
21.6333
467
21.6667
468
21.7
468
21.7333
470
21.7667
470
21.8
470
21.8333
471
21.8667
471
21.9
472
21.9333
473
21.9667
474
22
474
22.0333
475
22.0667
476
22.1
477
22.1333
477
22.1667
477
22.2
478
22.2333
479
22.2667
479
22.3
480
22.3333
480
22.3667
480
22.4
480
22.4333
480
22.4667
481
22.5
481
22.5333
482
22.5667
483
22.6
483
22.6333
484
22.6667
484
22.7
484
22.7333
484
22.7667
485
22.8
485
22.8333
485
22.8667
486
22.9
486
22.9333
487
22.9667
487
23
487
23.0333
487
23.0667
489
23.1
489
23.1333
489
23.1667
489
23.2
489
23.2333
489
23.2667
489
23.3
489
23.3333
489
23.3667
490
23.4
490
23.4333
490
23.4667
491
23.5
491
23.5333
491
23.5667
492
23.6
493
23.6333
493
23.6667
493
23.7
494
23.7333
495
23.7667
496
23.8
496
23.8333
496
23.8667
496
23.9
497
23.9333
497
23.9667
497
24
497
24.0333
497
24.0667
497
24.1
497
24.1333
498
24.1667
498
24.2
498
24.2333
498
24.2667
499
24.3
499
24.3333
501
24.3667
503
24.4
503
24.4333
503
24.4667
503
24.5
503
24.5333
503
24.5667
504
24.6
504
24.6333
506
24.6667
508
24.7
508
24.7333
509
24.7667
510
24.8
511
24.8333
512
24.8667
512
24.9
512
24.9333
513
24.9667
513
25
514
25.0333
514
25.0667
515
25.1
515
25.1333
515
25.1667
515
25.2
516
25.2333
516
25.2667
517
25.3
517
25.3333
517
25.3667
517
25.4
517
25.4333
517
25.4667
517
25.5
517
25.5333
517
25.5667
517
25.6
517
25.6333
517
25.6667
517
25.7
517
25.7333
517
25.7667
517
25.8
518
25.8333
518
25.8667
518
25.9
519
25.9333
519
25.9667
519
26
519
26.0333
520
26.0667
520
26.1
520
26.1333
520
26.1667
520
26.2
520
26.2333
520
26.2667
520
26.3
521
26.3333
521
26.3667
521
26.4
521
26.4333
521
26.4667
521
26.5
521
26.5333
521
26.5667
521
26.6
522
26.6333
522
26.6667
522
26.7
524
26.7333
524
26.7667
524
26.8
524
26.8333
525
26.8667
525
26.9
525
26.9333
525
26.9667
525
27
526
27.0333
526
27.0667
526
27.1
527
27.1333
527
27.1667
527
27.2
527
27.2333
527
27.2667
527
27.3
527
27.3333
527
27.3667
527
27.4
527
27.4333
527
27.4667
528
27.5
528
27.5333
528
27.5667
528
27.6
528
27.6333
528
27.6667
528
27.7
528
27.7333
528
27.7667
528
27.8
529
27.8333
529
27.8667
529
27.9
529
27.9333
530
27.9667
530
28
530
28.0333
530
28.0667
530
28.1
530
28.1333
530
28.1667
530
28.2
531
28.2333
531
28.2667
531
28.3
531
28.3333
531
28.3667
531
28.4
531
28.4333
531
28.4667
531
28.5
531
28.5333
531
28.5667
531
28.6
531
28.6333
531
28.6667
531
28.7
531
28.7333
531
28.7667
531
28.8
531
28.8333
531
28.8667
532
28.9
532
28.9333
532
28.9667
532
29
532
29.0333
533
29.0667
533
29.1
533
29.1333
535
29.1667
535
29.2
535
29.2333
535
29.2667
535
29.3
535
29.3333
535
29.3667
535
29.4
535
29.4333
535
29.4667
535
29.5
535
29.5333
535
29.5667
535
29.6
535
29.6333
537
29.6667
537
29.7
537
29.7333
538
29.7667
539
29.8
539
29.8333
539
29.8667
540
29.9
540
29.9333
540
29.9667
540
30
540
30.0333
540
30.0667
540
30.1
540
30.1333
540
30.1667
540
30.2
541
30.2333
542
30.2667
543
30.3
543
30.3333
546
30.3667
548
30.4
548
30.4333
548
30.4667
550
30.5
551
30.5333
551
30.5667
552
30.6
553
30.6333
553
30.6667
554
30.7
554
30.7333
554
30.7667
556
30.8
557
30.8333
559
30.8667
559
30.9
559
30.9333
559
30.9667
559
31
559
31.0333
559
31.0667
560
31.1
560
31.1333
561
31.1667
561
31.2
562
31.2333
562
31.2667
562
31.3
563
31.3333
564
31.3667
564
31.4
564
31.4333
565
31.4667
565
31.5
565
31.5333
566
31.5667
566
31.6
566
31.6333
566
31.6667
567
31.7
567
31.7333
567
31.7667
569
31.8
569
31.8333
569
31.8667
569
31.9
570
31.9333
570
31.9667
570
32
570
32.0333
570
32.0667
570
32.1
570
32.1333
570
32.1667
570
32.2
570
32.2333
570
32.2667
571
32.3
571
32.3333
571
32.3667
571
32.4
571
32.4333
571
32.4667
571
32.5
571
32.5333
571
32.5667
571
32.6
571
32.6333
571
32.6667
572
32.7
572
32.7333
572
32.7667
572
32.8
572
32.8333
572
32.8667
573
32.9
573
32.9333
573
32.9667
574
33
574
33.0333
575
33.0667
575
33.1
575
33.1333
575
33.1667
575
33.2
575
33.2333
575
33.2667
575
33.3
575
33.3333
575
33.3667
575
33.4
575
33.4333
575
33.4667
576
33.5
577
33.5333
577
33.5667
577
33.6
577
33.6333
577
33.6667
577
33.7
577
33.7333
577
33.7667
579
33.8
579
33.8333
581
33.8667
582
33.9
582
33.9333
582
33.9667
582
34
582
34.0333
582
34.0667
582
34.1
582
34.1333
582
34.1667
582
34.2
582
34.2333
583
34.2667
583
34.3
583
34.3333
585
34.3667
585
34.4
585
34.4333
586
34.4667
586
34.5
586
34.5333
586
34.5667
586
34.6
587
34.6333
587
34.6667
587
34.7
587
34.7333
587
34.7667
587
34.8
588
34.8333
588
34.8667
588
34.9
588
34.9333
589
34.9667
589
35
589
35.0333
589
35.0667
590
35.1
590
35.1333
590
35.1667
591
35.2
591
35.2333
591
35.2667
591
35.3
591
35.3333
591
35.3667
591
35.4
591
35.4333
591
35.4667
591
35.5
591
35.5333
591
35.5667
591
35.6
591
35.6333
591
35.6667
591
35.7
591
35.7333
591
35.7667
591
35.8
591
35.8333
592
35.8667
592
35.9
592
35.9333
592
35.9667
592
36
592
36.0333
592
36.0667
592
36.1
592
36.1333
592
36.1667
592
36.2
592
36.2333
592
36.2667
592
36.3
592
36.3333
592
36.3667
592
36.4
592
36.4333
592
36.4667
592
36.5
592
36.5333
592
36.5667
592
36.6
592
36.6333
592
36.6667
592
36.7
592
36.7333
592
36.7667
592
36.8
592
36.8333
592
36.8667
592
36.9
592
36.9333
592
36.9667
594
37
594
37.0333
594
37.0667
594
37.1
594
37.1333
594
37.1667
594
37.2
594
37.2333
594
37.2667
594
37.3
594
37.3333
596
37.3667
596
37.4
596
37.4333
596
37.4667
596
37.5
597
37.5333
597
37.5667
597
37.6
597
37.6333
597
37.6667
597
37.7
597
37.7333
597
37.7667
598
37.8
598
37.8333
598
37.8667
599
37.9
599
37.9333
599
37.9667
599
38
599
38.0333
599
38.0667
599
38.1
599
38.1333
599
38.1667
600
38.2
600
38.2333
600
38.2667
600
38.3
600
38.3333
600
38.3667
600
38.4
601
38.4333
601
38.4667
601
38.5
601
38.5333
601
38.5667
601
38.6
601
38.6333
601
38.6667
602
38.7
602
38.7333
602
38.7667
602
38.8
602
38.8333
602
38.8667
602
38.9
602
38.9333
602
38.9667
602
39
602
39.0333
602
39.0667
602
39.1
602
39.1333
602
39.1667
602
39.2
602
39.2333
602
39.2667
602
39.3
603
39.3333
604
39.3667
604
39.4
604
39.4333
604
39.4667
604
39.5
604
39.5333
604
39.5667
604
39.6
604
39.6333
604
39.6667
605
39.7
605
39.7333
605
39.7667
605
39.8
605
39.8333
605
39.8667
605
39.9
605
39.9333
605
39.9667
605
40
605
40.0333
605
40.0667
605
40.1
605
40.1333
605
40.1667
605
40.2
606
40.2333
606
40.2667
606
40.3
606
40.3333
606
40.3667
606
40.4
606
40.4333
606
40.4667
606
40.5
606
40.5333
606
40.5667
606
40.6
606
40.6333
607
40.6667
607
40.7
607
40.7333
607
40.7667
607
40.8
607
40.8333
607
40.8667
607
40.9
607
40.9333
607
40.9667
607
41
607
41.0333
607
41.0667
607
41.1
607
41.1333
607
41.1667
607
41.2
607
41.2333
607
41.2667
607
41.3
607
41.3333
607
41.3667
607
41.4
607
41.4333
607
41.4667
607
41.5
607
41.5333
609
41.5667
609
41.6
609
41.6333
609
41.6667
609
41.7
609
41.7333
609
41.7667
609
41.8
609
41.8333
609
41.8667
609
41.9
609
41.9333
609
41.9667
609
42
609
42.0333
609
42.0667
609
42.1
610
42.1333
610
42.1667
610
42.2
610
42.2333
610
42.2667
610
42.3
610
42.3333
610
42.3667
611
42.4
611
42.4333
611
42.4667
611
42.5
611
42.5333
611
42.5667
612
42.6
612
42.6333
612
42.6667
612
42.7
612
42.7333
612
42.7667
612
42.8
612
42.8333
612
42.8667
612
42.9
612
42.9333
612
42.9667
612
43
612
43.0333
612
43.0667
612
43.1
612
43.1333
612
43.1667
612
43.2
612
43.2333
612
43.2667
612
43.3
612
43.3333
613
43.3667
613
43.4
613
43.4333
613
43.4667
613
43.5
613
43.5333
613
43.5667
613
43.6
613
43.6333
613
43.6667
613
43.7
613
43.7333
613
43.7667
613
43.8
613
43.8333
613
43.8667
613
43.9
613
43.9333
613
43.9667
613
44
613
44.0333
613
44.0667
614
44.1
614
44.1333
614
44.1667
614
44.2
614
44.2333
614
44.2667
614
44.3
614
44.3333
614
44.3667
614
44.4
614
44.4333
614
44.4667
614
44.5
614
44.5333
614
44.5667
614
44.6
614
44.6333
614
44.6667
614
44.7
615
44.7333
615
44.7667
615
44.8
615
44.8333
615
44.8667
615
44.9
615
44.9333
615
44.9667
615
45
615
45.0333
615
45.0667
615
45.1
615
45.1333
615
45.1667
615
45.2
615
45.2333
615
45.2667
615
45.3
615
45.3333
615
45.3667
615
45.4
615
45.4333
615
45.4667
615
45.5
615
45.5333
615
45.5667
615
45.6
615
45.6333
616
45.6667
616
45.7
616
45.7333
616
45.7667
616
45.8
616
45.8333
616
45.8667
616
45.9
616
45.9333
616
45.9667
616
46
616
46.0333
616
46.0667
616
46.1
616
46.1333
616
46.1667
616
46.2
616
46.2333
616
46.2667
616
46.3
616
46.3333
616
46.3667
616
46.4
616
46.4333
616
46.4667
616
46.5
616
46.5333
616
46.5667
616
46.6
617
46.6333
617
46.6667
617
46.7
617
46.7333
617
46.7667
617
46.8
617
46.8333
617
46.8667
617
46.9
617
46.9333
617
46.9667
617
47
617
47.0333
617
47.0667
617
47.1
617
47.1333
617
47.1667
617
47.2
617
47.2333
617
47.2667
617
47.3
617
47.3333
617
47.3667
617
47.4
617
47.4333
617
47.4667
617
47.5
617
47.5333
617
47.5667
617
47.6
617
47.6333
617
47.6667
617
47.7
617
47.7333
617
47.7667
617
47.8
617
47.8333
617
47.8667
617
47.9
617
47.9333
617
47.9667
617
48
617
48.0333
617
48.0667
617
48.1
617
48.1333
617
48.1667
617
48.2
617
48.2333
617
48.2667
617
48.3
617
48.3333
617
48.3667
617
48.4
617
48.4333
618
48.4667
618
48.5
618
48.5333
618
48.5667
618
48.6
618
48.6333
618
48.6667
618
48.7
618
48.7333
618
48.7667
619
48.8
619
48.8333
619
48.8667
619
48.9
619
48.9333
619
48.9667
619
49
619
49.0333
619
49.0667
619
49.1
619
49.1333
619
49.1667
619
49.2
619
49.2333
619
49.2667
619
49.3
619
49.3333
619
49.3667
619
49.4
619
49.4333
619
49.4667
619
49.5
619
49.5333
619
49.5667
619
49.6
620
49.6333
620
49.6667
620
49.7
620
49.7333
620
49.7667
620
49.8
620
49.8333
620
49.8667
620
49.9
620
49.9333
620
49.9667
620
50
620
50.0333
620
50.0667
621
50.1
621
50.1333
621
50.1667
621
50.2
621
50.2333
621
50.2667
621
50.3
621
50.3333
621
50.3667
621
50.4
621
50.4333
621
50.4667
621
50.5
621
50.5333
621
50.5667
622
50.6
622
50.6333
622
50.6667
622
50.7
623
50.7333
623
50.7667
623
50.8
623
50.8333
623
50.8667
623
50.9
623
50.9333
623
50.9667
623
51
623
51.0333
623
51.0667
623
51.1
623
51.1333
623
51.1667
623
51.2
623
51.2333
623
51.2667
623
51.3
623
51.3333
623
51.3667
623
51.4
623
51.4333
623
51.4667
623
51.5
623
51.5333
623
51.5667
623
51.6
623
51.6333
623
51.6667
623
51.7
623
51.7333
623
51.7667
623
51.8
623
51.8333
623
51.8667
624
51.9
624
51.9333
624
51.9667
624
52
624
52.0333
624
52.0667
624
52.1
624
52.1333
624
52.1667
624
52.2
624
52.2333
624
52.2667
624
52.3
624
52.3333
624
52.3667
624
52.4
624
52.4333
624
52.4667
624
52.5
624
52.5333
625
52.5667
625
52.6
626
52.6333
626
52.6667
626
52.7
626
52.7333
626
52.7667
626
52.8
626
52.8333
626
52.8667
626
52.9
626
52.9333
626
52.9667
626
53
626
53.0333
626
53.0667
626
53.1
626
53.1333
626
53.1667
626
53.2
626
53.2333
626
53.2667
626
53.3
626
53.3333
626
