0
1
0.0333333
1
0.0666667
1
0.1
1
0.133333
1
0.166667
1
0.2
1
0.233333
1
0.266667
1
0.3
1
0.333333
1
0.366667
1
0.4
1
0.433333
1
0.466667
1
0.5
1
0.533333
1
0.566667
1
0.6
1
0.633333
1
0.666667
1
0.7
1
0.733333
1
0.766667
1
0.8
1
0.833333
1
0.866667
1
0.9
1
0.933333
1
0.966667
1
1
1
1.03333
1
1.06667
1
1.1
1
1.13333
1
1.16667
1
1.2
1
1.23333
1
1.26667
1
1.3
1
1.33333
1
1.36667
1
1.4
1
1.43333
1
1.46667
1
1.5
1
1.53333
1
1.56667
1
1.6
1
1.63333
1
1.66667
1
1.7
1
1.73333
1
1.76667
1
1.8
1
1.83333
1
1.86667
1
1.9
1
1.93333
1
1.96667
1
2
1
2.03333
1
2.06667
1
2.1
1
2.13333
1
2.16667
1
2.2
1
2.23333
1
2.26667
1
2.3
1
2.33333
1
2.36667
1
2.4
1
2.43333
1
2.46667
1
2.5
1
2.53333
1
2.56667
1
2.6
1
2.63333
1
2.66667
1
2.7
1
2.73333
1
2.76667
1
2.8
1
2.83333
1
2.86667
1
2.9
1
2.93333
1
2.96667
1
3
1
3.03333
1
3.06667
1
3.1
1
3.13333
1
3.16667
1
3.2
1
3.23333
1
3.26667
1
3.3
1
3.33333
1
3.36667
1
3.4
1
3.43333
1
3.46667
1
3.5
1
3.53333
1
3.56667
1
3.6
1
3.63333
1
3.66667
1
3.7
1
3.73333
1
3.76667
1
3.8
1
3.83333
1
3.86667
1
3.9
1
3.93333
1
3.96667
1
4
1
4.03333
1
4.06667
1
4.1
1
4.13333
1
4.16667
1
4.2
1
4.23333
1
4.26667
1
4.3
1
4.33333
1
4.36667
1
4.4
1
4.43333
1
4.46667
1
4.5
1
4.53333
1
4.56667
1
4.6
1
4.63333
1
4.66667
1
4.7
1
4.73333
1
4.76667
1
4.8
1
4.83333
1
4.86667
1
4.9
1
4.93333
1
4.96667
1
5
1
5.03333
1
5.06667
1
5.1
1
5.13333
1
5.16667
1
5.2
1
5.23333
1
5.26667
1
5.3
1
5.33333
1
5.36667
1
5.4
1
5.43333
1
5.46667
1
5.5
1
5.53333
1
5.56667
1
5.6
1
5.63333
2
5.66667
2
5.7
2
5.73333
2
5.76667
2
5.8
2
5.83333
2
5.86667
3
5.9
3
5.93333
3
5.96667
3
6
5
6.03333
5
6.06667
6
6.1
6
6.13333
6
6.16667
6
6.2
6
6.23333
6
6.26667
8
6.3
9
6.33333
9
6.36667
10
6.4
10
6.43333
10
6.46667
10
6.5
10
6.53333
10
6.56667
10
6.6
10
6.63333
11
6.66667
11
6.7
13
6.73333
13
6.76667
14
6.8
14
6.83333
14
6.86667
15
6.9
15
6.93333
15
6.96667
15
7
15
7.03333
16
7.06667
17
7.1
17
7.13333
18
7.16667
20
7.2
20
7.23333
21
7.26667
21
7.3
23
7.33333
24
7.36667
25
7.4
26
7.43333
26
7.46667
29
7.5
30
7.53333
32
7.56667
33
7.6
34
7.63333
36
7.66667
37
7.7
39
7.73333
41
7.76667
42
7.8
43
7.83333
44
7.86667
44
7.9
45
7.93333
46
7.96667
46
8
47
8.03333
49
8.06667
51
8.1
52
8.13333
52
8.16667
53
8.2
53
8.23333
54
8.26667
55
8.3
56
8.33333
57
8.36667
58
8.4
59
8.43333
60
8.46667
61
8.5
61
8.53333
61
8.56667
63
8.6
63
8.63333
63
8.66667
63
8.7
64
8.73333
67
8.76667
68
8.8
68
8.83333
68
8.86667
69
8.9
69
8.93333
69
8.96667
70
9
70
9.03333
70
9.06667
71
9.1
72
9.13333
72
9.16667
73
9.2
73
9.23333
73
9.26667
74
9.3
74
9.33333
76
9.36667
76
9.4
77
9.43333
77
9.46667
77
9.5
79
9.53333
79
9.56667
79
9.6
80
9.63333
80
9.66667
80
9.7
80
9.73333
82
9.76667
83
9.8
84
9.83333
84
9.86667
84
9.9
84
9.93333
84
9.96667
84
10
84
10.0333
84
10.0667
85
10.1
86
10.1333
86
10.1667
86
10.2
87
10.2333
88
10.2667
88
10.3
88
10.3333
89
10.3667
91
10.4
92
10.4333
93
10.4667
93
10.5
94
10.5333
96
10.5667
97
10.6
98
10.6333
98
10.6667
100
10.7
103
10.7333
103
10.7667
105
10.8
106
10.8333
107
10.8667
107
10.9
107
10.9333
107
10.9667
109
11
109
11.0333
110
11.0667
110
11.1
110
11.1333
111
11.1667
111
11.2
111
11.2333
111
11.2667
111
11.3
111
11.3333
112
11.3667
112
11.4
113
11.4333
113
11.4667
114
11.5
116
11.5333
116
11.5667
117
11.6
118
11.6333
118
11.6667
118
11.7
118
11.7333
118
11.7667
120
11.8
121
11.8333
121
11.8667
121
11.9
122
11.9333
122
11.9667
122
12
122
12.0333
122
12.0667
122
12.1
125
12.1333
126
12.1667
127
12.2
128
12.2333
129
12.2667
129
12.3
129
12.3333
130
12.3667
130
12.4
130
12.4333
130
12.4667
130
12.5
130
12.5333
131
12.5667
133
12.6
133
12.6333
133
12.6667
133
12.7
133
12.7333
133
12.7667
133
12.8
133
12.8333
133
12.8667
134
12.9
135
12.9333
135
12.9667
135
13
135
13.0333
136
13.0667
136
13.1
136
13.1333
137
13.1667
137
13.2
138
13.2333
138
13.2667
138
13.3
138
13.3333
139
13.3667
141
13.4
141
13.4333
141
13.4667
141
13.5
141
13.5333
142
13.5667
142
13.6
144
13.6333
146
13.6667
146
13.7
147
13.7333
149
13.7667
149
13.8
149
13.8333
150
13.8667
150
13.9
151
13.9333
153
13.9667
153
14
155
14.0333
155
14.0667
156
14.1
157
14.1333
158
14.1667
158
14.2
159
14.2333
159
14.2667
159
14.3
161
14.3333
161
14.3667
163
14.4
163
14.4333
163
14.4667
163
14.5
163
14.5333
164
14.5667
164
14.6
164
14.6333
164
14.6667
164
14.7
165
14.7333
165
14.7667
166
14.8
166
14.8333
166
14.8667
166
14.9
166
14.9333
167
14.9667
167
15
167
15.0333
167
15.0667
168
15.1
168
15.1333
169
15.1667
169
15.2
169
15.2333
171
15.2667
172
15.3
174
15.3333
175
15.3667
175
15.4
176
15.4333
176
15.4667
179
15.5
180
15.5333
181
15.5667
184
15.6
184
15.6333
184
15.6667
184
15.7
184
15.7333
184
15.7667
184
15.8
184
15.8333
184
15.8667
184
15.9
185
15.9333
185
15.9667
185
16
185
16.0333
185
16.0667
187
16.1
187
16.1333
188
16.1667
189
16.2
189
16.2333
189
16.2667
189
16.3
189
16.3333
189
16.3667
190
16.4
190
16.4333
190
16.4667
191
16.5
192
16.5333
192
16.5667
192
16.6
193
16.6333
194
16.6667
195
16.7
195
16.7333
195
16.7667
195
16.8
195
16.8333
195
16.8667
195
16.9
195
16.9333
195
16.9667
195
17
195
17.0333
195
17.0667
195
17.1
195
17.1333
196
17.1667
196
17.2
197
17.2333
197
17.2667
197
17.3
198
17.3333
199
17.3667
199
17.4
200
17.4333
200
17.4667
200
17.5
202
17.5333
202
17.5667
202
17.6
202
17.6333
202
17.6667
203
17.7
203
17.7333
203
17.7667
203
17.8
204
17.8333
205
17.8667
205
17.9
205
17.9333
205
17.9667
205
18
205
18.0333
205
18.0667
205
18.1
205
18.1333
206
18.1667
206
18.2
206
18.2333
206
18.2667
206
18.3
207
18.3333
207
18.3667
207
18.4
207
18.4333
207
18.4667
207
18.5
207
18.5333
207
18.5667
208
18.6
208
18.6333
209
18.6667
210
18.7
210
18.7333
210
18.7667
211
18.8
211
18.8333
213
18.8667
213
18.9
213
18.9333
213
18.9667
213
19
214
19.0333
214
19.0667
214
19.1
214
19.1333
214
19.1667
214
19.2
214
19.2333
215
19.2667
216
19.3
216
19.3333
217
19.3667
217
19.4
217
19.4333
218
19.4667
218
19.5
220
19.5333
222
19.5667
222
19.6
223
19.6333
225
19.6667
226
19.7
227
19.7333
227
19.7667
228
19.8
228
19.8333
231
19.8667
231
19.9
232
19.9333
233
19.9667
233
20
234
20.0333
234
20.0667
235
20.1
237
20.1333
240
20.1667
243
20.2
244
20.2333
247
20.2667
248
20.3
249
20.3333
249
20.3667
252
20.4
254
20.4333
256
20.4667
256
20.5
258
20.5333
259
20.5667
259
20.6
259
20.6333
260
20.6667
261
20.7
263
20.7333
263
20.7667
263
20.8
263
20.8333
263
20.8667
263
20.9
265
20.9333
265
20.9667
265
21
265
21.0333
265
21.0667
266
21.1
266
21.1333
266
21.1667
267
21.2
267
21.2333
268
21.2667
268
21.3
269
21.3333
269
21.3667
269
21.4
269
21.4333
269
21.4667
270
21.5
271
21.5333
272
21.5667
273
21.6
274
21.6333
276
21.6667
276
21.7
277
21.7333
279
21.7667
280
21.8
282
21.8333
283
21.8667
284
21.9
284
21.9333
284
21.9667
286
22
288
22.0333
288
22.0667
288
22.1
288
22.1333
288
22.1667
289
22.2
289
22.2333
289
22.2667
290
22.3
290
22.3333
290
22.3667
290
22.4
291
22.4333
291
22.4667
291
22.5
292
22.5333
292
22.5667
292
22.6
292
22.6333
292
22.6667
293
22.7
294
22.7333
294
22.7667
294
22.8
295
22.8333
295
22.8667
295
22.9
295
22.9333
295
22.9667
295
23
296
23.0333
296
23.0667
296
23.1
296
23.1333
296
23.1667
297
23.2
297
23.2333
297
23.2667
297
23.3
297
23.3333
298
23.3667
298
23.4
298
23.4333
298
23.4667
298
23.5
298
23.5333
299
23.5667
299
23.6
299
23.6333
299
23.6667
299
23.7
300
23.7333
301
23.7667
301
23.8
302
23.8333
302
23.8667
302
23.9
302
23.9333
302
23.9667
302
24
303
24.0333
303
24.0667
303
24.1
303
24.1333
303
24.1667
303
24.2
304
24.2333
304
24.2667
304
24.3
304
24.3333
304
24.3667
304
24.4
304
24.4333
304
24.4667
304
24.5
304
24.5333
305
24.5667
306
24.6
306
24.6333
306
24.6667
306
24.7
306
24.7333
306
24.7667
306
24.8
306
24.8333
306
24.8667
307
24.9
307
24.9333
308
24.9667
309
25
310
25.0333
310
25.0667
310
25.1
310
25.1333
310
25.1667
310
25.2
310
25.2333
310
25.2667
310
25.3
310
25.3333
310
25.3667
310
25.4
311
25.4333
311
25.4667
311
25.5
311
25.5333
311
25.5667
311
25.6
311
25.6333
311
25.6667
311
25.7
311
25.7333
311
25.7667
311
25.8
311
25.8333
311
25.8667
313
25.9
314
25.9333
314
25.9667
315
26
315
26.0333
315
26.0667
317
26.1
319
26.1333
319
26.1667
320
26.2
320
26.2333
320
26.2667
320
26.3
320
26.3333
320
26.3667
320
26.4
320
26.4333
321
26.4667
321
26.5
321
26.5333
321
26.5667
321
26.6
321
26.6333
321
26.6667
321
26.7
321
26.7333
321
26.7667
321
26.8
321
26.8333
321
26.8667
321
26.9
321
26.9333
321
26.9667
321
27
321
27.0333
321
27.0667
321
27.1
321
27.1333
321
27.1667
321
27.2
321
27.2333
321
27.2667
321
27.3
321
27.3333
321
27.3667
321
27.4
321
27.4333
321
27.4667
321
27.5
321
27.5333
321
27.5667
322
27.6
323
27.6333
323
27.6667
323
27.7
324
27.7333
324
27.7667
324
27.8
324
27.8333
324
27.8667
324
27.9
324
27.9333
324
27.9667
324
28
324
28.0333
324
28.0667
324
28.1
324
28.1333
324
28.1667
324
28.2
325
28.2333
325
28.2667
325
28.3
325
28.3333
325
28.3667
325
28.4
325
28.4333
325
28.4667
325
28.5
325
28.5333
325
28.5667
325
28.6
325
28.6333
325
28.6667
325
28.7
325
28.7333
325
28.7667
325
28.8
326
28.8333
326
28.8667
326
28.9
326
28.9333
326
28.9667
326
29
326
29.0333
326
29.0667
326
29.1
326
29.1333
327
29.1667
328
29.2
328
29.2333
328
29.2667
329
29.3
329
29.3333
330
29.3667
330
29.4
330
29.4333
330
29.4667
330
29.5
330
29.5333
330
29.5667
330
29.6
330
29.6333
331
29.6667
331
29.7
331
29.7333
331
29.7667
331
29.8
331
29.8333
331
29.8667
331
29.9
331
29.9333
331
29.9667
331
30
331
30.0333
331
30.0667
331
30.1
331
30.1333
331
30.1667
331
30.2
331
30.2333
331
30.2667
331
30.3
331
30.3333
331
30.3667
331
30.4
331
30.4333
331
30.4667
331
30.5
331
30.5333
331
30.5667
331
30.6
331
30.6333
331
30.6667
331
30.7
331
30.7333
331
30.7667
331
30.8
331
30.8333
331
30.8667
331
30.9
331
30.9333
331
30.9667
332
31
332
31.0333
332
31.0667
332
31.1
332
31.1333
332
31.1667
332
31.2
332
31.2333
332
31.2667
332
31.3
332
31.3333
332
31.3667
332
31.4
332
31.4333
332
31.4667
332
31.5
332
31.5333
332
31.5667
332
31.6
332
31.6333
333
31.6667
333
31.7
333
31.7333
333
31.7667
333
31.8
333
31.8333
333
31.8667
333
31.9
333
31.9333
333
31.9667
333
32
333
32.0333
333
32.0667
333
32.1
333
32.1333
333
32.1667
333
32.2
333
32.2333
333
32.2667
334
32.3
334
32.3333
334
32.3667
334
32.4
335
32.4333
335
32.4667
335
32.5
335
32.5333
335
32.5667
335
32.6
335
32.6333
335
32.6667
335
32.7
335
32.7333
336
32.7667
336
32.8
336
32.8333
336
32.8667
336
32.9
336
32.9333
336
32.9667
336
33
336
33.0333
336
33.0667
336
33.1
336
33.1333
336
33.1667
336
33.2
336
33.2333
336
33.2667
336
33.3
336
33.3333
336
33.3667
336
33.4
336
33.4333
336
33.4667
337
33.5
337
33.5333
338
33.5667
338
33.6
339
33.6333
339
33.6667
339
33.7
339
33.7333
339
33.7667
339
33.8
339
33.8333
339
33.8667
339
33.9
339
33.9333
339
33.9667
339
34
339
34.0333
339
34.0667
339
34.1
339
34.1333
340
34.1667
340
34.2
341
34.2333
341
34.2667
341
34.3
341
34.3333
341
34.3667
341
34.4
341
34.4333
341
34.4667
341
34.5
341
34.5333
341
34.5667
341
34.6
341
34.6333
341
34.6667
341
34.7
341
34.7333
341
34.7667
341
34.8
341
34.8333
341
34.8667
341
34.9
341
34.9333
341
34.9667
341
35
341
35.0333
341
35.0667
341
35.1
341
35.1333
341
35.1667
341
35.2
341
35.2333
341
35.2667
341
35.3
341
35.3333
341
35.3667
341
35.4
341
35.4333
341
35.4667
341
35.5
341
35.5333
341
35.5667
341
35.6
341
35.6333
341
35.6667
341
35.7
341
35.7333
341
35.7667
341
35.8
341
35.8333
341
35.8667
341
35.9
341
35.9333
341
35.9667
341
36
341
36.0333
341
36.0667
341
36.1
341
36.1333
341
36.1667
341
36.2
341
36.2333
341
36.2667
341
36.3
341
36.3333
341
36.3667
341
36.4
341
36.4333
341
36.4667
341
36.5
341
36.5333
341
36.5667
341
36.6
341
36.6333
341
36.6667
341
36.7
341
36.7333
341
36.7667
341
36.8
341
36.8333
341
36.8667
341
36.9
341
36.9333
341
36.9667
341
37
341
37.0333
341
37.0667
341
37.1
341
37.1333
341
37.1667
341
37.2
341
37.2333
341
37.2667
341
37.3
341
37.3333
341
37.3667
341
37.4
341
37.4333
341
37.4667
341
37.5
341
37.5333
341
37.5667
341
37.6
341
37.6333
341
37.6667
341
37.7
341
37.7333
341
37.7667
341
37.8
341
37.8333
342
37.8667
342
37.9
343
37.9333
343
37.9667
343
38
343
38.0333
343
38.0667
343
38.1
343
38.1333
343
38.1667
343
38.2
343
38.2333
343
38.2667
343
38.3
343
38.3333
343
38.3667
343
38.4
343
38.4333
343
38.4667
343
38.5
343
38.5333
343
38.5667
343
38.6
343
38.6333
343
38.6667
343
38.7
343
38.7333
343
38.7667
343
38.8
344
38.8333
344
38.8667
344
38.9
345
38.9333
345
38.9667
345
39
345
39.0333
345
39.0667
345
39.1
345
39.1333
345
39.1667
345
39.2
345
39.2333
345
39.2667
346
39.3
346
39.3333
346
39.3667
346
39.4
346
39.4333
348
39.4667
348
39.5
348
39.5333
348
39.5667
349
39.6
349
39.6333
349
39.6667
349
39.7
349
39.7333
349
39.7667
350
39.8
350
39.8333
350
39.8667
350
39.9
350
39.9333
351
39.9667
351
40
351
40.0333
351
40.0667
352
40.1
352
40.1333
352
40.1667
353
40.2
353
40.2333
354
40.2667
354
40.3
354
40.3333
354
40.3667
354
40.4
354
40.4333
354
40.4667
355
40.5
355
40.5333
355
40.5667
355
40.6
355
40.6333
355
40.6667
355
40.7
355
40.7333
356
40.7667
356
40.8
356
40.8333
356
40.8667
356
40.9
356
40.9333
357
40.9667
357
41
357
41.0333
357
41.0667
357
41.1
357
41.1333
357
41.1667
357
41.2
357
41.2333
357
41.2667
357
41.3
357
41.3333
357
41.3667
357
41.4
357
41.4333
357
41.4667
357
41.5
357
41.5333
357
41.5667
357
41.6
357
41.6333
357
41.6667
357
41.7
357
41.7333
357
41.7667
357
41.8
357
41.8333
357
41.8667
357
41.9
357
41.9333
357
41.9667
357
42
357
42.0333
357
42.0667
357
42.1
357
42.1333
357
42.1667
357
42.2
357
42.2333
357
42.2667
357
42.3
357
42.3333
357
42.3667
357
42.4
357
42.4333
357
42.4667
357
42.5
357
42.5333
357
42.5667
357
42.6
357
42.6333
357
42.6667
357
42.7
357
42.7333
357
42.7667
357
42.8
357
42.8333
357
42.8667
357
42.9
357
42.9333
357
42.9667
357
43
357
43.0333
357
43.0667
357
43.1
357
43.1333
357
43.1667
357
43.2
357
43.2333
357
43.2667
357
43.3
357
43.3333
357
43.3667
357
43.4
357
43.4333
357
43.4667
357
43.5
357
43.5333
357
43.5667
357
43.6
357
43.6333
357
43.6667
357
43.7
357
43.7333
357
43.7667
357
43.8
357
43.8333
357
43.8667
357
43.9
357
43.9333
357
43.9667
357
44
358
44.0333
358
44.0667
358
44.1
358
44.1333
358
44.1667
358
44.2
358
44.2333
358
44.2667
358
44.3
358
44.3333
358
44.3667
358
44.4
358
44.4333
358
44.4667
358
44.5
358
44.5333
358
44.5667
358
44.6
358
44.6333
358
44.6667
358
44.7
358
44.7333
358
44.7667
358
44.8
358
44.8333
358
44.8667
358
44.9
358
44.9333
358
44.9667
358
45
358
45.0333
358
45.0667
358
45.1
358
45.1333
359
45.1667
359
45.2
359
45.2333
359
45.2667
359
45.3
359
45.3333
359
45.3667
359
45.4
359
45.4333
359
45.4667
359
45.5
359
45.5333
359
45.5667
359
45.6
359
45.6333
359
45.6667
359
45.7
359
45.7333
359
45.7667
359
45.8
359
45.8333
359
45.8667
359
45.9
359
45.9333
359
45.9667
359
46
359
46.0333
359
46.0667
359
46.1
359
46.1333
359
46.1667
359
46.2
359
46.2333
359
46.2667
359
46.3
359
46.3333
359
46.3667
359
46.4
359
46.4333
359
46.4667
359
46.5
359
46.5333
359
46.5667
359
46.6
359
46.6333
359
46.6667
359
46.7
359
46.7333
359
46.7667
359
46.8
359
46.8333
359
46.8667
359
46.9
359
46.9333
359
46.9667
359
47
359
47.0333
359
47.0667
359
47.1
359
47.1333
359
47.1667
359
47.2
359
47.2333
359
47.2667
359
47.3
359
47.3333
359
47.3667
359
47.4
359
47.4333
359
47.4667
359
47.5
359
47.5333
359
47.5667
359
47.6
359
47.6333
359
47.6667
359
47.7
359
47.7333
359
47.7667
359
47.8
359
47.8333
359
47.8667
359
47.9
359
47.9333
359
47.9667
359
48
359
48.0333
359
48.0667
359
48.1
359
48.1333
359
48.1667
359
48.2
359
48.2333
359
48.2667
359
48.3
359
48.3333
359
48.3667
359
48.4
359
48.4333
359
48.4667
359
48.5
359
48.5333
359
48.5667
359
48.6
359
48.6333
359
48.6667
360
48.7
360
48.7333
360
48.7667
360
48.8
360
48.8333
360
48.8667
360
48.9
360
48.9333
360
48.9667
360
49
360
49.0333
360
49.0667
360
49.1
360
49.1333
360
49.1667
360
49.2
360
49.2333
360
49.2667
360
49.3
360
49.3333
360
49.3667
360
49.4
360
49.4333
360
49.4667
361
49.5
361
49.5333
361
49.5667
361
49.6
361
49.6333
361
49.6667
361
49.7
361
49.7333
361
49.7667
361
49.8
361
49.8333
361
49.8667
361
49.9
361
49.9333
361
49.9667
361
50
361
50.0333
361
50.0667
361
50.1
361
50.1333
361
50.1667
361
50.2
361
50.2333
361
50.2667
361
50.3
361
50.3333
361
50.3667
361
50.4
362
50.4333
362
50.4667
362
50.5
362
50.5333
362
50.5667
362
50.6
362
50.6333
362
50.6667
362
50.7
362
50.7333
362
50.7667
362
50.8
362
50.8333
362
50.8667
362
50.9
362
50.9333
362
50.9667
362
51
362
51.0333
362
51.0667
362
51.1
362
51.1333
362
51.1667
362
51.2
362
51.2333
362
51.2667
362
51.3
362
51.3333
362
51.3667
362
51.4
362
51.4333
362
51.4667
362
51.5
362
51.5333
362
51.5667
362
51.6
362
51.6333
362
51.6667
362
51.7
362
51.7333
362
51.7667
362
51.8
362
51.8333
362
51.8667
362
51.9
362
51.9333
362
51.9667
362
52
362
52.0333
362
52.0667
362
52.1
362
52.1333
362
52.1667
362
52.2
362
52.2333
362
52.2667
362
52.3
362
52.3333
362
52.3667
362
52.4
362
52.4333
362
52.4667
362
52.5
362
52.5333
362
52.5667
362
52.6
362
52.6333
362
52.6667
362
52.7
362
52.7333
362
52.7667
362
52.8
362
52.8333
362
52.8667
362
52.9
362
52.9333
362
52.9667
362
53
362
53.0333
362
53.0667
362
53.1
362
53.1333
362
53.1667
362
53.2
362
53.2333
362
53.2667
362
53.3
362
53.3333
362
