0
1
0.0333333
1
0.0666667
1
0.1
1
0.133333
1
0.166667
1
0.2
1
0.233333
1
0.266667
1
0.3
1
0.333333
1
0.366667
1
0.4
1
0.433333
1
0.466667
1
0.5
1
0.533333
1
0.566667
1
0.6
1
0.633333
1
0.666667
1
0.7
1
0.733333
1
0.766667
1
0.8
1
0.833333
1
0.866667
1
0.9
1
0.933333
1
0.966667
1
1
1
1.03333
1
1.06667
1
1.1
1
1.13333
1
1.16667
1
1.2
1
1.23333
1
1.26667
1
1.3
1
1.33333
1
1.36667
1
1.4
1
1.43333
1
1.46667
1
1.5
1
1.53333
1
1.56667
1
1.6
1
1.63333
1
1.66667
1
1.7
1
1.73333
1
1.76667
1
1.8
1
1.83333
1
1.86667
1
1.9
1
1.93333
1
1.96667
1
2
1
2.03333
1
2.06667
1
2.1
1
2.13333
1
2.16667
1
2.2
1
2.23333
1
2.26667
1
2.3
1
2.33333
1
2.36667
1
2.4
1
2.43333
1
2.46667
1
2.5
1
2.53333
1
2.56667
1
2.6
1
2.63333
1
2.66667
1
2.7
1
2.73333
1
2.76667
1
2.8
1
2.83333
1
2.86667
1
2.9
1
2.93333
1
2.96667
1
3
1
3.03333
1
3.06667
1
3.1
1
3.13333
1
3.16667
1
3.2
1
3.23333
1
3.26667
1
3.3
1
3.33333
1
3.36667
1
3.4
1
3.43333
1
3.46667
1
3.5
1
3.53333
1
3.56667
1
3.6
1
3.63333
1
3.66667
1
3.7
1
3.73333
1
3.76667
1
3.8
1
3.83333
1
3.86667
1
3.9
1
3.93333
1
3.96667
1
4
1
4.03333
1
4.06667
1
4.1
1
4.13333
1
4.16667
1
4.2
1
4.23333
1
4.26667
1
4.3
1
4.33333
1
4.36667
1
4.4
1
4.43333
1
4.46667
1
4.5
1
4.53333
1
4.56667
1
4.6
1
4.63333
1
4.66667
1
4.7
1
4.73333
1
4.76667
1
4.8
1
4.83333
1
4.86667
1
4.9
1
4.93333
1
4.96667
1
5
1
5.03333
1
5.06667
1
5.1
1
5.13333
1
5.16667
1
5.2
1
5.23333
2
5.26667
3
5.3
5
5.33333
7
5.36667
7
5.4
7
5.43333
7
5.46667
7
5.5
8
5.53333
8
5.56667
8
5.6
9
5.63333
10
5.66667
11
5.7
11
5.73333
11
5.76667
12
5.8
13
5.83333
16
5.86667
16
5.9
16
5.93333
17
5.96667
17
6
17
6.03333
17
6.06667
17
6.1
19
6.13333
21
6.16667
22
6.2
22
6.23333
23
6.26667
23
6.3
26
6.33333
27
6.36667
28
6.4
29
6.43333
30
6.46667
31
6.5
33
6.53333
34
6.56667
38
6.6
40
6.63333
46
6.66667
48
6.7
49
6.73333
50
6.76667
52
6.8
54
6.83333
55
6.86667
58
6.9
59
6.93333
62
6.96667
69
7
73
7.03333
74
7.06667
76
7.1
77
7.13333
80
7.16667
84
7.2
86
7.23333
87
7.26667
88
7.3
88
7.33333
88
7.36667
91
7.4
93
7.43333
96
7.46667
96
7.5
97
7.53333
99
7.56667
102
7.6
103
7.63333
105
7.66667
107
7.7
107
7.73333
108
7.76667
110
7.8
111
7.83333
113
7.86667
114
7.9
116
7.93333
116
7.96667
117
8
117
8.03333
118
8.06667
119
8.1
120
8.13333
122
8.16667
128
8.2
128
8.23333
129
8.26667
131
8.3
135
8.33333
138
8.36667
139
8.4
142
8.43333
143
8.46667
148
8.5
150
8.53333
153
8.56667
154
8.6
155
8.63333
156
8.66667
160
8.7
163
8.73333
166
8.76667
166
8.8
169
8.83333
171
8.86667
171
8.9
174
8.93333
174
8.96667
177
9
178
9.03333
179
9.06667
182
9.1
183
9.13333
184
9.16667
186
9.2
190
9.23333
191
9.26667
194
9.3
195
9.33333
196
9.36667
197
9.4
197
9.43333
197
9.46667
197
9.5
198
9.53333
198
9.56667
198
9.6
200
9.63333
200
9.66667
201
9.7
204
9.73333
205
9.76667
205
9.8
205
9.83333
208
9.86667
209
9.9
211
9.93333
213
9.96667
214
10
215
10.0333
216
10.0667
217
10.1
218
10.1333
223
10.1667
224
10.2
224
10.2333
226
10.2667
227
10.3
230
10.3333
230
10.3667
230
10.4
231
10.4333
233
10.4667
234
10.5
234
10.5333
234
10.5667
235
10.6
236
10.6333
237
10.6667
237
10.7
238
10.7333
238
10.7667
238
10.8
239
10.8333
239
10.8667
240
10.9
240
10.9333
241
10.9667
242
11
242
11.0333
242
11.0667
242
11.1
243
11.1333
244
11.1667
245
11.2
246
11.2333
248
11.2667
248
11.3
249
11.3333
249
11.3667
250
11.4
250
11.4333
252
11.4667
253
11.5
255
11.5333
255
11.5667
256
11.6
258
11.6333
258
11.6667
258
11.7
258
11.7333
259
11.7667
259
11.8
262
11.8333
262
11.8667
263
11.9
264
11.9333
265
11.9667
265
12
266
12.0333
267
12.0667
270
12.1
270
12.1333
270
12.1667
270
12.2
271
12.2333
274
12.2667
276
12.3
276
12.3333
276
12.3667
276
12.4
278
12.4333
278
12.4667
278
12.5
278
12.5333
279
12.5667
279
12.6
280
12.6333
282
12.6667
283
12.7
284
12.7333
284
12.7667
286
12.8
287
12.8333
290
12.8667
291
12.9
291
12.9333
291
12.9667
291
13
292
13.0333
293
13.0667
295
13.1
297
13.1333
298
13.1667
298
13.2
299
13.2333
299
13.2667
299
13.3
300
13.3333
300
13.3667
300
13.4
301
13.4333
301
13.4667
301
13.5
303
13.5333
305
13.5667
306
13.6
307
13.6333
308
13.6667
308
13.7
308
13.7333
308
13.7667
309
13.8
309
13.8333
309
13.8667
309
13.9
312
13.9333
313
13.9667
313
14
314
14.0333
315
14.0667
315
14.1
315
14.1333
318
14.1667
319
14.2
319
14.2333
320
14.2667
320
14.3
322
14.3333
323
14.3667
323
14.4
323
14.4333
324
14.4667
324
14.5
327
14.5333
328
14.5667
329
14.6
329
14.6333
329
14.6667
330
14.7
331
14.7333
332
14.7667
333
14.8
333
14.8333
333
14.8667
333
14.9
333
14.9333
333
14.9667
333
15
333
15.0333
334
15.0667
335
15.1
335
15.1333
335
15.1667
337
15.2
338
15.2333
340
15.2667
340
15.3
341
15.3333
343
15.3667
343
15.4
343
15.4333
343
15.4667
343
15.5
344
15.5333
348
15.5667
349
15.6
349
15.6333
349
15.6667
350
15.7
352
15.7333
352
15.7667
352
15.8
353
15.8333
354
15.8667
355
15.9
355
15.9333
356
15.9667
356
16
356
16.0333
357
16.0667
358
16.1
359
16.1333
359
16.1667
360
16.2
360
16.2333
360
16.2667
361
16.3
363
16.3333
364
16.3667
365
16.4
365
16.4333
365
16.4667
365
16.5
366
16.5333
366
16.5667
366
16.6
368
16.6333
369
16.6667
369
16.7
369
16.7333
370
16.7667
370
16.8
371
16.8333
371
16.8667
371
16.9
371
16.9333
371
16.9667
373
17
374
17.0333
374
17.0667
374
17.1
374
17.1333
374
17.1667
376
17.2
376
17.2333
376
17.2667
376
17.3
376
17.3333
378
17.3667
380
17.4
383
17.4333
384
17.4667
384
17.5
384
17.5333
385
17.5667
387
17.6
387
17.6333
388
17.6667
388
17.7
388
17.7333
390
17.7667
391
17.8
392
17.8333
392
17.8667
392
17.9
392
17.9333
393
17.9667
393
18
393
18.0333
394
18.0667
394
18.1
396
18.1333
397
18.1667
397
18.2
397
18.2333
397
18.2667
398
18.3
401
18.3333
402
18.3667
403
18.4
404
18.4333
404
18.4667
404
18.5
404
18.5333
404
18.5667
404
18.6
404
18.6333
404
18.6667
404
18.7
405
18.7333
405
18.7667
406
18.8
408
18.8333
408
18.8667
410
18.9
411
18.9333
411
18.9667
411
19
411
19.0333
412
19.0667
414
19.1
414
19.1333
416
19.1667
417
19.2
417
19.2333
417
19.2667
417
19.3
417
19.3333
417
19.3667
419
19.4
419
19.4333
419
19.4667
419
19.5
421
19.5333
421
19.5667
422
19.6
423
19.6333
424
19.6667
424
19.7
425
19.7333
425
19.7667
425
19.8
425
19.8333
425
19.8667
426
19.9
426
19.9333
427
19.9667
428
20
429
20.0333
430
20.0667
431
20.1
432
20.1333
434
20.1667
435
20.2
436
20.2333
436
20.2667
437
20.3
438
20.3333
438
20.3667
438
20.4
438
20.4333
438
20.4667
438
20.5
438
20.5333
438
20.5667
438
20.6
438
20.6333
439
20.6667
440
20.7
440
20.7333
440
20.7667
440
20.8
440
20.8333
440
20.8667
440
20.9
440
20.9333
440
20.9667
441
21
441
21.0333
442
21.0667
442
21.1
442
21.1333
443
21.1667
444
21.2
445
21.2333
445
21.2667
445
21.3
445
21.3333
445
21.3667
445
21.4
446
21.4333
447
21.4667
448
21.5
448
21.5333
449
21.5667
449
21.6
449
21.6333
449
21.6667
449
21.7
449
21.7333
449
21.7667
449
21.8
449
21.8333
449
21.8667
450
21.9
451
21.9333
452
21.9667
452
22
452
22.0333
452
22.0667
452
22.1
452
22.1333
452
22.1667
452
22.2
452
22.2333
452
22.2667
452
22.3
453
22.3333
454
22.3667
454
22.4
454
22.4333
454
22.4667
454
22.5
454
22.5333
454
22.5667
454
22.6
454
22.6333
454
22.6667
454
22.7
454
22.7333
454
22.7667
454
22.8
454
22.8333
455
22.8667
456
22.9
456
22.9333
456
22.9667
456
23
456
23.0333
456
23.0667
456
23.1
456
23.1333
457
23.1667
457
23.2
457
23.2333
457
23.2667
458
23.3
458
23.3333
458
23.3667
458
23.4
458
23.4333
458
23.4667
460
23.5
460
23.5333
460
23.5667
461
23.6
461
23.6333
461
23.6667
461
23.7
461
23.7333
461
23.7667
461
23.8
461
23.8333
461
23.8667
461
23.9
461
23.9333
462
23.9667
463
24
463
24.0333
463
24.0667
463
24.1
464
24.1333
464
24.1667
464
24.2
464
24.2333
464
24.2667
464
24.3
464
24.3333
465
24.3667
466
24.4
467
24.4333
467
24.4667
467
24.5
467
24.5333
467
24.5667
467
24.6
467
24.6333
468
24.6667
468
24.7
469
24.7333
469
24.7667
469
24.8
469
24.8333
469
24.8667
471
24.9
471
24.9333
471
24.9667
474
25
474
25.0333
474
25.0667
474
25.1
475
25.1333
475
25.1667
475
25.2
475
25.2333
475
25.2667
476
25.3
476
25.3333
476
25.3667
476
25.4
476
25.4333
477
25.4667
477
25.5
477
25.5333
477
25.5667
478
25.6
478
25.6333
478
25.6667
479
25.7
479
25.7333
479
25.7667
479
25.8
479
25.8333
480
25.8667
480
25.9
481
25.9333
481
25.9667
482
26
482
26.0333
482
26.0667
482
26.1
483
26.1333
483
26.1667
483
26.2
483
26.2333
483
26.2667
483
26.3
484
26.3333
484
26.3667
484
26.4
485
26.4333
485
26.4667
485
26.5
485
26.5333
485
26.5667
486
26.6
486
26.6333
486
26.6667
486
26.7
486
26.7333
487
26.7667
487
26.8
488
26.8333
488
26.8667
489
26.9
491
26.9333
491
26.9667
491
27
491
27.0333
491
27.0667
492
27.1
493
27.1333
493
27.1667
493
27.2
494
27.2333
494
27.2667
495
27.3
496
27.3333
497
27.3667
497
27.4
497
27.4333
497
27.4667
497
27.5
499
27.5333
499
27.5667
500
27.6
501
27.6333
501
27.6667
502
27.7
504
27.7333
504
27.7667
504
27.8
504
27.8333
504
27.8667
504
27.9
505
27.9333
505
27.9667
505
28
506
28.0333
506
28.0667
508
28.1
508
28.1333
508
28.1667
508
28.2
508
28.2333
508
28.2667
508
28.3
508
28.3333
510
28.3667
510
28.4
510
28.4333
510
28.4667
510
28.5
510
28.5333
510
28.5667
511
28.6
511
28.6333
511
28.6667
511
28.7
511
28.7333
511
28.7667
511
28.8
511
28.8333
511
28.8667
512
28.9
513
28.9333
513
28.9667
513
29
514
29.0333
515
29.0667
516
29.1
516
29.1333
516
29.1667
517
29.2
517
29.2333
517
29.2667
517
29.3
517
29.3333
517
29.3667
519
29.4
519
29.4333
519
29.4667
519
29.5
519
29.5333
519
29.5667
519
29.6
519
29.6333
519
29.6667
519
29.7
520
29.7333
520
29.7667
520
29.8
520
29.8333
520
29.8667
520
29.9
520
29.9333
520
29.9667
521
30
521
30.0333
521
30.0667
521
30.1
521
30.1333
521
30.1667
521
30.2
521
30.2333
521
30.2667
521
30.3
522
30.3333
522
30.3667
522
30.4
522
30.4333
522
30.4667
522
30.5
522
30.5333
522
30.5667
522
30.6
522
30.6333
522
30.6667
523
30.7
523
30.7333
523
30.7667
523
30.8
523
30.8333
523
30.8667
524
30.9
525
30.9333
525
30.9667
526
31
527
31.0333
527
31.0667
527
31.1
527
31.1333
528
31.1667
528
31.2
528
31.2333
528
31.2667
528
31.3
528
31.3333
528
31.3667
528
31.4
528
31.4333
528
31.4667
528
31.5
528
31.5333
528
31.5667
528
31.6
528
31.6333
529
31.6667
529
31.7
529
31.7333
529
31.7667
529
31.8
529
31.8333
529
31.8667
529
31.9
529
31.9333
529
31.9667
530
32
531
32.0333
532
32.0667
532
32.1
532
32.1333
532
32.1667
532
32.2
532
32.2333
532
32.2667
532
32.3
532
32.3333
532
32.3667
532
32.4
532
32.4333
532
32.4667
532
32.5
532
32.5333
532
32.5667
533
32.6
533
32.6333
533
32.6667
533
32.7
533
32.7333
534
32.7667
535
32.8
536
32.8333
536
32.8667
536
32.9
536
32.9333
536
32.9667
536
33
536
33.0333
536
33.0667
539
33.1
539
33.1333
539
33.1667
539
33.2
539
33.2333
539
33.2667
541
33.3
543
33.3333
545
33.3667
545
33.4
545
33.4333
545
33.4667
545
33.5
545
33.5333
546
33.5667
546
33.6
546
33.6333
546
33.6667
546
33.7
546
33.7333
546
33.7667
546
33.8
546
33.8333
548
33.8667
549
33.9
549
33.9333
549
33.9667
549
34
549
34.0333
549
34.0667
549
34.1
549
34.1333
549
34.1667
549
34.2
549
34.2333
549
34.2667
549
34.3
549
34.3333
549
34.3667
549
34.4
549
34.4333
549
34.4667
549
34.5
550
34.5333
550
34.5667
550
34.6
550
34.6333
551
34.6667
551
34.7
552
34.7333
553
34.7667
554
34.8
555
34.8333
555
34.8667
555
34.9
555
34.9333
555
34.9667
555
35
555
35.0333
557
35.0667
557
35.1
557
35.1333
558
35.1667
558
35.2
558
35.2333
558
35.2667
558
35.3
559
35.3333
559
35.3667
559
35.4
559
35.4333
559
35.4667
559
35.5
560
35.5333
560
35.5667
560
35.6
560
35.6333
560
35.6667
560
35.7
560
35.7333
560
35.7667
560
35.8
560
35.8333
560
35.8667
560
35.9
560
35.9333
560
35.9667
560
36
560
36.0333
560
36.0667
560
36.1
560
36.1333
560
36.1667
560
36.2
560
36.2333
560
36.2667
560
36.3
560
36.3333
560
36.3667
560
36.4
560
36.4333
560
36.4667
560
36.5
560
36.5333
560
36.5667
560
36.6
560
36.6333
560
36.6667
560
36.7
560
36.7333
560
36.7667
560
36.8
560
36.8333
560
36.8667
560
36.9
560
36.9333
560
36.9667
560
37
561
37.0333
561
37.0667
561
37.1
561
37.1333
561
37.1667
561
37.2
561
37.2333
561
37.2667
561
37.3
561
37.3333
561
37.3667
562
37.4
562
37.4333
562
37.4667
562
37.5
563
37.5333
563
37.5667
563
37.6
563
37.6333
563
37.6667
563
37.7
563
37.7333
563
37.7667
563
37.8
563
37.8333
563
37.8667
563
37.9
563
37.9333
563
37.9667
563
38
563
38.0333
563
38.0667
563
38.1
563
38.1333
563
38.1667
563
38.2
563
38.2333
563
38.2667
563
38.3
563
38.3333
563
38.3667
563
38.4
563
38.4333
563
38.4667
563
38.5
563
38.5333
563
38.5667
563
38.6
563
38.6333
563
38.6667
563
38.7
563
38.7333
563
38.7667
563
38.8
563
38.8333
563
38.8667
563
38.9
563
38.9333
563
38.9667
563
39
563
39.0333
563
39.0667
563
39.1
563
39.1333
563
39.1667
563
39.2
564
39.2333
564
39.2667
564
39.3
564
39.3333
564
39.3667
564
39.4
565
39.4333
565
39.4667
565
39.5
565
39.5333
565
39.5667
565
39.6
565
39.6333
565
39.6667
565
39.7
565
39.7333
565
39.7667
565
39.8
565
39.8333
565
39.8667
565
39.9
565
39.9333
565
39.9667
565
40
565
40.0333
565
40.0667
565
40.1
565
40.1333
565
40.1667
565
40.2
565
40.2333
565
40.2667
565
40.3
565
40.3333
565
40.3667
565
40.4
565
40.4333
565
40.4667
565
40.5
565
40.5333
565
40.5667
565
40.6
565
40.6333
565
40.6667
565
40.7
565
40.7333
565
40.7667
565
40.8
565
40.8333
565
40.8667
565
40.9
565
40.9333
565
40.9667
565
41
565
41.0333
565
41.0667
565
41.1
565
41.1333
565
41.1667
565
41.2
565
41.2333
565
41.2667
565
41.3
566
41.3333
566
41.3667
566
41.4
566
41.4333
566
41.4667
566
41.5
566
41.5333
566
41.5667
566
41.6
567
41.6333
567
41.6667
567
41.7
567
41.7333
568
41.7667
568
41.8
568
41.8333
569
41.8667
570
41.9
570
41.9333
570
41.9667
571
42
572
42.0333
572
42.0667
572
42.1
572
42.1333
573
42.1667
573
42.2
574
42.2333
574
42.2667
574
42.3
574
42.3333
574
42.3667
574
42.4
574
42.4333
575
42.4667
575
42.5
576
42.5333
577
42.5667
577
42.6
577
42.6333
577
42.6667
577
42.7
577
42.7333
579
42.7667
579
42.8
579
42.8333
579
42.8667
579
42.9
580
42.9333
580
42.9667
580
43
580
43.0333
581
43.0667
582
43.1
582
43.1333
582
43.1667
583
43.2
583
43.2333
583
43.2667
584
43.3
584
43.3333
584
43.3667
584
43.4
584
43.4333
584
43.4667
584
43.5
584
43.5333
585
43.5667
585
43.6
585
43.6333
585
43.6667
585
43.7
585
43.7333
585
43.7667
585
43.8
585
43.8333
585
43.8667
585
43.9
585
43.9333
585
43.9667
585
44
585
44.0333
585
44.0667
585
44.1
585
44.1333
585
44.1667
585
44.2
585
44.2333
585
44.2667
585
44.3
585
44.3333
585
44.3667
585
44.4
586
44.4333
586
44.4667
586
44.5
586
44.5333
586
44.5667
586
44.6
586
44.6333
586
44.6667
586
44.7
586
44.7333
586
44.7667
586
44.8
586
44.8333
586
44.8667
586
44.9
586
44.9333
586
44.9667
586
45
586
45.0333
586
45.0667
586
45.1
586
45.1333
586
45.1667
586
45.2
586
45.2333
586
45.2667
586
45.3
586
45.3333
587
45.3667
587
45.4
587
45.4333
587
45.4667
587
45.5
587
45.5333
587
45.5667
587
45.6
587
45.6333
587
45.6667
587
45.7
587
45.7333
587
45.7667
587
45.8
587
45.8333
587
45.8667
587
45.9
587
45.9333
587
45.9667
587
46
587
46.0333
587
46.0667
587
46.1
587
46.1333
587
46.1667
587
46.2
587
46.2333
587
46.2667
587
46.3
587
46.3333
587
46.3667
587
46.4
588
46.4333
588
46.4667
588
46.5
588
46.5333
588
46.5667
588
46.6
588
46.6333
588
46.6667
588
46.7
588
46.7333
588
46.7667
588
46.8
589
46.8333
589
46.8667
589
46.9
589
46.9333
589
46.9667
589
47
589
47.0333
589
47.0667
589
47.1
589
47.1333
589
47.1667
589
47.2
589
47.2333
590
47.2667
591
47.3
591
47.3333
591
47.3667
591
47.4
591
47.4333
592
47.4667
592
47.5
592
47.5333
592
47.5667
592
47.6
592
47.6333
592
47.6667
592
47.7
592
47.7333
592
47.7667
592
47.8
592
47.8333
592
47.8667
592
47.9
592
47.9333
593
47.9667
593
48
593
48.0333
593
48.0667
593
48.1
593
48.1333
593
48.1667
593
48.2
593
48.2333
593
48.2667
593
48.3
593
48.3333
593
48.3667
593
48.4
593
48.4333
593
48.4667
593
48.5
593
48.5333
594
48.5667
594
48.6
594
48.6333
594
48.6667
595
48.7
595
48.7333
595
48.7667
595
48.8
595
48.8333
595
48.8667
595
48.9
595
48.9333
595
48.9667
595
49
595
49.0333
595
49.0667
595
49.1
595
49.1333
596
49.1667
596
49.2
596
49.2333
596
49.2667
596
49.3
596
49.3333
596
49.3667
596
49.4
596
49.4333
596
49.4667
596
49.5
596
49.5333
597
49.5667
597
49.6
597
49.6333
597
49.6667
597
49.7
597
49.7333
597
49.7667
597
49.8
597
49.8333
597
49.8667
597
49.9
597
49.9333
597
49.9667
597
50
597
50.0333
598
50.0667
599
50.1
599
50.1333
599
50.1667
599
50.2
599
50.2333
599
50.2667
599
50.3
599
50.3333
599
50.3667
599
50.4
599
50.4333
599
50.4667
599
50.5
599
50.5333
599
50.5667
599
50.6
599
50.6333
599
50.6667
599
50.7
599
50.7333
599
50.7667
599
50.8
599
50.8333
600
50.8667
600
50.9
600
50.9333
600
50.9667
600
51
600
51.0333
600
51.0667
600
51.1
600
51.1333
600
51.1667
600
51.2
600
51.2333
600
51.2667
600
51.3
601
51.3333
601
51.3667
601
51.4
601
51.4333
601
51.4667
601
51.5
601
51.5333
602
51.5667
602
51.6
602
51.6333
602
51.6667
602
51.7
602
51.7333
602
51.7667
602
51.8
602
51.8333
602
51.8667
602
51.9
602
51.9333
602
51.9667
602
52
602
52.0333
602
52.0667
602
52.1
602
52.1333
602
52.1667
602
52.2
602
52.2333
602
52.2667
602
52.3
602
52.3333
602
52.3667
603
52.4
603
52.4333
603
52.4667
603
52.5
603
52.5333
603
52.5667
603
52.6
603
52.6333
603
52.6667
603
52.7
603
52.7333
603
52.7667
603
52.8
603
52.8333
603
52.8667
603
52.9
603
52.9333
603
52.9667
603
53
603
53.0333
603
53.0667
603
53.1
603
53.1333
603
53.1667
603
53.2
603
53.2333
603
53.2667
604
53.3
604
53.3333
604
