0
1
0.0333333
1
0.0666667
1
0.1
1
0.133333
1
0.166667
1
0.2
1
0.233333
1
0.266667
1
0.3
1
0.333333
1
0.366667
1
0.4
1
0.433333
1
0.466667
1
0.5
1
0.533333
1
0.566667
1
0.6
1
0.633333
1
0.666667
1
0.7
1
0.733333
1
0.766667
1
0.8
1
0.833333
1
0.866667
1
0.9
1
0.933333
1
0.966667
1
1
1
1.03333
1
1.06667
1
1.1
1
1.13333
1
1.16667
1
1.2
1
1.23333
1
1.26667
1
1.3
1
1.33333
1
1.36667
1
1.4
1
1.43333
1
1.46667
1
1.5
1
1.53333
1
1.56667
1
1.6
1
1.63333
1
1.66667
1
1.7
1
1.73333
1
1.76667
1
1.8
1
1.83333
1
1.86667
1
1.9
1
1.93333
1
1.96667
1
2
1
2.03333
1
2.06667
1
2.1
1
2.13333
1
2.16667
1
2.2
1
2.23333
1
2.26667
1
2.3
1
2.33333
1
2.36667
1
2.4
1
2.43333
1
2.46667
1
2.5
1
2.53333
1
2.56667
1
2.6
1
2.63333
1
2.66667
1
2.7
1
2.73333
1
2.76667
1
2.8
1
2.83333
1
2.86667
1
2.9
1
2.93333
1
2.96667
1
3
1
3.03333
1
3.06667
1
3.1
1
3.13333
1
3.16667
1
3.2
1
3.23333
1
3.26667
1
3.3
1
3.33333
1
3.36667
1
3.4
1
3.43333
1
3.46667
1
3.5
1
3.53333
1
3.56667
1
3.6
1
3.63333
1
3.66667
1
3.7
1
3.73333
1
3.76667
1
3.8
1
3.83333
1
3.86667
1
3.9
1
3.93333
1
3.96667
1
4
1
4.03333
1
4.06667
1
4.1
1
4.13333
1
4.16667
1
4.2
1
4.23333
1
4.26667
1
4.3
1
4.33333
1
4.36667
1
4.4
1
4.43333
1
4.46667
1
4.5
1
4.53333
1
4.56667
1
4.6
1
4.63333
1
4.66667
2
4.7
2
4.73333
2
4.76667
2
4.8
2
4.83333
2
4.86667
3
4.9
3
4.93333
3
4.96667
3
5
4
5.03333
4
5.06667
4
5.1
4
5.13333
4
5.16667
5
5.2
5
5.23333
5
5.26667
5
5.3
5
5.33333
5
5.36667
5
5.4
5
5.43333
5
5.46667
5
5.5
5
5.53333
5
5.56667
5
5.6
5
5.63333
5
5.66667
6
5.7
6
5.73333
6
5.76667
6
5.8
6
5.83333
6
5.86667
6
5.9
6
5.93333
6
5.96667
6
6
6
6.03333
6
6.06667
6
6.1
6
6.13333
6
6.16667
6
6.2
6
6.23333
7
6.26667
8
6.3
8
6.33333
8
6.36667
9
6.4
10
6.43333
10
6.46667
10
6.5
11
6.53333
11
6.56667
12
6.6
12
6.63333
12
6.66667
13
6.7
14
6.73333
16
6.76667
16
6.8
16
6.83333
18
6.86667
18
6.9
18
6.93333
19
6.96667
19
7
19
7.03333
19
7.06667
19
7.1
19
7.13333
19
7.16667
19
7.2
19
7.23333
19
7.26667
20
7.3
21
7.33333
21
7.36667
21
7.4
21
7.43333
22
7.46667
22
7.5
22
7.53333
22
7.56667
23
7.6
23
7.63333
24
7.66667
24
7.7
24
7.73333
25
7.76667
25
7.8
25
7.83333
25
7.86667
25
7.9
25
7.93333
25
7.96667
25
8
25
8.03333
26
8.06667
26
8.1
26
8.13333
26
8.16667
27
8.2
27
8.23333
27
8.26667
28
8.3
28
8.33333
29
8.36667
30
8.4
30
8.43333
30
8.46667
30
8.5
30
8.53333
32
8.56667
33
8.6
35
8.63333
35
8.66667
35
8.7
35
8.73333
35
8.76667
35
8.8
35
8.83333
35
8.86667
35
8.9
35
8.93333
35
8.96667
35
9
37
9.03333
37
9.06667
37
9.1
38
9.13333
40
9.16667
40
9.2
40
9.23333
42
9.26667
42
9.3
42
9.33333
42
9.36667
42
9.4
42
9.43333
42
9.46667
42
9.5
42
9.53333
42
9.56667
42
9.6
42
9.63333
43
9.66667
43
9.7
43
9.73333
43
9.76667
44
9.8
45
9.83333
45
9.86667
45
9.9
46
9.93333
46
9.96667
46
10
46
10.0333
47
10.0667
47
10.1
48
10.1333
48
10.1667
49
10.2
50
10.2333
52
10.2667
53
10.3
53
10.3333
53
10.3667
55
10.4
55
10.4333
55
10.4667
55
10.5
56
10.5333
57
10.5667
57
10.6
59
10.6333
60
10.6667
60
10.7
60
10.7333
60
10.7667
60
10.8
61
10.8333
61
10.8667
62
10.9
62
10.9333
63
10.9667
63
11
63
11.0333
65
11.0667
65
11.1
65
11.1333
65
11.1667
65
11.2
65
11.2333
65
11.2667
65
11.3
65
11.3333
65
11.3667
65
11.4
65
11.4333
66
11.4667
66
11.5
66
11.5333
66
11.5667
66
11.6
66
11.6333
67
11.6667
67
11.7
67
11.7333
67
11.7667
67
11.8
67
11.8333
67
11.8667
67
11.9
67
11.9333
67
11.9667
67
12
67
12.0333
67
12.0667
67
12.1
67
12.1333
68
12.1667
68
12.2
69
12.2333
70
12.2667
70
12.3
70
12.3333
70
12.3667
70
12.4
70
12.4333
70
12.4667
71
12.5
72
12.5333
72
12.5667
72
12.6
72
12.6333
72
12.6667
72
12.7
72
12.7333
72
12.7667
72
12.8
72
12.8333
72
12.8667
72
12.9
72
12.9333
72
12.9667
72
13
72
13.0333
72
13.0667
72
13.1
72
13.1333
72
13.1667
72
13.2
72
13.2333
72
13.2667
73
13.3
73
13.3333
73
13.3667
73
13.4
73
13.4333
73
13.4667
73
13.5
73
13.5333
73
13.5667
73
13.6
73
13.6333
73
13.6667
73
13.7
73
13.7333
73
13.7667
73
13.8
73
13.8333
73
13.8667
73
13.9
73
13.9333
73
13.9667
73
14
73
14.0333
73
14.0667
73
14.1
73
14.1333
73
14.1667
73
14.2
74
14.2333
74
14.2667
74
14.3
74
14.3333
74
14.3667
74
14.4
74
14.4333
74
14.4667
74
14.5
74
14.5333
74
14.5667
74
14.6
74
14.6333
74
14.6667
74
14.7
74
14.7333
74
14.7667
74
14.8
74
14.8333
74
14.8667
74
14.9
74
14.9333
74
14.9667
75
15
75
15.0333
75
15.0667
75
15.1
75
15.1333
75
15.1667
75
15.2
75
15.2333
75
15.2667
75
15.3
75
15.3333
75
15.3667
75
15.4
75
15.4333
75
15.4667
75
15.5
75
15.5333
75
15.5667
75
15.6
75
15.6333
75
15.6667
75
15.7
75
15.7333
75
15.7667
75
15.8
75
15.8333
75
15.8667
75
15.9
75
15.9333
75
15.9667
75
16
75
16.0333
75
16.0667
75
16.1
75
16.1333
75
16.1667
75
16.2
75
16.2333
75
16.2667
75
16.3
75
16.3333
75
16.3667
75
16.4
75
16.4333
75
16.4667
75
16.5
75
16.5333
75
16.5667
75
16.6
75
16.6333
75
16.6667
75
16.7
75
16.7333
75
16.7667
75
16.8
75
16.8333
75
16.8667
75
16.9
75
16.9333
75
16.9667
75
17
75
17.0333
75
17.0667
76
17.1
76
17.1333
76
17.1667
76
17.2
76
17.2333
76
17.2667
76
17.3
77
17.3333
77
17.3667
78
17.4
78
17.4333
78
17.4667
78
17.5
78
17.5333
78
17.5667
78
17.6
78
17.6333
78
17.6667
78
17.7
78
17.7333
78
17.7667
78
17.8
78
17.8333
78
17.8667
78
17.9
78
17.9333
78
17.9667
78
18
78
18.0333
78
18.0667
78
18.1
78
18.1333
78
18.1667
78
18.2
78
18.2333
78
18.2667
78
18.3
78
18.3333
78
18.3667
78
18.4
78
18.4333
78
18.4667
78
18.5
78
18.5333
78
18.5667
78
18.6
78
18.6333
78
18.6667
78
18.7
78
18.7333
78
18.7667
78
18.8
78
18.8333
78
18.8667
78
18.9
78
18.9333
78
18.9667
78
19
78
19.0333
78
19.0667
78
19.1
78
19.1333
78
19.1667
78
19.2
78
19.2333
78
19.2667
78
19.3
78
19.3333
78
19.3667
78
19.4
78
19.4333
78
19.4667
78
19.5
78
19.5333
78
19.5667
78
19.6
78
19.6333
78
19.6667
78
19.7
78
19.7333
78
19.7667
78
19.8
78
19.8333
78
19.8667
78
19.9
78
19.9333
78
19.9667
78
20
78
20.0333
78
20.0667
78
20.1
78
20.1333
78
20.1667
78
20.2
78
20.2333
78
20.2667
78
20.3
78
20.3333
78
20.3667
78
20.4
78
20.4333
78
20.4667
78
20.5
78
20.5333
78
20.5667
78
20.6
78
20.6333
78
20.6667
78
20.7
78
20.7333
78
20.7667
78
20.8
78
20.8333
78
20.8667
78
20.9
78
20.9333
78
20.9667
78
21
78
21.0333
78
21.0667
79
21.1
79
21.1333
79
21.1667
79
21.2
79
21.2333
79
21.2667
79
21.3
79
21.3333
79
21.3667
79
21.4
79
21.4333
79
21.4667
79
21.5
79
21.5333
79
21.5667
79
21.6
79
21.6333
79
21.6667
79
21.7
80
21.7333
81
21.7667
81
21.8
81
21.8333
81
21.8667
81
21.9
81
21.9333
82
21.9667
82
22
82
22.0333
82
22.0667
82
22.1
82
22.1333
82
22.1667
82
22.2
82
22.2333
82
22.2667
82
22.3
82
22.3333
82
22.3667
82
22.4
82
22.4333
82
22.4667
82
22.5
82
22.5333
82
22.5667
82
22.6
82
22.6333
82
22.6667
82
22.7
83
22.7333
83
22.7667
83
22.8
83
22.8333
83
22.8667
83
22.9
83
22.9333
83
22.9667
83
23
83
23.0333
84
23.0667
86
23.1
86
23.1333
86
23.1667
86
23.2
86
23.2333
87
23.2667
87
23.3
87
23.3333
87
23.3667
88
23.4
89
23.4333
89
23.4667
89
23.5
89
23.5333
90
23.5667
90
23.6
90
23.6333
90
23.6667
90
23.7
90
23.7333
90
23.7667
90
23.8
90
23.8333
90
23.8667
90
23.9
90
23.9333
90
23.9667
90
24
90
24.0333
90
24.0667
90
24.1
91
24.1333
91
24.1667
91
24.2
91
24.2333
91
24.2667
91
24.3
91
24.3333
91
24.3667
91
24.4
91
24.4333
91
24.4667
91
24.5
91
24.5333
91
24.5667
91
24.6
91
24.6333
91
24.6667
91
24.7
91
24.7333
91
24.7667
91
24.8
91
24.8333
91
24.8667
91
24.9
91
24.9333
91
24.9667
91
25
91
25.0333
91
25.0667
91
25.1
91
25.1333
91
25.1667
91
25.2
91
25.2333
91
25.2667
91
25.3
91
25.3333
91
25.3667
91
25.4
91
25.4333
91
25.4667
91
25.5
91
25.5333
91
25.5667
91
25.6
91
25.6333
91
25.6667
91
25.7
91
25.7333
91
25.7667
91
25.8
91
25.8333
91
25.8667
91
25.9
91
25.9333
91
25.9667
91
26
91
26.0333
91
26.0667
91
26.1
91
26.1333
91
26.1667
91
26.2
91
26.2333
91
26.2667
91
26.3
91
26.3333
91
26.3667
91
26.4
91
26.4333
91
26.4667
91
26.5
91
26.5333
91
26.5667
91
26.6
91
26.6333
91
26.6667
91
26.7
91
26.7333
91
26.7667
91
26.8
91
26.8333
91
26.8667
91
26.9
91
26.9333
91
26.9667
91
27
91
27.0333
91
27.0667
91
27.1
91
27.1333
91
27.1667
91
27.2
91
27.2333
91
27.2667
91
27.3
91
27.3333
91
27.3667
91
27.4
91
27.4333
91
27.4667
91
27.5
91
27.5333
91
27.5667
92
27.6
92
27.6333
92
27.6667
92
27.7
92
27.7333
92
27.7667
92
27.8
92
27.8333
92
27.8667
92
27.9
92
27.9333
92
27.9667
92
28
92
28.0333
92
28.0667
93
28.1
93
28.1333
93
28.1667
93
28.2
93
28.2333
93
28.2667
93
28.3
93
28.3333
93
28.3667
93
28.4
93
28.4333
93
28.4667
93
28.5
93
28.5333
93
28.5667
93
28.6
93
28.6333
93
28.6667
93
28.7
93
28.7333
93
28.7667
93
28.8
93
28.8333
93
28.8667
93
28.9
93
28.9333
93
28.9667
93
29
93
29.0333
93
29.0667
93
29.1
93
29.1333
94
29.1667
94
29.2
94
29.2333
94
29.2667
94
29.3
94
29.3333
94
29.3667
94
29.4
94
29.4333
94
29.4667
94
29.5
95
29.5333
95
29.5667
95
29.6
95
29.6333
95
29.6667
95
29.7
95
29.7333
95
29.7667
95
29.8
95
29.8333
95
29.8667
95
29.9
95
29.9333
95
29.9667
95
30
95
30.0333
95
30.0667
95
30.1
95
30.1333
95
30.1667
95
30.2
95
30.2333
95
30.2667
95
30.3
95
30.3333
95
30.3667
95
30.4
95
30.4333
95
30.4667
95
30.5
95
30.5333
95
30.5667
95
30.6
95
30.6333
96
30.6667
96
30.7
96
30.7333
96
30.7667
96
30.8
96
30.8333
96
30.8667
96
30.9
96
30.9333
96
30.9667
96
31
96
31.0333
96
31.0667
96
31.1
96
31.1333
96
31.1667
96
31.2
96
31.2333
96
31.2667
96
31.3
96
31.3333
96
31.3667
96
31.4
96
31.4333
96
31.4667
96
31.5
96
31.5333
96
31.5667
96
31.6
96
31.6333
96
31.6667
96
31.7
96
31.7333
96
31.7667
96
31.8
96
31.8333
96
31.8667
96
31.9
96
31.9333
96
31.9667
96
32
96
32.0333
96
32.0667
96
32.1
96
32.1333
96
32.1667
96
32.2
96
32.2333
96
32.2667
96
32.3
96
32.3333
96
32.3667
96
32.4
96
32.4333
96
32.4667
96
32.5
96
32.5333
96
32.5667
96
32.6
96
32.6333
96
32.6667
96
32.7
96
32.7333
96
32.7667
96
32.8
96
32.8333
96
32.8667
96
32.9
96
32.9333
96
32.9667
96
33
96
33.0333
96
33.0667
96
33.1
96
33.1333
96
33.1667
96
33.2
96
33.2333
96
33.2667
96
33.3
96
33.3333
96
33.3667
96
33.4
96
33.4333
96
33.4667
96
33.5
96
33.5333
96
33.5667
96
33.6
96
33.6333
96
33.6667
96
33.7
96
33.7333
96
33.7667
96
33.8
96
33.8333
96
33.8667
96
33.9
96
33.9333
96
33.9667
96
34
96
34.0333
96
34.0667
96
34.1
96
34.1333
96
34.1667
96
34.2
96
34.2333
96
34.2667
96
34.3
96
34.3333
96
34.3667
96
34.4
96
34.4333
96
34.4667
96
34.5
96
34.5333
96
34.5667
96
34.6
96
34.6333
96
34.6667
96
34.7
96
34.7333
96
34.7667
96
34.8
96
34.8333
96
34.8667
96
34.9
96
34.9333
96
34.9667
96
35
96
35.0333
96
35.0667
96
35.1
96
35.1333
96
35.1667
96
35.2
96
35.2333
96
35.2667
96
35.3
96
35.3333
96
35.3667
96
35.4
96
35.4333
96
35.4667
96
35.5
96
35.5333
96
35.5667
96
35.6
96
35.6333
96
35.6667
96
35.7
96
35.7333
96
35.7667
96
35.8
96
35.8333
96
35.8667
96
35.9
96
35.9333
96
35.9667
96
36
96
36.0333
96
36.0667
96
36.1
97
36.1333
97
36.1667
97
36.2
97
36.2333
97
36.2667
97
36.3
97
36.3333
97
36.3667
97
36.4
97
36.4333
97
36.4667
97
36.5
97
36.5333
97
36.5667
97
36.6
97
36.6333
97
36.6667
97
36.7
97
36.7333
97
36.7667
97
36.8
97
36.8333
97
36.8667
97
36.9
97
36.9333
97
36.9667
97
37
97
37.0333
97
37.0667
97
37.1
97
37.1333
97
37.1667
97
37.2
97
37.2333
97
37.2667
97
37.3
97
37.3333
97
37.3667
97
37.4
97
37.4333
97
37.4667
97
37.5
97
37.5333
97
37.5667
97
37.6
97
37.6333
97
37.6667
97
37.7
97
37.7333
97
37.7667
97
37.8
97
37.8333
97
37.8667
97
37.9
97
37.9333
97
37.9667
97
38
97
38.0333
97
38.0667
97
38.1
97
38.1333
97
38.1667
97
38.2
97
38.2333
97
38.2667
97
38.3
97
38.3333
97
38.3667
97
38.4
97
38.4333
97
38.4667
97
38.5
97
38.5333
97
38.5667
97
38.6
97
38.6333
97
38.6667
97
38.7
97
38.7333
97
38.7667
97
38.8
97
38.8333
97
38.8667
97
38.9
97
38.9333
97
38.9667
97
39
97
39.0333
97
39.0667
97
39.1
97
39.1333
97
39.1667
97
39.2
97
39.2333
97
39.2667
97
39.3
97
39.3333
97
39.3667
97
39.4
97
39.4333
98
39.4667
98
39.5
98
39.5333
98
39.5667
98
39.6
98
39.6333
98
39.6667
98
39.7
99
39.7333
99
39.7667
99
39.8
99
39.8333
99
39.8667
99
39.9
99
39.9333
99
39.9667
99
40
99
40.0333
99
40.0667
99
40.1
99
40.1333
99
40.1667
99
40.2
99
40.2333
99
40.2667
99
40.3
99
40.3333
99
40.3667
99
40.4
99
40.4333
99
40.4667
99
40.5
99
40.5333
99
40.5667
99
40.6
99
40.6333
100
40.6667
100
40.7
100
40.7333
100
40.7667
100
40.8
100
40.8333
100
40.8667
100
40.9
100
40.9333
100
40.9667
100
41
100
41.0333
100
41.0667
100
41.1
100
41.1333
101
41.1667
101
41.2
101
41.2333
101
41.2667
101
41.3
101
41.3333
101
41.3667
101
41.4
101
41.4333
101
41.4667
101
41.5
101
41.5333
101
41.5667
101
41.6
101
41.6333
101
41.6667
101
41.7
101
41.7333
101
41.7667
101
41.8
101
41.8333
101
41.8667
101
41.9
101
41.9333
101
41.9667
101
42
101
42.0333
101
42.0667
101
42.1
101
42.1333
101
42.1667
101
42.2
101
42.2333
101
42.2667
101
42.3
101
42.3333
101
42.3667
101
42.4
101
42.4333
101
42.4667
101
42.5
101
42.5333
101
42.5667
101
42.6
101
42.6333
101
42.6667
101
42.7
101
42.7333
101
42.7667
101
42.8
101
42.8333
101
42.8667
101
42.9
101
42.9333
101
42.9667
101
43
101
43.0333
101
43.0667
101
43.1
101
43.1333
101
43.1667
101
43.2
101
43.2333
101
43.2667
101
43.3
101
43.3333
101
43.3667
101
43.4
101
43.4333
101
43.4667
101
43.5
101
43.5333
101
43.5667
101
43.6
101
43.6333
101
43.6667
101
43.7
101
43.7333
101
43.7667
101
43.8
101
43.8333
101
43.8667
101
43.9
101
43.9333
101
43.9667
101
44
101
44.0333
101
44.0667
101
44.1
101
44.1333
101
44.1667
101
44.2
101
44.2333
101
44.2667
101
44.3
101
44.3333
101
44.3667
101
44.4
101
44.4333
101
44.4667
101
44.5
101
44.5333
101
44.5667
101
44.6
101
44.6333
101
44.6667
101
44.7
101
44.7333
101
44.7667
101
44.8
101
44.8333
101
44.8667
101
44.9
101
44.9333
101
44.9667
101
45
101
45.0333
101
45.0667
101
45.1
101
45.1333
101
45.1667
101
45.2
101
45.2333
101
45.2667
101
45.3
101
45.3333
101
45.3667
101
45.4
101
45.4333
101
45.4667
101
45.5
101
45.5333
101
45.5667
101
45.6
101
45.6333
101
45.6667
101
45.7
101
45.7333
101
45.7667
101
45.8
101
45.8333
101
45.8667
101
45.9
101
45.9333
101
45.9667
101
46
101
46.0333
101
46.0667
101
46.1
101
46.1333
101
46.1667
101
46.2
101
46.2333
101
46.2667
101
46.3
101
46.3333
101
46.3667
101
46.4
101
46.4333
101
46.4667
101
46.5
101
46.5333
101
46.5667
101
46.6
101
46.6333
101
46.6667
101
46.7
101
46.7333
101
46.7667
101
46.8
101
46.8333
101
46.8667
101
46.9
101
46.9333
101
46.9667
101
47
101
47.0333
101
47.0667
101
47.1
101
47.1333
101
47.1667
101
47.2
101
47.2333
101
47.2667
101
47.3
101
47.3333
101
47.3667
101
47.4
101
47.4333
101
47.4667
101
47.5
101
47.5333
101
47.5667
101
47.6
101
47.6333
101
47.6667
101
47.7
101
47.7333
101
47.7667
101
47.8
101
47.8333
101
47.8667
101
47.9
101
47.9333
101
47.9667
101
48
101
48.0333
101
48.0667
101
48.1
101
48.1333
101
48.1667
101
48.2
101
48.2333
101
48.2667
101
48.3
101
48.3333
101
48.3667
101
48.4
101
48.4333
101
48.4667
101
48.5
101
48.5333
101
48.5667
101
48.6
101
48.6333
101
48.6667
101
48.7
101
48.7333
101
48.7667
101
48.8
101
48.8333
101
48.8667
101
48.9
101
48.9333
101
48.9667
101
49
101
49.0333
101
49.0667
101
49.1
101
49.1333
101
49.1667
101
49.2
101
49.2333
101
49.2667
101
49.3
101
49.3333
101
49.3667
101
49.4
101
49.4333
101
49.4667
101
49.5
101
49.5333
101
49.5667
101
49.6
101
49.6333
101
49.6667
101
49.7
101
49.7333
101
49.7667
101
49.8
101
49.8333
101
49.8667
101
49.9
101
49.9333
101
49.9667
101
50
101
50.0333
101
50.0667
101
50.1
101
50.1333
101
50.1667
101
50.2
101
50.2333
101
50.2667
101
50.3
101
50.3333
101
50.3667
101
50.4
101
50.4333
101
50.4667
101
50.5
101
50.5333
101
50.5667
101
50.6
101
50.6333
101
50.6667
101
50.7
101
50.7333
101
50.7667
101
50.8
101
50.8333
101
50.8667
101
50.9
101
50.9333
101
50.9667
101
51
101
51.0333
101
51.0667
101
51.1
101
51.1333
101
51.1667
101
51.2
101
51.2333
101
51.2667
101
51.3
101
51.3333
101
51.3667
101
51.4
101
51.4333
101
51.4667
101
51.5
101
51.5333
101
51.5667
101
51.6
101
51.6333
101
51.6667
101
51.7
101
51.7333
101
51.7667
101
51.8
101
51.8333
101
51.8667
101
51.9
101
51.9333
101
51.9667
101
52
101
52.0333
101
52.0667
101
52.1
101
52.1333
101
52.1667
101
52.2
101
52.2333
101
52.2667
101
52.3
101
52.3333
101
52.3667
101
52.4
101
52.4333
101
52.4667
101
52.5
101
52.5333
101
52.5667
101
52.6
101
52.6333
101
52.6667
101
52.7
101
52.7333
101
52.7667
101
52.8
101
52.8333
101
52.8667
101
52.9
101
52.9333
101
52.9667
101
53
101
53.0333
101
53.0667
101
53.1
101
53.1333
101
53.1667
101
53.2
101
53.2333
101
53.2667
101
53.3
101
53.3333
101
