0
1
0.0333333
1
0.0666667
1
0.1
1
0.133333
1
0.166667
1
0.2
1
0.233333
1
0.266667
1
0.3
1
0.333333
1
0.366667
1
0.4
1
0.433333
1
0.466667
1
0.5
1
0.533333
1
0.566667
1
0.6
1
0.633333
1
0.666667
1
0.7
1
0.733333
1
0.766667
1
0.8
1
0.833333
1
0.866667
1
0.9
1
0.933333
1
0.966667
1
1
1
1.03333
1
1.06667
1
1.1
1
1.13333
1
1.16667
1
1.2
1
1.23333
1
1.26667
1
1.3
1
1.33333
1
1.36667
1
1.4
1
1.43333
1
1.46667
1
1.5
1
1.53333
1
1.56667
1
1.6
1
1.63333
1
1.66667
1
1.7
1
1.73333
1
1.76667
1
1.8
1
1.83333
1
1.86667
1
1.9
1
1.93333
1
1.96667
1
2
1
2.03333
1
2.06667
1
2.1
1
2.13333
1
2.16667
1
2.2
1
2.23333
1
2.26667
1
2.3
1
2.33333
1
2.36667
1
2.4
1
2.43333
1
2.46667
1
2.5
1
2.53333
1
2.56667
1
2.6
1
2.63333
1
2.66667
1
2.7
1
2.73333
1
2.76667
1
2.8
1
2.83333
1
2.86667
1
2.9
1
2.93333
1
2.96667
1
3
1
3.03333
1
3.06667
1
3.1
1
3.13333
1
3.16667
1
3.2
1
3.23333
1
3.26667
1
3.3
1
3.33333
1
3.36667
1
3.4
1
3.43333
1
3.46667
1
3.5
1
3.53333
1
3.56667
1
3.6
1
3.63333
1
3.66667
1
3.7
1
3.73333
1
3.76667
1
3.8
1
3.83333
1
3.86667
1
3.9
1
3.93333
1
3.96667
1
4
1
4.03333
1
4.06667
1
4.1
1
4.13333
1
4.16667
1
4.2
1
4.23333
2
4.26667
2
4.3
2
4.33333
2
4.36667
2
4.4
2
4.43333
2
4.46667
2
4.5
2
4.53333
2
4.56667
2
4.6
2
4.63333
2
4.66667
2
4.7
2
4.73333
2
4.76667
2
4.8
3
4.83333
3
4.86667
3
4.9
3
4.93333
3
4.96667
3
5
3
5.03333
3
5.06667
3
5.1
4
5.13333
4
5.16667
4
5.2
5
5.23333
5
5.26667
5
5.3
5
5.33333
5
5.36667
5
5.4
5
5.43333
5
5.46667
5
5.5
5
5.53333
5
5.56667
5
5.6
5
5.63333
5
5.66667
5
5.7
5
5.73333
5
5.76667
6
5.8
6
5.83333
6
5.86667
6
5.9
6
5.93333
6
5.96667
6
6
6
6.03333
6
6.06667
6
6.1
6
6.13333
6
6.16667
7
6.2
7
6.23333
7
6.26667
7
6.3
7
6.33333
7
6.36667
7
6.4
8
6.43333
8
6.46667
8
6.5
8
6.53333
8
6.56667
8
6.6
8
6.63333
8
6.66667
8
6.7
8
6.73333
8
6.76667
8
6.8
8
6.83333
8
6.86667
8
6.9
8
6.93333
8
6.96667
8
7
8
7.03333
8
7.06667
8
7.1
8
7.13333
8
7.16667
8
7.2
8
7.23333
8
7.26667
8
7.3
8
7.33333
8
7.36667
8
7.4
8
7.43333
8
7.46667
9
7.5
9
7.53333
9
7.56667
9
7.6
9
7.63333
9
7.66667
9
7.7
9
7.73333
9
7.76667
9
7.8
9
7.83333
9
7.86667
9
7.9
9
7.93333
9
7.96667
9
8
9
8.03333
9
8.06667
9
8.1
10
8.13333
10
8.16667
10
8.2
10
8.23333
10
8.26667
10
8.3
10
8.33333
11
8.36667
11
8.4
11
8.43333
11
8.46667
12
8.5
12
8.53333
12
8.56667
12
8.6
12
8.63333
12
8.66667
13
8.7
13
8.73333
13
8.76667
13
8.8
13
8.83333
13
8.86667
15
8.9
15
8.93333
15
8.96667
15
9
16
9.03333
16
9.06667
16
9.1
16
9.13333
16
9.16667
16
9.2
16
9.23333
16
9.26667
16
9.3
16
9.33333
16
9.36667
17
9.4
17
9.43333
17
9.46667
17
9.5
17
9.53333
17
9.56667
17
9.6
17
9.63333
17
9.66667
17
9.7
17
9.73333
17
9.76667
17
9.8
17
9.83333
17
9.86667
17
9.9
17
9.93333
17
9.96667
17
10
17
10.0333
17
10.0667
17
10.1
18
10.1333
18
10.1667
19
10.2
19
10.2333
19
10.2667
19
10.3
19
10.3333
19
10.3667
19
10.4
19
10.4333
19
10.4667
19
10.5
20
10.5333
20
10.5667
20
10.6
20
10.6333
20
10.6667
20
10.7
20
10.7333
20
10.7667
20
10.8
20
10.8333
20
10.8667
21
10.9
21
10.9333
21
10.9667
21
11
21
11.0333
21
11.0667
21
11.1
21
11.1333
21
11.1667
21
11.2
21
11.2333
22
11.2667
22
11.3
23
11.3333
24
11.3667
24
11.4
24
11.4333
24
11.4667
25
11.5
25
11.5333
25
11.5667
25
11.6
25
11.6333
25
11.6667
25
11.7
25
11.7333
25
11.7667
25
11.8
25
11.8333
26
11.8667
26
11.9
26
11.9333
26
11.9667
26
12
26
12.0333
26
12.0667
26
12.1
27
12.1333
27
12.1667
27
12.2
27
12.2333
27
12.2667
27
12.3
27
12.3333
27
12.3667
27
12.4
27
12.4333
27
12.4667
27
12.5
27
12.5333
27
12.5667
27
12.6
27
12.6333
27
12.6667
27
12.7
27
12.7333
27
12.7667
27
12.8
27
12.8333
27
12.8667
27
12.9
27
12.9333
27
12.9667
27
13
27
13.0333
27
13.0667
27
13.1
27
13.1333
27
13.1667
28
13.2
28
13.2333
28
13.2667
29
13.3
29
13.3333
29
13.3667
30
13.4
31
13.4333
31
13.4667
31
13.5
31
13.5333
31
13.5667
31
13.6
31
13.6333
31
13.6667
31
13.7
31
13.7333
31
13.7667
31
13.8
31
13.8333
32
13.8667
33
13.9
33
13.9333
33
13.9667
33
14
33
14.0333
33
14.0667
33
14.1
33
14.1333
33
14.1667
34
14.2
34
14.2333
34
14.2667
34
14.3
34
14.3333
35
14.3667
35
14.4
35
14.4333
35
14.4667
35
14.5
35
14.5333
35
14.5667
35
14.6
35
14.6333
35
14.6667
35
14.7
35
14.7333
35
14.7667
35
14.8
35
14.8333
35
14.8667
35
14.9
35
14.9333
36
14.9667
36
15
36
15.0333
36
15.0667
36
15.1
36
15.1333
36
15.1667
36
15.2
36
15.2333
37
15.2667
37
15.3
37
15.3333
37
15.3667
37
15.4
37
15.4333
37
15.4667
37
15.5
37
15.5333
39
15.5667
39
15.6
40
15.6333
40
15.6667
40
15.7
40
15.7333
40
15.7667
40
15.8
41
15.8333
41
15.8667
41
15.9
42
15.9333
42
15.9667
42
16
42
16.0333
42
16.0667
42
16.1
42
16.1333
42
16.1667
42
16.2
42
16.2333
42
16.2667
42
16.3
42
16.3333
42
16.3667
42
16.4
42
16.4333
42
16.4667
42
16.5
42
16.5333
42
16.5667
42
16.6
42
16.6333
42
16.6667
42
16.7
42
16.7333
42
16.7667
42
16.8
42
16.8333
42
16.8667
42
16.9
42
16.9333
42
16.9667
43
17
43
17.0333
43
17.0667
43
17.1
43
17.1333
43
17.1667
43
17.2
43
17.2333
43
17.2667
43
17.3
43
17.3333
43
17.3667
43
17.4
43
17.4333
43
17.4667
43
17.5
43
17.5333
43
17.5667
43
17.6
43
17.6333
43
17.6667
43
17.7
43
17.7333
43
17.7667
43
17.8
43
17.8333
43
17.8667
43
17.9
43
17.9333
43
17.9667
43
18
43
18.0333
43
18.0667
43
18.1
43
18.1333
43
18.1667
43
18.2
44
18.2333
44
18.2667
44
18.3
44
18.3333
44
18.3667
44
18.4
44
18.4333
44
18.4667
44
18.5
44
18.5333
44
18.5667
44
18.6
44
18.6333
44
18.6667
44
18.7
44
18.7333
44
18.7667
44
18.8
44
18.8333
44
18.8667
44
18.9
44
18.9333
44
18.9667
44
19
44
19.0333
44
19.0667
44
19.1
44
19.1333
44
19.1667
44
19.2
44
19.2333
45
19.2667
45
19.3
45
19.3333
45
19.3667
45
19.4
45
19.4333
45
19.4667
45
19.5
45
19.5333
45
19.5667
45
19.6
45
19.6333
45
19.6667
45
19.7
45
19.7333
45
19.7667
45
19.8
45
19.8333
45
19.8667
45
19.9
45
19.9333
45
19.9667
45
20
45
20.0333
45
20.0667
45
20.1
45
20.1333
45
20.1667
45
20.2
45
20.2333
45
20.2667
45
20.3
45
20.3333
45
20.3667
45
20.4
45
20.4333
45
20.4667
45
20.5
45
20.5333
45
20.5667
45
20.6
45
20.6333
45
20.6667
45
20.7
45
20.7333
45
20.7667
45
20.8
45
20.8333
45
20.8667
45
20.9
45
20.9333
45
20.9667
45
21
45
21.0333
45
21.0667
45
21.1
45
21.1333
45
21.1667
45
21.2
45
21.2333
45
21.2667
45
21.3
45
21.3333
45
21.3667
45
21.4
45
21.4333
45
21.4667
45
21.5
45
21.5333
45
21.5667
45
21.6
45
21.6333
45
21.6667
45
21.7
45
21.7333
45
21.7667
45
21.8
45
21.8333
45
21.8667
45
21.9
46
21.9333
46
21.9667
46
22
46
22.0333
46
22.0667
46
22.1
46
22.1333
46
22.1667
46
22.2
46
22.2333
46
22.2667
46
22.3
46
22.3333
46
22.3667
46
22.4
46
22.4333
46
22.4667
46
22.5
46
22.5333
46
22.5667
46
22.6
46
22.6333
46
22.6667
46
22.7
46
22.7333
46
22.7667
46
22.8
46
22.8333
46
22.8667
46
22.9
46
22.9333
46
22.9667
46
23
46
23.0333
46
23.0667
46
23.1
46
23.1333
46
23.1667
46
23.2
46
23.2333
46
23.2667
46
23.3
46
23.3333
46
23.3667
46
23.4
46
23.4333
46
23.4667
46
23.5
46
23.5333
46
23.5667
46
23.6
46
23.6333
46
23.6667
46
23.7
46
23.7333
46
23.7667
46
23.8
46
23.8333
46
23.8667
46
23.9
46
23.9333
46
23.9667
46
24
46
24.0333
46
24.0667
46
24.1
46
24.1333
46
24.1667
46
24.2
46
24.2333
46
24.2667
46
24.3
46
24.3333
46
24.3667
46
24.4
46
24.4333
46
24.4667
46
24.5
46
24.5333
46
24.5667
46
24.6
46
24.6333
46
24.6667
46
24.7
46
24.7333
46
24.7667
46
24.8
46
24.8333
46
24.8667
46
24.9
46
24.9333
46
24.9667
46
25
46
25.0333
46
25.0667
46
25.1
46
25.1333
46
25.1667
46
25.2
47
25.2333
48
25.2667
48
25.3
48
25.3333
48
25.3667
48
25.4
48
25.4333
48
25.4667
48
25.5
48
25.5333
48
25.5667
48
25.6
48
25.6333
48
25.6667
48
25.7
48
25.7333
48
25.7667
48
25.8
48
25.8333
48
25.8667
48
25.9
48
25.9333
48
25.9667
49
26
49
26.0333
49
26.0667
49
26.1
49
26.1333
49
26.1667
49
26.2
49
26.2333
49
26.2667
49
26.3
49
26.3333
49
26.3667
49
26.4
49
26.4333
49
26.4667
49
26.5
49
26.5333
49
26.5667
49
26.6
49
26.6333
49
26.6667
49
26.7
49
26.7333
49
26.7667
49
26.8
49
26.8333
49
26.8667
49
26.9
49
26.9333
49
26.9667
49
27
49
27.0333
49
27.0667
49
27.1
49
27.1333
49
27.1667
49
27.2
49
27.2333
49
27.2667
49
27.3
49
27.3333
49
27.3667
49
27.4
49
27.4333
49
27.4667
49
27.5
49
27.5333
49
27.5667
49
27.6
49
27.6333
49
27.6667
49
27.7
49
27.7333
49
27.7667
49
27.8
49
27.8333
49
27.8667
49
27.9
49
27.9333
49
27.9667
49
28
49
28.0333
49
28.0667
49
28.1
49
28.1333
49
28.1667
49
28.2
49
28.2333
49
28.2667
49
28.3
49
28.3333
49
28.3667
49
28.4
49
28.4333
49
28.4667
49
28.5
49
28.5333
49
28.5667
49
28.6
49
28.6333
49
28.6667
49
28.7
49
28.7333
49
28.7667
49
28.8
49
28.8333
49
28.8667
49
28.9
49
28.9333
49
28.9667
49
29
49
29.0333
49
29.0667
49
29.1
49
29.1333
49
29.1667
49
29.2
49
29.2333
49
29.2667
49
29.3
49
29.3333
49
29.3667
49
29.4
49
29.4333
49
29.4667
49
29.5
49
29.5333
49
29.5667
49
29.6
49
29.6333
49
29.6667
49
29.7
49
29.7333
49
29.7667
49
29.8
49
29.8333
49
29.8667
49
29.9
49
29.9333
49
29.9667
49
30
49
30.0333
49
30.0667
49
30.1
49
30.1333
49
30.1667
49
30.2
49
30.2333
49
30.2667
49
30.3
49
30.3333
49
30.3667
49
30.4
49
30.4333
49
30.4667
49
30.5
49
30.5333
49
30.5667
49
30.6
49
30.6333
49
30.6667
49
30.7
49
30.7333
49
30.7667
49
30.8
49
30.8333
49
30.8667
49
30.9
49
30.9333
49
30.9667
49
31
49
31.0333
49
31.0667
49
31.1
49
31.1333
49
31.1667
49
31.2
49
31.2333
49
31.2667
49
31.3
49
31.3333
49
31.3667
49
31.4
49
31.4333
49
31.4667
49
31.5
49
31.5333
49
31.5667
49
31.6
49
31.6333
49
31.6667
49
31.7
49
31.7333
49
31.7667
49
31.8
49
31.8333
49
31.8667
49
31.9
49
31.9333
49
31.9667
49
32
49
32.0333
49
32.0667
49
32.1
49
32.1333
49
32.1667
49
32.2
49
32.2333
50
32.2667
50
32.3
50
32.3333
50
32.3667
50
32.4
50
32.4333
50
32.4667
50
32.5
50
32.5333
50
32.5667
50
32.6
50
32.6333
50
32.6667
50
32.7
50
32.7333
50
32.7667
50
32.8
50
32.8333
50
32.8667
50
32.9
50
32.9333
50
32.9667
50
33
50
33.0333
51
33.0667
51
33.1
51
33.1333
51
33.1667
51
33.2
51
33.2333
51
33.2667
51
33.3
51
33.3333
51
33.3667
51
33.4
51
33.4333
51
33.4667
51
33.5
51
33.5333
51
33.5667
51
33.6
51
33.6333
51
33.6667
51
33.7
51
33.7333
51
33.7667
51
33.8
51
33.8333
51
33.8667
51
33.9
51
33.9333
51
33.9667
51
34
51
34.0333
51
34.0667
51
34.1
51
34.1333
51
34.1667
51
34.2
51
34.2333
51
34.2667
51
34.3
51
34.3333
51
34.3667
51
34.4
51
34.4333
51
34.4667
51
34.5
51
34.5333
51
34.5667
51
34.6
51
34.6333
51
34.6667
51
34.7
51
34.7333
51
34.7667
51
34.8
51
34.8333
51
34.8667
51
34.9
51
34.9333
51
34.9667
51
35
51
35.0333
51
35.0667
51
35.1
51
35.1333
51
35.1667
51
35.2
51
35.2333
51
35.2667
51
35.3
51
35.3333
51
35.3667
51
35.4
51
35.4333
51
35.4667
51
35.5
51
35.5333
51
35.5667
51
35.6
51
35.6333
51
35.6667
51
35.7
51
35.7333
51
35.7667
51
35.8
51
35.8333
51
35.8667
51
35.9
51
35.9333
51
35.9667
51
36
51
36.0333
51
36.0667
51
36.1
51
36.1333
51
36.1667
51
36.2
51
36.2333
51
36.2667
51
36.3
51
36.3333
51
36.3667
51
36.4
51
36.4333
51
36.4667
51
36.5
51
36.5333
51
36.5667
51
36.6
51
36.6333
51
36.6667
51
36.7
51
36.7333
51
36.7667
51
36.8
51
36.8333
51
36.8667
51
36.9
51
36.9333
51
36.9667
51
37
51
37.0333
51
37.0667
51
37.1
51
37.1333
51
37.1667
51
37.2
51
37.2333
51
37.2667
51
37.3
51
37.3333
51
37.3667
51
37.4
51
37.4333
51
37.4667
51
37.5
51
37.5333
51
37.5667
51
37.6
51
37.6333
51
37.6667
51
37.7
51
37.7333
51
37.7667
51
37.8
51
37.8333
51
37.8667
51
37.9
51
37.9333
51
37.9667
51
38
51
38.0333
51
38.0667
51
38.1
51
38.1333
51
38.1667
51
38.2
51
38.2333
51
38.2667
51
38.3
51
38.3333
51
38.3667
51
38.4
51
38.4333
51
38.4667
51
38.5
51
38.5333
51
38.5667
51
38.6
51
38.6333
51
38.6667
51
38.7
51
38.7333
51
38.7667
51
38.8
51
38.8333
51
38.8667
51
38.9
51
38.9333
51
38.9667
51
39
51
39.0333
51
39.0667
51
39.1
51
39.1333
51
39.1667
51
39.2
51
39.2333
51
39.2667
51
39.3
51
39.3333
51
39.3667
51
39.4
51
39.4333
51
39.4667
51
39.5
51
39.5333
51
39.5667
51
39.6
51
39.6333
51
39.6667
51
39.7
51
39.7333
51
39.7667
51
39.8
51
39.8333
51
39.8667
51
39.9
51
39.9333
51
39.9667
51
40
51
40.0333
51
40.0667
51
40.1
51
40.1333
51
40.1667
51
40.2
51
40.2333
51
40.2667
51
40.3
51
40.3333
51
40.3667
51
40.4
51
40.4333
51
40.4667
51
40.5
51
40.5333
51
40.5667
51
40.6
51
40.6333
51
40.6667
51
40.7
51
40.7333
51
40.7667
51
40.8
51
40.8333
51
40.8667
51
40.9
51
40.9333
51
40.9667
51
41
51
41.0333
51
41.0667
51
41.1
51
41.1333
51
41.1667
51
41.2
51
41.2333
51
41.2667
51
41.3
51
41.3333
51
41.3667
51
41.4
51
41.4333
51
41.4667
51
41.5
51
41.5333
51
41.5667
51
41.6
51
41.6333
51
41.6667
51
41.7
51
41.7333
51
41.7667
51
41.8
51
41.8333
51
41.8667
51
41.9
51
41.9333
51
41.9667
51
42
51
42.0333
51
42.0667
51
42.1
51
42.1333
51
42.1667
51
42.2
51
42.2333
51
42.2667
51
42.3
51
42.3333
51
42.3667
51
42.4
51
42.4333
51
42.4667
51
42.5
51
42.5333
51
42.5667
51
42.6
51
42.6333
51
42.6667
51
42.7
51
42.7333
51
42.7667
51
42.8
51
42.8333
51
42.8667
51
42.9
51
42.9333
51
42.9667
51
43
51
43.0333
51
43.0667
51
43.1
51
43.1333
51
43.1667
51
43.2
51
43.2333
51
43.2667
51
43.3
51
43.3333
51
43.3667
51
43.4
51
43.4333
51
43.4667
51
43.5
51
43.5333
51
43.5667
51
43.6
51
43.6333
51
43.6667
51
43.7
51
43.7333
51
43.7667
51
43.8
51
43.8333
51
43.8667
51
43.9
51
43.9333
51
43.9667
51
44
51
44.0333
51
44.0667
51
44.1
51
44.1333
51
44.1667
51
44.2
51
44.2333
51
44.2667
51
44.3
51
44.3333
51
44.3667
51
44.4
51
44.4333
51
44.4667
51
44.5
51
44.5333
51
44.5667
51
44.6
51
44.6333
51
44.6667
51
44.7
51
44.7333
51
44.7667
51
44.8
51
44.8333
51
44.8667
51
44.9
51
44.9333
51
44.9667
51
45
51
45.0333
51
45.0667
51
45.1
51
45.1333
51
45.1667
51
45.2
51
45.2333
51
45.2667
51
45.3
51
45.3333
51
45.3667
51
45.4
51
45.4333
51
45.4667
51
45.5
51
45.5333
51
45.5667
51
45.6
51
45.6333
51
45.6667
51
45.7
51
45.7333
51
45.7667
51
45.8
51
45.8333
51
45.8667
51
45.9
51
45.9333
51
45.9667
51
46
51
46.0333
51
46.0667
51
46.1
51
46.1333
51
46.1667
51
46.2
51
46.2333
51
46.2667
51
46.3
51
46.3333
51
46.3667
51
46.4
51
46.4333
51
46.4667
51
46.5
51
46.5333
51
46.5667
51
46.6
51
46.6333
51
46.6667
51
46.7
51
46.7333
51
46.7667
51
46.8
51
46.8333
51
46.8667
51
46.9
51
46.9333
51
46.9667
51
47
51
47.0333
51
47.0667
51
47.1
51
47.1333
51
47.1667
51
47.2
51
47.2333
51
47.2667
51
47.3
51
47.3333
51
47.3667
51
47.4
51
47.4333
51
47.4667
51
47.5
51
47.5333
51
47.5667
51
47.6
51
47.6333
51
47.6667
51
47.7
51
47.7333
51
47.7667
51
47.8
51
47.8333
51
47.8667
51
47.9
51
47.9333
51
47.9667
51
48
51
48.0333
51
48.0667
51
48.1
51
48.1333
51
48.1667
51
48.2
51
48.2333
51
48.2667
51
48.3
51
48.3333
51
48.3667
51
48.4
51
48.4333
51
48.4667
51
48.5
51
48.5333
51
48.5667
51
48.6
51
48.6333
51
48.6667
51
48.7
51
48.7333
51
48.7667
51
48.8
51
48.8333
51
48.8667
51
48.9
51
48.9333
51
48.9667
51
49
51
49.0333
51
49.0667
51
49.1
51
49.1333
51
49.1667
51
49.2
51
49.2333
51
49.2667
51
49.3
51
49.3333
51
49.3667
51
49.4
51
49.4333
51
49.4667
51
49.5
51
49.5333
51
49.5667
51
49.6
51
49.6333
51
49.6667
51
49.7
51
49.7333
51
49.7667
51
49.8
51
49.8333
51
49.8667
51
49.9
51
49.9333
51
49.9667
51
50
51
50.0333
51
50.0667
51
50.1
51
50.1333
51
50.1667
51
50.2
51
50.2333
51
50.2667
51
50.3
51
50.3333
51
50.3667
51
50.4
51
50.4333
51
50.4667
51
50.5
51
50.5333
51
50.5667
51
50.6
51
50.6333
51
50.6667
51
50.7
51
50.7333
51
50.7667
51
50.8
51
50.8333
51
50.8667
51
50.9
51
50.9333
51
50.9667
51
51
51
51.0333
51
51.0667
51
51.1
51
51.1333
51
51.1667
51
51.2
51
51.2333
51
51.2667
51
51.3
51
51.3333
51
51.3667
51
51.4
51
51.4333
51
51.4667
51
51.5
51
51.5333
51
51.5667
51
51.6
51
51.6333
51
51.6667
51
51.7
51
51.7333
51
51.7667
51
51.8
51
51.8333
51
51.8667
51
51.9
51
51.9333
51
51.9667
51
52
51
52.0333
51
52.0667
51
52.1
51
52.1333
51
52.1667
51
52.2
51
52.2333
51
52.2667
51
52.3
51
52.3333
51
52.3667
51
52.4
51
52.4333
51
52.4667
51
52.5
51
52.5333
51
52.5667
51
52.6
51
52.6333
51
52.6667
51
52.7
51
52.7333
51
52.7667
51
52.8
51
52.8333
51
52.8667
51
52.9
51
52.9333
51
52.9667
51
53
51
53.0333
51
53.0667
51
53.1
51
53.1333
51
53.1667
51
53.2
51
53.2333
51
53.2667
51
53.3
51
53.3333
51
