0
1
0.0333333
1
0.0666667
1
0.1
1
0.133333
1
0.166667
1
0.2
1
0.233333
1
0.266667
1
0.3
1
0.333333
1
0.366667
1
0.4
1
0.433333
1
0.466667
1
0.5
1
0.533333
1
0.566667
1
0.6
1
0.633333
1
0.666667
1
0.7
1
0.733333
1
0.766667
1
0.8
1
0.833333
1
0.866667
1
0.9
1
0.933333
1
0.966667
1
1
1
1.03333
1
1.06667
1
1.1
1
1.13333
1
1.16667
1
1.2
1
1.23333
1
1.26667
1
1.3
1
1.33333
1
1.36667
1
1.4
1
1.43333
1
1.46667
1
1.5
1
1.53333
1
1.56667
1
1.6
1
1.63333
1
1.66667
1
1.7
1
1.73333
1
1.76667
1
1.8
1
1.83333
1
1.86667
1
1.9
1
1.93333
1
1.96667
1
2
1
2.03333
1
2.06667
1
2.1
1
2.13333
1
2.16667
1
2.2
1
2.23333
1
2.26667
1
2.3
1
2.33333
1
2.36667
1
2.4
1
2.43333
1
2.46667
1
2.5
1
2.53333
1
2.56667
1
2.6
1
2.63333
1
2.66667
1
2.7
1
2.73333
1
2.76667
1
2.8
1
2.83333
1
2.86667
1
2.9
1
2.93333
1
2.96667
1
3
1
3.03333
1
3.06667
1
3.1
1
3.13333
1
3.16667
1
3.2
1
3.23333
1
3.26667
1
3.3
1
3.33333
1
3.36667
1
3.4
1
3.43333
1
3.46667
1
3.5
1
3.53333
1
3.56667
1
3.6
1
3.63333
1
3.66667
1
3.7
1
3.73333
1
3.76667
1
3.8
1
3.83333
1
3.86667
1
3.9
1
3.93333
1
3.96667
1
4
1
4.03333
1
4.06667
1
4.1
1
4.13333
1
4.16667
1
4.2
1
4.23333
1
4.26667
1
4.3
1
4.33333
1
4.36667
1
4.4
1
4.43333
1
4.46667
1
4.5
1
4.53333
1
4.56667
1
4.6
1
4.63333
1
4.66667
1
4.7
1
4.73333
1
4.76667
1
4.8
1
4.83333
1
4.86667
1
4.9
1
4.93333
1
4.96667
1
5
1
5.03333
1
5.06667
1
5.1
1
5.13333
1
5.16667
1
5.2
1
5.23333
1
5.26667
1
5.3
3
5.33333
3
5.36667
3
5.4
3
5.43333
3
5.46667
3
5.5
3
5.53333
3
5.56667
4
5.6
4
5.63333
5
5.66667
5
5.7
5
5.73333
6
5.76667
8
5.8
8
5.83333
10
5.86667
10
5.9
11
5.93333
12
5.96667
14
6
14
6.03333
15
6.06667
15
6.1
16
6.13333
16
6.16667
18
6.2
19
6.23333
21
6.26667
25
6.3
27
6.33333
27
6.36667
33
6.4
35
6.43333
36
6.46667
37
6.5
39
6.53333
42
6.56667
43
6.6
46
6.63333
49
6.66667
50
6.7
50
6.73333
52
6.76667
54
6.8
57
6.83333
57
6.86667
59
6.9
60
6.93333
63
6.96667
64
7
67
7.03333
68
7.06667
72
7.1
72
7.13333
74
7.16667
76
7.2
79
7.23333
81
7.26667
84
7.3
85
7.33333
87
7.36667
89
7.4
91
7.43333
92
7.46667
93
7.5
94
7.53333
98
7.56667
99
7.6
101
7.63333
101
7.66667
101
7.7
101
7.73333
104
7.76667
104
7.8
105
7.83333
106
7.86667
109
7.9
111
7.93333
115
7.96667
115
8
116
8.03333
118
8.06667
119
8.1
122
8.13333
124
8.16667
128
8.2
129
8.23333
129
8.26667
130
8.3
133
8.33333
135
8.36667
141
8.4
143
8.43333
144
8.46667
145
8.5
147
8.53333
153
8.56667
155
8.6
159
8.63333
160
8.66667
160
8.7
162
8.73333
165
8.76667
168
8.8
170
8.83333
172
8.86667
174
8.9
174
8.93333
176
8.96667
180
9
181
9.03333
181
9.06667
181
9.1
181
9.13333
182
9.16667
184
9.2
184
9.23333
184
9.26667
184
9.3
186
9.33333
189
9.36667
189
9.4
190
9.43333
191
9.46667
191
9.5
195
9.53333
196
9.56667
199
9.6
200
9.63333
204
9.66667
205
9.7
208
9.73333
208
9.76667
211
9.8
211
9.83333
212
9.86667
214
9.9
216
9.93333
220
9.96667
223
10
224
10.0333
226
10.0667
227
10.1
228
10.1333
230
10.1667
231
10.2
231
10.2333
231
10.2667
233
10.3
237
10.3333
243
10.3667
244
10.4
246
10.4333
246
10.4667
248
10.5
250
10.5333
257
10.5667
258
10.6
261
10.6333
261
10.6667
262
10.7
266
10.7333
268
10.7667
271
10.8
277
10.8333
280
10.8667
285
10.9
286
10.9333
288
10.9667
291
11
292
11.0333
295
11.0667
298
11.1
300
11.1333
301
11.1667
302
11.2
302
11.2333
303
11.2667
304
11.3
306
11.3333
306
11.3667
312
11.4
315
11.4333
318
11.4667
319
11.5
320
11.5333
320
11.5667
323
11.6
325
11.6333
326
11.6667
329
11.7
332
11.7333
335
11.7667
337
11.8
338
11.8333
341
11.8667
345
11.9
347
11.9333
349
11.9667
351
12
353
12.0333
358
12.0667
359
12.1
361
12.1333
363
12.1667
368
12.2
369
12.2333
373
12.2667
374
12.3
376
12.3333
377
12.3667
378
12.4
378
12.4333
378
12.4667
378
12.5
379
12.5333
381
12.5667
383
12.6
385
12.6333
385
12.6667
387
12.7
387
12.7333
388
12.7667
389
12.8
390
12.8333
390
12.8667
390
12.9
391
12.9333
391
12.9667
391
13
392
13.0333
393
13.0667
394
13.1
394
13.1333
394
13.1667
394
13.2
396
13.2333
398
13.2667
398
13.3
398
13.3333
398
13.3667
400
13.4
401
13.4333
403
13.4667
403
13.5
404
13.5333
407
13.5667
408
13.6
409
13.6333
411
13.6667
414
13.7
414
13.7333
415
13.7667
417
13.8
417
13.8333
417
13.8667
418
13.9
420
13.9333
420
13.9667
420
14
422
14.0333
424
14.0667
426
14.1
428
14.1333
430
14.1667
430
14.2
433
14.2333
433
14.2667
433
14.3
436
14.3333
436
14.3667
437
14.4
440
14.4333
443
14.4667
445
14.5
448
14.5333
450
14.5667
450
14.6
450
14.6333
451
14.6667
451
14.7
452
14.7333
454
14.7667
455
14.8
458
14.8333
460
14.8667
460
14.9
460
14.9333
461
14.9667
461
15
463
15.0333
463
15.0667
463
15.1
464
15.1333
464
15.1667
466
15.2
467
15.2333
467
15.2667
468
15.3
469
15.3333
469
15.3667
469
15.4
469
15.4333
470
15.4667
471
15.5
472
15.5333
473
15.5667
473
15.6
475
15.6333
475
15.6667
475
15.7
475
15.7333
478
15.7667
479
15.8
479
15.8333
480
15.8667
481
15.9
481
15.9333
482
15.9667
482
16
483
16.0333
483
16.0667
484
16.1
485
16.1333
485
16.1667
486
16.2
486
16.2333
488
16.2667
489
16.3
489
16.3333
490
16.3667
490
16.4
490
16.4333
490
16.4667
490
16.5
490
16.5333
491
16.5667
493
16.6
494
16.6333
496
16.6667
497
16.7
498
16.7333
500
16.7667
500
16.8
500
16.8333
502
16.8667
503
16.9
504
16.9333
505
16.9667
505
17
505
17.0333
505
17.0667
505
17.1
505
17.1333
505
17.1667
506
17.2
507
17.2333
507
17.2667
507
17.3
507
17.3333
509
17.3667
509
17.4
509
17.4333
510
17.4667
511
17.5
511
17.5333
511
17.5667
514
17.6
514
17.6333
514
17.6667
515
17.7
517
17.7333
518
17.7667
518
17.8
518
17.8333
519
17.8667
520
17.9
522
17.9333
523
17.9667
524
18
525
18.0333
526
18.0667
526
18.1
527
18.1333
529
18.1667
529
18.2
530
18.2333
531
18.2667
532
18.3
533
18.3333
537
18.3667
537
18.4
538
18.4333
538
18.4667
539
18.5
539
18.5333
539
18.5667
540
18.6
541
18.6333
543
18.6667
543
18.7
543
18.7333
543
18.7667
543
18.8
543
18.8333
543
18.8667
543
18.9
544
18.9333
544
18.9667
545
19
545
19.0333
546
19.0667
546
19.1
546
19.1333
547
19.1667
548
19.2
548
19.2333
548
19.2667
549
19.3
550
19.3333
552
19.3667
553
19.4
553
19.4333
555
19.4667
556
19.5
556
19.5333
556
19.5667
556
19.6
556
19.6333
557
19.6667
558
19.7
558
19.7333
559
19.7667
559
19.8
560
19.8333
561
19.8667
561
19.9
561
19.9333
562
19.9667
562
20
563
20.0333
563
20.0667
564
20.1
564
20.1333
565
20.1667
566
20.2
566
20.2333
566
20.2667
567
20.3
567
20.3333
568
20.3667
569
20.4
569
20.4333
571
20.4667
572
20.5
573
20.5333
573
20.5667
573
20.6
573
20.6333
574
20.6667
574
20.7
575
20.7333
575
20.7667
575
20.8
575
20.8333
575
20.8667
575
20.9
575
20.9333
575
20.9667
576
21
576
21.0333
577
21.0667
578
21.1
578
21.1333
578
21.1667
578
21.2
578
21.2333
579
21.2667
580
21.3
580
21.3333
580
21.3667
581
21.4
581
21.4333
581
21.4667
582
21.5
582
21.5333
582
21.5667
582
21.6
585
21.6333
585
21.6667
585
21.7
586
21.7333
586
21.7667
586
21.8
586
21.8333
586
21.8667
587
21.9
588
21.9333
589
21.9667
589
22
589
22.0333
590
22.0667
591
22.1
591
22.1333
591
22.1667
591
22.2
592
22.2333
592
22.2667
592
22.3
593
22.3333
595
22.3667
595
22.4
595
22.4333
595
22.4667
595
22.5
595
22.5333
595
22.5667
595
22.6
596
22.6333
596
22.6667
596
22.7
596
22.7333
596
22.7667
596
22.8
596
22.8333
596
22.8667
596
22.9
596
22.9333
596
22.9667
597
23
597
23.0333
598
23.0667
598
23.1
598
23.1333
599
23.1667
600
23.2
600
23.2333
601
23.2667
601
23.3
602
23.3333
603
23.3667
603
23.4
604
23.4333
604
23.4667
604
23.5
604
23.5333
607
23.5667
607
23.6
607
23.6333
607
23.6667
609
23.7
610
23.7333
610
23.7667
611
23.8
611
23.8333
611
23.8667
611
23.9
611
23.9333
611
23.9667
611
24
611
24.0333
611
24.0667
612
24.1
612
24.1333
612
24.1667
612
24.2
612
24.2333
613
24.2667
614
24.3
614
24.3333
615
24.3667
616
24.4
616
24.4333
617
24.4667
617
24.5
617
24.5333
618
24.5667
618
24.6
618
24.6333
619
24.6667
619
24.7
619
24.7333
619
24.7667
619
24.8
620
24.8333
620
24.8667
620
24.9
620
24.9333
620
24.9667
620
25
621
25.0333
622
25.0667
622
25.1
623
25.1333
624
25.1667
625
25.2
625
25.2333
626
25.2667
626
25.3
626
25.3333
626
25.3667
628
25.4
628
25.4333
628
25.4667
628
25.5
628
25.5333
628
25.5667
629
25.6
629
25.6333
629
25.6667
629
25.7
629
25.7333
629
25.7667
629
25.8
631
25.8333
632
25.8667
632
25.9
632
25.9333
632
25.9667
632
26
633
26.0333
633
26.0667
633
26.1
633
26.1333
633
26.1667
633
26.2
633
26.2333
633
26.2667
633
26.3
633
26.3333
633
26.3667
634
26.4
634
26.4333
635
26.4667
636
26.5
636
26.5333
636
26.5667
636
26.6
636
26.6333
636
26.6667
636
26.7
637
26.7333
637
26.7667
638
26.8
638
26.8333
638
26.8667
638
26.9
638
26.9333
639
26.9667
639
27
639
27.0333
639
27.0667
640
27.1
640
27.1333
640
27.1667
641
27.2
643
27.2333
643
27.2667
643
27.3
643
27.3333
644
27.3667
644
27.4
644
27.4333
645
27.4667
647
27.5
648
27.5333
648
27.5667
648
27.6
649
27.6333
651
27.6667
651
27.7
651
27.7333
652
27.7667
654
27.8
654
27.8333
654
27.8667
656
27.9
656
27.9333
657
27.9667
657
28
658
28.0333
658
28.0667
658
28.1
658
28.1333
660
28.1667
661
28.2
662
28.2333
662
28.2667
663
28.3
667
28.3333
669
28.3667
670
28.4
670
28.4333
671
28.4667
671
28.5
672
28.5333
672
28.5667
672
28.6
673
28.6333
673
28.6667
673
28.7
675
28.7333
675
28.7667
677
28.8
677
28.8333
677
28.8667
678
28.9
678
28.9333
679
28.9667
679
29
679
29.0333
680
29.0667
681
29.1
682
29.1333
684
29.1667
684
29.2
685
29.2333
685
29.2667
685
29.3
685
29.3333
685
29.3667
686
29.4
686
29.4333
686
29.4667
686
29.5
686
29.5333
686
29.5667
687
29.6
687
29.6333
687
29.6667
687
29.7
687
29.7333
687
29.7667
687
29.8
687
29.8333
687
29.8667
687
29.9
687
29.9333
687
29.9667
687
30
687
30.0333
688
30.0667
690
30.1
690
30.1333
690
30.1667
690
30.2
690
30.2333
691
30.2667
691
30.3
693
30.3333
693
30.3667
693
30.4
693
30.4333
693
30.4667
694
30.5
694
30.5333
694
30.5667
694
30.6
694
30.6333
695
30.6667
696
30.7
698
30.7333
699
30.7667
699
30.8
699
30.8333
700
30.8667
700
30.9
700
30.9333
701
30.9667
703
31
704
31.0333
704
31.0667
704
31.1
705
31.1333
705
31.1667
705
31.2
705
31.2333
706
31.2667
706
31.3
706
31.3333
706
31.3667
706
31.4
706
31.4333
706
31.4667
706
31.5
706
31.5333
707
31.5667
707
31.6
707
31.6333
707
31.6667
707
31.7
707
31.7333
707
31.7667
707
31.8
707
31.8333
709
31.8667
710
31.9
710
31.9333
710
31.9667
710
32
710
32.0333
710
32.0667
710
32.1
711
32.1333
711
32.1667
713
32.2
713
32.2333
713
32.2667
714
32.3
714
32.3333
714
32.3667
715
32.4
715
32.4333
715
32.4667
715
32.5
715
32.5333
715
32.5667
715
32.6
715
32.6333
715
32.6667
715
32.7
715
32.7333
715
32.7667
715
32.8
715
32.8333
717
32.8667
717
32.9
717
32.9333
717
32.9667
717
33
717
33.0333
717
33.0667
717
33.1
717
33.1333
717
33.1667
718
33.2
719
33.2333
720
33.2667
720
33.3
722
33.3333
723
33.3667
723
33.4
724
33.4333
724
33.4667
725
33.5
725
33.5333
725
33.5667
726
33.6
728
33.6333
728
33.6667
728
33.7
728
33.7333
729
33.7667
729
33.8
731
33.8333
732
33.8667
732
33.9
733
33.9333
733
33.9667
733
34
734
34.0333
734
34.0667
734
34.1
734
34.1333
734
34.1667
734
34.2
734
34.2333
734
34.2667
734
34.3
734
34.3333
735
34.3667
735
34.4
735
34.4333
736
34.4667
736
34.5
736
34.5333
736
34.5667
736
34.6
736
34.6333
738
34.6667
739
34.7
739
34.7333
739
34.7667
739
34.8
739
34.8333
739
34.8667
739
34.9
740
34.9333
740
34.9667
741
35
741
35.0333
741
35.0667
741
35.1
741
35.1333
741
35.1667
741
35.2
741
35.2333
741
35.2667
741
35.3
741
35.3333
741
35.3667
741
35.4
742
35.4333
742
35.4667
742
35.5
742
35.5333
742
35.5667
744
35.6
744
35.6333
745
35.6667
745
35.7
745
35.7333
745
35.7667
745
35.8
745
35.8333
745
35.8667
746
35.9
746
35.9333
746
35.9667
747
36
747
36.0333
747
36.0667
748
36.1
748
36.1333
748
36.1667
748
36.2
749
36.2333
749
36.2667
749
36.3
750
36.3333
750
36.3667
750
36.4
750
36.4333
750
36.4667
750
36.5
751
36.5333
751
36.5667
751
36.6
751
36.6333
752
36.6667
753
36.7
753
36.7333
753
36.7667
753
36.8
753
36.8333
753
36.8667
753
36.9
753
36.9333
753
36.9667
753
37
753
37.0333
753
37.0667
754
37.1
754
37.1333
754
37.1667
754
37.2
754
37.2333
754
37.2667
754
37.3
754
37.3333
755
37.3667
755
37.4
755
37.4333
756
37.4667
756
37.5
756
37.5333
756
37.5667
756
37.6
756
37.6333
756
37.6667
758
37.7
759
37.7333
759
37.7667
760
37.8
760
37.8333
760
37.8667
760
37.9
760
37.9333
760
37.9667
760
38
760
38.0333
761
38.0667
761
38.1
761
38.1333
761
38.1667
762
38.2
762
38.2333
762
38.2667
762
38.3
762
38.3333
762
38.3667
762
38.4
763
38.4333
763
38.4667
763
38.5
763
38.5333
763
38.5667
763
38.6
763
38.6333
763
38.6667
764
38.7
764
38.7333
764
38.7667
764
38.8
764
38.8333
764
38.8667
764
38.9
766
38.9333
766
38.9667
767
39
767
39.0333
767
39.0667
767
39.1
767
39.1333
767
39.1667
768
39.2
768
39.2333
768
39.2667
768
39.3
768
39.3333
768
39.3667
768
39.4
768
39.4333
768
39.4667
768
39.5
768
39.5333
768
39.5667
768
39.6
768
39.6333
768
39.6667
768
39.7
768
39.7333
769
39.7667
769
39.8
769
39.8333
769
39.8667
769
39.9
769
39.9333
769
39.9667
769
40
769
40.0333
769
40.0667
769
40.1
769
40.1333
769
40.1667
769
40.2
770
40.2333
770
40.2667
771
40.3
772
40.3333
772
40.3667
772
40.4
773
40.4333
773
40.4667
774
40.5
774
40.5333
775
40.5667
777
40.6
777
40.6333
777
40.6667
778
40.7
778
40.7333
779
40.7667
780
40.8
781
40.8333
781
40.8667
781
40.9
782
40.9333
784
40.9667
785
41
786
41.0333
786
41.0667
786
41.1
786
41.1333
786
41.1667
786
41.2
787
41.2333
787
41.2667
787
41.3
788
41.3333
788
41.3667
788
41.4
788
41.4333
788
41.4667
788
41.5
788
41.5333
788
41.5667
788
41.6
788
41.6333
789
41.6667
789
41.7
789
41.7333
789
41.7667
789
41.8
790
41.8333
790
41.8667
790
41.9
790
41.9333
791
41.9667
791
42
791
42.0333
791
42.0667
791
42.1
791
42.1333
791
42.1667
791
42.2
792
42.2333
792
42.2667
792
42.3
792
42.3333
792
42.3667
792
42.4
792
42.4333
792
42.4667
792
42.5
792
42.5333
792
42.5667
792
42.6
792
42.6333
793
42.6667
793
42.7
793
42.7333
793
42.7667
793
42.8
793
42.8333
793
42.8667
793
42.9
793
42.9333
793
42.9667
794
43
795
43.0333
795
43.0667
795
43.1
795
43.1333
795
43.1667
795
43.2
795
43.2333
795
43.2667
796
43.3
796
43.3333
796
43.3667
796
43.4
796
43.4333
796
43.4667
796
43.5
796
43.5333
796
43.5667
796
43.6
796
43.6333
796
43.6667
796
43.7
796
43.7333
796
43.7667
797
43.8
797
43.8333
798
43.8667
798
43.9
798
43.9333
798
43.9667
798
44
798
44.0333
798
44.0667
798
44.1
799
44.1333
799
44.1667
799
44.2
799
44.2333
799
44.2667
799
44.3
799
44.3333
799
44.3667
799
44.4
799
44.4333
800
44.4667
800
44.5
800
44.5333
800
44.5667
800
44.6
800
44.6333
800
44.6667
800
44.7
800
44.7333
800
44.7667
800
44.8
800
44.8333
800
44.8667
800
44.9
800
44.9333
800
44.9667
800
45
800
45.0333
800
45.0667
800
45.1
801
45.1333
802
45.1667
802
45.2
802
45.2333
802
45.2667
802
45.3
802
45.3333
802
45.3667
803
45.4
803
45.4333
803
45.4667
804
45.5
804
45.5333
804
45.5667
804
45.6
804
45.6333
805
45.6667
805
45.7
805
45.7333
805
45.7667
805
45.8
805
45.8333
805
45.8667
805
45.9
805
45.9333
806
45.9667
806
46
806
46.0333
806
46.0667
806
46.1
806
46.1333
806
46.1667
806
46.2
806
46.2333
806
46.2667
806
46.3
807
46.3333
807
46.3667
807
46.4
807
46.4333
807
46.4667
807
46.5
807
46.5333
807
46.5667
807
46.6
808
46.6333
808
46.6667
808
46.7
808
46.7333
808
46.7667
808
46.8
808
46.8333
808
46.8667
808
46.9
808
46.9333
808
46.9667
808
47
809
47.0333
809
47.0667
809
47.1
809
47.1333
809
47.1667
809
47.2
809
47.2333
809
47.2667
809
47.3
809
47.3333
809
47.3667
809
47.4
809
47.4333
809
47.4667
809
47.5
809
47.5333
809
47.5667
809
47.6
809
47.6333
809
47.6667
809
47.7
809
47.7333
809
47.7667
809
47.8
809
47.8333
810
47.8667
811
47.9
811
47.9333
811
47.9667
811
48
811
48.0333
811
48.0667
811
48.1
811
48.1333
811
48.1667
811
48.2
811
48.2333
811
48.2667
811
48.3
811
48.3333
812
48.3667
812
48.4
812
48.4333
812
48.4667
812
48.5
812
48.5333
813
48.5667
814
48.6
814
48.6333
814
48.6667
814
48.7
816
48.7333
817
48.7667
819
48.8
820
48.8333
820
48.8667
821
48.9
821
48.9333
821
48.9667
822
49
822
49.0333
823
49.0667
823
49.1
824
49.1333
824
49.1667
824
49.2
824
49.2333
824
49.2667
824
49.3
824
49.3333
824
49.3667
824
49.4
824
49.4333
824
49.4667
824
49.5
824
49.5333
825
49.5667
826
49.6
826
49.6333
826
49.6667
826
49.7
826
49.7333
827
49.7667
827
49.8
827
49.8333
828
49.8667
828
49.9
828
49.9333
829
49.9667
829
50
829
50.0333
829
50.0667
829
50.1
829
50.1333
829
50.1667
829
50.2
830
50.2333
830
50.2667
830
50.3
830
50.3333
830
50.3667
830
50.4
830
50.4333
831
50.4667
831
50.5
832
50.5333
832
50.5667
832
50.6
832
50.6333
832
50.6667
832
50.7
833
50.7333
833
50.7667
834
50.8
834
50.8333
834
50.8667
834
50.9
834
50.9333
834
50.9667
834
51
834
51.0333
834
51.0667
834
51.1
834
51.1333
834
51.1667
834
51.2
834
51.2333
834
51.2667
834
51.3
834
51.3333
834
51.3667
834
51.4
835
51.4333
835
51.4667
835
51.5
836
51.5333
836
51.5667
836
51.6
837
51.6333
837
51.6667
837
51.7
837
51.7333
838
51.7667
838
51.8
838
51.8333
838
51.8667
838
51.9
838
51.9333
839
51.9667
839
52
840
52.0333
840
52.0667
840
52.1
840
52.1333
840
52.1667
840
52.2
840
52.2333
840
52.2667
840
52.3
841
52.3333
841
52.3667
841
52.4
841
52.4333
841
52.4667
841
52.5
841
52.5333
841
52.5667
841
52.6
841
52.6333
842
52.6667
843
52.7
843
52.7333
843
52.7667
843
52.8
843
52.8333
843
52.8667
843
52.9
843
52.9333
843
52.9667
843
53
843
53.0333
843
53.0667
843
53.1
843
53.1333
843
53.1667
843
53.2
843
53.2333
843
53.2667
843
53.3
843
53.3333
843
