0
1
0.0333333
1
0.0666667
1
0.1
1
0.133333
1
0.166667
1
0.2
1
0.233333
1
0.266667
1
0.3
1
0.333333
1
0.366667
1
0.4
1
0.433333
1
0.466667
1
0.5
1
0.533333
1
0.566667
1
0.6
1
0.633333
1
0.666667
1
0.7
1
0.733333
1
0.766667
1
0.8
1
0.833333
1
0.866667
1
0.9
1
0.933333
1
0.966667
1
1
1
1.03333
1
1.06667
1
1.1
1
1.13333
1
1.16667
1
1.2
1
1.23333
1
1.26667
1
1.3
1
1.33333
1
1.36667
1
1.4
1
1.43333
1
1.46667
1
1.5
1
1.53333
1
1.56667
1
1.6
1
1.63333
1
1.66667
1
1.7
1
1.73333
1
1.76667
1
1.8
1
1.83333
1
1.86667
1
1.9
1
1.93333
1
1.96667
1
2
1
2.03333
1
2.06667
1
2.1
1
2.13333
1
2.16667
1
2.2
1
2.23333
1
2.26667
1
2.3
1
2.33333
1
2.36667
1
2.4
1
2.43333
1
2.46667
1
2.5
1
2.53333
1
2.56667
1
2.6
1
2.63333
1
2.66667
1
2.7
1
2.73333
1
2.76667
1
2.8
1
2.83333
1
2.86667
1
2.9
1
2.93333
1
2.96667
1
3
1
3.03333
1
3.06667
1
3.1
1
3.13333
1
3.16667
1
3.2
1
3.23333
1
3.26667
1
3.3
1
3.33333
1
3.36667
1
3.4
1
3.43333
1
3.46667
1
3.5
1
3.53333
1
3.56667
1
3.6
1
3.63333
1
3.66667
1
3.7
1
3.73333
1
3.76667
1
3.8
1
3.83333
1
3.86667
1
3.9
1
3.93333
1
3.96667
1
4
1
4.03333
1
4.06667
1
4.1
1
4.13333
1
4.16667
1
4.2
1
4.23333
1
4.26667
1
4.3
1
4.33333
1
4.36667
1
4.4
1
4.43333
1
4.46667
1
4.5
1
4.53333
1
4.56667
1
4.6
1
4.63333
1
4.66667
1
4.7
1
4.73333
1
4.76667
1
4.8
1
4.83333
1
4.86667
1
4.9
1
4.93333
1
4.96667
1
5
1
5.03333
1
5.06667
1
5.1
1
5.13333
1
5.16667
1
5.2
1
5.23333
1
5.26667
1
5.3
1
5.33333
2
5.36667
2
5.4
3
5.43333
3
5.46667
3
5.5
3
5.53333
4
5.56667
4
5.6
4
5.63333
4
5.66667
4
5.7
5
5.73333
6
5.76667
6
5.8
6
5.83333
6
5.86667
6
5.9
8
5.93333
11
5.96667
14
6
14
6.03333
14
6.06667
14
6.1
14
6.13333
14
6.16667
14
6.2
14
6.23333
15
6.26667
15
6.3
15
6.33333
15
6.36667
15
6.4
15
6.43333
15
6.46667
16
6.5
16
6.53333
16
6.56667
16
6.6
16
6.63333
16
6.66667
16
6.7
16
6.73333
17
6.76667
17
6.8
17
6.83333
19
6.86667
19
6.9
19
6.93333
21
6.96667
21
7
23
7.03333
23
7.06667
23
7.1
25
7.13333
28
7.16667
29
7.2
29
7.23333
29
7.26667
29
7.3
29
7.33333
29
7.36667
29
7.4
30
7.43333
32
7.46667
33
7.5
33
7.53333
33
7.56667
35
7.6
36
7.63333
36
7.66667
36
7.7
36
7.73333
37
7.76667
37
7.8
38
7.83333
39
7.86667
40
7.9
42
7.93333
42
7.96667
43
8
44
8.03333
44
8.06667
44
8.1
49
8.13333
51
8.16667
51
8.2
51
8.23333
51
8.26667
52
8.3
56
8.33333
56
8.36667
57
8.4
57
8.43333
59
8.46667
59
8.5
59
8.53333
60
8.56667
61
8.6
63
8.63333
64
8.66667
65
8.7
66
8.73333
67
8.76667
67
8.8
68
8.83333
71
8.86667
72
8.9
73
8.93333
75
8.96667
76
9
76
9.03333
76
9.06667
76
9.1
76
9.13333
78
9.16667
78
9.2
80
9.23333
80
9.26667
81
9.3
81
9.33333
81
9.36667
82
9.4
82
9.43333
82
9.46667
83
9.5
85
9.53333
87
9.56667
89
9.6
91
9.63333
91
9.66667
91
9.7
92
9.73333
94
9.76667
95
9.8
96
9.83333
97
9.86667
98
9.9
98
9.93333
99
9.96667
100
10
100
10.0333
101
10.0667
102
10.1
102
10.1333
103
10.1667
103
10.2
105
10.2333
106
10.2667
107
10.3
107
10.3333
107
10.3667
107
10.4
108
10.4333
108
10.4667
109
10.5
111
10.5333
111
10.5667
112
10.6
112
10.6333
112
10.6667
112
10.7
112
10.7333
114
10.7667
114
10.8
114
10.8333
116
10.8667
116
10.9
117
10.9333
117
10.9667
118
11
118
11.0333
118
11.0667
118
11.1
118
11.1333
118
11.1667
118
11.2
118
11.2333
118
11.2667
118
11.3
119
11.3333
119
11.3667
119
11.4
119
11.4333
120
11.4667
120
11.5
120
11.5333
120
11.5667
121
11.6
121
11.6333
121
11.6667
121
11.7
121
11.7333
122
11.7667
122
11.8
122
11.8333
123
11.8667
124
11.9
124
11.9333
125
11.9667
125
12
127
12.0333
127
12.0667
128
12.1
128
12.1333
129
12.1667
129
12.2
133
12.2333
133
12.2667
133
12.3
134
12.3333
134
12.3667
135
12.4
137
12.4333
138
12.4667
139
12.5
140
12.5333
141
12.5667
142
12.6
143
12.6333
144
12.6667
144
12.7
145
12.7333
147
12.7667
147
12.8
147
12.8333
147
12.8667
148
12.9
148
12.9333
149
12.9667
150
13
151
13.0333
151
13.0667
151
13.1
152
13.1333
152
13.1667
154
13.2
155
13.2333
156
13.2667
156
13.3
156
13.3333
157
13.3667
157
13.4
158
13.4333
158
13.4667
158
13.5
158
13.5333
158
13.5667
158
13.6
158
13.6333
158
13.6667
158
13.7
158
13.7333
158
13.7667
158
13.8
159
13.8333
159
13.8667
159
13.9
159
13.9333
160
13.9667
160
14
160
14.0333
160
14.0667
160
14.1
161
14.1333
161
14.1667
161
14.2
161
14.2333
161
14.2667
162
14.3
162
14.3333
162
14.3667
162
14.4
162
14.4333
162
14.4667
162
14.5
162
14.5333
162
14.5667
163
14.6
163
14.6333
163
14.6667
163
14.7
163
14.7333
163
14.7667
163
14.8
163
14.8333
163
14.8667
163
14.9
163
14.9333
163
14.9667
163
15
163
15.0333
163
15.0667
163
15.1
163
15.1333
164
15.1667
164
15.2
164
15.2333
164
15.2667
164
15.3
166
15.3333
166
15.3667
167
15.4
167
15.4333
167
15.4667
169
15.5
169
15.5333
170
15.5667
170
15.6
170
15.6333
170
15.6667
170
15.7
170
15.7333
171
15.7667
171
15.8
171
15.8333
171
15.8667
172
15.9
172
15.9333
172
15.9667
172
16
172
16.0333
172
16.0667
173
16.1
173
16.1333
174
16.1667
174
16.2
176
16.2333
177
16.2667
177
16.3
177
16.3333
178
16.3667
179
16.4
180
16.4333
180
16.4667
180
16.5
180
16.5333
180
16.5667
180
16.6
181
16.6333
181
16.6667
181
16.7
182
16.7333
182
16.7667
183
16.8
183
16.8333
183
16.8667
183
16.9
183
16.9333
184
16.9667
184
17
184
17.0333
184
17.0667
184
17.1
185
17.1333
185
17.1667
185
17.2
185
17.2333
185
17.2667
185
17.3
186
17.3333
186
17.3667
187
17.4
187
17.4333
188
17.4667
188
17.5
188
17.5333
188
17.5667
188
17.6
189
17.6333
190
17.6667
190
17.7
190
17.7333
191
17.7667
192
17.8
192
17.8333
192
17.8667
192
17.9
192
17.9333
192
17.9667
192
18
192
18.0333
193
18.0667
195
18.1
196
18.1333
196
18.1667
196
18.2
197
18.2333
197
18.2667
199
18.3
199
18.3333
199
18.3667
199
18.4
199
18.4333
199
18.4667
200
18.5
200
18.5333
200
18.5667
200
18.6
200
18.6333
201
18.6667
201
18.7
201
18.7333
201
18.7667
201
18.8
201
18.8333
201
18.8667
201
18.9
201
18.9333
201
18.9667
201
19
201
19.0333
201
19.0667
201
19.1
201
19.1333
202
19.1667
202
19.2
202
19.2333
202
19.2667
202
19.3
202
19.3333
202
19.3667
202
19.4
203
19.4333
205
19.4667
205
19.5
205
19.5333
206
19.5667
206
19.6
206
19.6333
206
19.6667
206
19.7
206
19.7333
206
19.7667
206
19.8
207
19.8333
207
19.8667
207
19.9
208
19.9333
208
19.9667
208
20
208
20.0333
208
20.0667
208
20.1
208
20.1333
208
20.1667
208
20.2
208
20.2333
208
20.2667
208
20.3
209
20.3333
209
20.3667
209
20.4
209
20.4333
209
20.4667
210
20.5
211
20.5333
212
20.5667
213
20.6
213
20.6333
213
20.6667
213
20.7
213
20.7333
213
20.7667
213
20.8
213
20.8333
214
20.8667
215
20.9
215
20.9333
215
20.9667
215
21
216
21.0333
216
21.0667
216
21.1
216
21.1333
216
21.1667
216
21.2
216
21.2333
216
21.2667
216
21.3
216
21.3333
216
21.3667
216
21.4
216
21.4333
216
21.4667
216
21.5
216
21.5333
216
21.5667
217
21.6
217
21.6333
217
21.6667
217
21.7
217
21.7333
217
21.7667
217
21.8
217
21.8333
217
21.8667
217
21.9
217
21.9333
217
21.9667
217
22
217
22.0333
218
22.0667
218
22.1
218
22.1333
218
22.1667
220
22.2
220
22.2333
220
22.2667
220
22.3
220
22.3333
220
22.3667
220
22.4
220
22.4333
220
22.4667
220
22.5
220
22.5333
220
22.5667
220
22.6
220
22.6333
220
22.6667
220
22.7
220
22.7333
220
22.7667
220
22.8
220
22.8333
220
22.8667
221
22.9
221
22.9333
221
22.9667
221
23
221
23.0333
221
23.0667
221
23.1
221
23.1333
221
23.1667
222
23.2
222
23.2333
222
23.2667
222
23.3
222
23.3333
223
23.3667
223
23.4
224
23.4333
225
23.4667
225
23.5
225
23.5333
225
23.5667
225
23.6
225
23.6333
225
23.6667
225
23.7
225
23.7333
225
23.7667
225
23.8
225
23.8333
225
23.8667
226
23.9
226
23.9333
226
23.9667
226
24
226
24.0333
226
24.0667
226
24.1
226
24.1333
226
24.1667
226
24.2
226
24.2333
226
24.2667
226
24.3
226
24.3333
227
24.3667
228
24.4
229
24.4333
230
24.4667
230
24.5
230
24.5333
230
24.5667
230
24.6
231
24.6333
231
24.6667
231
24.7
231
24.7333
231
24.7667
232
24.8
232
24.8333
232
24.8667
232
24.9
233
24.9333
233
24.9667
234
25
234
25.0333
234
25.0667
234
25.1
234
25.1333
234
25.1667
234
25.2
234
25.2333
234
25.2667
234
25.3
234
25.3333
235
25.3667
235
25.4
235
25.4333
235
25.4667
235
25.5
235
25.5333
235
25.5667
236
25.6
236
25.6333
236
25.6667
236
25.7
236
25.7333
236
25.7667
236
25.8
236
25.8333
237
25.8667
238
25.9
238
25.9333
238
25.9667
238
26
238
26.0333
238
26.0667
238
26.1
238
26.1333
238
26.1667
239
26.2
239
26.2333
239
26.2667
239
26.3
239
26.3333
239
26.3667
239
26.4
239
26.4333
239
26.4667
239
26.5
239
26.5333
239
26.5667
240
26.6
240
26.6333
240
26.6667
240
26.7
240
26.7333
241
26.7667
241
26.8
241
26.8333
241
26.8667
241
26.9
241
26.9333
241
26.9667
241
27
242
27.0333
242
27.0667
242
27.1
242
27.1333
242
27.1667
242
27.2
242
27.2333
242
27.2667
242
27.3
243
27.3333
244
27.3667
244
27.4
244
27.4333
244
27.4667
244
27.5
244
27.5333
244
27.5667
244
27.6
244
27.6333
244
27.6667
244
27.7
244
27.7333
244
27.7667
244
27.8
244
27.8333
244
27.8667
244
27.9
244
27.9333
244
27.9667
244
28
244
28.0333
244
28.0667
244
28.1
244
28.1333
244
28.1667
244
28.2
244
28.2333
244
28.2667
244
28.3
244
28.3333
244
28.3667
244
28.4
245
28.4333
245
28.4667
245
28.5
245
28.5333
245
28.5667
245
28.6
245
28.6333
245
28.6667
245
28.7
245
28.7333
245
28.7667
245
28.8
245
28.8333
245
28.8667
245
28.9
245
28.9333
245
28.9667
246
29
246
29.0333
246
29.0667
246
29.1
246
29.1333
246
29.1667
246
29.2
246
29.2333
246
29.2667
246
29.3
246
29.3333
246
29.3667
246
29.4
246
29.4333
246
29.4667
246
29.5
246
29.5333
246
29.5667
246
29.6
246
29.6333
247
29.6667
247
29.7
247
29.7333
247
29.7667
247
29.8
247
29.8333
247
29.8667
247
29.9
247
29.9333
247
29.9667
247
30
247
30.0333
247
30.0667
247
30.1
247
30.1333
247
30.1667
247
30.2
247
30.2333
247
30.2667
247
30.3
247
30.3333
247
30.3667
247
30.4
247
30.4333
247
30.4667
247
30.5
247
30.5333
247
30.5667
247
30.6
247
30.6333
247
30.6667
247
30.7
247
30.7333
247
30.7667
247
30.8
247
30.8333
247
30.8667
247
30.9
247
30.9333
247
30.9667
247
31
247
31.0333
247
31.0667
247
31.1
247
31.1333
247
31.1667
247
31.2
247
31.2333
247
31.2667
247
31.3
247
31.3333
247
31.3667
247
31.4
247
31.4333
247
31.4667
247
31.5
247
31.5333
247
31.5667
247
31.6
248
31.6333
248
31.6667
248
31.7
248
31.7333
248
31.7667
248
31.8
250
31.8333
250
31.8667
250
31.9
251
31.9333
251
31.9667
251
32
251
32.0333
251
32.0667
251
32.1
251
32.1333
251
32.1667
252
32.2
252
32.2333
252
32.2667
252
32.3
252
32.3333
252
32.3667
252
32.4
252
32.4333
252
32.4667
252
32.5
252
32.5333
252
32.5667
252
32.6
252
32.6333
252
32.6667
252
32.7
252
32.7333
252
32.7667
252
32.8
252
32.8333
252
32.8667
252
32.9
252
32.9333
252
32.9667
252
33
252
33.0333
252
33.0667
252
33.1
252
33.1333
252
33.1667
252
33.2
253
33.2333
253
33.2667
253
33.3
253
33.3333
253
33.3667
253
33.4
253
33.4333
253
33.4667
253
33.5
253
33.5333
253
33.5667
253
33.6
253
33.6333
253
33.6667
254
33.7
254
33.7333
254
33.7667
254
33.8
254
33.8333
254
33.8667
254
33.9
254
33.9333
254
33.9667
254
34
254
34.0333
254
34.0667
254
34.1
254
34.1333
254
34.1667
254
34.2
255
34.2333
255
34.2667
255
34.3
255
34.3333
255
34.3667
255
34.4
255
34.4333
255
34.4667
255
34.5
255
34.5333
255
34.5667
255
34.6
255
34.6333
256
34.6667
256
34.7
256
34.7333
256
34.7667
256
34.8
256
34.8333
256
34.8667
256
34.9
256
34.9333
256
34.9667
256
35
256
35.0333
257
35.0667
257
35.1
257
35.1333
257
35.1667
257
35.2
257
35.2333
257
35.2667
257
35.3
257
35.3333
257
35.3667
257
35.4
257
35.4333
257
35.4667
257
35.5
257
35.5333
258
35.5667
258
35.6
258
35.6333
258
35.6667
258
35.7
258
35.7333
258
35.7667
258
35.8
258
35.8333
258
35.8667
258
35.9
258
35.9333
258
35.9667
258
36
258
36.0333
258
36.0667
258
36.1
258
36.1333
258
36.1667
258
36.2
258
36.2333
258
36.2667
258
36.3
258
36.3333
258
36.3667
258
36.4
258
36.4333
258
36.4667
258
36.5
258
36.5333
258
36.5667
258
36.6
258
36.6333
259
36.6667
259
36.7
259
36.7333
259
36.7667
259
36.8
259
36.8333
259
36.8667
259
36.9
259
36.9333
259
36.9667
259
37
259
37.0333
259
37.0667
259
37.1
259
37.1333
259
37.1667
259
37.2
259
37.2333
260
37.2667
260
37.3
260
37.3333
260
37.3667
260
37.4
260
37.4333
260
37.4667
260
37.5
260
37.5333
260
37.5667
260
37.6
260
37.6333
260
37.6667
260
37.7
260
37.7333
260
37.7667
260
37.8
260
37.8333
260
37.8667
260
37.9
260
37.9333
260
37.9667
260
38
260
38.0333
261
38.0667
261
38.1
261
38.1333
261
38.1667
262
38.2
262
38.2333
262
38.2667
263
38.3
263
38.3333
264
38.3667
264
38.4
265
38.4333
265
38.4667
265
38.5
265
38.5333
266
38.5667
266
38.6
266
38.6333
266
38.6667
266
38.7
266
38.7333
267
38.7667
267
38.8
268
38.8333
268
38.8667
268
38.9
268
38.9333
268
38.9667
268
39
268
39.0333
268
39.0667
268
39.1
269
39.1333
269
39.1667
269
39.2
269
39.2333
270
39.2667
270
39.3
270
39.3333
270
39.3667
270
39.4
271
39.4333
271
39.4667
271
39.5
271
39.5333
271
39.5667
271
39.6
271
39.6333
271
39.6667
271
39.7
271
39.7333
271
39.7667
271
39.8
271
39.8333
271
39.8667
271
39.9
271
39.9333
271
39.9667
272
40
273
40.0333
273
40.0667
273
40.1
273
40.1333
273
40.1667
273
40.2
273
40.2333
273
40.2667
273
40.3
273
40.3333
273
40.3667
273
40.4
273
40.4333
273
40.4667
273
40.5
273
40.5333
273
40.5667
273
40.6
273
40.6333
273
40.6667
273
40.7
273
40.7333
273
40.7667
273
40.8
273
40.8333
273
40.8667
273
40.9
273
40.9333
273
40.9667
273
41
273
41.0333
273
41.0667
273
41.1
273
41.1333
273
41.1667
273
41.2
273
41.2333
273
41.2667
273
41.3
273
41.3333
273
41.3667
273
41.4
273
41.4333
273
41.4667
273
41.5
273
41.5333
273
41.5667
273
41.6
273
41.6333
273
41.6667
273
41.7
273
41.7333
273
41.7667
273
41.8
273
41.8333
274
41.8667
274
41.9
274
41.9333
274
41.9667
274
42
274
42.0333
274
42.0667
274
42.1
274
42.1333
274
42.1667
274
42.2
274
42.2333
274
42.2667
274
42.3
274
42.3333
274
42.3667
274
42.4
274
42.4333
274
42.4667
274
42.5
274
42.5333
274
42.5667
274
42.6
274
42.6333
274
42.6667
274
42.7
274
42.7333
274
42.7667
274
42.8
274
42.8333
274
42.8667
274
42.9
274
42.9333
274
42.9667
274
43
274
43.0333
274
43.0667
274
43.1
274
43.1333
274
43.1667
274
43.2
274
43.2333
274
43.2667
274
43.3
274
43.3333
274
43.3667
274
43.4
274
43.4333
274
43.4667
274
43.5
275
43.5333
275
43.5667
276
43.6
277
43.6333
277
43.6667
277
43.7
277
43.7333
277
43.7667
277
43.8
277
43.8333
277
43.8667
277
43.9
277
43.9333
277
43.9667
277
44
277
44.0333
277
44.0667
277
44.1
277
44.1333
277
44.1667
277
44.2
277
44.2333
277
44.2667
277
44.3
277
44.3333
277
44.3667
277
44.4
277
44.4333
277
44.4667
277
44.5
277
44.5333
277
44.5667
277
44.6
277
44.6333
278
44.6667
278
44.7
278
44.7333
278
44.7667
278
44.8
279
44.8333
279
44.8667
279
44.9
281
44.9333
281
44.9667
281
45
281
45.0333
281
45.0667
282
45.1
282
45.1333
282
45.1667
282
45.2
282
45.2333
282
45.2667
282
45.3
282
45.3333
282
45.3667
282
45.4
282
45.4333
282
45.4667
282
45.5
282
45.5333
282
45.5667
282
45.6
282
45.6333
282
45.6667
282
45.7
282
45.7333
282
45.7667
282
45.8
282
45.8333
282
45.8667
282
45.9
282
45.9333
283
45.9667
283
46
283
46.0333
283
46.0667
283
46.1
283
46.1333
283
46.1667
283
46.2
283
46.2333
283
46.2667
283
46.3
283
46.3333
283
46.3667
283
46.4
283
46.4333
283
46.4667
283
46.5
283
46.5333
283
46.5667
283
46.6
283
46.6333
283
46.6667
284
46.7
284
46.7333
284
46.7667
284
46.8
284
46.8333
284
46.8667
284
46.9
284
46.9333
284
46.9667
284
47
284
47.0333
284
47.0667
284
47.1
284
47.1333
284
47.1667
284
47.2
284
47.2333
284
47.2667
284
47.3
284
47.3333
284
47.3667
284
47.4
284
47.4333
284
47.4667
284
47.5
284
47.5333
284
47.5667
284
47.6
284
47.6333
284
47.6667
284
47.7
284
47.7333
284
47.7667
284
47.8
284
47.8333
284
47.8667
284
47.9
284
47.9333
284
47.9667
284
48
284
48.0333
284
48.0667
284
48.1
284
48.1333
284
48.1667
284
48.2
284
48.2333
284
48.2667
284
48.3
285
48.3333
285
48.3667
285
48.4
285
48.4333
285
48.4667
285
48.5
285
48.5333
285
48.5667
285
48.6
285
48.6333
285
48.6667
285
48.7
285
48.7333
285
48.7667
285
48.8
285
48.8333
285
48.8667
285
48.9
285
48.9333
285
48.9667
285
49
285
49.0333
285
49.0667
285
49.1
285
49.1333
285
49.1667
285
49.2
285
49.2333
285
49.2667
285
49.3
285
49.3333
285
49.3667
285
49.4
285
49.4333
285
49.4667
285
49.5
285
49.5333
285
49.5667
285
49.6
285
49.6333
285
49.6667
285
49.7
285
49.7333
285
49.7667
285
49.8
285
49.8333
285
49.8667
285
49.9
285
49.9333
285
49.9667
286
50
286
50.0333
286
50.0667
286
50.1
286
50.1333
286
50.1667
286
50.2
286
50.2333
286
50.2667
286
50.3
286
50.3333
286
50.3667
286
50.4
286
50.4333
286
50.4667
286
50.5
286
50.5333
286
50.5667
286
50.6
286
50.6333
286
50.6667
286
50.7
286
50.7333
286
50.7667
286
50.8
286
50.8333
286
50.8667
286
50.9
286
50.9333
286
50.9667
286
51
286
51.0333
286
51.0667
286
51.1
286
51.1333
286
51.1667
286
51.2
286
51.2333
286
51.2667
286
51.3
286
51.3333
286
51.3667
286
51.4
286
51.4333
286
51.4667
286
51.5
286
51.5333
286
51.5667
286
51.6
286
51.6333
286
51.6667
286
51.7
286
51.7333
286
51.7667
286
51.8
286
51.8333
286
51.8667
286
51.9
286
51.9333
286
51.9667
286
52
286
52.0333
286
52.0667
286
52.1
286
52.1333
286
52.1667
286
52.2
286
52.2333
286
52.2667
286
52.3
286
52.3333
286
52.3667
286
52.4
286
52.4333
286
52.4667
286
52.5
286
52.5333
286
52.5667
286
52.6
286
52.6333
286
52.6667
286
52.7
286
52.7333
286
52.7667
286
52.8
286
52.8333
286
52.8667
286
52.9
286
52.9333
286
52.9667
286
53
286
53.0333
286
53.0667
286
53.1
286
53.1333
286
53.1667
286
53.2
286
53.2333
286
53.2667
286
53.3
286
53.3333
286
