0
1
0.0333333
1
0.0666667
1
0.1
1
0.133333
1
0.166667
1
0.2
1
0.233333
1
0.266667
1
0.3
1
0.333333
1
0.366667
1
0.4
1
0.433333
1
0.466667
1
0.5
1
0.533333
1
0.566667
1
0.6
1
0.633333
1
0.666667
1
0.7
1
0.733333
1
0.766667
1
0.8
1
0.833333
1
0.866667
1
0.9
1
0.933333
1
0.966667
1
1
1
1.03333
1
1.06667
1
1.1
1
1.13333
1
1.16667
1
1.2
1
1.23333
1
1.26667
1
1.3
1
1.33333
1
1.36667
1
1.4
1
1.43333
1
1.46667
1
1.5
1
1.53333
1
1.56667
1
1.6
1
1.63333
1
1.66667
1
1.7
1
1.73333
1
1.76667
1
1.8
1
1.83333
1
1.86667
1
1.9
1
1.93333
1
1.96667
1
2
1
2.03333
1
2.06667
1
2.1
1
2.13333
1
2.16667
1
2.2
1
2.23333
1
2.26667
1
2.3
1
2.33333
1
2.36667
1
2.4
1
2.43333
1
2.46667
1
2.5
1
2.53333
1
2.56667
1
2.6
1
2.63333
1
2.66667
1
2.7
1
2.73333
1
2.76667
1
2.8
1
2.83333
1
2.86667
1
2.9
1
2.93333
1
2.96667
1
3
1
3.03333
1
3.06667
1
3.1
1
3.13333
1
3.16667
1
3.2
1
3.23333
1
3.26667
1
3.3
1
3.33333
1
3.36667
1
3.4
1
3.43333
1
3.46667
1
3.5
1
3.53333
1
3.56667
1
3.6
1
3.63333
1
3.66667
1
3.7
1
3.73333
1
3.76667
1
3.8
1
3.83333
1
3.86667
1
3.9
1
3.93333
1
3.96667
1
4
1
4.03333
1
4.06667
1
4.1
1
4.13333
1
4.16667
1
4.2
1
4.23333
1
4.26667
1
4.3
1
4.33333
1
4.36667
1
4.4
1
4.43333
1
4.46667
1
4.5
1
4.53333
1
4.56667
1
4.6
1
4.63333
1
4.66667
1
4.7
1
4.73333
1
4.76667
1
4.8
1
4.83333
1
4.86667
1
4.9
1
4.93333
1
4.96667
1
5
1
5.03333
1
5.06667
1
5.1
1
5.13333
1
5.16667
1
5.2
1
5.23333
1
5.26667
1
5.3
1
5.33333
1
5.36667
1
5.4
1
5.43333
1
5.46667
1
5.5
1
5.53333
1
5.56667
2
5.6
2
5.63333
2
5.66667
2
5.7
2
5.73333
2
5.76667
2
5.8
2
5.83333
2
5.86667
2
5.9
2
5.93333
2
5.96667
4
6
4
6.03333
4
6.06667
4
6.1
4
6.13333
4
6.16667
4
6.2
4
6.23333
4
6.26667
5
6.3
5
6.33333
5
6.36667
5
6.4
5
6.43333
5
6.46667
6
6.5
7
6.53333
7
6.56667
7
6.6
7
6.63333
7
6.66667
8
6.7
8
6.73333
8
6.76667
8
6.8
8
6.83333
8
6.86667
8
6.9
8
6.93333
8
6.96667
8
7
8
7.03333
8
7.06667
8
7.1
10
7.13333
10
7.16667
13
7.2
13
7.23333
13
7.26667
13
7.3
13
7.33333
14
7.36667
16
7.4
16
7.43333
16
7.46667
17
7.5
18
7.53333
19
7.56667
19
7.6
19
7.63333
19
7.66667
20
7.7
21
7.73333
21
7.76667
22
7.8
22
7.83333
22
7.86667
23
7.9
23
7.93333
25
7.96667
25
8
25
8.03333
26
8.06667
26
8.1
26
8.13333
27
8.16667
27
8.2
27
8.23333
28
8.26667
28
8.3
28
8.33333
28
8.36667
28
8.4
28
8.43333
29
8.46667
29
8.5
29
8.53333
29
8.56667
30
8.6
31
8.63333
32
8.66667
32
8.7
33
8.73333
33
8.76667
35
8.8
35
8.83333
35
8.86667
35
8.9
35
8.93333
35
8.96667
36
9
37
9.03333
39
9.06667
39
9.1
40
9.13333
42
9.16667
42
9.2
42
9.23333
42
9.26667
43
9.3
43
9.33333
43
9.36667
43
9.4
44
9.43333
44
9.46667
44
9.5
44
9.53333
44
9.56667
44
9.6
44
9.63333
47
9.66667
47
9.7
48
9.73333
48
9.76667
48
9.8
48
9.83333
49
9.86667
49
9.9
50
9.93333
51
9.96667
52
10
53
10.0333
54
10.0667
54
10.1
54
10.1333
54
10.1667
54
10.2
54
10.2333
55
10.2667
56
10.3
56
10.3333
56
10.3667
58
10.4
60
10.4333
64
10.4667
64
10.5
64
10.5333
64
10.5667
64
10.6
64
10.6333
64
10.6667
64
10.7
64
10.7333
64
10.7667
65
10.8
66
10.8333
66
10.8667
67
10.9
67
10.9333
67
10.9667
69
11
70
11.0333
72
11.0667
73
11.1
75
11.1333
76
11.1667
76
11.2
77
11.2333
77
11.2667
78
11.3
79
11.3333
79
11.3667
80
11.4
80
11.4333
80
11.4667
80
11.5
81
11.5333
81
11.5667
81
11.6
81
11.6333
81
11.6667
81
11.7
81
11.7333
82
11.7667
82
11.8
82
11.8333
82
11.8667
82
11.9
82
11.9333
82
11.9667
82
12
82
12.0333
82
12.0667
82
12.1
82
12.1333
82
12.1667
82
12.2
82
12.2333
82
12.2667
82
12.3
82
12.3333
82
12.3667
83
12.4
83
12.4333
83
12.4667
83
12.5
83
12.5333
83
12.5667
83
12.6
83
12.6333
84
12.6667
84
12.7
84
12.7333
84
12.7667
84
12.8
84
12.8333
84
12.8667
84
12.9
84
12.9333
84
12.9667
84
13
84
13.0333
84
13.0667
84
13.1
84
13.1333
84
13.1667
84
13.2
84
13.2333
84
13.2667
84
13.3
84
13.3333
84
13.3667
84
13.4
84
13.4333
84
13.4667
84
13.5
84
13.5333
84
13.5667
84
13.6
84
13.6333
84
13.6667
85
13.7
85
13.7333
85
13.7667
85
13.8
86
13.8333
86
13.8667
86
13.9
86
13.9333
86
13.9667
86
14
86
14.0333
86
14.0667
86
14.1
87
14.1333
88
14.1667
88
14.2
88
14.2333
89
14.2667
89
14.3
90
14.3333
91
14.3667
91
14.4
91
14.4333
91
14.4667
91
14.5
91
14.5333
94
14.5667
94
14.6
95
14.6333
96
14.6667
96
14.7
96
14.7333
96
14.7667
96
14.8
96
14.8333
96
14.8667
97
14.9
97
14.9333
97
14.9667
97
15
97
15.0333
97
15.0667
97
15.1
97
15.1333
97
15.1667
97
15.2
97
15.2333
97
15.2667
98
15.3
98
15.3333
98
15.3667
98
15.4
99
15.4333
100
15.4667
100
15.5
100
15.5333
100
15.5667
100
15.6
102
15.6333
103
15.6667
103
15.7
103
15.7333
103
15.7667
103
15.8
103
15.8333
104
15.8667
104
15.9
105
15.9333
105
15.9667
106
16
106
16.0333
106
16.0667
106
16.1
106
16.1333
106
16.1667
106
16.2
106
16.2333
106
16.2667
106
16.3
106
16.3333
106
16.3667
107
16.4
108
16.4333
108
16.4667
108
16.5
108
16.5333
109
16.5667
109
16.6
109
16.6333
110
16.6667
110
16.7
110
16.7333
110
16.7667
111
16.8
111
16.8333
111
16.8667
111
16.9
111
16.9333
111
16.9667
111
17
111
17.0333
111
17.0667
111
17.1
111
17.1333
111
17.1667
111
17.2
111
17.2333
111
17.2667
111
17.3
111
17.3333
111
17.3667
111
17.4
111
17.4333
111
17.4667
111
17.5
111
17.5333
111
17.5667
111
17.6
111
17.6333
111
17.6667
111
17.7
111
17.7333
111
17.7667
111
17.8
111
17.8333
112
17.8667
112
17.9
112
17.9333
112
17.9667
112
18
112
18.0333
112
18.0667
112
18.1
112
18.1333
113
18.1667
113
18.2
113
18.2333
113
18.2667
113
18.3
113
18.3333
113
18.3667
113
18.4
113
18.4333
113
18.4667
113
18.5
113
18.5333
113
18.5667
113
18.6
113
18.6333
113
18.6667
113
18.7
113
18.7333
114
18.7667
114
18.8
114
18.8333
115
18.8667
115
18.9
115
18.9333
115
18.9667
115
19
115
19.0333
115
19.0667
115
19.1
115
19.1333
115
19.1667
115
19.2
115
19.2333
115
19.2667
115
19.3
115
19.3333
115
19.3667
115
19.4
115
19.4333
116
19.4667
116
19.5
116
19.5333
116
19.5667
116
19.6
116
19.6333
116
19.6667
116
19.7
116
19.7333
116
19.7667
116
19.8
116
19.8333
116
19.8667
117
19.9
117
19.9333
117
19.9667
117
20
117
20.0333
117
20.0667
117
20.1
117
20.1333
118
20.1667
118
20.2
118
20.2333
118
20.2667
118
20.3
118
20.3333
118
20.3667
118
20.4
118
20.4333
118
20.4667
118
20.5
118
20.5333
118
20.5667
118
20.6
118
20.6333
118
20.6667
118
20.7
118
20.7333
118
20.7667
118
20.8
118
20.8333
118
20.8667
118
20.9
118
20.9333
118
20.9667
118
21
118
21.0333
118
21.0667
118
21.1
118
21.1333
118
21.1667
118
21.2
118
21.2333
118
21.2667
118
21.3
118
21.3333
118
21.3667
118
21.4
118
21.4333
118
21.4667
118
21.5
118
21.5333
118
21.5667
119
21.6
119
21.6333
119
21.6667
119
21.7
119
21.7333
119
21.7667
119
21.8
119
21.8333
119
21.8667
119
21.9
119
21.9333
119
21.9667
119
22
119
22.0333
119
22.0667
119
22.1
119
22.1333
119
22.1667
119
22.2
119
22.2333
119
22.2667
119
22.3
119
22.3333
119
22.3667
119
22.4
119
22.4333
119
22.4667
119
22.5
119
22.5333
119
22.5667
119
22.6
119
22.6333
119
22.6667
119
22.7
119
22.7333
119
22.7667
119
22.8
119
22.8333
119
22.8667
119
22.9
119
22.9333
119
22.9667
119
23
119
23.0333
119
23.0667
119
23.1
119
23.1333
119
23.1667
119
23.2
119
23.2333
121
23.2667
121
23.3
122
23.3333
122
23.3667
122
23.4
122
23.4333
122
23.4667
122
23.5
123
23.5333
123
23.5667
123
23.6
123
23.6333
123
23.6667
123
23.7
123
23.7333
123
23.7667
123
23.8
123
23.8333
123
23.8667
123
23.9
123
23.9333
123
23.9667
123
24
123
24.0333
123
24.0667
124
24.1
124
24.1333
124
24.1667
124
24.2
124
24.2333
124
24.2667
124
24.3
124
24.3333
124
24.3667
124
24.4
124
24.4333
125
24.4667
125
24.5
125
24.5333
125
24.5667
125
24.6
125
24.6333
125
24.6667
125
24.7
125
24.7333
125
24.7667
125
24.8
125
24.8333
125
24.8667
125
24.9
125
24.9333
125
24.9667
125
25
125
25.0333
125
25.0667
125
25.1
126
25.1333
126
25.1667
126
25.2
126
25.2333
126
25.2667
126
25.3
126
25.3333
126
25.3667
126
25.4
126
25.4333
126
25.4667
126
25.5
126
25.5333
126
25.5667
126
25.6
126
25.6333
126
25.6667
126
25.7
126
25.7333
126
25.7667
126
25.8
126
25.8333
126
25.8667
126
25.9
126
25.9333
127
25.9667
127
26
127
26.0333
127
26.0667
127
26.1
127
26.1333
127
26.1667
127
26.2
127
26.2333
127
26.2667
127
26.3
127
26.3333
127
26.3667
127
26.4
127
26.4333
127
26.4667
127
26.5
127
26.5333
127
26.5667
127
26.6
127
26.6333
127
26.6667
127
26.7
127
26.7333
127
26.7667
127
26.8
127
26.8333
127
26.8667
127
26.9
127
26.9333
127
26.9667
127
27
127
27.0333
127
27.0667
127
27.1
127
27.1333
127
27.1667
127
27.2
127
27.2333
127
27.2667
127
27.3
127
27.3333
127
27.3667
127
27.4
127
27.4333
127
27.4667
127
27.5
127
27.5333
127
27.5667
127
27.6
127
27.6333
127
27.6667
127
27.7
127
27.7333
127
27.7667
127
27.8
127
27.8333
127
27.8667
127
27.9
127
27.9333
127
27.9667
127
28
127
28.0333
127
28.0667
127
28.1
127
28.1333
127
28.1667
127
28.2
127
28.2333
127
28.2667
127
28.3
127
28.3333
127
28.3667
127
28.4
127
28.4333
127
28.4667
127
28.5
127
28.5333
127
28.5667
127
28.6
127
28.6333
127
28.6667
127
28.7
127
28.7333
128
28.7667
128
28.8
129
28.8333
129
28.8667
129
28.9
129
28.9333
129
28.9667
129
29
129
29.0333
129
29.0667
129
29.1
129
29.1333
129
29.1667
129
29.2
130
29.2333
130
29.2667
130
29.3
130
29.3333
130
29.3667
130
29.4
130
29.4333
130
29.4667
130
29.5
130
29.5333
130
29.5667
130
29.6
130
29.6333
130
29.6667
130
29.7
130
29.7333
130
29.7667
130
29.8
130
29.8333
130
29.8667
130
29.9
130
29.9333
130
29.9667
130
30
130
30.0333
130
30.0667
130
30.1
130
30.1333
130
30.1667
130
30.2
130
30.2333
130
30.2667
130
30.3
130
30.3333
130
30.3667
130
30.4
130
30.4333
130
30.4667
130
30.5
130
30.5333
130
30.5667
130
30.6
130
30.6333
130
30.6667
130
30.7
130
30.7333
130
30.7667
130
30.8
130
30.8333
130
30.8667
130
30.9
130
30.9333
130
30.9667
130
31
130
31.0333
130
31.0667
130
31.1
130
31.1333
130
31.1667
130
31.2
130
31.2333
130
31.2667
130
31.3
130
31.3333
130
31.3667
130
31.4
130
31.4333
130
31.4667
130
31.5
130
31.5333
130
31.5667
130
31.6
130
31.6333
130
31.6667
130
31.7
130
31.7333
130
31.7667
130
31.8
130
31.8333
130
31.8667
130
31.9
130
31.9333
130
31.9667
130
32
130
32.0333
130
32.0667
130
32.1
130
32.1333
130
32.1667
130
32.2
130
32.2333
130
32.2667
130
32.3
130
32.3333
130
32.3667
130
32.4
130
32.4333
130
32.4667
130
32.5
130
32.5333
130
32.5667
130
32.6
130
32.6333
130
32.6667
130
32.7
130
32.7333
130
32.7667
130
32.8
130
32.8333
130
32.8667
130
32.9
130
32.9333
130
32.9667
130
33
130
33.0333
130
33.0667
130
33.1
130
33.1333
130
33.1667
130
33.2
130
33.2333
130
33.2667
130
33.3
130
33.3333
130
33.3667
130
33.4
130
33.4333
130
33.4667
130
33.5
130
33.5333
130
33.5667
130
33.6
130
33.6333
130
33.6667
130
33.7
130
33.7333
130
33.7667
131
33.8
131
33.8333
131
33.8667
131
33.9
131
33.9333
131
33.9667
131
34
131
34.0333
131
34.0667
131
34.1
131
34.1333
132
34.1667
133
34.2
133
34.2333
133
34.2667
134
34.3
134
34.3333
134
34.3667
134
34.4
134
34.4333
135
34.4667
135
34.5
136
34.5333
136
34.5667
136
34.6
136
34.6333
136
34.6667
137
34.7
137
34.7333
137
34.7667
137
34.8
137
34.8333
137
34.8667
137
34.9
137
34.9333
137
34.9667
137
35
137
35.0333
137
35.0667
137
35.1
137
35.1333
137
35.1667
137
35.2
137
35.2333
137
35.2667
137
35.3
137
35.3333
137
35.3667
137
35.4
137
35.4333
137
35.4667
137
35.5
137
35.5333
137
35.5667
137
35.6
137
35.6333
137
35.6667
137
35.7
137
35.7333
137
35.7667
137
35.8
137
35.8333
137
35.8667
137
35.9
137
35.9333
137
35.9667
137
36
137
36.0333
137
36.0667
137
36.1
137
36.1333
137
36.1667
137
36.2
137
36.2333
137
36.2667
137
36.3
137
36.3333
137
36.3667
137
36.4
137
36.4333
137
36.4667
137
36.5
137
36.5333
137
36.5667
137
36.6
137
36.6333
137
36.6667
137
36.7
137
36.7333
137
36.7667
137
36.8
137
36.8333
137
36.8667
137
36.9
137
36.9333
137
36.9667
137
37
137
37.0333
137
37.0667
137
37.1
137
37.1333
137
37.1667
137
37.2
137
37.2333
137
37.2667
137
37.3
137
37.3333
137
37.3667
137
37.4
137
37.4333
137
37.4667
137
37.5
137
37.5333
137
37.5667
137
37.6
137
37.6333
137
37.6667
137
37.7
137
37.7333
137
37.7667
137
37.8
137
37.8333
137
37.8667
137
37.9
137
37.9333
137
37.9667
137
38
137
38.0333
137
38.0667
137
38.1
137
38.1333
137
38.1667
137
38.2
137
38.2333
137
38.2667
137
38.3
137
38.3333
137
38.3667
137
38.4
137
38.4333
137
38.4667
137
38.5
137
38.5333
137
38.5667
137
38.6
137
38.6333
137
38.6667
137
38.7
137
38.7333
137
38.7667
137
38.8
137
38.8333
137
38.8667
137
38.9
137
38.9333
137
38.9667
137
39
137
39.0333
137
39.0667
137
39.1
137
39.1333
137
39.1667
137
39.2
137
39.2333
137
39.2667
137
39.3
137
39.3333
137
39.3667
137
39.4
137
39.4333
137
39.4667
137
39.5
137
39.5333
137
39.5667
137
39.6
137
39.6333
137
39.6667
137
39.7
137
39.7333
137
39.7667
137
39.8
137
39.8333
137
39.8667
137
39.9
137
39.9333
137
39.9667
137
40
137
40.0333
137
40.0667
137
40.1
137
40.1333
137
40.1667
137
40.2
137
40.2333
137
40.2667
137
40.3
137
40.3333
137
40.3667
137
40.4
137
40.4333
137
40.4667
137
40.5
137
40.5333
137
40.5667
137
40.6
137
40.6333
137
40.6667
137
40.7
137
40.7333
137
40.7667
137
40.8
137
40.8333
137
40.8667
137
40.9
137
40.9333
137
40.9667
137
41
137
41.0333
137
41.0667
137
41.1
137
41.1333
137
41.1667
137
41.2
137
41.2333
137
41.2667
137
41.3
137
41.3333
137
41.3667
137
41.4
137
41.4333
137
41.4667
137
41.5
137
41.5333
137
41.5667
138
41.6
138
41.6333
138
41.6667
138
41.7
138
41.7333
138
41.7667
138
41.8
138
41.8333
138
41.8667
138
41.9
138
41.9333
138
41.9667
138
42
138
42.0333
138
42.0667
138
42.1
138
42.1333
138
42.1667
138
42.2
138
42.2333
138
42.2667
138
42.3
138
42.3333
138
42.3667
138
42.4
138
42.4333
138
42.4667
138
42.5
138
42.5333
138
42.5667
138
42.6
138
42.6333
138
42.6667
138
42.7
138
42.7333
138
42.7667
138
42.8
138
42.8333
138
42.8667
138
42.9
138
42.9333
138
42.9667
138
43
138
43.0333
138
43.0667
138
43.1
138
43.1333
138
43.1667
138
43.2
138
43.2333
138
43.2667
138
43.3
138
43.3333
138
43.3667
138
43.4
138
43.4333
138
43.4667
138
43.5
138
43.5333
138
43.5667
138
43.6
138
43.6333
138
43.6667
138
43.7
138
43.7333
138
43.7667
138
43.8
138
43.8333
138
43.8667
138
43.9
138
43.9333
138
43.9667
138
44
138
44.0333
138
44.0667
138
44.1
138
44.1333
138
44.1667
138
44.2
138
44.2333
138
44.2667
138
44.3
138
44.3333
138
44.3667
138
44.4
138
44.4333
138
44.4667
138
44.5
138
44.5333
138
44.5667
138
44.6
138
44.6333
138
44.6667
138
44.7
138
44.7333
138
44.7667
138
44.8
138
44.8333
138
44.8667
138
44.9
138
44.9333
138
44.9667
138
45
138
45.0333
138
45.0667
138
45.1
138
45.1333
138
45.1667
139
45.2
139
45.2333
139
45.2667
139
45.3
139
45.3333
139
45.3667
139
45.4
139
45.4333
139
45.4667
139
45.5
139
45.5333
139
45.5667
139
45.6
139
45.6333
139
45.6667
139
45.7
139
45.7333
139
45.7667
139
45.8
139
45.8333
139
45.8667
139
45.9
139
45.9333
139
45.9667
139
46
139
46.0333
139
46.0667
139
46.1
139
46.1333
139
46.1667
139
46.2
139
46.2333
139
46.2667
139
46.3
139
46.3333
139
46.3667
139
46.4
139
46.4333
139
46.4667
139
46.5
139
46.5333
139
46.5667
139
46.6
139
46.6333
139
46.6667
139
46.7
139
46.7333
139
46.7667
139
46.8
139
46.8333
139
46.8667
139
46.9
139
46.9333
139
46.9667
139
47
139
47.0333
139
47.0667
139
47.1
139
47.1333
139
47.1667
139
47.2
139
47.2333
139
47.2667
139
47.3
139
47.3333
139
47.3667
139
47.4
139
47.4333
139
47.4667
139
47.5
139
47.5333
139
47.5667
139
47.6
139
47.6333
139
47.6667
139
47.7
139
47.7333
139
47.7667
139
47.8
139
47.8333
139
47.8667
139
47.9
139
47.9333
139
47.9667
139
48
139
48.0333
139
48.0667
139
48.1
139
48.1333
139
48.1667
139
48.2
139
48.2333
139
48.2667
139
48.3
139
48.3333
139
48.3667
139
48.4
139
48.4333
139
48.4667
139
48.5
139
48.5333
139
48.5667
139
48.6
139
48.6333
139
48.6667
139
48.7
139
48.7333
139
48.7667
139
48.8
139
48.8333
139
48.8667
139
48.9
139
48.9333
139
48.9667
139
49
139
49.0333
139
49.0667
139
49.1
139
49.1333
139
49.1667
139
49.2
139
49.2333
139
49.2667
139
49.3
139
49.3333
139
49.3667
139
49.4
139
49.4333
139
49.4667
139
49.5
139
49.5333
139
49.5667
139
49.6
139
49.6333
139
49.6667
139
49.7
139
49.7333
139
49.7667
139
49.8
139
49.8333
139
49.8667
139
49.9
139
49.9333
140
49.9667
140
50
140
50.0333
140
50.0667
140
50.1
140
50.1333
140
50.1667
140
50.2
140
50.2333
140
50.2667
140
50.3
140
50.3333
140
50.3667
140
50.4
140
50.4333
140
50.4667
140
50.5
140
50.5333
140
50.5667
140
50.6
140
50.6333
140
50.6667
140
50.7
140
50.7333
140
50.7667
140
50.8
140
50.8333
140
50.8667
140
50.9
140
50.9333
140
50.9667
140
51
140
51.0333
140
51.0667
140
51.1
140
51.1333
140
51.1667
140
51.2
140
51.2333
140
51.2667
140
51.3
140
51.3333
140
51.3667
140
51.4
140
51.4333
140
51.4667
140
51.5
140
51.5333
140
51.5667
140
51.6
140
51.6333
140
51.6667
140
51.7
140
51.7333
140
51.7667
140
51.8
140
51.8333
140
51.8667
141
51.9
141
51.9333
141
51.9667
141
52
141
52.0333
141
52.0667
141
52.1
141
52.1333
141
52.1667
141
52.2
141
52.2333
141
52.2667
141
52.3
141
52.3333
141
52.3667
141
52.4
141
52.4333
141
52.4667
141
52.5
141
52.5333
141
52.5667
141
52.6
141
52.6333
141
52.6667
141
52.7
141
52.7333
141
52.7667
141
52.8
141
52.8333
141
52.8667
141
52.9
141
52.9333
141
52.9667
141
53
141
53.0333
141
53.0667
141
53.1
141
53.1333
141
53.1667
141
53.2
141
53.2333
141
53.2667
141
53.3
141
53.3333
141
