0
1
0.0333333
1
0.0666667
1
0.1
1
0.133333
1
0.166667
1
0.2
1
0.233333
1
0.266667
1
0.3
1
0.333333
1
0.366667
1
0.4
1
0.433333
1
0.466667
1
0.5
1
0.533333
1
0.566667
1
0.6
1
0.633333
1
0.666667
1
0.7
1
0.733333
1
0.766667
1
0.8
1
0.833333
1
0.866667
1
0.9
1
0.933333
1
0.966667
1
1
1
1.03333
1
1.06667
1
1.1
1
1.13333
1
1.16667
1
1.2
1
1.23333
1
1.26667
1
1.3
1
1.33333
1
1.36667
1
1.4
1
1.43333
1
1.46667
1
1.5
1
1.53333
1
1.56667
1
1.6
1
1.63333
1
1.66667
1
1.7
1
1.73333
1
1.76667
1
1.8
1
1.83333
1
1.86667
1
1.9
1
1.93333
1
1.96667
1
2
1
2.03333
1
2.06667
1
2.1
1
2.13333
1
2.16667
1
2.2
1
2.23333
1
2.26667
1
2.3
1
2.33333
1
2.36667
1
2.4
1
2.43333
1
2.46667
1
2.5
1
2.53333
1
2.56667
1
2.6
1
2.63333
1
2.66667
1
2.7
1
2.73333
1
2.76667
1
2.8
1
2.83333
1
2.86667
1
2.9
1
2.93333
1
2.96667
1
3
1
3.03333
1
3.06667
1
3.1
1
3.13333
1
3.16667
1
3.2
1
3.23333
1
3.26667
1
3.3
1
3.33333
1
3.36667
1
3.4
1
3.43333
1
3.46667
1
3.5
1
3.53333
1
3.56667
1
3.6
1
3.63333
1
3.66667
1
3.7
1
3.73333
1
3.76667
1
3.8
1
3.83333
1
3.86667
1
3.9
1
3.93333
1
3.96667
1
4
1
4.03333
1
4.06667
1
4.1
1
4.13333
1
4.16667
1
4.2
1
4.23333
1
4.26667
1
4.3
1
4.33333
1
4.36667
1
4.4
1
4.43333
1
4.46667
1
4.5
1
4.53333
1
4.56667
1
4.6
1
4.63333
1
4.66667
1
4.7
1
4.73333
1
4.76667
1
4.8
1
4.83333
1
4.86667
1
4.9
1
4.93333
1
4.96667
1
5
1
5.03333
1
5.06667
1
5.1
2
5.13333
2
5.16667
2
5.2
3
5.23333
3
5.26667
3
5.3
4
5.33333
5
5.36667
5
5.4
5
5.43333
5
5.46667
5
5.5
5
5.53333
5
5.56667
5
5.6
5
5.63333
5
5.66667
5
5.7
5
5.73333
5
5.76667
5
5.8
5
5.83333
5
5.86667
5
5.9
5
5.93333
5
5.96667
5
6
5
6.03333
5
6.06667
5
6.1
5
6.13333
5
6.16667
5
6.2
5
6.23333
5
6.26667
5
6.3
5
6.33333
5
6.36667
5
6.4
5
6.43333
5
6.46667
5
6.5
5
6.53333
5
6.56667
5
6.6
5
6.63333
5
6.66667
5
6.7
5
6.73333
5
6.76667
5
6.8
5
6.83333
5
6.86667
5
6.9
5
6.93333
5
6.96667
5
7
5
7.03333
6
7.06667
6
7.1
6
7.13333
6
7.16667
6
7.2
7
7.23333
7
7.26667
7
7.3
7
7.33333
7
7.36667
7
7.4
7
7.43333
7
7.46667
7
7.5
7
7.53333
7
7.56667
7
7.6
8
7.63333
8
7.66667
8
7.7
8
7.73333
9
7.76667
11
7.8
11
7.83333
11
7.86667
11
7.9
12
7.93333
12
7.96667
13
8
13
8.03333
13
8.06667
13
8.1
13
8.13333
14
8.16667
14
8.2
15
8.23333
15
8.26667
16
8.3
16
8.33333
17
8.36667
17
8.4
17
8.43333
17
8.46667
17
8.5
17
8.53333
17
8.56667
18
8.6
18
8.63333
18
8.66667
18
8.7
18
8.73333
18
8.76667
18
8.8
18
8.83333
18
8.86667
18
8.9
18
8.93333
18
8.96667
18
9
18
9.03333
18
9.06667
19
9.1
19
9.13333
19
9.16667
19
9.2
20
9.23333
20
9.26667
20
9.3
22
9.33333
22
9.36667
22
9.4
23
9.43333
24
9.46667
24
9.5
24
9.53333
24
9.56667
24
9.6
24
9.63333
24
9.66667
24
9.7
24
9.73333
25
9.76667
25
9.8
25
9.83333
25
9.86667
25
9.9
25
9.93333
25
9.96667
25
10
25
10.0333
25
10.0667
25
10.1
25
10.1333
25
10.1667
25
10.2
25
10.2333
25
10.2667
25
10.3
25
10.3333
25
10.3667
25
10.4
25
10.4333
25
10.4667
25
10.5
25
10.5333
25
10.5667
25
10.6
25
10.6333
25
10.6667
25
10.7
25
10.7333
25
10.7667
25
10.8
26
10.8333
26
10.8667
26
10.9
26
10.9333
26
10.9667
26
11
26
11.0333
26
11.0667
26
11.1
26
11.1333
26
11.1667
26
11.2
26
11.2333
26
11.2667
27
11.3
27
11.3333
27
11.3667
27
11.4
28
11.4333
28
11.4667
28
11.5
28
11.5333
28
11.5667
29
11.6
29
11.6333
29
11.6667
29
11.7
29
11.7333
29
11.7667
29
11.8
29
11.8333
29
11.8667
29
11.9
29
11.9333
29
11.9667
29
12
29
12.0333
29
12.0667
29
12.1
29
12.1333
29
12.1667
29
12.2
29
12.2333
29
12.2667
29
12.3
29
12.3333
29
12.3667
29
12.4
29
12.4333
29
12.4667
29
12.5
29
12.5333
29
12.5667
29
12.6
29
12.6333
29
12.6667
29
12.7
29
12.7333
29
12.7667
29
12.8
29
12.8333
29
12.8667
29
12.9
29
12.9333
29
12.9667
29
13
29
13.0333
29
13.0667
31
13.1
31
13.1333
31
13.1667
31
13.2
31
13.2333
31
13.2667
31
13.3
31
13.3333
31
13.3667
31
13.4
31
13.4333
31
13.4667
31
13.5
31
13.5333
31
13.5667
31
13.6
32
13.6333
32
13.6667
32
13.7
32
13.7333
32
13.7667
33
13.8
33
13.8333
33
13.8667
33
13.9
33
13.9333
34
13.9667
34
14
34
14.0333
34
14.0667
34
14.1
34
14.1333
34
14.1667
34
14.2
34
14.2333
34
14.2667
34
14.3
34
14.3333
34
14.3667
35
14.4
35
14.4333
35
14.4667
35
14.5
35
14.5333
35
14.5667
36
14.6
36
14.6333
37
14.6667
37
14.7
37
14.7333
37
14.7667
37
14.8
38
14.8333
38
14.8667
38
14.9
38
14.9333
39
14.9667
39
15
39
15.0333
39
15.0667
39
15.1
41
15.1333
41
15.1667
41
15.2
41
15.2333
41
15.2667
41
15.3
41
15.3333
41
15.3667
41
15.4
42
15.4333
42
15.4667
42
15.5
42
15.5333
42
15.5667
43
15.6
43
15.6333
44
15.6667
45
15.7
46
15.7333
46
15.7667
49
15.8
49
15.8333
50
15.8667
50
15.9
50
15.9333
51
15.9667
52
16
52
16.0333
52
16.0667
52
16.1
52
16.1333
52
16.1667
52
16.2
52
16.2333
53
16.2667
53
16.3
53
16.3333
53
16.3667
53
16.4
53
16.4333
53
16.4667
53
16.5
53
16.5333
53
16.5667
53
16.6
53
16.6333
53
16.6667
53
16.7
53
16.7333
53
16.7667
53
16.8
53
16.8333
53
16.8667
53
16.9
53
16.9333
53
16.9667
53
17
53
17.0333
53
17.0667
53
17.1
53
17.1333
53
17.1667
53
17.2
53
17.2333
53
17.2667
53
17.3
53
17.3333
53
17.3667
53
17.4
53
17.4333
53
17.4667
53
17.5
53
17.5333
53
17.5667
53
17.6
53
17.6333
53
17.6667
53
17.7
53
17.7333
53
17.7667
53
17.8
53
17.8333
53
17.8667
53
17.9
53
17.9333
53
17.9667
53
18
53
18.0333
53
18.0667
53
18.1
53
18.1333
53
18.1667
53
18.2
53
18.2333
53
18.2667
53
18.3
53
18.3333
53
18.3667
53
18.4
53
18.4333
53
18.4667
53
18.5
53
18.5333
53
18.5667
53
18.6
53
18.6333
53
18.6667
53
18.7
53
18.7333
53
18.7667
53
18.8
53
18.8333
53
18.8667
53
18.9
53
18.9333
53
18.9667
53
19
53
19.0333
53
19.0667
53
19.1
53
19.1333
53
19.1667
53
19.2
53
19.2333
53
19.2667
53
19.3
53
19.3333
53
19.3667
53
19.4
53
19.4333
53
19.4667
53
19.5
53
19.5333
53
19.5667
53
19.6
53
19.6333
53
19.6667
53
19.7
53
19.7333
53
19.7667
53
19.8
53
19.8333
53
19.8667
53
19.9
53
19.9333
53
19.9667
53
20
53
20.0333
53
20.0667
53
20.1
53
20.1333
53
20.1667
53
20.2
53
20.2333
53
20.2667
53
20.3
53
20.3333
53
20.3667
53
20.4
53
20.4333
53
20.4667
53
20.5
53
20.5333
53
20.5667
53
20.6
53
20.6333
53
20.6667
53
20.7
53
20.7333
53
20.7667
53
20.8
53
20.8333
53
20.8667
53
20.9
53
20.9333
53
20.9667
53
21
53
21.0333
53
21.0667
53
21.1
53
21.1333
53
21.1667
53
21.2
53
21.2333
53
21.2667
53
21.3
53
21.3333
53
21.3667
53
21.4
53
21.4333
53
21.4667
53
21.5
53
21.5333
53
21.5667
53
21.6
53
21.6333
53
21.6667
53
21.7
53
21.7333
53
21.7667
53
21.8
53
21.8333
53
21.8667
53
21.9
53
21.9333
53
21.9667
53
22
53
22.0333
53
22.0667
53
22.1
53
22.1333
53
22.1667
53
22.2
53
22.2333
53
22.2667
53
22.3
53
22.3333
53
22.3667
53
22.4
53
22.4333
53
22.4667
53
22.5
53
22.5333
53
22.5667
53
22.6
53
22.6333
53
22.6667
53
22.7
53
22.7333
53
22.7667
53
22.8
53
22.8333
53
22.8667
53
22.9
53
22.9333
53
22.9667
53
23
53
23.0333
53
23.0667
53
23.1
53
23.1333
53
23.1667
53
23.2
53
23.2333
53
23.2667
53
23.3
53
23.3333
53
23.3667
53
23.4
53
23.4333
53
23.4667
53
23.5
53
23.5333
53
23.5667
53
23.6
53
23.6333
53
23.6667
53
23.7
53
23.7333
53
23.7667
53
23.8
53
23.8333
53
23.8667
53
23.9
53
23.9333
53
23.9667
53
24
53
24.0333
53
24.0667
53
24.1
53
24.1333
53
24.1667
53
24.2
53
24.2333
53
24.2667
53
24.3
53
24.3333
53
24.3667
53
24.4
53
24.4333
53
24.4667
53
24.5
53
24.5333
53
24.5667
53
24.6
53
24.6333
53
24.6667
53
24.7
53
24.7333
53
24.7667
53
24.8
53
24.8333
53
24.8667
53
24.9
53
24.9333
53
24.9667
53
25
53
25.0333
53
25.0667
53
25.1
53
25.1333
53
25.1667
53
25.2
53
25.2333
53
25.2667
53
25.3
53
25.3333
53
25.3667
53
25.4
53
25.4333
53
25.4667
53
25.5
53
25.5333
53
25.5667
53
25.6
53
25.6333
53
25.6667
53
25.7
53
25.7333
53
25.7667
53
25.8
53
25.8333
53
25.8667
53
25.9
53
25.9333
53
25.9667
53
26
53
26.0333
53
26.0667
53
26.1
53
26.1333
53
26.1667
53
26.2
53
26.2333
53
26.2667
53
26.3
53
26.3333
53
26.3667
53
26.4
53
26.4333
53
26.4667
53
26.5
53
26.5333
53
26.5667
53
26.6
53
26.6333
53
26.6667
53
26.7
53
26.7333
53
26.7667
53
26.8
53
26.8333
53
26.8667
53
26.9
53
26.9333
53
26.9667
53
27
53
27.0333
53
27.0667
53
27.1
53
27.1333
53
27.1667
53
27.2
53
27.2333
53
27.2667
53
27.3
53
27.3333
53
27.3667
53
27.4
53
27.4333
53
27.4667
53
27.5
53
27.5333
53
27.5667
55
27.6
55
27.6333
55
27.6667
55
27.7
55
27.7333
55
27.7667
55
27.8
55
27.8333
55
27.8667
55
27.9
55
27.9333
55
27.9667
55
28
55
28.0333
56
28.0667
56
28.1
56
28.1333
56
28.1667
56
28.2
56
28.2333
56
28.2667
56
28.3
57
28.3333
57
28.3667
57
28.4
57
28.4333
57
28.4667
57
28.5
57
28.5333
58
28.5667
58
28.6
58
28.6333
58
28.6667
58
28.7
58
28.7333
58
28.7667
58
28.8
58
28.8333
58
28.8667
58
28.9
58
28.9333
58
28.9667
58
29
58
29.0333
58
29.0667
58
29.1
58
29.1333
58
29.1667
58
29.2
58
29.2333
58
29.2667
58
29.3
58
29.3333
58
29.3667
58
29.4
58
29.4333
58
29.4667
58
29.5
58
29.5333
59
29.5667
59
29.6
59
29.6333
59
29.6667
59
29.7
59
29.7333
59
29.7667
59
29.8
59
29.8333
59
29.8667
59
29.9
59
29.9333
59
29.9667
59
30
59
30.0333
59
30.0667
59
30.1
59
30.1333
59
30.1667
59
30.2
59
30.2333
59
30.2667
59
30.3
59
30.3333
59
30.3667
59
30.4
59
30.4333
59
30.4667
59
30.5
59
30.5333
59
30.5667
59
30.6
59
30.6333
59
30.6667
59
30.7
59
30.7333
59
30.7667
59
30.8
59
30.8333
59
30.8667
59
30.9
59
30.9333
59
30.9667
59
31
59
31.0333
59
31.0667
59
31.1
59
31.1333
59
31.1667
59
31.2
59
31.2333
59
31.2667
59
31.3
59
31.3333
59
31.3667
59
31.4
59
31.4333
59
31.4667
59
31.5
59
31.5333
59
31.5667
59
31.6
59
31.6333
59
31.6667
59
31.7
59
31.7333
59
31.7667
59
31.8
59
31.8333
59
31.8667
59
31.9
59
31.9333
59
31.9667
59
32
59
32.0333
59
32.0667
59
32.1
59
32.1333
59
32.1667
59
32.2
59
32.2333
59
32.2667
59
32.3
59
32.3333
59
32.3667
59
32.4
59
32.4333
59
32.4667
59
32.5
59
32.5333
59
32.5667
59
32.6
59
32.6333
59
32.6667
59
32.7
59
32.7333
59
32.7667
59
32.8
59
32.8333
59
32.8667
59
32.9
59
32.9333
59
32.9667
59
33
59
33.0333
59
33.0667
59
33.1
59
33.1333
59
33.1667
59
33.2
59
33.2333
59
33.2667
59
33.3
59
33.3333
59
33.3667
59
33.4
59
33.4333
59
33.4667
59
33.5
59
33.5333
59
33.5667
59
33.6
59
33.6333
59
33.6667
59
33.7
59
33.7333
59
33.7667
59
33.8
59
33.8333
59
33.8667
59
33.9
59
33.9333
59
33.9667
59
34
59
34.0333
59
34.0667
59
34.1
59
34.1333
59
34.1667
59
34.2
59
34.2333
59
34.2667
59
34.3
59
34.3333
59
34.3667
59
34.4
59
34.4333
59
34.4667
59
34.5
59
34.5333
59
34.5667
59
34.6
59
34.6333
59
34.6667
59
34.7
59
34.7333
59
34.7667
59
34.8
59
34.8333
59
34.8667
59
34.9
59
34.9333
59
34.9667
59
35
59
35.0333
59
35.0667
59
35.1
59
35.1333
59
35.1667
59
35.2
59
35.2333
59
35.2667
59
35.3
59
35.3333
59
35.3667
59
35.4
59
35.4333
59
35.4667
59
35.5
59
35.5333
59
35.5667
59
35.6
59
35.6333
59
35.6667
59
35.7
59
35.7333
59
35.7667
59
35.8
59
35.8333
59
35.8667
59
35.9
59
35.9333
59
35.9667
59
36
59
36.0333
59
36.0667
59
36.1
59
36.1333
59
36.1667
59
36.2
59
36.2333
59
36.2667
59
36.3
59
36.3333
59
36.3667
59
36.4
59
36.4333
59
36.4667
59
36.5
59
36.5333
59
36.5667
59
36.6
59
36.6333
59
36.6667
59
36.7
59
36.7333
59
36.7667
59
36.8
59
36.8333
59
36.8667
59
36.9
59
36.9333
59
36.9667
59
37
59
37.0333
59
37.0667
59
37.1
59
37.1333
59
37.1667
59
37.2
59
37.2333
59
37.2667
59
37.3
59
37.3333
59
37.3667
59
37.4
59
37.4333
59
37.4667
59
37.5
59
37.5333
59
37.5667
59
37.6
59
37.6333
59
37.6667
59
37.7
59
37.7333
59
37.7667
59
37.8
59
37.8333
59
37.8667
59
37.9
59
37.9333
59
37.9667
59
38
59
38.0333
59
38.0667
59
38.1
59
38.1333
59
38.1667
59
38.2
59
38.2333
59
38.2667
59
38.3
59
38.3333
59
38.3667
59
38.4
59
38.4333
59
38.4667
59
38.5
59
38.5333
59
38.5667
59
38.6
59
38.6333
59
38.6667
59
38.7
59
38.7333
59
38.7667
59
38.8
59
38.8333
59
38.8667
59
38.9
59
38.9333
59
38.9667
59
39
59
39.0333
59
39.0667
59
39.1
59
39.1333
59
39.1667
59
39.2
59
39.2333
59
39.2667
59
39.3
59
39.3333
59
39.3667
59
39.4
59
39.4333
59
39.4667
59
39.5
59
39.5333
59
39.5667
59
39.6
59
39.6333
59
39.6667
59
39.7
59
39.7333
59
39.7667
59
39.8
59
39.8333
59
39.8667
59
39.9
59
39.9333
59
39.9667
59
40
59
40.0333
59
40.0667
59
40.1
59
40.1333
59
40.1667
59
40.2
59
40.2333
59
40.2667
59
40.3
59
40.3333
59
40.3667
59
40.4
59
40.4333
59
40.4667
59
40.5
59
40.5333
59
40.5667
59
40.6
59
40.6333
59
40.6667
59
40.7
59
40.7333
59
40.7667
59
40.8
59
40.8333
59
40.8667
59
40.9
59
40.9333
59
40.9667
59
41
59
41.0333
59
41.0667
59
41.1
59
41.1333
59
41.1667
59
41.2
59
41.2333
59
41.2667
59
41.3
59
41.3333
59
41.3667
59
41.4
59
41.4333
59
41.4667
59
41.5
59
41.5333
59
41.5667
59
41.6
59
41.6333
59
41.6667
59
41.7
59
41.7333
59
41.7667
59
41.8
59
41.8333
59
41.8667
59
41.9
59
41.9333
59
41.9667
59
42
59
42.0333
59
42.0667
59
42.1
59
42.1333
59
42.1667
59
42.2
59
42.2333
59
42.2667
59
42.3
59
42.3333
59
42.3667
59
42.4
59
42.4333
59
42.4667
59
42.5
59
42.5333
59
42.5667
59
42.6
59
42.6333
59
42.6667
59
42.7
59
42.7333
59
42.7667
59
42.8
59
42.8333
59
42.8667
59
42.9
59
42.9333
59
42.9667
59
43
59
43.0333
59
43.0667
59
43.1
59
43.1333
59
43.1667
59
43.2
59
43.2333
59
43.2667
59
43.3
59
43.3333
59
43.3667
59
43.4
59
43.4333
59
43.4667
59
43.5
59
43.5333
59
43.5667
59
43.6
59
43.6333
59
43.6667
59
43.7
59
43.7333
59
43.7667
59
43.8
59
43.8333
59
43.8667
59
43.9
59
43.9333
59
43.9667
59
44
59
44.0333
59
44.0667
59
44.1
59
44.1333
59
44.1667
59
44.2
59
44.2333
59
44.2667
59
44.3
59
44.3333
59
44.3667
59
44.4
59
44.4333
59
44.4667
59
44.5
59
44.5333
59
44.5667
59
44.6
59
44.6333
59
44.6667
59
44.7
59
44.7333
59
44.7667
59
44.8
59
44.8333
59
44.8667
59
44.9
59
44.9333
59
44.9667
59
45
59
45.0333
59
45.0667
59
45.1
59
45.1333
59
45.1667
59
45.2
59
45.2333
59
45.2667
59
45.3
59
45.3333
59
45.3667
59
45.4
59
45.4333
59
45.4667
59
45.5
59
45.5333
59
45.5667
59
45.6
59
45.6333
59
45.6667
59
45.7
59
45.7333
59
45.7667
59
45.8
59
45.8333
59
45.8667
59
45.9
59
45.9333
59
45.9667
59
46
59
46.0333
59
46.0667
59
46.1
59
46.1333
59
46.1667
59
46.2
59
46.2333
59
46.2667
59
46.3
59
46.3333
59
46.3667
59
46.4
59
46.4333
59
46.4667
59
46.5
59
46.5333
59
46.5667
59
46.6
59
46.6333
59
46.6667
59
46.7
59
46.7333
59
46.7667
59
46.8
59
46.8333
59
46.8667
59
46.9
59
46.9333
59
46.9667
59
47
59
47.0333
59
47.0667
59
47.1
59
47.1333
59
47.1667
59
47.2
59
47.2333
59
47.2667
59
47.3
59
47.3333
59
47.3667
59
47.4
59
47.4333
59
47.4667
59
47.5
59
47.5333
59
47.5667
59
47.6
59
47.6333
59
47.6667
59
47.7
59
47.7333
59
47.7667
59
47.8
59
47.8333
59
47.8667
59
47.9
59
47.9333
59
47.9667
59
48
59
48.0333
59
48.0667
59
48.1
59
48.1333
59
48.1667
59
48.2
59
48.2333
59
48.2667
59
48.3
59
48.3333
59
48.3667
59
48.4
59
48.4333
59
48.4667
59
48.5
59
48.5333
59
48.5667
59
48.6
59
48.6333
59
48.6667
59
48.7
59
48.7333
59
48.7667
59
48.8
59
48.8333
59
48.8667
59
48.9
59
48.9333
59
48.9667
59
49
59
49.0333
59
49.0667
59
49.1
59
49.1333
59
49.1667
59
49.2
59
49.2333
59
49.2667
59
49.3
59
49.3333
59
49.3667
59
49.4
59
49.4333
59
49.4667
59
49.5
59
49.5333
59
49.5667
59
49.6
59
49.6333
59
49.6667
59
49.7
59
49.7333
59
49.7667
59
49.8
59
49.8333
59
49.8667
59
49.9
59
49.9333
59
49.9667
59
50
59
50.0333
59
50.0667
59
50.1
59
50.1333
59
50.1667
59
50.2
59
50.2333
59
50.2667
59
50.3
59
50.3333
59
50.3667
59
50.4
59
50.4333
59
50.4667
59
50.5
59
50.5333
59
50.5667
59
50.6
59
50.6333
59
50.6667
59
50.7
59
50.7333
59
50.7667
59
50.8
59
50.8333
59
50.8667
59
50.9
59
50.9333
60
50.9667
60
51
60
51.0333
60
51.0667
60
51.1
60
51.1333
60
51.1667
61
51.2
61
51.2333
61
51.2667
61
51.3
61
51.3333
61
51.3667
61
51.4
61
51.4333
61
51.4667
61
51.5
61
51.5333
61
51.5667
61
51.6
61
51.6333
61
51.6667
61
51.7
61
51.7333
61
51.7667
61
51.8
61
51.8333
61
51.8667
61
51.9
61
51.9333
61
51.9667
61
52
61
52.0333
61
52.0667
61
52.1
61
52.1333
61
52.1667
61
52.2
61
52.2333
61
52.2667
61
52.3
61
52.3333
61
52.3667
61
52.4
61
52.4333
61
52.4667
61
52.5
61
52.5333
61
52.5667
61
52.6
61
52.6333
61
52.6667
61
52.7
61
52.7333
61
52.7667
61
52.8
61
52.8333
61
52.8667
61
52.9
61
52.9333
61
52.9667
61
53
61
53.0333
61
53.0667
61
53.1
61
53.1333
61
53.1667
61
53.2
61
53.2333
61
53.2667
61
53.3
61
53.3333
61
