0
1
0.0333333
1
0.0666667
1
0.1
1
0.133333
1
0.166667
1
0.2
1
0.233333
1
0.266667
1
0.3
1
0.333333
1
0.366667
1
0.4
1
0.433333
1
0.466667
1
0.5
1
0.533333
1
0.566667
1
0.6
1
0.633333
1
0.666667
1
0.7
1
0.733333
1
0.766667
1
0.8
1
0.833333
1
0.866667
1
0.9
1
0.933333
1
0.966667
1
1
1
1.03333
1
1.06667
1
1.1
1
1.13333
1
1.16667
1
1.2
1
1.23333
1
1.26667
1
1.3
1
1.33333
1
1.36667
1
1.4
1
1.43333
1
1.46667
1
1.5
1
1.53333
1
1.56667
1
1.6
1
1.63333
1
1.66667
1
1.7
1
1.73333
1
1.76667
1
1.8
1
1.83333
1
1.86667
1
1.9
1
1.93333
1
1.96667
1
2
1
2.03333
1
2.06667
1
2.1
1
2.13333
1
2.16667
1
2.2
1
2.23333
1
2.26667
1
2.3
1
2.33333
1
2.36667
1
2.4
1
2.43333
1
2.46667
1
2.5
1
2.53333
1
2.56667
1
2.6
1
2.63333
1
2.66667
1
2.7
1
2.73333
1
2.76667
1
2.8
1
2.83333
1
2.86667
1
2.9
1
2.93333
1
2.96667
1
3
1
3.03333
1
3.06667
1
3.1
1
3.13333
1
3.16667
1
3.2
1
3.23333
1
3.26667
1
3.3
1
3.33333
1
3.36667
1
3.4
1
3.43333
1
3.46667
1
3.5
1
3.53333
1
3.56667
1
3.6
1
3.63333
1
3.66667
1
3.7
1
3.73333
1
3.76667
1
3.8
1
3.83333
1
3.86667
1
3.9
1
3.93333
1
3.96667
1
4
1
4.03333
1
4.06667
1
4.1
1
4.13333
1
4.16667
1
4.2
1
4.23333
1
4.26667
1
4.3
1
4.33333
1
4.36667
1
4.4
1
4.43333
1
4.46667
1
4.5
1
4.53333
1
4.56667
1
4.6
1
4.63333
1
4.66667
1
4.7
1
4.73333
1
4.76667
1
4.8
1
4.83333
1
4.86667
1
4.9
1
4.93333
1
4.96667
1
5
1
5.03333
1
5.06667
1
5.1
1
5.13333
1
5.16667
1
5.2
2
5.23333
2
5.26667
2
5.3
2
5.33333
2
5.36667
2
5.4
2
5.43333
2
5.46667
2
5.5
2
5.53333
2
5.56667
2
5.6
2
5.63333
3
5.66667
3
5.7
3
5.73333
3
5.76667
3
5.8
4
5.83333
4
5.86667
4
5.9
4
5.93333
4
5.96667
4
6
4
6.03333
4
6.06667
5
6.1
5
6.13333
5
6.16667
5
6.2
5
6.23333
5
6.26667
5
6.3
5
6.33333
5
6.36667
5
6.4
5
6.43333
5
6.46667
6
6.5
6
6.53333
6
6.56667
6
6.6
6
6.63333
6
6.66667
7
6.7
8
6.73333
9
6.76667
9
6.8
10
6.83333
10
6.86667
10
6.9
10
6.93333
10
6.96667
10
7
11
7.03333
11
7.06667
11
7.1
11
7.13333
11
7.16667
12
7.2
12
7.23333
12
7.26667
12
7.3
12
7.33333
12
7.36667
12
7.4
12
7.43333
12
7.46667
13
7.5
13
7.53333
13
7.56667
13
7.6
13
7.63333
13
7.66667
13
7.7
13
7.73333
13
7.76667
13
7.8
13
7.83333
13
7.86667
13
7.9
13
7.93333
13
7.96667
13
8
13
8.03333
13
8.06667
14
8.1
14
8.13333
14
8.16667
14
8.2
14
8.23333
14
8.26667
15
8.3
15
8.33333
15
8.36667
15
8.4
15
8.43333
15
8.46667
15
8.5
16
8.53333
17
8.56667
17
8.6
17
8.63333
17
8.66667
17
8.7
17
8.73333
17
8.76667
17
8.8
17
8.83333
18
8.86667
18
8.9
18
8.93333
18
8.96667
18
9
18
9.03333
18
9.06667
19
9.1
19
9.13333
20
9.16667
20
9.2
21
9.23333
22
9.26667
22
9.3
23
9.33333
23
9.36667
23
9.4
23
9.43333
23
9.46667
25
9.5
28
9.53333
28
9.56667
30
9.6
30
9.63333
30
9.66667
30
9.7
30
9.73333
30
9.76667
31
9.8
32
9.83333
32
9.86667
34
9.9
35
9.93333
36
9.96667
36
10
36
10.0333
36
10.0667
36
10.1
37
10.1333
40
10.1667
40
10.2
40
10.2333
41
10.2667
41
10.3
41
10.3333
42
10.3667
43
10.4
43
10.4333
44
10.4667
45
10.5
45
10.5333
47
10.5667
47
10.6
47
10.6333
47
10.6667
47
10.7
47
10.7333
47
10.7667
47
10.8
48
10.8333
49
10.8667
49
10.9
50
10.9333
52
10.9667
53
11
53
11.0333
53
11.0667
54
11.1
54
11.1333
54
11.1667
54
11.2
54
11.2333
54
11.2667
54
11.3
54
11.3333
55
11.3667
55
11.4
55
11.4333
55
11.4667
55
11.5
55
11.5333
55
11.5667
55
11.6
56
11.6333
56
11.6667
57
11.7
57
11.7333
57
11.7667
58
11.8
58
11.8333
58
11.8667
58
11.9
59
11.9333
59
11.9667
60
12
60
12.0333
61
12.0667
61
12.1
62
12.1333
62
12.1667
62
12.2
62
12.2333
62
12.2667
63
12.3
63
12.3333
64
12.3667
64
12.4
64
12.4333
64
12.4667
64
12.5
64
12.5333
64
12.5667
64
12.6
64
12.6333
65
12.6667
65
12.7
65
12.7333
65
12.7667
65
12.8
65
12.8333
65
12.8667
65
12.9
65
12.9333
65
12.9667
65
13
65
13.0333
66
13.0667
66
13.1
66
13.1333
66
13.1667
66
13.2
67
13.2333
67
13.2667
68
13.3
69
13.3333
70
13.3667
71
13.4
71
13.4333
71
13.4667
71
13.5
73
13.5333
74
13.5667
74
13.6
74
13.6333
74
13.6667
74
13.7
74
13.7333
74
13.7667
75
13.8
76
13.8333
76
13.8667
76
13.9
76
13.9333
76
13.9667
76
14
77
14.0333
77
14.0667
77
14.1
77
14.1333
77
14.1667
77
14.2
77
14.2333
77
14.2667
77
14.3
77
14.3333
77
14.3667
77
14.4
77
14.4333
77
14.4667
77
14.5
78
14.5333
78
14.5667
78
14.6
79
14.6333
80
14.6667
80
14.7
82
14.7333
83
14.7667
83
14.8
83
14.8333
83
14.8667
84
14.9
84
14.9333
84
14.9667
84
15
84
15.0333
85
15.0667
85
15.1
86
15.1333
86
15.1667
86
15.2
86
15.2333
86
15.2667
86
15.3
86
15.3333
86
15.3667
86
15.4
86
15.4333
87
15.4667
87
15.5
87
15.5333
87
15.5667
87
15.6
87
15.6333
88
15.6667
88
15.7
89
15.7333
89
15.7667
89
15.8
89
15.8333
89
15.8667
89
15.9
89
15.9333
89
15.9667
90
16
90
16.0333
90
16.0667
90
16.1
91
16.1333
91
16.1667
91
16.2
92
16.2333
92
16.2667
92
16.3
93
16.3333
93
16.3667
93
16.4
93
16.4333
93
16.4667
94
16.5
94
16.5333
94
16.5667
95
16.6
95
16.6333
95
16.6667
95
16.7
95
16.7333
95
16.7667
95
16.8
95
16.8333
95
16.8667
95
16.9
95
16.9333
95
16.9667
95
17
95
17.0333
95
17.0667
95
17.1
95
17.1333
95
17.1667
95
17.2
95
17.2333
95
17.2667
95
17.3
95
17.3333
95
17.3667
95
17.4
95
17.4333
95
17.4667
95
17.5
95
17.5333
95
17.5667
95
17.6
95
17.6333
95
17.6667
95
17.7
95
17.7333
95
17.7667
95
17.8
96
17.8333
97
17.8667
97
17.9
98
17.9333
98
17.9667
98
18
98
18.0333
99
18.0667
99
18.1
99
18.1333
99
18.1667
99
18.2
100
18.2333
100
18.2667
100
18.3
100
18.3333
100
18.3667
100
18.4
100
18.4333
100
18.4667
100
18.5
100
18.5333
100
18.5667
100
18.6
100
18.6333
100
18.6667
100
18.7
100
18.7333
100
18.7667
100
18.8
100
18.8333
100
18.8667
100
18.9
102
18.9333
102
18.9667
102
19
102
19.0333
102
19.0667
102
19.1
102
19.1333
102
19.1667
102
19.2
103
19.2333
103
19.2667
103
19.3
103
19.3333
103
19.3667
103
19.4
103
19.4333
103
19.4667
103
19.5
103
19.5333
103
19.5667
103
19.6
103
19.6333
103
19.6667
103
19.7
103
19.7333
106
19.7667
106
19.8
106
19.8333
106
19.8667
106
19.9
106
19.9333
106
19.9667
106
20
106
20.0333
106
20.0667
106
20.1
106
20.1333
106
20.1667
107
20.2
107
20.2333
107
20.2667
107
20.3
107
20.3333
107
20.3667
107
20.4
107
20.4333
108
20.4667
108
20.5
108
20.5333
109
20.5667
109
20.6
109
20.6333
109
20.6667
109
20.7
109
20.7333
110
20.7667
110
20.8
110
20.8333
110
20.8667
111
20.9
111
20.9333
111
20.9667
111
21
111
21.0333
111
21.0667
111
21.1
111
21.1333
111
21.1667
111
21.2
111
21.2333
111
21.2667
111
21.3
111
21.3333
111
21.3667
111
21.4
111
21.4333
111
21.4667
111
21.5
111
21.5333
111
21.5667
111
21.6
111
21.6333
112
21.6667
112
21.7
112
21.7333
112
21.7667
112
21.8
112
21.8333
112
21.8667
113
21.9
113
21.9333
114
21.9667
114
22
114
22.0333
114
22.0667
114
22.1
114
22.1333
114
22.1667
114
22.2
114
22.2333
114
22.2667
114
22.3
114
22.3333
114
22.3667
114
22.4
114
22.4333
114
22.4667
114
22.5
114
22.5333
114
22.5667
114
22.6
114
22.6333
114
22.6667
114
22.7
114
22.7333
114
22.7667
114
22.8
114
22.8333
115
22.8667
115
22.9
115
22.9333
115
22.9667
115
23
115
23.0333
115
23.0667
115
23.1
115
23.1333
115
23.1667
115
23.2
115
23.2333
115
23.2667
115
23.3
115
23.3333
115
23.3667
116
23.4
116
23.4333
116
23.4667
117
23.5
117
23.5333
117
23.5667
117
23.6
117
23.6333
117
23.6667
117
23.7
117
23.7333
117
23.7667
117
23.8
117
23.8333
117
23.8667
117
23.9
118
23.9333
118
23.9667
118
24
118
24.0333
118
24.0667
118
24.1
118
24.1333
118
24.1667
118
24.2
118
24.2333
118
24.2667
118
24.3
118
24.3333
118
24.3667
118
24.4
118
24.4333
118
24.4667
118
24.5
118
24.5333
118
24.5667
118
24.6
118
24.6333
118
24.6667
118
24.7
118
24.7333
118
24.7667
118
24.8
118
24.8333
118
24.8667
118
24.9
118
24.9333
118
24.9667
118
25
118
25.0333
118
25.0667
118
25.1
118
25.1333
118
25.1667
118
25.2
118
25.2333
118
25.2667
118
25.3
118
25.3333
118
25.3667
118
25.4
118
25.4333
118
25.4667
119
25.5
119
25.5333
119
25.5667
119
25.6
119
25.6333
119
25.6667
119
25.7
119
25.7333
119
25.7667
119
25.8
119
25.8333
119
25.8667
119
25.9
119
25.9333
119
25.9667
119
26
119
26.0333
119
26.0667
119
26.1
119
26.1333
119
26.1667
119
26.2
119
26.2333
119
26.2667
119
26.3
119
26.3333
119
26.3667
119
26.4
119
26.4333
119
26.4667
119
26.5
119
26.5333
119
26.5667
119
26.6
119
26.6333
119
26.6667
119
26.7
119
26.7333
119
26.7667
119
26.8
119
26.8333
119
26.8667
119
26.9
119
26.9333
119
26.9667
119
27
119
27.0333
119
27.0667
119
27.1
119
27.1333
119
27.1667
119
27.2
119
27.2333
119
27.2667
119
27.3
119
27.3333
119
27.3667
119
27.4
119
27.4333
119
27.4667
119
27.5
119
27.5333
119
27.5667
119
27.6
119
27.6333
119
27.6667
119
27.7
119
27.7333
119
27.7667
119
27.8
119
27.8333
119
27.8667
119
27.9
119
27.9333
119
27.9667
119
28
119
28.0333
119
28.0667
119
28.1
119
28.1333
120
28.1667
120
28.2
120
28.2333
120
28.2667
120
28.3
120
28.3333
120
28.3667
120
28.4
120
28.4333
120
28.4667
120
28.5
120
28.5333
120
28.5667
120
28.6
120
28.6333
120
28.6667
120
28.7
120
28.7333
120
28.7667
120
28.8
120
28.8333
121
28.8667
122
28.9
122
28.9333
122
28.9667
123
29
123
29.0333
123
29.0667
123
29.1
123
29.1333
123
29.1667
123
29.2
123
29.2333
123
29.2667
123
29.3
123
29.3333
123
29.3667
123
29.4
123
29.4333
123
29.4667
123
29.5
123
29.5333
123
29.5667
124
29.6
124
29.6333
126
29.6667
126
29.7
126
29.7333
126
29.7667
126
29.8
126
29.8333
126
29.8667
126
29.9
126
29.9333
126
29.9667
126
30
126
30.0333
126
30.0667
126
30.1
126
30.1333
126
30.1667
126
30.2
126
30.2333
126
30.2667
126
30.3
126
30.3333
126
30.3667
126
30.4
126
30.4333
126
30.4667
126
30.5
126
30.5333
126
30.5667
126
30.6
126
30.6333
126
30.6667
126
30.7
126
30.7333
126
30.7667
126
30.8
126
30.8333
126
30.8667
126
30.9
126
30.9333
126
30.9667
126
31
126
31.0333
126
31.0667
126
31.1
126
31.1333
126
31.1667
126
31.2
126
31.2333
126
31.2667
126
31.3
126
31.3333
126
31.3667
126
31.4
126
31.4333
126
31.4667
126
31.5
126
31.5333
126
31.5667
126
31.6
126
31.6333
126
31.6667
126
31.7
126
31.7333
126
31.7667
126
31.8
126
31.8333
127
31.8667
127
31.9
127
31.9333
127
31.9667
127
32
127
32.0333
127
32.0667
127
32.1
127
32.1333
127
32.1667
127
32.2
128
32.2333
128
32.2667
128
32.3
128
32.3333
128
32.3667
128
32.4
128
32.4333
128
32.4667
128
32.5
128
32.5333
128
32.5667
128
32.6
128
32.6333
128
32.6667
128
32.7
128
32.7333
128
32.7667
128
32.8
128
32.8333
128
32.8667
128
32.9
128
32.9333
128
32.9667
128
33
128
33.0333
128
33.0667
128
33.1
128
33.1333
128
33.1667
128
33.2
128
33.2333
128
33.2667
128
33.3
128
33.3333
128
33.3667
128
33.4
128
33.4333
128
33.4667
128
33.5
128
33.5333
128
33.5667
128
33.6
128
33.6333
128
33.6667
128
33.7
128
33.7333
128
33.7667
128
33.8
128
33.8333
128
33.8667
128
33.9
128
33.9333
128
33.9667
128
34
128
34.0333
128
34.0667
128
34.1
128
34.1333
128
34.1667
128
34.2
128
34.2333
128
34.2667
128
34.3
128
34.3333
128
34.3667
128
34.4
128
34.4333
128
34.4667
128
34.5
128
34.5333
128
34.5667
128
34.6
128
34.6333
128
34.6667
129
34.7
129
34.7333
129
34.7667
129
34.8
129
34.8333
129
34.8667
129
34.9
129
34.9333
129
34.9667
129
35
129
35.0333
129
35.0667
129
35.1
129
35.1333
129
35.1667
129
35.2
129
35.2333
129
35.2667
129
35.3
129
35.3333
129
35.3667
129
35.4
129
35.4333
129
35.4667
129
35.5
129
35.5333
129
35.5667
129
35.6
129
35.6333
129
35.6667
129
35.7
129
35.7333
129
35.7667
129
35.8
129
35.8333
129
35.8667
129
35.9
129
35.9333
129
35.9667
129
36
129
36.0333
129
36.0667
129
36.1
129
36.1333
129
36.1667
129
36.2
129
36.2333
129
36.2667
129
36.3
129
36.3333
129
36.3667
129
36.4
129
36.4333
129
36.4667
129
36.5
129
36.5333
129
36.5667
129
36.6
130
36.6333
130
36.6667
130
36.7
130
36.7333
130
36.7667
130
36.8
130
36.8333
130
36.8667
130
36.9
130
36.9333
130
36.9667
130
37
130
37.0333
130
37.0667
130
37.1
130
37.1333
130
37.1667
130
37.2
130
37.2333
130
37.2667
130
37.3
130
37.3333
131
37.3667
131
37.4
131
37.4333
131
37.4667
131
37.5
131
37.5333
131
37.5667
131
37.6
131
37.6333
131
37.6667
131
37.7
131
37.7333
131
37.7667
131
37.8
131
37.8333
131
37.8667
131
37.9
131
37.9333
131
37.9667
131
38
131
38.0333
131
38.0667
131
38.1
131
38.1333
131
38.1667
131
38.2
131
38.2333
131
38.2667
131
38.3
131
38.3333
131
38.3667
131
38.4
132
38.4333
132
38.4667
132
38.5
132
38.5333
132
38.5667
132
38.6
132
38.6333
132
38.6667
132
38.7
132
38.7333
132
38.7667
132
38.8
132
38.8333
132
38.8667
132
38.9
132
38.9333
132
38.9667
132
39
132
39.0333
132
39.0667
132
39.1
132
39.1333
132
39.1667
132
39.2
132
39.2333
132
39.2667
132
39.3
132
39.3333
132
39.3667
132
39.4
132
39.4333
132
39.4667
132
39.5
132
39.5333
132
39.5667
132
39.6
132
39.6333
132
39.6667
132
39.7
132
39.7333
132
39.7667
132
39.8
132
39.8333
132
39.8667
132
39.9
132
39.9333
132
39.9667
132
40
132
40.0333
132
40.0667
132
40.1
132
40.1333
132
40.1667
132
40.2
132
40.2333
132
40.2667
132
40.3
132
40.3333
132
40.3667
132
40.4
132
40.4333
132
40.4667
132
40.5
132
40.5333
132
40.5667
132
40.6
132
40.6333
132
40.6667
132
40.7
132
40.7333
132
40.7667
132
40.8
132
40.8333
132
40.8667
132
40.9
132
40.9333
132
40.9667
132
41
132
41.0333
132
41.0667
132
41.1
132
41.1333
132
41.1667
132
41.2
132
41.2333
132
41.2667
132
41.3
132
41.3333
132
41.3667
132
41.4
132
41.4333
132
41.4667
132
41.5
132
41.5333
132
41.5667
132
41.6
132
41.6333
132
41.6667
132
41.7
132
41.7333
132
41.7667
132
41.8
132
41.8333
132
41.8667
132
41.9
132
41.9333
132
41.9667
132
42
132
42.0333
132
42.0667
132
42.1
132
42.1333
132
42.1667
132
42.2
132
42.2333
132
42.2667
132
42.3
132
42.3333
132
42.3667
132
42.4
132
42.4333
132
42.4667
132
42.5
132
42.5333
132
42.5667
132
42.6
132
42.6333
132
42.6667
132
42.7
132
42.7333
132
42.7667
132
42.8
132
42.8333
132
42.8667
132
42.9
132
42.9333
132
42.9667
132
43
132
43.0333
133
43.0667
133
43.1
133
43.1333
133
43.1667
133
43.2
133
43.2333
133
43.2667
133
43.3
133
43.3333
133
43.3667
133
43.4
133
43.4333
133
43.4667
133
43.5
133
43.5333
133
43.5667
133
43.6
133
43.6333
133
43.6667
133
43.7
133
43.7333
133
43.7667
133
43.8
133
43.8333
134
43.8667
135
43.9
135
43.9333
135
43.9667
135
44
135
44.0333
135
44.0667
135
44.1
135
44.1333
135
44.1667
135
44.2
135
44.2333
135
44.2667
135
44.3
135
44.3333
135
44.3667
135
44.4
135
44.4333
135
44.4667
135
44.5
135
44.5333
135
44.5667
135
44.6
135
44.6333
135
44.6667
135
44.7
135
44.7333
135
44.7667
135
44.8
135
44.8333
135
44.8667
135
44.9
135
44.9333
135
44.9667
135
45
135
45.0333
135
45.0667
135
45.1
135
45.1333
135
45.1667
135
45.2
135
45.2333
135
45.2667
135
45.3
135
45.3333
135
45.3667
135
45.4
135
45.4333
135
45.4667
135
45.5
135
45.5333
135
45.5667
135
45.6
135
45.6333
135
45.6667
135
45.7
135
45.7333
135
45.7667
135
45.8
135
45.8333
135
45.8667
135
45.9
135
45.9333
135
45.9667
135
46
135
46.0333
135
46.0667
135
46.1
135
46.1333
135
46.1667
135
46.2
135
46.2333
135
46.2667
135
46.3
135
46.3333
135
46.3667
135
46.4
135
46.4333
135
46.4667
135
46.5
135
46.5333
135
46.5667
135
46.6
135
46.6333
135
46.6667
135
46.7
135
46.7333
135
46.7667
135
46.8
135
46.8333
135
46.8667
135
46.9
135
46.9333
135
46.9667
135
47
135
47.0333
135
47.0667
135
47.1
135
47.1333
135
47.1667
135
47.2
135
47.2333
135
47.2667
135
47.3
135
47.3333
135
47.3667
135
47.4
135
47.4333
135
47.4667
135
47.5
135
47.5333
135
47.5667
135
47.6
135
47.6333
135
47.6667
135
47.7
135
47.7333
135
47.7667
135
47.8
135
47.8333
135
47.8667
135
47.9
135
47.9333
135
47.9667
135
48
135
48.0333
135
48.0667
135
48.1
135
48.1333
135
48.1667
135
48.2
135
48.2333
135
48.2667
135
48.3
135
48.3333
135
48.3667
135
48.4
135
48.4333
135
48.4667
135
48.5
135
48.5333
135
48.5667
135
48.6
135
48.6333
135
48.6667
135
48.7
135
48.7333
135
48.7667
135
48.8
135
48.8333
135
48.8667
135
48.9
135
48.9333
135
48.9667
135
49
135
49.0333
135
49.0667
135
49.1
135
49.1333
135
49.1667
135
49.2
135
49.2333
135
49.2667
135
49.3
135
49.3333
135
49.3667
135
49.4
135
49.4333
135
49.4667
135
49.5
135
49.5333
135
49.5667
135
49.6
135
49.6333
135
49.6667
135
49.7
135
49.7333
135
49.7667
135
49.8
135
49.8333
135
49.8667
135
49.9
135
49.9333
135
49.9667
135
50
135
50.0333
135
50.0667
135
50.1
135
50.1333
135
50.1667
135
50.2
135
50.2333
135
50.2667
135
50.3
135
50.3333
135
50.3667
135
50.4
135
50.4333
135
50.4667
135
50.5
135
50.5333
135
50.5667
135
50.6
135
50.6333
135
50.6667
135
50.7
135
50.7333
135
50.7667
135
50.8
135
50.8333
135
50.8667
135
50.9
135
50.9333
135
50.9667
135
51
135
51.0333
135
51.0667
135
51.1
135
51.1333
135
51.1667
135
51.2
135
51.2333
135
51.2667
135
51.3
135
51.3333
135
51.3667
135
51.4
135
51.4333
135
51.4667
135
51.5
135
51.5333
135
51.5667
135
51.6
135
51.6333
135
51.6667
135
51.7
135
51.7333
135
51.7667
135
51.8
135
51.8333
135
51.8667
135
51.9
135
51.9333
135
51.9667
135
52
135
52.0333
135
52.0667
135
52.1
135
52.1333
135
52.1667
135
52.2
135
52.2333
135
52.2667
135
52.3
135
52.3333
135
52.3667
135
52.4
135
52.4333
135
52.4667
135
52.5
135
52.5333
135
52.5667
135
52.6
135
52.6333
135
52.6667
135
52.7
135
52.7333
135
52.7667
135
52.8
135
52.8333
135
52.8667
135
52.9
135
52.9333
135
52.9667
135
53
135
53.0333
135
53.0667
135
53.1
135
53.1333
135
53.1667
135
53.2
135
53.2333
135
53.2667
135
53.3
135
53.3333
135
