0
1
0.0333333
1
0.0666667
1
0.1
1
0.133333
1
0.166667
1
0.2
1
0.233333
1
0.266667
1
0.3
1
0.333333
1
0.366667
1
0.4
1
0.433333
1
0.466667
1
0.5
1
0.533333
1
0.566667
1
0.6
1
0.633333
1
0.666667
1
0.7
1
0.733333
1
0.766667
1
0.8
1
0.833333
1
0.866667
1
0.9
1
0.933333
1
0.966667
1
1
1
1.03333
1
1.06667
1
1.1
1
1.13333
1
1.16667
1
1.2
1
1.23333
1
1.26667
1
1.3
1
1.33333
1
1.36667
1
1.4
1
1.43333
1
1.46667
1
1.5
1
1.53333
1
1.56667
1
1.6
1
1.63333
1
1.66667
1
1.7
1
1.73333
1
1.76667
1
1.8
1
1.83333
1
1.86667
1
1.9
1
1.93333
1
1.96667
1
2
1
2.03333
1
2.06667
1
2.1
1
2.13333
1
2.16667
1
2.2
1
2.23333
1
2.26667
1
2.3
1
2.33333
1
2.36667
1
2.4
1
2.43333
1
2.46667
1
2.5
1
2.53333
1
2.56667
1
2.6
1
2.63333
1
2.66667
1
2.7
1
2.73333
1
2.76667
1
2.8
1
2.83333
1
2.86667
1
2.9
1
2.93333
1
2.96667
1
3
1
3.03333
1
3.06667
1
3.1
1
3.13333
1
3.16667
1
3.2
1
3.23333
1
3.26667
1
3.3
1
3.33333
1
3.36667
1
3.4
1
3.43333
1
3.46667
1
3.5
1
3.53333
1
3.56667
1
3.6
1
3.63333
1
3.66667
1
3.7
1
3.73333
1
3.76667
1
3.8
1
3.83333
1
3.86667
1
3.9
1
3.93333
1
3.96667
1
4
1
4.03333
1
4.06667
1
4.1
1
4.13333
1
4.16667
1
4.2
1
4.23333
1
4.26667
1
4.3
1
4.33333
1
4.36667
1
4.4
1
4.43333
1
4.46667
1
4.5
1
4.53333
1
4.56667
1
4.6
1
4.63333
1
4.66667
1
4.7
1
4.73333
1
4.76667
1
4.8
1
4.83333
1
4.86667
1
4.9
1
4.93333
1
4.96667
1
5
1
5.03333
1
5.06667
1
5.1
1
5.13333
1
5.16667
1
5.2
1
5.23333
2
5.26667
2
5.3
2
5.33333
4
5.36667
6
5.4
6
5.43333
7
5.46667
8
5.5
8
5.53333
9
5.56667
10
5.6
12
5.63333
13
5.66667
13
5.7
13
5.73333
13
5.76667
15
5.8
15
5.83333
16
5.86667
16
5.9
16
5.93333
16
5.96667
19
6
20
6.03333
21
6.06667
21
6.1
22
6.13333
25
6.16667
26
6.2
27
6.23333
28
6.26667
29
6.3
32
6.33333
33
6.36667
36
6.4
36
6.43333
37
6.46667
39
6.5
46
6.53333
48
6.56667
49
6.6
52
6.63333
60
6.66667
61
6.7
63
6.73333
67
6.76667
70
6.8
75
6.83333
77
6.86667
77
6.9
81
6.93333
87
6.96667
89
7
92
7.03333
96
7.06667
97
7.1
99
7.13333
101
7.16667
103
7.2
105
7.23333
106
7.26667
106
7.3
112
7.33333
115
7.36667
117
7.4
122
7.43333
124
7.46667
125
7.5
126
7.53333
128
7.56667
132
7.6
135
7.63333
137
7.66667
138
7.7
140
7.73333
140
7.76667
141
7.8
144
7.83333
148
7.86667
151
7.9
153
7.93333
158
7.96667
159
8
161
8.03333
161
8.06667
161
8.1
161
8.13333
163
8.16667
164
8.2
167
8.23333
167
8.26667
168
8.3
169
8.33333
173
8.36667
174
8.4
177
8.43333
180
8.46667
180
8.5
182
8.53333
185
8.56667
186
8.6
186
8.63333
187
8.66667
189
8.7
190
8.73333
191
8.76667
193
8.8
195
8.83333
196
8.86667
197
8.9
199
8.93333
202
8.96667
202
9
202
9.03333
202
9.06667
203
9.1
204
9.13333
204
9.16667
204
9.2
208
9.23333
210
9.26667
210
9.3
210
9.33333
211
9.36667
211
9.4
213
9.43333
214
9.46667
217
9.5
217
9.53333
218
9.56667
218
9.6
220
9.63333
223
9.66667
225
9.7
227
9.73333
227
9.76667
228
9.8
229
9.83333
230
9.86667
231
9.9
234
9.93333
235
9.96667
236
10
237
10.0333
237
10.0667
241
10.1
242
10.1333
242
10.1667
242
10.2
242
10.2333
243
10.2667
243
10.3
243
10.3333
244
10.3667
244
10.4
247
10.4333
248
10.4667
248
10.5
249
10.5333
251
10.5667
254
10.6
255
10.6333
257
10.6667
257
10.7
258
10.7333
260
10.7667
261
10.8
261
10.8333
264
10.8667
264
10.9
265
10.9333
267
10.9667
267
11
268
11.0333
271
11.0667
272
11.1
273
11.1333
273
11.1667
274
11.2
275
11.2333
276
11.2667
276
11.3
277
11.3333
277
11.3667
278
11.4
279
11.4333
280
11.4667
280
11.5
281
11.5333
282
11.5667
282
11.6
282
11.6333
283
11.6667
283
11.7
284
11.7333
284
11.7667
285
11.8
288
11.8333
289
11.8667
290
11.9
291
11.9333
291
11.9667
291
12
291
12.0333
294
12.0667
295
12.1
297
12.1333
297
12.1667
298
12.2
299
12.2333
300
12.2667
301
12.3
302
12.3333
302
12.3667
305
12.4
308
12.4333
309
12.4667
311
12.5
313
12.5333
314
12.5667
315
12.6
316
12.6333
318
12.6667
320
12.7
320
12.7333
322
12.7667
322
12.8
325
12.8333
325
12.8667
326
12.9
326
12.9333
327
12.9667
327
13
328
13.0333
328
13.0667
329
13.1
332
13.1333
333
13.1667
333
13.2
335
13.2333
335
13.2667
336
13.3
336
13.3333
336
13.3667
336
13.4
337
13.4333
337
13.4667
337
13.5
338
13.5333
338
13.5667
338
13.6
339
13.6333
339
13.6667
341
13.7
343
13.7333
343
13.7667
343
13.8
345
13.8333
345
13.8667
346
13.9
346
13.9333
346
13.9667
346
14
346
14.0333
346
14.0667
346
14.1
346
14.1333
347
14.1667
347
14.2
347
14.2333
347
14.2667
347
14.3
347
14.3333
349
14.3667
350
14.4
350
14.4333
351
14.4667
352
14.5
353
14.5333
353
14.5667
353
14.6
353
14.6333
354
14.6667
354
14.7
354
14.7333
355
14.7667
355
14.8
355
14.8333
355
14.8667
355
14.9
356
14.9333
357
14.9667
358
15
358
15.0333
359
15.0667
361
15.1
361
15.1333
361
15.1667
361
15.2
362
15.2333
362
15.2667
363
15.3
363
15.3333
364
15.3667
365
15.4
365
15.4333
366
15.4667
366
15.5
367
15.5333
367
15.5667
367
15.6
368
15.6333
370
15.6667
371
15.7
373
15.7333
374
15.7667
374
15.8
375
15.8333
375
15.8667
375
15.9
376
15.9333
378
15.9667
380
16
381
16.0333
384
16.0667
385
16.1
387
16.1333
388
16.1667
391
16.2
393
16.2333
393
16.2667
396
16.3
396
16.3333
398
16.3667
399
16.4
403
16.4333
403
16.4667
406
16.5
407
16.5333
407
16.5667
408
16.6
409
16.6333
412
16.6667
416
16.7
416
16.7333
417
16.7667
418
16.8
420
16.8333
421
16.8667
421
16.9
424
16.9333
424
16.9667
425
17
425
17.0333
425
17.0667
427
17.1
428
17.1333
428
17.1667
430
17.2
430
17.2333
430
17.2667
430
17.3
430
17.3333
430
17.3667
430
17.4
430
17.4333
430
17.4667
431
17.5
431
17.5333
431
17.5667
431
17.6
431
17.6333
432
17.6667
432
17.7
432
17.7333
432
17.7667
434
17.8
435
17.8333
435
17.8667
435
17.9
436
17.9333
437
17.9667
438
18
440
18.0333
440
18.0667
440
18.1
440
18.1333
440
18.1667
441
18.2
441
18.2333
441
18.2667
441
18.3
442
18.3333
443
18.3667
443
18.4
444
18.4333
444
18.4667
444
18.5
445
18.5333
445
18.5667
446
18.6
446
18.6333
447
18.6667
447
18.7
447
18.7333
447
18.7667
447
18.8
448
18.8333
448
18.8667
448
18.9
448
18.9333
450
18.9667
451
19
451
19.0333
451
19.0667
452
19.1
452
19.1333
453
19.1667
454
19.2
454
19.2333
454
19.2667
454
19.3
455
19.3333
455
19.3667
456
19.4
457
19.4333
457
19.4667
458
19.5
458
19.5333
458
19.5667
459
19.6
460
19.6333
460
19.6667
461
19.7
461
19.7333
461
19.7667
461
19.8
461
19.8333
461
19.8667
461
19.9
461
19.9333
461
19.9667
461
20
462
20.0333
462
20.0667
463
20.1
463
20.1333
463
20.1667
463
20.2
463
20.2333
463
20.2667
463
20.3
465
20.3333
466
20.3667
466
20.4
467
20.4333
467
20.4667
468
20.5
469
20.5333
469
20.5667
469
20.6
469
20.6333
469
20.6667
469
20.7
470
20.7333
471
20.7667
471
20.8
472
20.8333
473
20.8667
473
20.9
473
20.9333
474
20.9667
475
21
476
21.0333
476
21.0667
476
21.1
477
21.1333
478
21.1667
479
21.2
479
21.2333
479
21.2667
480
21.3
480
21.3333
481
21.3667
482
21.4
482
21.4333
482
21.4667
482
21.5
482
21.5333
482
21.5667
482
21.6
484
21.6333
484
21.6667
484
21.7
485
21.7333
485
21.7667
485
21.8
485
21.8333
485
21.8667
486
21.9
486
21.9333
486
21.9667
487
22
489
22.0333
490
22.0667
490
22.1
491
22.1333
491
22.1667
492
22.2
492
22.2333
493
22.2667
493
22.3
494
22.3333
495
22.3667
495
22.4
496
22.4333
496
22.4667
497
22.5
497
22.5333
497
22.5667
498
22.6
499
22.6333
499
22.6667
500
22.7
500
22.7333
501
22.7667
503
22.8
503
22.8333
503
22.8667
503
22.9
505
22.9333
505
22.9667
506
23
506
23.0333
506
23.0667
507
23.1
509
23.1333
510
23.1667
510
23.2
511
23.2333
511
23.2667
512
23.3
512
23.3333
512
23.3667
512
23.4
512
23.4333
512
23.4667
512
23.5
512
23.5333
512
23.5667
512
23.6
512
23.6333
513
23.6667
514
23.7
514
23.7333
515
23.7667
515
23.8
515
23.8333
516
23.8667
516
23.9
516
23.9333
516
23.9667
517
24
517
24.0333
519
24.0667
519
24.1
519
24.1333
519
24.1667
519
24.2
519
24.2333
519
24.2667
520
24.3
521
24.3333
521
24.3667
524
24.4
526
24.4333
526
24.4667
528
24.5
528
24.5333
528
24.5667
529
24.6
529
24.6333
529
24.6667
529
24.7
530
24.7333
532
24.7667
532
24.8
532
24.8333
533
24.8667
533
24.9
533
24.9333
534
24.9667
535
25
536
25.0333
536
25.0667
536
25.1
536
25.1333
536
25.1667
537
25.2
538
25.2333
539
25.2667
539
25.3
539
25.3333
539
25.3667
540
25.4
540
25.4333
540
25.4667
542
25.5
542
25.5333
543
25.5667
543
25.6
543
25.6333
544
25.6667
545
25.7
546
25.7333
548
25.7667
548
25.8
548
25.8333
549
25.8667
549
25.9
550
25.9333
551
25.9667
551
26
551
26.0333
551
26.0667
551
26.1
551
26.1333
551
26.1667
551
26.2
551
26.2333
552
26.2667
553
26.3
553
26.3333
554
26.3667
554
26.4
554
26.4333
554
26.4667
554
26.5
556
26.5333
556
26.5667
556
26.6
557
26.6333
557
26.6667
557
26.7
557
26.7333
557
26.7667
557
26.8
558
26.8333
558
26.8667
558
26.9
558
26.9333
558
26.9667
559
27
560
27.0333
560
27.0667
560
27.1
560
27.1333
560
27.1667
560
27.2
561
27.2333
562
27.2667
563
27.3
563
27.3333
564
27.3667
564
27.4
565
27.4333
566
27.4667
566
27.5
566
27.5333
566
27.5667
566
27.6
566
27.6333
567
27.6667
569
27.7
569
27.7333
570
27.7667
570
27.8
570
27.8333
570
27.8667
570
27.9
570
27.9333
570
27.9667
570
28
571
28.0333
571
28.0667
571
28.1
571
28.1333
571
28.1667
573
28.2
574
28.2333
575
28.2667
575
28.3
575
28.3333
575
28.3667
576
28.4
577
28.4333
578
28.4667
578
28.5
578
28.5333
578
28.5667
578
28.6
578
28.6333
578
28.6667
578
28.7
578
28.7333
578
28.7667
578
28.8
578
28.8333
578
28.8667
579
28.9
579
28.9333
579
28.9667
580
29
580
29.0333
581
29.0667
583
29.1
583
29.1333
584
29.1667
585
29.2
585
29.2333
585
29.2667
586
29.3
587
29.3333
587
29.3667
589
29.4
589
29.4333
590
29.4667
590
29.5
591
29.5333
591
29.5667
591
29.6
591
29.6333
592
29.6667
592
29.7
594
29.7333
594
29.7667
594
29.8
594
29.8333
594
29.8667
594
29.9
594
29.9333
594
29.9667
594
30
594
30.0333
594
30.0667
594
30.1
594
30.1333
594
30.1667
594
30.2
594
30.2333
594
30.2667
594
30.3
594
30.3333
595
30.3667
595
30.4
595
30.4333
595
30.4667
595
30.5
595
30.5333
595
30.5667
595
30.6
595
30.6333
597
30.6667
597
30.7
597
30.7333
597
30.7667
597
30.8
598
30.8333
598
30.8667
598
30.9
598
30.9333
599
30.9667
599
31
599
31.0333
599
31.0667
599
31.1
599
31.1333
599
31.1667
599
31.2
599
31.2333
599
31.2667
599
31.3
599
31.3333
599
31.3667
600
31.4
600
31.4333
600
31.4667
600
31.5
600
31.5333
600
31.5667
600
31.6
600
31.6333
600
31.6667
600
31.7
600
31.7333
600
31.7667
600
31.8
601
31.8333
601
31.8667
601
31.9
601
31.9333
601
31.9667
601
32
601
32.0333
601
32.0667
601
32.1
601
32.1333
601
32.1667
601
32.2
601
32.2333
601
32.2667
601
32.3
601
32.3333
601
32.3667
601
32.4
601
32.4333
601
32.4667
602
32.5
603
32.5333
603
32.5667
604
32.6
604
32.6333
604
32.6667
604
32.7
604
32.7333
604
32.7667
604
32.8
604
32.8333
605
32.8667
605
32.9
605
32.9333
605
32.9667
606
33
606
33.0333
606
33.0667
606
33.1
606
33.1333
606
33.1667
606
33.2
606
33.2333
606
33.2667
606
33.3
606
33.3333
606
33.3667
606
33.4
606
33.4333
606
33.4667
607
33.5
607
33.5333
607
33.5667
607
33.6
607
33.6333
607
33.6667
607
33.7
607
33.7333
607
33.7667
607
33.8
607
33.8333
608
33.8667
609
33.9
609
33.9333
610
33.9667
610
34
610
34.0333
610
34.0667
610
34.1
610
34.1333
610
34.1667
610
34.2
610
34.2333
610
34.2667
610
34.3
610
34.3333
610
34.3667
610
34.4
610
34.4333
610
34.4667
610
34.5
611
34.5333
611
34.5667
611
34.6
611
34.6333
611
34.6667
611
34.7
611
34.7333
611
34.7667
611
34.8
611
34.8333
611
34.8667
611
34.9
611
34.9333
611
34.9667
611
35
611
35.0333
611
35.0667
611
35.1
611
35.1333
611
35.1667
611
35.2
611
35.2333
611
35.2667
612
35.3
612
35.3333
612
35.3667
612
35.4
612
35.4333
612
35.4667
612
35.5
612
35.5333
612
35.5667
613
35.6
614
35.6333
614
35.6667
614
35.7
615
35.7333
615
35.7667
615
35.8
616
35.8333
616
35.8667
616
35.9
616
35.9333
616
35.9667
616
36
616
36.0333
616
36.0667
616
36.1
616
36.1333
616
36.1667
616
36.2
617
36.2333
617
36.2667
618
36.3
618
36.3333
618
36.3667
618
36.4
619
36.4333
619
36.4667
619
36.5
619
36.5333
619
36.5667
619
36.6
619
36.6333
620
36.6667
620
36.7
621
36.7333
621
36.7667
621
36.8
622
36.8333
622
36.8667
623
36.9
625
36.9333
625
36.9667
626
37
627
37.0333
627
37.0667
627
37.1
627
37.1333
627
37.1667
628
37.2
628
37.2333
628
37.2667
628
37.3
628
37.3333
628
37.3667
628
37.4
628
37.4333
631
37.4667
631
37.5
631
37.5333
631
37.5667
631
37.6
631
37.6333
631
37.6667
632
37.7
633
37.7333
634
37.7667
634
37.8
634
37.8333
634
37.8667
634
37.9
634
37.9333
634
37.9667
634
38
635
38.0333
635
38.0667
636
38.1
637
38.1333
637
38.1667
637
38.2
638
38.2333
638
38.2667
638
38.3
638
38.3333
638
38.3667
638
38.4
638
38.4333
638
38.4667
638
38.5
638
38.5333
640
38.5667
640
38.6
640
38.6333
640
38.6667
640
38.7
640
38.7333
641
38.7667
641
38.8
641
38.8333
641
38.8667
641
38.9
641
38.9333
641
38.9667
641
39
641
39.0333
641
39.0667
641
39.1
641
39.1333
641
39.1667
641
39.2
641
39.2333
641
39.2667
641
39.3
641
39.3333
642
39.3667
642
39.4
643
39.4333
643
39.4667
644
39.5
644
39.5333
644
39.5667
644
39.6
644
39.6333
644
39.6667
644
39.7
645
39.7333
645
39.7667
645
39.8
645
39.8333
645
39.8667
645
39.9
645
39.9333
645
39.9667
645
40
645
40.0333
645
40.0667
645
40.1
646
40.1333
646
40.1667
646
40.2
646
40.2333
646
40.2667
646
40.3
646
40.3333
646
40.3667
646
40.4
646
40.4333
646
40.4667
646
40.5
646
40.5333
646
40.5667
646
40.6
646
40.6333
646
40.6667
646
40.7
647
40.7333
647
40.7667
647
40.8
647
40.8333
647
40.8667
647
40.9
647
40.9333
647
40.9667
647
41
647
41.0333
647
41.0667
647
41.1
648
41.1333
648
41.1667
649
41.2
649
41.2333
649
41.2667
650
41.3
651
41.3333
651
41.3667
651
41.4
651
41.4333
652
41.4667
652
41.5
653
41.5333
653
41.5667
653
41.6
653
41.6333
653
41.6667
653
41.7
653
41.7333
653
41.7667
653
41.8
653
41.8333
653
41.8667
653
41.9
653
41.9333
653
41.9667
653
42
653
42.0333
653
42.0667
653
42.1
654
42.1333
654
42.1667
654
42.2
654
42.2333
654
42.2667
654
42.3
654
42.3333
654
42.3667
654
42.4
654
42.4333
654
42.4667
654
42.5
654
42.5333
654
42.5667
654
42.6
654
42.6333
654
42.6667
655
42.7
655
42.7333
655
42.7667
655
42.8
655
42.8333
655
42.8667
655
42.9
655
42.9333
656
42.9667
656
43
656
43.0333
656
43.0667
656
43.1
656
43.1333
656
43.1667
656
43.2
656
43.2333
656
43.2667
657
43.3
658
43.3333
658
43.3667
658
43.4
658
43.4333
658
43.4667
658
43.5
658
43.5333
659
43.5667
659
43.6
659
43.6333
659
43.6667
659
43.7
659
43.7333
660
43.7667
660
43.8
660
43.8333
660
43.8667
660
43.9
660
43.9333
660
43.9667
661
44
661
44.0333
661
44.0667
661
44.1
661
44.1333
661
44.1667
662
44.2
662
44.2333
662
44.2667
662
44.3
662
44.3333
663
44.3667
663
44.4
663
44.4333
663
44.4667
664
44.5
664
44.5333
664
44.5667
664
44.6
664
44.6333
664
44.6667
664
44.7
664
44.7333
664
44.7667
664
44.8
664
44.8333
664
44.8667
664
44.9
665
44.9333
665
44.9667
665
45
665
45.0333
666
45.0667
666
45.1
666
45.1333
666
45.1667
666
45.2
666
45.2333
667
45.2667
667
45.3
667
45.3333
667
45.3667
667
45.4
667
45.4333
668
45.4667
668
45.5
668
45.5333
668
45.5667
668
45.6
669
45.6333
669
45.6667
670
45.7
670
45.7333
670
45.7667
670
45.8
670
45.8333
670
45.8667
670
45.9
670
45.9333
670
45.9667
670
46
670
46.0333
670
46.0667
670
46.1
670
46.1333
670
46.1667
670
46.2
670
46.2333
670
46.2667
670
46.3
670
46.3333
670
46.3667
670
46.4
670
46.4333
670
46.4667
670
46.5
670
46.5333
670
46.5667
670
46.6
670
46.6333
670
46.6667
670
46.7
670
46.7333
670
46.7667
670
46.8
670
46.8333
670
46.8667
670
46.9
670
46.9333
670
46.9667
670
47
670
47.0333
670
47.0667
670
47.1
670
47.1333
670
47.1667
670
47.2
670
47.2333
670
47.2667
670
47.3
670
47.3333
670
47.3667
670
47.4
670
47.4333
670
47.4667
670
47.5
670
47.5333
670
47.5667
670
47.6
670
47.6333
670
47.6667
670
47.7
670
47.7333
670
47.7667
670
47.8
670
47.8333
671
47.8667
671
47.9
671
47.9333
671
47.9667
672
48
672
48.0333
672
48.0667
672
48.1
672
48.1333
673
48.1667
673
48.2
673
48.2333
673
48.2667
673
48.3
673
48.3333
673
48.3667
673
48.4
674
48.4333
674
48.4667
675
48.5
675
48.5333
675
48.5667
676
48.6
676
48.6333
676
48.6667
676
48.7
676
48.7333
677
48.7667
677
48.8
677
48.8333
677
48.8667
677
48.9
678
48.9333
678
48.9667
678
49
678
49.0333
678
49.0667
678
49.1
678
49.1333
678
49.1667
678
49.2
678
49.2333
678
49.2667
678
49.3
678
49.3333
678
49.3667
678
49.4
678
49.4333
678
49.4667
678
49.5
678
49.5333
678
49.5667
679
49.6
680
49.6333
680
49.6667
680
49.7
681
49.7333
681
49.7667
681
49.8
681
49.8333
681
49.8667
681
49.9
681
49.9333
681
49.9667
681
50
681
50.0333
681
50.0667
682
50.1
682
50.1333
682
50.1667
682
50.2
682
50.2333
682
50.2667
682
50.3
684
50.3333
684
50.3667
684
50.4
684
50.4333
684
50.4667
684
50.5
684
50.5333
685
50.5667
685
50.6
685
50.6333
685
50.6667
685
50.7
685
50.7333
685
50.7667
685
50.8
686
50.8333
686
50.8667
686
50.9
686
50.9333
686
50.9667
686
51
686
51.0333
686
51.0667
686
51.1
687
51.1333
688
51.1667
688
51.2
688
51.2333
688
51.2667
688
51.3
688
51.3333
688
51.3667
689
51.4
689
51.4333
689
51.4667
689
51.5
689
51.5333
689
51.5667
689
51.6
689
51.6333
689
51.6667
689
51.7
689
51.7333
690
51.7667
690
51.8
690
51.8333
691
51.8667
691
51.9
691
51.9333
691
51.9667
691
52
691
52.0333
691
52.0667
691
52.1
691
52.1333
691
52.1667
691
52.2
691
52.2333
691
52.2667
691
52.3
691
52.3333
691
52.3667
691
52.4
691
52.4333
692
52.4667
692
52.5
692
52.5333
692
52.5667
692
52.6
692
52.6333
692
52.6667
692
52.7
692
52.7333
692
52.7667
692
52.8
693
52.8333
693
52.8667
693
52.9
693
52.9333
693
52.9667
693
53
694
53.0333
694
53.0667
694
53.1
694
53.1333
694
53.1667
694
53.2
694
53.2333
694
53.2667
694
53.3
694
53.3333
694
