0
1
0.0333333
1
0.0666667
1
0.1
1
0.133333
1
0.166667
1
0.2
1
0.233333
1
0.266667
1
0.3
1
0.333333
1
0.366667
1
0.4
1
0.433333
1
0.466667
1
0.5
1
0.533333
1
0.566667
1
0.6
1
0.633333
1
0.666667
1
0.7
1
0.733333
1
0.766667
1
0.8
1
0.833333
1
0.866667
1
0.9
1
0.933333
1
0.966667
1
1
1
1.03333
1
1.06667
1
1.1
1
1.13333
1
1.16667
1
1.2
1
1.23333
1
1.26667
1
1.3
1
1.33333
1
1.36667
1
1.4
1
1.43333
1
1.46667
1
1.5
1
1.53333
1
1.56667
1
1.6
1
1.63333
1
1.66667
1
1.7
1
1.73333
1
1.76667
1
1.8
1
1.83333
1
1.86667
1
1.9
1
1.93333
1
1.96667
1
2
1
2.03333
1
2.06667
1
2.1
1
2.13333
1
2.16667
1
2.2
1
2.23333
1
2.26667
1
2.3
1
2.33333
1
2.36667
1
2.4
1
2.43333
1
2.46667
1
2.5
1
2.53333
1
2.56667
1
2.6
1
2.63333
1
2.66667
1
2.7
1
2.73333
1
2.76667
1
2.8
1
2.83333
1
2.86667
1
2.9
1
2.93333
1
2.96667
1
3
1
3.03333
1
3.06667
1
3.1
1
3.13333
1
3.16667
1
3.2
1
3.23333
1
3.26667
1
3.3
1
3.33333
1
3.36667
1
3.4
1
3.43333
1
3.46667
1
3.5
1
3.53333
1
3.56667
1
3.6
1
3.63333
1
3.66667
1
3.7
1
3.73333
1
3.76667
1
3.8
1
3.83333
1
3.86667
1
3.9
1
3.93333
1
3.96667
1
4
1
4.03333
1
4.06667
1
4.1
1
4.13333
1
4.16667
1
4.2
1
4.23333
1
4.26667
1
4.3
1
4.33333
1
4.36667
1
4.4
1
4.43333
1
4.46667
1
4.5
1
4.53333
1
4.56667
1
4.6
1
4.63333
1
4.66667
1
4.7
1
4.73333
1
4.76667
1
4.8
1
4.83333
1
4.86667
1
4.9
2
4.93333
2
4.96667
2
5
2
5.03333
2
5.06667
2
5.1
2
5.13333
2
5.16667
3
5.2
4
5.23333
4
5.26667
4
5.3
4
5.33333
4
5.36667
4
5.4
4
5.43333
4
5.46667
4
5.5
4
5.53333
4
5.56667
4
5.6
4
5.63333
4
5.66667
4
5.7
5
5.73333
5
5.76667
5
5.8
5
5.83333
5
5.86667
6
5.9
6
5.93333
6
5.96667
6
6
6
6.03333
6
6.06667
6
6.1
6
6.13333
6
6.16667
6
6.2
6
6.23333
6
6.26667
6
6.3
6
6.33333
6
6.36667
6
6.4
6
6.43333
6
6.46667
6
6.5
6
6.53333
6
6.56667
6
6.6
8
6.63333
8
6.66667
8
6.7
9
6.73333
9
6.76667
9
6.8
9
6.83333
9
6.86667
9
6.9
9
6.93333
10
6.96667
10
7
10
7.03333
11
7.06667
12
7.1
12
7.13333
13
7.16667
13
7.2
15
7.23333
16
7.26667
17
7.3
17
7.33333
17
7.36667
17
7.4
18
7.43333
19
7.46667
19
7.5
19
7.53333
20
7.56667
20
7.6
20
7.63333
21
7.66667
21
7.7
21
7.73333
21
7.76667
23
7.8
24
7.83333
24
7.86667
25
7.9
25
7.93333
26
7.96667
26
8
27
8.03333
27
8.06667
28
8.1
28
8.13333
28
8.16667
30
8.2
31
8.23333
31
8.26667
33
8.3
33
8.33333
34
8.36667
34
8.4
34
8.43333
35
8.46667
35
8.5
35
8.53333
36
8.56667
37
8.6
37
8.63333
38
8.66667
38
8.7
40
8.73333
40
8.76667
41
8.8
43
8.83333
44
8.86667
44
8.9
46
8.93333
46
8.96667
46
9
49
9.03333
49
9.06667
49
9.1
49
9.13333
49
9.16667
51
9.2
53
9.23333
53
9.26667
53
9.3
53
9.33333
53
9.36667
54
9.4
54
9.43333
55
9.46667
56
9.5
56
9.53333
56
9.56667
56
9.6
56
9.63333
58
9.66667
59
9.7
59
9.73333
59
9.76667
59
9.8
59
9.83333
60
9.86667
61
9.9
63
9.93333
64
9.96667
64
10
65
10.0333
67
10.0667
67
10.1
69
10.1333
70
10.1667
70
10.2
70
10.2333
70
10.2667
71
10.3
74
10.3333
75
10.3667
76
10.4
76
10.4333
77
10.4667
79
10.5
79
10.5333
79
10.5667
79
10.6
80
10.6333
80
10.6667
82
10.7
82
10.7333
83
10.7667
84
10.8
84
10.8333
85
10.8667
85
10.9
85
10.9333
85
10.9667
86
11
86
11.0333
86
11.0667
87
11.1
88
11.1333
88
11.1667
88
11.2
88
11.2333
89
11.2667
89
11.3
89
11.3333
90
11.3667
90
11.4
91
11.4333
91
11.4667
91
11.5
91
11.5333
91
11.5667
91
11.6
92
11.6333
92
11.6667
92
11.7
92
11.7333
97
11.7667
97
11.8
99
11.8333
103
11.8667
104
11.9
105
11.9333
105
11.9667
105
12
105
12.0333
106
12.0667
106
12.1
109
12.1333
110
12.1667
111
12.2
111
12.2333
111
12.2667
112
12.3
112
12.3333
112
12.3667
113
12.4
114
12.4333
115
12.4667
116
12.5
117
12.5333
117
12.5667
117
12.6
117
12.6333
117
12.6667
117
12.7
119
12.7333
120
12.7667
120
12.8
120
12.8333
120
12.8667
120
12.9
120
12.9333
120
12.9667
120
13
120
13.0333
120
13.0667
121
13.1
121
13.1333
121
13.1667
121
13.2
122
13.2333
123
13.2667
124
13.3
125
13.3333
126
13.3667
126
13.4
126
13.4333
127
13.4667
127
13.5
127
13.5333
129
13.5667
129
13.6
131
13.6333
131
13.6667
131
13.7
131
13.7333
132
13.7667
132
13.8
132
13.8333
132
13.8667
132
13.9
132
13.9333
133
13.9667
133
14
134
14.0333
134
14.0667
135
14.1
136
14.1333
136
14.1667
136
14.2
137
14.2333
137
14.2667
137
14.3
137
14.3333
137
14.3667
137
14.4
137
14.4333
138
14.4667
139
14.5
139
14.5333
139
14.5667
139
14.6
139
14.6333
140
14.6667
140
14.7
140
14.7333
140
14.7667
140
14.8
140
14.8333
140
14.8667
140
14.9
140
14.9333
141
14.9667
141
15
141
15.0333
142
15.0667
142
15.1
142
15.1333
142
15.1667
143
15.2
143
15.2333
143
15.2667
144
15.3
144
15.3333
144
15.3667
145
15.4
145
15.4333
145
15.4667
145
15.5
145
15.5333
145
15.5667
145
15.6
145
15.6333
145
15.6667
147
15.7
147
15.7333
147
15.7667
147
15.8
147
15.8333
147
15.8667
147
15.9
147
15.9333
147
15.9667
148
16
148
16.0333
148
16.0667
148
16.1
148
16.1333
148
16.1667
148
16.2
148
16.2333
149
16.2667
149
16.3
149
16.3333
149
16.3667
149
16.4
149
16.4333
150
16.4667
150
16.5
150
16.5333
150
16.5667
150
16.6
150
16.6333
151
16.6667
152
16.7
152
16.7333
152
16.7667
152
16.8
153
16.8333
153
16.8667
153
16.9
153
16.9333
153
16.9667
153
17
153
17.0333
153
17.0667
153
17.1
153
17.1333
153
17.1667
153
17.2
153
17.2333
153
17.2667
153
17.3
153
17.3333
153
17.3667
155
17.4
155
17.4333
155
17.4667
155
17.5
155
17.5333
156
17.5667
157
17.6
157
17.6333
157
17.6667
157
17.7
157
17.7333
157
17.7667
157
17.8
157
17.8333
157
17.8667
157
17.9
157
17.9333
157
17.9667
157
18
157
18.0333
157
18.0667
157
18.1
157
18.1333
157
18.1667
157
18.2
157
18.2333
158
18.2667
158
18.3
158
18.3333
158
18.3667
159
18.4
160
18.4333
160
18.4667
160
18.5
160
18.5333
160
18.5667
160
18.6
160
18.6333
160
18.6667
160
18.7
161
18.7333
161
18.7667
162
18.8
163
18.8333
163
18.8667
163
18.9
163
18.9333
163
18.9667
163
19
164
19.0333
164
19.0667
164
19.1
164
19.1333
164
19.1667
164
19.2
164
19.2333
164
19.2667
164
19.3
164
19.3333
164
19.3667
164
19.4
164
19.4333
164
19.4667
164
19.5
165
19.5333
165
19.5667
165
19.6
165
19.6333
165
19.6667
165
19.7
165
19.7333
165
19.7667
165
19.8
165
19.8333
165
19.8667
165
19.9
165
19.9333
165
19.9667
165
20
165
20.0333
165
20.0667
165
20.1
166
20.1333
166
20.1667
166
20.2
166
20.2333
166
20.2667
166
20.3
166
20.3333
166
20.3667
166
20.4
167
20.4333
167
20.4667
167
20.5
167
20.5333
167
20.5667
167
20.6
167
20.6333
167
20.6667
167
20.7
167
20.7333
167
20.7667
167
20.8
167
20.8333
167
20.8667
167
20.9
167
20.9333
167
20.9667
167
21
167
21.0333
167
21.0667
167
21.1
167
21.1333
167
21.1667
168
21.2
168
21.2333
168
21.2667
168
21.3
168
21.3333
168
21.3667
168
21.4
168
21.4333
168
21.4667
168
21.5
168
21.5333
168
21.5667
168
21.6
168
21.6333
168
21.6667
168
21.7
169
21.7333
169
21.7667
170
21.8
170
21.8333
170
21.8667
170
21.9
170
21.9333
170
21.9667
170
22
170
22.0333
170
22.0667
170
22.1
170
22.1333
170
22.1667
170
22.2
170
22.2333
170
22.2667
170
22.3
170
22.3333
171
22.3667
172
22.4
172
22.4333
172
22.4667
172
22.5
172
22.5333
172
22.5667
172
22.6
172
22.6333
172
22.6667
172
22.7
172
22.7333
172
22.7667
173
22.8
173
22.8333
173
22.8667
173
22.9
173
22.9333
173
22.9667
173
23
173
23.0333
173
23.0667
173
23.1
173
23.1333
173
23.1667
173
23.2
173
23.2333
173
23.2667
173
23.3
173
23.3333
173
23.3667
173
23.4
173
23.4333
173
23.4667
173
23.5
173
23.5333
174
23.5667
174
23.6
174
23.6333
174
23.6667
175
23.7
175
23.7333
175
23.7667
176
23.8
176
23.8333
176
23.8667
176
23.9
176
23.9333
176
23.9667
176
24
176
24.0333
176
24.0667
176
24.1
176
24.1333
176
24.1667
176
24.2
177
24.2333
177
24.2667
177
24.3
177
24.3333
177
24.3667
177
24.4
177
24.4333
177
24.4667
177
24.5
177
24.5333
177
24.5667
177
24.6
177
24.6333
178
24.6667
178
24.7
178
24.7333
178
24.7667
179
24.8
179
24.8333
181
24.8667
181
24.9
181
24.9333
182
24.9667
182
25
183
25.0333
183
25.0667
183
25.1
183
25.1333
183
25.1667
183
25.2
183
25.2333
183
25.2667
183
25.3
184
25.3333
185
25.3667
186
25.4
186
25.4333
187
25.4667
187
25.5
188
25.5333
188
25.5667
188
25.6
189
25.6333
189
25.6667
189
25.7
189
25.7333
190
25.7667
190
25.8
191
25.8333
192
25.8667
192
25.9
192
25.9333
195
25.9667
195
26
196
26.0333
196
26.0667
196
26.1
198
26.1333
198
26.1667
198
26.2
198
26.2333
198
26.2667
198
26.3
198
26.3333
198
26.3667
198
26.4
198
26.4333
198
26.4667
199
26.5
200
26.5333
200
26.5667
200
26.6
200
26.6333
200
26.6667
201
26.7
201
26.7333
201
26.7667
201
26.8
202
26.8333
202
26.8667
202
26.9
202
26.9333
202
26.9667
202
27
202
27.0333
202
27.0667
202
27.1
202
27.1333
202
27.1667
202
27.2
202
27.2333
202
27.2667
203
27.3
203
27.3333
203
27.3667
203
27.4
203
27.4333
203
27.4667
203
27.5
203
27.5333
203
27.5667
204
27.6
204
27.6333
204
27.6667
204
27.7
204
27.7333
204
27.7667
204
27.8
204
27.8333
204
27.8667
204
27.9
204
27.9333
204
27.9667
204
28
205
28.0333
205
28.0667
205
28.1
205
28.1333
205
28.1667
205
28.2
206
28.2333
206
28.2667
206
28.3
206
28.3333
206
28.3667
206
28.4
206
28.4333
206
28.4667
206
28.5
206
28.5333
206
28.5667
206
28.6
206
28.6333
206
28.6667
206
28.7
206
28.7333
206
28.7667
207
28.8
208
28.8333
208
28.8667
208
28.9
208
28.9333
208
28.9667
208
29
208
29.0333
208
29.0667
208
29.1
208
29.1333
208
29.1667
208
29.2
208
29.2333
208
29.2667
208
29.3
208
29.3333
208
29.3667
208
29.4
208
29.4333
208
29.4667
208
29.5
208
29.5333
208
29.5667
208
29.6
208
29.6333
208
29.6667
208
29.7
209
29.7333
210
29.7667
210
29.8
210
29.8333
210
29.8667
210
29.9
210
29.9333
210
29.9667
210
30
210
30.0333
210
30.0667
210
30.1
210
30.1333
211
30.1667
211
30.2
211
30.2333
211
30.2667
211
30.3
211
30.3333
212
30.3667
212
30.4
212
30.4333
212
30.4667
212
30.5
212
30.5333
213
30.5667
213
30.6
213
30.6333
213
30.6667
213
30.7
213
30.7333
213
30.7667
213
30.8
213
30.8333
213
30.8667
213
30.9
213
30.9333
213
30.9667
213
31
213
31.0333
213
31.0667
213
31.1
213
31.1333
213
31.1667
213
31.2
213
31.2333
213
31.2667
213
31.3
213
31.3333
213
31.3667
213
31.4
213
31.4333
214
31.4667
214
31.5
214
31.5333
214
31.5667
214
31.6
214
31.6333
214
31.6667
214
31.7
214
31.7333
214
31.7667
214
31.8
214
31.8333
214
31.8667
214
31.9
214
31.9333
214
31.9667
214
32
214
32.0333
214
32.0667
214
32.1
214
32.1333
214
32.1667
214
32.2
214
32.2333
214
32.2667
214
32.3
214
32.3333
214
32.3667
214
32.4
214
32.4333
214
32.4667
214
32.5
214
32.5333
214
32.5667
214
32.6
214
32.6333
214
32.6667
214
32.7
214
32.7333
214
32.7667
214
32.8
214
32.8333
214
32.8667
214
32.9
214
32.9333
214
32.9667
214
33
214
33.0333
214
33.0667
214
33.1
214
33.1333
214
33.1667
214
33.2
214
33.2333
214
33.2667
214
33.3
214
33.3333
214
33.3667
214
33.4
214
33.4333
214
33.4667
214
33.5
215
33.5333
215
33.5667
216
33.6
216
33.6333
216
33.6667
216
33.7
216
33.7333
216
33.7667
216
33.8
216
33.8333
216
33.8667
216
33.9
217
33.9333
217
33.9667
217
34
218
34.0333
218
34.0667
218
34.1
218
34.1333
218
34.1667
218
34.2
218
34.2333
218
34.2667
218
34.3
218
34.3333
218
34.3667
218
34.4
218
34.4333
218
34.4667
218
34.5
218
34.5333
218
34.5667
218
34.6
218
34.6333
218
34.6667
218
34.7
218
34.7333
218
34.7667
218
34.8
218
34.8333
218
34.8667
218
34.9
218
34.9333
218
34.9667
218
35
218
35.0333
218
35.0667
218
35.1
218
35.1333
218
35.1667
218
35.2
218
35.2333
218
35.2667
218
35.3
218
35.3333
218
35.3667
218
35.4
218
35.4333
218
35.4667
218
35.5
218
35.5333
218
35.5667
218
35.6
218
35.6333
219
35.6667
219
35.7
219
35.7333
219
35.7667
219
35.8
219
35.8333
219
35.8667
219
35.9
219
35.9333
219
35.9667
219
36
219
36.0333
219
36.0667
219
36.1
219
36.1333
219
36.1667
219
36.2
219
36.2333
219
36.2667
219
36.3
219
36.3333
219
36.3667
219
36.4
219
36.4333
219
36.4667
219
36.5
219
36.5333
219
36.5667
219
36.6
219
36.6333
219
36.6667
219
36.7
219
36.7333
219
36.7667
219
36.8
219
36.8333
219
36.8667
219
36.9
219
36.9333
219
36.9667
219
37
219
37.0333
219
37.0667
219
37.1
219
37.1333
219
37.1667
219
37.2
219
37.2333
219
37.2667
219
37.3
219
37.3333
219
37.3667
219
37.4
219
37.4333
219
37.4667
219
37.5
219
37.5333
219
37.5667
219
37.6
219
37.6333
219
37.6667
219
37.7
219
37.7333
219
37.7667
219
37.8
219
37.8333
219
37.8667
219
37.9
219
37.9333
219
37.9667
219
38
219
38.0333
219
38.0667
219
38.1
219
38.1333
219
38.1667
219
38.2
219
38.2333
219
38.2667
219
38.3
219
38.3333
219
38.3667
219
38.4
219
38.4333
219
38.4667
219
38.5
219
38.5333
219
38.5667
219
38.6
219
38.6333
220
38.6667
220
38.7
220
38.7333
220
38.7667
220
38.8
220
38.8333
220
38.8667
220
38.9
220
38.9333
220
38.9667
220
39
220
39.0333
220
39.0667
220
39.1
220
39.1333
220
39.1667
220
39.2
220
39.2333
220
39.2667
220
39.3
220
39.3333
220
39.3667
220
39.4
220
39.4333
220
39.4667
220
39.5
220
39.5333
220
39.5667
220
39.6
220
39.6333
220
39.6667
220
39.7
220
39.7333
220
39.7667
220
39.8
220
39.8333
220
39.8667
220
39.9
220
39.9333
220
39.9667
220
40
220
40.0333
220
40.0667
220
40.1
220
40.1333
220
40.1667
220
40.2
220
40.2333
220
40.2667
220
40.3
220
40.3333
220
40.3667
220
40.4
220
40.4333
220
40.4667
220
40.5
220
40.5333
220
40.5667
220
40.6
220
40.6333
220
40.6667
220
40.7
220
40.7333
220
40.7667
220
40.8
220
40.8333
220
40.8667
220
40.9
220
40.9333
220
40.9667
220
41
220
41.0333
220
41.0667
220
41.1
220
41.1333
220
41.1667
220
41.2
220
41.2333
220
41.2667
220
41.3
220
41.3333
220
41.3667
220
41.4
220
41.4333
220
41.4667
220
41.5
220
41.5333
220
41.5667
220
41.6
220
41.6333
220
41.6667
220
41.7
220
41.7333
220
41.7667
220
41.8
220
41.8333
220
41.8667
220
41.9
220
41.9333
220
41.9667
220
42
220
42.0333
220
42.0667
220
42.1
220
42.1333
220
42.1667
220
42.2
220
42.2333
220
42.2667
220
42.3
220
42.3333
220
42.3667
220
42.4
220
42.4333
220
42.4667
220
42.5
220
42.5333
220
42.5667
220
42.6
220
42.6333
220
42.6667
220
42.7
220
42.7333
220
42.7667
220
42.8
220
42.8333
220
42.8667
220
42.9
220
42.9333
220
42.9667
220
43
220
43.0333
220
43.0667
220
43.1
220
43.1333
220
43.1667
220
43.2
220
43.2333
220
43.2667
220
43.3
220
43.3333
220
43.3667
220
43.4
220
43.4333
220
43.4667
220
43.5
220
43.5333
220
43.5667
220
43.6
220
43.6333
220
43.6667
220
43.7
220
43.7333
220
43.7667
220
43.8
220
43.8333
220
43.8667
220
43.9
220
43.9333
220
43.9667
220
44
220
44.0333
220
44.0667
220
44.1
220
44.1333
220
44.1667
220
44.2
220
44.2333
220
44.2667
220
44.3
220
44.3333
220
44.3667
220
44.4
220
44.4333
220
44.4667
220
44.5
220
44.5333
220
44.5667
220
44.6
220
44.6333
220
44.6667
220
44.7
220
44.7333
220
44.7667
220
44.8
220
44.8333
220
44.8667
220
44.9
220
44.9333
220
44.9667
220
45
220
45.0333
220
45.0667
220
45.1
220
45.1333
220
45.1667
220
45.2
220
45.2333
220
45.2667
220
45.3
220
45.3333
220
45.3667
220
45.4
220
45.4333
220
45.4667
220
45.5
220
45.5333
220
45.5667
220
45.6
220
45.6333
220
45.6667
220
45.7
220
45.7333
220
45.7667
220
45.8
220
45.8333
220
45.8667
220
45.9
220
45.9333
220
45.9667
220
46
220
46.0333
220
46.0667
220
46.1
220
46.1333
220
46.1667
220
46.2
220
46.2333
220
46.2667
220
46.3
220
46.3333
220
46.3667
220
46.4
220
46.4333
220
46.4667
220
46.5
220
46.5333
220
46.5667
220
46.6
220
46.6333
220
46.6667
220
46.7
220
46.7333
220
46.7667
220
46.8
220
46.8333
220
46.8667
220
46.9
220
46.9333
220
46.9667
220
47
220
47.0333
220
47.0667
220
47.1
220
47.1333
220
47.1667
220
47.2
220
47.2333
220
47.2667
220
47.3
220
47.3333
220
47.3667
220
47.4
220
47.4333
220
47.4667
220
47.5
220
47.5333
220
47.5667
220
47.6
220
47.6333
220
47.6667
220
47.7
220
47.7333
220
47.7667
220
47.8
220
47.8333
220
47.8667
220
47.9
220
47.9333
220
47.9667
220
48
220
48.0333
220
48.0667
220
48.1
220
48.1333
220
48.1667
220
48.2
220
48.2333
220
48.2667
220
48.3
220
48.3333
220
48.3667
221
48.4
221
48.4333
221
48.4667
221
48.5
221
48.5333
221
48.5667
221
48.6
221
48.6333
221
48.6667
221
48.7
221
48.7333
221
48.7667
221
48.8
221
48.8333
221
48.8667
221
48.9
221
48.9333
221
48.9667
221
49
221
49.0333
221
49.0667
221
49.1
221
49.1333
221
49.1667
221
49.2
221
49.2333
221
49.2667
221
49.3
221
49.3333
221
49.3667
221
49.4
221
49.4333
222
49.4667
222
49.5
222
49.5333
222
49.5667
222
49.6
222
49.6333
222
49.6667
222
49.7
222
49.7333
222
49.7667
222
49.8
222
49.8333
222
49.8667
222
49.9
222
49.9333
222
49.9667
222
50
222
50.0333
222
50.0667
222
50.1
222
50.1333
222
50.1667
222
50.2
222
50.2333
222
50.2667
222
50.3
222
50.3333
222
50.3667
222
50.4
222
50.4333
222
50.4667
222
50.5
222
50.5333
222
50.5667
222
50.6
222
50.6333
222
50.6667
222
50.7
222
50.7333
222
50.7667
222
50.8
222
50.8333
222
50.8667
222
50.9
222
50.9333
222
50.9667
222
51
222
51.0333
222
51.0667
222
51.1
222
51.1333
222
51.1667
222
51.2
222
51.2333
222
51.2667
222
51.3
222
51.3333
222
51.3667
222
51.4
222
51.4333
222
51.4667
222
51.5
222
51.5333
222
51.5667
222
51.6
222
51.6333
222
51.6667
222
51.7
222
51.7333
222
51.7667
222
51.8
222
51.8333
222
51.8667
222
51.9
222
51.9333
222
51.9667
222
52
222
52.0333
222
52.0667
222
52.1
222
52.1333
222
52.1667
222
52.2
222
52.2333
222
52.2667
222
52.3
222
52.3333
222
52.3667
222
52.4
222
52.4333
222
52.4667
222
52.5
222
52.5333
222
52.5667
222
52.6
222
52.6333
222
52.6667
222
52.7
222
52.7333
222
52.7667
222
52.8
222
52.8333
222
52.8667
222
52.9
222
52.9333
222
52.9667
222
53
222
53.0333
222
53.0667
222
53.1
222
53.1333
222
53.1667
222
53.2
222
53.2333
222
53.2667
222
53.3
222
53.3333
222
