0
1
0.0333333
1
0.0666667
1
0.1
1
0.133333
1
0.166667
1
0.2
1
0.233333
1
0.266667
1
0.3
1
0.333333
1
0.366667
1
0.4
1
0.433333
1
0.466667
1
0.5
1
0.533333
1
0.566667
1
0.6
1
0.633333
1
0.666667
1
0.7
1
0.733333
1
0.766667
1
0.8
1
0.833333
1
0.866667
1
0.9
1
0.933333
1
0.966667
1
1
1
1.03333
1
1.06667
1
1.1
1
1.13333
1
1.16667
1
1.2
1
1.23333
1
1.26667
1
1.3
1
1.33333
1
1.36667
1
1.4
1
1.43333
1
1.46667
1
1.5
1
1.53333
1
1.56667
1
1.6
1
1.63333
1
1.66667
1
1.7
1
1.73333
1
1.76667
1
1.8
1
1.83333
1
1.86667
1
1.9
1
1.93333
1
1.96667
1
2
1
2.03333
1
2.06667
1
2.1
1
2.13333
1
2.16667
1
2.2
1
2.23333
1
2.26667
1
2.3
1
2.33333
1
2.36667
1
2.4
1
2.43333
1
2.46667
1
2.5
1
2.53333
1
2.56667
1
2.6
1
2.63333
1
2.66667
1
2.7
1
2.73333
1
2.76667
1
2.8
1
2.83333
1
2.86667
1
2.9
1
2.93333
1
2.96667
1
3
1
3.03333
1
3.06667
1
3.1
1
3.13333
1
3.16667
1
3.2
1
3.23333
1
3.26667
1
3.3
1
3.33333
1
3.36667
1
3.4
1
3.43333
1
3.46667
1
3.5
1
3.53333
1
3.56667
1
3.6
1
3.63333
1
3.66667
1
3.7
1
3.73333
1
3.76667
1
3.8
1
3.83333
1
3.86667
1
3.9
1
3.93333
1
3.96667
1
4
1
4.03333
1
4.06667
1
4.1
1
4.13333
1
4.16667
1
4.2
1
4.23333
1
4.26667
1
4.3
1
4.33333
1
4.36667
1
4.4
1
4.43333
1
4.46667
1
4.5
1
4.53333
1
4.56667
1
4.6
1
4.63333
1
4.66667
1
4.7
1
4.73333
1
4.76667
1
4.8
1
4.83333
1
4.86667
1
4.9
1
4.93333
1
4.96667
1
5
1
5.03333
1
5.06667
1
5.1
1
5.13333
1
5.16667
1
5.2
1
5.23333
1
5.26667
1
5.3
1
5.33333
1
5.36667
1
5.4
2
5.43333
2
5.46667
3
5.5
3
5.53333
5
5.56667
5
5.6
6
5.63333
7
5.66667
8
5.7
10
5.73333
10
5.76667
10
5.8
10
5.83333
11
5.86667
12
5.9
13
5.93333
13
5.96667
16
6
17
6.03333
20
6.06667
22
6.1
25
6.13333
27
6.16667
27
6.2
30
6.23333
32
6.26667
35
6.3
37
6.33333
39
6.36667
42
6.4
42
6.43333
43
6.46667
44
6.5
47
6.53333
49
6.56667
50
6.6
52
6.63333
56
6.66667
56
6.7
61
6.73333
65
6.76667
67
6.8
67
6.83333
69
6.86667
72
6.9
75
6.93333
79
6.96667
80
7
82
7.03333
84
7.06667
89
7.1
92
7.13333
96
7.16667
98
7.2
101
7.23333
102
7.26667
104
7.3
110
7.33333
111
7.36667
116
7.4
117
7.43333
119
7.46667
121
7.5
125
7.53333
127
7.56667
129
7.6
132
7.63333
134
7.66667
139
7.7
143
7.73333
148
7.76667
149
7.8
150
7.83333
151
7.86667
153
7.9
153
7.93333
154
7.96667
155
8
156
8.03333
156
8.06667
157
8.1
157
8.13333
159
8.16667
160
8.2
160
8.23333
161
8.26667
163
8.3
166
8.33333
168
8.36667
170
8.4
171
8.43333
172
8.46667
173
8.5
176
8.53333
178
8.56667
178
8.6
180
8.63333
181
8.66667
182
8.7
184
8.73333
185
8.76667
185
8.8
186
8.83333
188
8.86667
190
8.9
191
8.93333
193
8.96667
193
9
195
9.03333
197
9.06667
200
9.1
202
9.13333
203
9.16667
203
9.2
204
9.23333
205
9.26667
207
9.3
207
9.33333
207
9.36667
209
9.4
210
9.43333
211
9.46667
211
9.5
211
9.53333
212
9.56667
212
9.6
213
9.63333
213
9.66667
213
9.7
215
9.73333
216
9.76667
219
9.8
219
9.83333
219
9.86667
221
9.9
223
9.93333
224
9.96667
225
10
226
10.0333
227
10.0667
229
10.1
230
10.1333
231
10.1667
231
10.2
232
10.2333
233
10.2667
233
10.3
234
10.3333
235
10.3667
238
10.4
239
10.4333
239
10.4667
240
10.5
240
10.5333
241
10.5667
241
10.6
241
10.6333
243
10.6667
244
10.7
244
10.7333
244
10.7667
246
10.8
246
10.8333
249
10.8667
250
10.9
250
10.9333
251
10.9667
253
11
254
11.0333
254
11.0667
255
11.1
258
11.1333
259
11.1667
263
11.2
264
11.2333
267
11.2667
268
11.3
270
11.3333
272
11.3667
274
11.4
276
11.4333
279
11.4667
281
11.5
281
11.5333
281
11.5667
281
11.6
282
11.6333
282
11.6667
283
11.7
288
11.7333
291
11.7667
295
11.8
298
11.8333
298
11.8667
299
11.9
301
11.9333
303
11.9667
304
12
305
12.0333
305
12.0667
308
12.1
311
12.1333
311
12.1667
311
12.2
314
12.2333
314
12.2667
317
12.3
319
12.3333
321
12.3667
322
12.4
324
12.4333
324
12.4667
324
12.5
329
12.5333
329
12.5667
330
12.6
333
12.6333
334
12.6667
336
12.7
337
12.7333
337
12.7667
337
12.8
338
12.8333
339
12.8667
341
12.9
341
12.9333
343
12.9667
343
13
347
13.0333
349
13.0667
352
13.1
353
13.1333
357
13.1667
360
13.2
360
13.2333
360
13.2667
362
13.3
364
13.3333
367
13.3667
367
13.4
368
13.4333
369
13.4667
369
13.5
372
13.5333
373
13.5667
375
13.6
376
13.6333
379
13.6667
380
13.7
380
13.7333
382
13.7667
384
13.8
385
13.8333
386
13.8667
386
13.9
386
13.9333
386
13.9667
387
14
387
14.0333
388
14.0667
391
14.1
391
14.1333
393
14.1667
395
14.2
396
14.2333
396
14.2667
397
14.3
400
14.3333
400
14.3667
401
14.4
402
14.4333
404
14.4667
404
14.5
408
14.5333
409
14.5667
409
14.6
410
14.6333
412
14.6667
413
14.7
414
14.7333
416
14.7667
416
14.8
417
14.8333
417
14.8667
419
14.9
420
14.9333
420
14.9667
420
15
420
15.0333
420
15.0667
421
15.1
423
15.1333
423
15.1667
423
15.2
424
15.2333
424
15.2667
424
15.3
425
15.3333
427
15.3667
430
15.4
432
15.4333
432
15.4667
433
15.5
435
15.5333
435
15.5667
436
15.6
437
15.6333
438
15.6667
441
15.7
441
15.7333
442
15.7667
444
15.8
444
15.8333
448
15.8667
449
15.9
449
15.9333
450
15.9667
450
16
451
16.0333
453
16.0667
454
16.1
454
16.1333
454
16.1667
454
16.2
454
16.2333
456
16.2667
457
16.3
457
16.3333
458
16.3667
458
16.4
459
16.4333
459
16.4667
461
16.5
463
16.5333
464
16.5667
464
16.6
466
16.6333
467
16.6667
467
16.7
467
16.7333
468
16.7667
469
16.8
471
16.8333
472
16.8667
473
16.9
475
16.9333
475
16.9667
476
17
478
17.0333
479
17.0667
479
17.1
479
17.1333
480
17.1667
481
17.2
482
17.2333
483
17.2667
483
17.3
485
17.3333
486
17.3667
487
17.4
487
17.4333
488
17.4667
490
17.5
491
17.5333
492
17.5667
492
17.6
493
17.6333
493
17.6667
493
17.7
493
17.7333
493
17.7667
495
17.8
496
17.8333
496
17.8667
499
17.9
500
17.9333
500
17.9667
502
18
502
18.0333
502
18.0667
503
18.1
504
18.1333
505
18.1667
508
18.2
509
18.2333
510
18.2667
510
18.3
510
18.3333
510
18.3667
513
18.4
515
18.4333
515
18.4667
516
18.5
516
18.5333
516
18.5667
516
18.6
516
18.6333
517
18.6667
517
18.7
517
18.7333
517
18.7667
517
18.8
518
18.8333
518
18.8667
518
18.9
518
18.9333
518
18.9667
518
19
519
19.0333
519
19.0667
520
19.1
520
19.1333
522
19.1667
522
19.2
522
19.2333
522
19.2667
522
19.3
522
19.3333
525
19.3667
526
19.4
527
19.4333
528
19.4667
530
19.5
532
19.5333
534
19.5667
534
19.6
535
19.6333
536
19.6667
537
19.7
539
19.7333
540
19.7667
543
19.8
544
19.8333
547
19.8667
547
19.9
547
19.9333
547
19.9667
547
20
549
20.0333
550
20.0667
551
20.1
551
20.1333
553
20.1667
555
20.2
556
20.2333
556
20.2667
556
20.3
556
20.3333
556
20.3667
556
20.4
558
20.4333
559
20.4667
559
20.5
560
20.5333
561
20.5667
561
20.6
562
20.6333
563
20.6667
564
20.7
564
20.7333
565
20.7667
566
20.8
566
20.8333
566
20.8667
567
20.9
568
20.9333
568
20.9667
569
21
569
21.0333
569
21.0667
569
21.1
569
21.1333
569
21.1667
569
21.2
570
21.2333
570
21.2667
570
21.3
571
21.3333
571
21.3667
572
21.4
572
21.4333
573
21.4667
574
21.5
574
21.5333
575
21.5667
576
21.6
576
21.6333
576
21.6667
576
21.7
576
21.7333
576
21.7667
576
21.8
576
21.8333
577
21.8667
578
21.9
578
21.9333
578
21.9667
578
22
578
22.0333
579
22.0667
580
22.1
582
22.1333
582
22.1667
583
22.2
583
22.2333
583
22.2667
586
22.3
587
22.3333
589
22.3667
589
22.4
590
22.4333
591
22.4667
591
22.5
591
22.5333
592
22.5667
593
22.6
593
22.6333
593
22.6667
594
22.7
594
22.7333
594
22.7667
594
22.8
594
22.8333
594
22.8667
595
22.9
595
22.9333
595
22.9667
595
23
596
23.0333
596
23.0667
597
23.1
597
23.1333
598
23.1667
598
23.2
599
23.2333
599
23.2667
599
23.3
599
23.3333
599
23.3667
601
23.4
601
23.4333
602
23.4667
602
23.5
602
23.5333
602
23.5667
602
23.6
602
23.6333
603
23.6667
604
23.7
604
23.7333
604
23.7667
604
23.8
604
23.8333
604
23.8667
604
23.9
605
23.9333
605
23.9667
605
24
605
24.0333
605
24.0667
605
24.1
605
24.1333
606
24.1667
606
24.2
606
24.2333
607
24.2667
607
24.3
608
24.3333
608
24.3667
608
24.4
608
24.4333
608
24.4667
608
24.5
609
24.5333
609
24.5667
611
24.6
611
24.6333
611
24.6667
612
24.7
612
24.7333
612
24.7667
612
24.8
612
24.8333
612
24.8667
613
24.9
613
24.9333
613
24.9667
613
25
613
25.0333
615
25.0667
616
25.1
616
25.1333
617
25.1667
620
25.2
621
25.2333
622
25.2667
622
25.3
623
25.3333
623
25.3667
624
25.4
625
25.4333
626
25.4667
627
25.5
628
25.5333
628
25.5667
628
25.6
628
25.6333
628
25.6667
629
25.7
629
25.7333
629
25.7667
629
25.8
632
25.8333
632
25.8667
632
25.9
632
25.9333
632
25.9667
632
26
632
26.0333
633
26.0667
633
26.1
634
26.1333
635
26.1667
635
26.2
635
26.2333
636
26.2667
637
26.3
638
26.3333
638
26.3667
638
26.4
638
26.4333
638
26.4667
638
26.5
638
26.5333
640
26.5667
640
26.6
640
26.6333
640
26.6667
640
26.7
640
26.7333
640
26.7667
640
26.8
640
26.8333
640
26.8667
640
26.9
640
26.9333
640
26.9667
640
27
640
27.0333
643
27.0667
643
27.1
643
27.1333
643
27.1667
644
27.2
644
27.2333
644
27.2667
645
27.3
645
27.3333
645
27.3667
645
27.4
645
27.4333
645
27.4667
646
27.5
646
27.5333
646
27.5667
647
27.6
648
27.6333
648
27.6667
649
27.7
649
27.7333
649
27.7667
649
27.8
649
27.8333
649
27.8667
649
27.9
649
27.9333
649
27.9667
649
28
650
28.0333
650
28.0667
652
28.1
652
28.1333
653
28.1667
653
28.2
653
28.2333
653
28.2667
653
28.3
653
28.3333
653
28.3667
653
28.4
654
28.4333
654
28.4667
655
28.5
655
28.5333
656
28.5667
657
28.6
658
28.6333
659
28.6667
659
28.7
659
28.7333
659
28.7667
659
28.8
659
28.8333
659
28.8667
659
28.9
660
28.9333
660
28.9667
660
29
660
29.0333
660
29.0667
661
29.1
661
29.1333
661
29.1667
662
29.2
662
29.2333
663
29.2667
664
29.3
664
29.3333
664
29.3667
664
29.4
664
29.4333
664
29.4667
664
29.5
665
29.5333
665
29.5667
665
29.6
666
29.6333
666
29.6667
666
29.7
667
29.7333
667
29.7667
668
29.8
668
29.8333
668
29.8667
669
29.9
670
29.9333
670
29.9667
671
30
671
30.0333
672
30.0667
672
30.1
672
30.1333
672
30.1667
672
30.2
672
30.2333
672
30.2667
673
30.3
674
30.3333
674
30.3667
675
30.4
676
30.4333
676
30.4667
676
30.5
676
30.5333
676
30.5667
676
30.6
676
30.6333
676
30.6667
676
30.7
676
30.7333
677
30.7667
677
30.8
677
30.8333
677
30.8667
677
30.9
677
30.9333
677
30.9667
677
31
677
31.0333
677
31.0667
677
31.1
677
31.1333
677
31.1667
678
31.2
679
31.2333
680
31.2667
680
31.3
681
31.3333
681
31.3667
682
31.4
682
31.4333
683
31.4667
683
31.5
683
31.5333
683
31.5667
683
31.6
684
31.6333
684
31.6667
684
31.7
685
31.7333
686
31.7667
687
31.8
687
31.8333
688
31.8667
688
31.9
688
31.9333
688
31.9667
688
32
688
32.0333
689
32.0667
689
32.1
689
32.1333
689
32.1667
689
32.2
689
32.2333
689
32.2667
690
32.3
690
32.3333
690
32.3667
691
32.4
691
32.4333
691
32.4667
691
32.5
691
32.5333
691
32.5667
692
32.6
692
32.6333
692
32.6667
692
32.7
692
32.7333
692
32.7667
692
32.8
692
32.8333
693
32.8667
693
32.9
693
32.9333
693
32.9667
693
33
694
33.0333
695
33.0667
695
33.1
695
33.1333
696
33.1667
696
33.2
696
33.2333
697
33.2667
697
33.3
697
33.3333
698
33.3667
698
33.4
699
33.4333
700
33.4667
700
33.5
700
33.5333
700
33.5667
700
33.6
700
33.6333
700
33.6667
701
33.7
701
33.7333
702
33.7667
702
33.8
702
33.8333
703
33.8667
703
33.9
704
33.9333
704
33.9667
704
34
704
34.0333
704
34.0667
704
34.1
704
34.1333
704
34.1667
704
34.2
704
34.2333
704
34.2667
704
34.3
704
34.3333
704
34.3667
704
34.4
704
34.4333
704
34.4667
704
34.5
704
34.5333
704
34.5667
704
34.6
704
34.6333
704
34.6667
704
34.7
704
34.7333
704
34.7667
704
34.8
704
34.8333
704
34.8667
704
34.9
704
34.9333
705
34.9667
705
35
705
35.0333
705
35.0667
705
35.1
705
35.1333
705
35.1667
705
35.2
705
35.2333
705
35.2667
706
35.3
707
35.3333
707
35.3667
707
35.4
707
35.4333
707
35.4667
708
35.5
709
35.5333
709
35.5667
709
35.6
709
35.6333
709
35.6667
709
35.7
709
35.7333
709
35.7667
709
35.8
709
35.8333
709
35.8667
709
35.9
709
35.9333
711
35.9667
712
36
712
36.0333
712
36.0667
712
36.1
713
36.1333
713
36.1667
713
36.2
713
36.2333
713
36.2667
713
36.3
713
36.3333
713
36.3667
714
36.4
715
36.4333
715
36.4667
715
36.5
715
36.5333
715
36.5667
715
36.6
716
36.6333
716
36.6667
716
36.7
716
36.7333
716
36.7667
716
36.8
716
36.8333
716
36.8667
716
36.9
716
36.9333
716
36.9667
716
37
716
37.0333
716
37.0667
716
37.1
716
37.1333
716
37.1667
716
37.2
716
37.2333
716
37.2667
716
37.3
717
37.3333
717
37.3667
717
37.4
717
37.4333
718
37.4667
718
37.5
718
37.5333
718
37.5667
718
37.6
718
37.6333
718
37.6667
718
37.7
718
37.7333
718
37.7667
718
37.8
718
37.8333
718
37.8667
718
37.9
718
37.9333
718
37.9667
719
38
719
38.0333
719
38.0667
719
38.1
719
38.1333
719
38.1667
719
38.2
720
38.2333
720
38.2667
720
38.3
720
38.3333
720
38.3667
720
38.4
720
38.4333
720
38.4667
720
38.5
720
38.5333
720
38.5667
720
38.6
720
38.6333
720
38.6667
720
38.7
720
38.7333
720
38.7667
721
38.8
721
38.8333
721
38.8667
721
38.9
721
38.9333
721
38.9667
722
39
722
39.0333
722
39.0667
722
39.1
722
39.1333
722
39.1667
722
39.2
722
39.2333
722
39.2667
722
39.3
723
39.3333
723
39.3667
723
39.4
723
39.4333
724
39.4667
724
39.5
724
39.5333
724
39.5667
724
39.6
725
39.6333
725
39.6667
725
39.7
726
39.7333
727
39.7667
727
39.8
727
39.8333
727
39.8667
728
39.9
728
39.9333
728
39.9667
728
40
728
40.0333
728
40.0667
728
40.1
728
40.1333
728
40.1667
729
40.2
729
40.2333
729
40.2667
729
40.3
730
40.3333
730
40.3667
730
40.4
731
40.4333
731
40.4667
731
40.5
731
40.5333
731
40.5667
731
40.6
732
40.6333
732
40.6667
732
40.7
732
40.7333
732
40.7667
732
40.8
732
40.8333
732
40.8667
732
40.9
732
40.9333
732
40.9667
732
41
732
41.0333
732
41.0667
732
41.1
733
41.1333
733
41.1667
733
41.2
733
41.2333
733
41.2667
733
41.3
734
41.3333
734
41.3667
734
41.4
734
41.4333
734
41.4667
734
41.5
734
41.5333
735
41.5667
735
41.6
735
41.6333
735
41.6667
735
41.7
735
41.7333
735
41.7667
735
41.8
735
41.8333
735
41.8667
735
41.9
735
41.9333
735
41.9667
735
42
735
42.0333
735
42.0667
735
42.1
735
42.1333
735
42.1667
735
42.2
735
42.2333
735
42.2667
735
42.3
735
42.3333
735
42.3667
735
42.4
735
42.4333
735
42.4667
735
42.5
735
42.5333
735
42.5667
735
42.6
735
42.6333
735
42.6667
735
42.7
735
42.7333
735
42.7667
735
42.8
735
42.8333
735
42.8667
735
42.9
735
42.9333
735
42.9667
735
43
735
43.0333
735
43.0667
735
43.1
735
43.1333
735
43.1667
735
43.2
735
43.2333
735
43.2667
735
43.3
735
43.3333
735
43.3667
735
43.4
735
43.4333
735
43.4667
735
43.5
735
43.5333
735
43.5667
735
43.6
735
43.6333
735
43.6667
735
43.7
735
43.7333
735
43.7667
736
43.8
736
43.8333
737
43.8667
737
43.9
737
43.9333
737
43.9667
737
44
737
44.0333
737
44.0667
737
44.1
738
44.1333
738
44.1667
738
44.2
738
44.2333
738
44.2667
738
44.3
738
44.3333
738
44.3667
738
44.4
738
44.4333
738
44.4667
738
44.5
738
44.5333
739
44.5667
740
44.6
740
44.6333
740
44.6667
740
44.7
740
44.7333
740
44.7667
740
44.8
740
44.8333
740
44.8667
740
44.9
740
44.9333
740
44.9667
740
45
740
45.0333
740
45.0667
740
45.1
740
45.1333
740
45.1667
740
45.2
740
45.2333
740
45.2667
740
45.3
740
45.3333
740
45.3667
740
45.4
740
45.4333
741
45.4667
741
45.5
741
45.5333
741
45.5667
741
45.6
741
45.6333
742
45.6667
742
45.7
742
45.7333
742
45.7667
742
45.8
742
45.8333
742
45.8667
742
45.9
742
45.9333
742
45.9667
742
46
742
46.0333
742
46.0667
742
46.1
742
46.1333
742
46.1667
743
46.2
743
46.2333
743
46.2667
744
46.3
744
46.3333
745
46.3667
746
46.4
746
46.4333
746
46.4667
747
46.5
747
46.5333
747
46.5667
747
46.6
747
46.6333
747
46.6667
747
46.7
747
46.7333
747
46.7667
748
46.8
748
46.8333
748
46.8667
748
46.9
748
46.9333
749
46.9667
749
47
749
47.0333
751
47.0667
753
47.1
753
47.1333
753
47.1667
753
47.2
753
47.2333
753
47.2667
753
47.3
753
47.3333
754
47.3667
755
47.4
755
47.4333
756
47.4667
757
47.5
757
47.5333
757
47.5667
757
47.6
757
47.6333
757
47.6667
757
47.7
757
47.7333
757
47.7667
758
47.8
758
47.8333
758
47.8667
758
47.9
758
47.9333
758
47.9667
758
48
758
48.0333
758
48.0667
758
48.1
758
48.1333
758
48.1667
758
48.2
758
48.2333
759
48.2667
759
48.3
759
48.3333
759
48.3667
759
48.4
759
48.4333
759
48.4667
759
48.5
760
48.5333
760
48.5667
760
48.6
760
48.6333
761
48.6667
761
48.7
761
48.7333
761
48.7667
761
48.8
761
48.8333
763
48.8667
763
48.9
763
48.9333
763
48.9667
763
49
763
49.0333
763
49.0667
764
49.1
764
49.1333
764
49.1667
764
49.2
764
49.2333
764
49.2667
765
49.3
765
49.3333
765
49.3667
765
49.4
765
49.4333
765
49.4667
765
49.5
765
49.5333
765
49.5667
765
49.6
765
49.6333
765
49.6667
765
49.7
765
49.7333
765
49.7667
765
49.8
765
49.8333
765
49.8667
765
49.9
765
49.9333
766
49.9667
766
50
766
50.0333
766
50.0667
766
50.1
766
50.1333
766
50.1667
767
50.2
767
50.2333
767
50.2667
767
50.3
768
50.3333
768
50.3667
769
50.4
769
50.4333
770
50.4667
770
50.5
770
50.5333
771
50.5667
771
50.6
771
50.6333
771
50.6667
772
50.7
772
50.7333
772
50.7667
773
50.8
773
50.8333
773
50.8667
773
50.9
774
50.9333
774
50.9667
775
51
775
51.0333
775
51.0667
775
51.1
775
51.1333
775
51.1667
775
51.2
776
51.2333
778
51.2667
778
51.3
778
51.3333
778
51.3667
778
51.4
778
51.4333
778
51.4667
778
51.5
778
51.5333
778
51.5667
778
51.6
778
51.6333
778
51.6667
778
51.7
778
51.7333
779
51.7667
779
51.8
779
51.8333
779
51.8667
779
51.9
779
51.9333
779
51.9667
779
52
779
52.0333
779
52.0667
780
52.1
781
52.1333
781
52.1667
781
52.2
781
52.2333
781
52.2667
781
52.3
781
52.3333
781
52.3667
781
52.4
781
52.4333
781
52.4667
781
52.5
781
52.5333
781
52.5667
782
52.6
782
52.6333
782
52.6667
782
52.7
782
52.7333
783
52.7667
783
52.8
783
52.8333
784
52.8667
785
52.9
785
52.9333
785
52.9667
785
53
785
53.0333
785
53.0667
785
53.1
785
53.1333
785
53.1667
786
53.2
786
53.2333
787
53.2667
788
53.3
788
53.3333
789
