0
1
0.0333333
1
0.0666667
1
0.1
1
0.133333
1
0.166667
1
0.2
1
0.233333
1
0.266667
1
0.3
1
0.333333
1
0.366667
1
0.4
1
0.433333
1
0.466667
1
0.5
1
0.533333
1
0.566667
1
0.6
1
0.633333
1
0.666667
1
0.7
1
0.733333
1
0.766667
1
0.8
1
0.833333
1
0.866667
1
0.9
1
0.933333
1
0.966667
1
1
1
1.03333
1
1.06667
1
1.1
1
1.13333
1
1.16667
1
1.2
1
1.23333
1
1.26667
1
1.3
1
1.33333
1
1.36667
1
1.4
1
1.43333
1
1.46667
1
1.5
1
1.53333
1
1.56667
1
1.6
1
1.63333
1
1.66667
1
1.7
1
1.73333
1
1.76667
1
1.8
1
1.83333
1
1.86667
1
1.9
1
1.93333
1
1.96667
1
2
1
2.03333
1
2.06667
1
2.1
1
2.13333
1
2.16667
1
2.2
1
2.23333
1
2.26667
1
2.3
1
2.33333
1
2.36667
1
2.4
1
2.43333
1
2.46667
1
2.5
1
2.53333
1
2.56667
1
2.6
1
2.63333
1
2.66667
1
2.7
1
2.73333
1
2.76667
1
2.8
1
2.83333
1
2.86667
1
2.9
1
2.93333
1
2.96667
1
3
1
3.03333
1
3.06667
1
3.1
1
3.13333
1
3.16667
1
3.2
1
3.23333
1
3.26667
1
3.3
1
3.33333
1
3.36667
1
3.4
1
3.43333
1
3.46667
1
3.5
1
3.53333
1
3.56667
1
3.6
1
3.63333
1
3.66667
1
3.7
1
3.73333
1
3.76667
1
3.8
1
3.83333
1
3.86667
1
3.9
1
3.93333
1
3.96667
1
4
1
4.03333
1
4.06667
1
4.1
1
4.13333
1
4.16667
1
4.2
1
4.23333
1
4.26667
1
4.3
1
4.33333
1
4.36667
1
4.4
1
4.43333
1
4.46667
1
4.5
1
4.53333
1
4.56667
1
4.6
1
4.63333
1
4.66667
1
4.7
1
4.73333
1
4.76667
1
4.8
1
4.83333
1
4.86667
1
4.9
1
4.93333
1
4.96667
1
5
1
5.03333
1
5.06667
1
5.1
1
5.13333
1
5.16667
1
5.2
1
5.23333
1
5.26667
1
5.3
1
5.33333
1
5.36667
1
5.4
2
5.43333
3
5.46667
3
5.5
4
5.53333
4
5.56667
5
5.6
5
5.63333
5
5.66667
5
5.7
5
5.73333
6
5.76667
7
5.8
8
5.83333
10
5.86667
10
5.9
12
5.93333
12
5.96667
13
6
13
6.03333
14
6.06667
15
6.1
18
6.13333
18
6.16667
19
6.2
19
6.23333
19
6.26667
19
6.3
22
6.33333
22
6.36667
23
6.4
23
6.43333
24
6.46667
25
6.5
27
6.53333
28
6.56667
28
6.6
28
6.63333
28
6.66667
28
6.7
28
6.73333
29
6.76667
31
6.8
32
6.83333
32
6.86667
33
6.9
33
6.93333
33
6.96667
34
7
34
7.03333
34
7.06667
34
7.1
34
7.13333
34
7.16667
34
7.2
34
7.23333
35
7.26667
36
7.3
36
7.33333
39
7.36667
41
7.4
43
7.43333
43
7.46667
43
7.5
44
7.53333
45
7.56667
45
7.6
46
7.63333
46
7.66667
48
7.7
48
7.73333
49
7.76667
49
7.8
51
7.83333
51
7.86667
52
7.9
52
7.93333
52
7.96667
52
8
53
8.03333
54
8.06667
54
8.1
54
8.13333
54
8.16667
54
8.2
54
8.23333
54
8.26667
56
8.3
56
8.33333
58
8.36667
58
8.4
59
8.43333
60
8.46667
60
8.5
60
8.53333
60
8.56667
61
8.6
62
8.63333
63
8.66667
63
8.7
64
8.73333
64
8.76667
66
8.8
66
8.83333
66
8.86667
67
8.9
67
8.93333
70
8.96667
70
9
70
9.03333
71
9.06667
71
9.1
72
9.13333
72
9.16667
72
9.2
72
9.23333
72
9.26667
73
9.3
74
9.33333
75
9.36667
77
9.4
78
9.43333
80
9.46667
82
9.5
83
9.53333
86
9.56667
87
9.6
88
9.63333
88
9.66667
89
9.7
89
9.73333
90
9.76667
90
9.8
90
9.83333
90
9.86667
91
9.9
92
9.93333
93
9.96667
94
10
94
10.0333
95
10.0667
95
10.1
95
10.1333
96
10.1667
96
10.2
96
10.2333
96
10.2667
96
10.3
97
10.3333
99
10.3667
99
10.4
99
10.4333
99
10.4667
102
10.5
102
10.5333
103
10.5667
104
10.6
104
10.6333
105
10.6667
105
10.7
105
10.7333
107
10.7667
108
10.8
111
10.8333
113
10.8667
113
10.9
114
10.9333
114
10.9667
115
11
116
11.0333
117
11.0667
118
11.1
119
11.1333
120
11.1667
120
11.2
120
11.2333
120
11.2667
120
11.3
120
11.3333
122
11.3667
123
11.4
123
11.4333
123
11.4667
124
11.5
125
11.5333
125
11.5667
125
11.6
126
11.6333
126
11.6667
127
11.7
127
11.7333
127
11.7667
128
11.8
130
11.8333
130
11.8667
130
11.9
131
11.9333
131
11.9667
131
12
131
12.0333
132
12.0667
132
12.1
132
12.1333
132
12.1667
133
12.2
134
12.2333
134
12.2667
134
12.3
134
12.3333
134
12.3667
135
12.4
135
12.4333
135
12.4667
135
12.5
135
12.5333
135
12.5667
136
12.6
136
12.6333
138
12.6667
138
12.7
138
12.7333
141
12.7667
141
12.8
142
12.8333
142
12.8667
142
12.9
143
12.9333
144
12.9667
146
13
146
13.0333
146
13.0667
146
13.1
146
13.1333
146
13.1667
147
13.2
147
13.2333
147
13.2667
147
13.3
149
13.3333
151
13.3667
151
13.4
152
13.4333
154
13.4667
154
13.5
154
13.5333
154
13.5667
154
13.6
154
13.6333
154
13.6667
156
13.7
157
13.7333
158
13.7667
159
13.8
159
13.8333
159
13.8667
159
13.9
160
13.9333
160
13.9667
163
14
164
14.0333
164
14.0667
165
14.1
165
14.1333
165
14.1667
166
14.2
166
14.2333
166
14.2667
167
14.3
167
14.3333
167
14.3667
168
14.4
168
14.4333
170
14.4667
170
14.5
170
14.5333
170
14.5667
171
14.6
171
14.6333
171
14.6667
171
14.7
171
14.7333
171
14.7667
171
14.8
173
14.8333
173
14.8667
174
14.9
174
14.9333
174
14.9667
174
15
174
15.0333
174
15.0667
174
15.1
174
15.1333
174
15.1667
174
15.2
176
15.2333
176
15.2667
176
15.3
176
15.3333
177
15.3667
177
15.4
177
15.4333
177
15.4667
177
15.5
177
15.5333
179
15.5667
179
15.6
179
15.6333
179
15.6667
179
15.7
180
15.7333
180
15.7667
180
15.8
180
15.8333
181
15.8667
181
15.9
181
15.9333
181
15.9667
181
16
181
16.0333
181
16.0667
181
16.1
182
16.1333
182
16.1667
182
16.2
182
16.2333
182
16.2667
182
16.3
182
16.3333
182
16.3667
182
16.4
182
16.4333
183
16.4667
183
16.5
183
16.5333
183
16.5667
183
16.6
183
16.6333
183
16.6667
183
16.7
183
16.7333
183
16.7667
183
16.8
185
16.8333
186
16.8667
186
16.9
187
16.9333
187
16.9667
188
17
188
17.0333
188
17.0667
188
17.1
188
17.1333
188
17.1667
188
17.2
188
17.2333
189
17.2667
189
17.3
189
17.3333
189
17.3667
189
17.4
189
17.4333
189
17.4667
189
17.5
189
17.5333
190
17.5667
190
17.6
191
17.6333
192
17.6667
192
17.7
192
17.7333
192
17.7667
192
17.8
192
17.8333
192
17.8667
193
17.9
193
17.9333
193
17.9667
193
18
194
18.0333
194
18.0667
194
18.1
194
18.1333
195
18.1667
195
18.2
195
18.2333
195
18.2667
195
18.3
195
18.3333
196
18.3667
197
18.4
197
18.4333
197
18.4667
197
18.5
197
18.5333
198
18.5667
198
18.6
198
18.6333
200
18.6667
200
18.7
200
18.7333
200
18.7667
200
18.8
200
18.8333
200
18.8667
200
18.9
200
18.9333
200
18.9667
200
19
200
19.0333
200
19.0667
201
19.1
202
19.1333
203
19.1667
203
19.2
203
19.2333
203
19.2667
203
19.3
203
19.3333
204
19.3667
204
19.4
204
19.4333
205
19.4667
206
19.5
207
19.5333
207
19.5667
207
19.6
207
19.6333
207
19.6667
207
19.7
207
19.7333
207
19.7667
207
19.8
208
19.8333
208
19.8667
208
19.9
208
19.9333
208
19.9667
208
20
208
20.0333
208
20.0667
209
20.1
211
20.1333
211
20.1667
211
20.2
211
20.2333
211
20.2667
211
20.3
211
20.3333
212
20.3667
212
20.4
213
20.4333
213
20.4667
213
20.5
213
20.5333
213
20.5667
214
20.6
215
20.6333
215
20.6667
215
20.7
215
20.7333
216
20.7667
216
20.8
218
20.8333
218
20.8667
218
20.9
218
20.9333
218
20.9667
218
21
220
21.0333
220
21.0667
220
21.1
220
21.1333
222
21.1667
222
21.2
222
21.2333
222
21.2667
222
21.3
222
21.3333
222
21.3667
222
21.4
222
21.4333
222
21.4667
223
21.5
223
21.5333
223
21.5667
225
21.6
225
21.6333
225
21.6667
225
21.7
226
21.7333
226
21.7667
226
21.8
226
21.8333
226
21.8667
226
21.9
226
21.9333
227
21.9667
227
22
228
22.0333
228
22.0667
229
22.1
229
22.1333
229
22.1667
230
22.2
230
22.2333
230
22.2667
230
22.3
230
22.3333
230
22.3667
231
22.4
232
22.4333
232
22.4667
233
22.5
234
22.5333
234
22.5667
234
22.6
235
22.6333
235
22.6667
235
22.7
236
22.7333
237
22.7667
237
22.8
238
22.8333
238
22.8667
238
22.9
239
22.9333
239
22.9667
239
23
239
23.0333
239
23.0667
240
23.1
241
23.1333
241
23.1667
241
23.2
241
23.2333
241
23.2667
242
23.3
242
23.3333
242
23.3667
242
23.4
242
23.4333
242
23.4667
242
23.5
243
23.5333
243
23.5667
243
23.6
243
23.6333
243
23.6667
244
23.7
244
23.7333
244
23.7667
244
23.8
244
23.8333
244
23.8667
244
23.9
244
23.9333
245
23.9667
245
24
245
24.0333
245
24.0667
245
24.1
245
24.1333
245
24.1667
245
24.2
245
24.2333
245
24.2667
245
24.3
245
24.3333
245
24.3667
245
24.4
245
24.4333
245
24.4667
245
24.5
245
24.5333
245
24.5667
245
24.6
245
24.6333
245
24.6667
245
24.7
245
24.7333
245
24.7667
245
24.8
245
24.8333
245
24.8667
245
24.9
245
24.9333
245
24.9667
245
25
245
25.0333
246
25.0667
246
25.1
246
25.1333
246
25.1667
246
25.2
246
25.2333
247
25.2667
248
25.3
248
25.3333
248
25.3667
248
25.4
248
25.4333
248
25.4667
248
25.5
248
25.5333
248
25.5667
248
25.6
248
25.6333
248
25.6667
248
25.7
248
25.7333
248
25.7667
248
25.8
248
25.8333
248
25.8667
248
25.9
248
25.9333
248
25.9667
248
26
248
26.0333
248
26.0667
248
26.1
249
26.1333
249
26.1667
249
26.2
250
26.2333
250
26.2667
250
26.3
250
26.3333
250
26.3667
250
26.4
250
26.4333
250
26.4667
250
26.5
250
26.5333
250
26.5667
252
26.6
252
26.6333
252
26.6667
252
26.7
252
26.7333
252
26.7667
252
26.8
252
26.8333
252
26.8667
252
26.9
252
26.9333
252
26.9667
252
27
252
27.0333
252
27.0667
252
27.1
252
27.1333
252
27.1667
252
27.2
252
27.2333
252
27.2667
252
27.3
252
27.3333
253
27.3667
253
27.4
253
27.4333
253
27.4667
253
27.5
253
27.5333
253
27.5667
253
27.6
253
27.6333
253
27.6667
254
27.7
254
27.7333
256
27.7667
256
27.8
256
27.8333
256
27.8667
257
27.9
258
27.9333
258
27.9667
258
28
259
28.0333
259
28.0667
259
28.1
259
28.1333
259
28.1667
259
28.2
259
28.2333
259
28.2667
259
28.3
260
28.3333
260
28.3667
260
28.4
260
28.4333
260
28.4667
260
28.5
260
28.5333
260
28.5667
260
28.6
260
28.6333
260
28.6667
260
28.7
260
28.7333
260
28.7667
260
28.8
260
28.8333
260
28.8667
261
28.9
261
28.9333
261
28.9667
261
29
261
29.0333
261
29.0667
261
29.1
261
29.1333
261
29.1667
261
29.2
261
29.2333
261
29.2667
261
29.3
261
29.3333
261
29.3667
261
29.4
261
29.4333
261
29.4667
261
29.5
261
29.5333
261
29.5667
261
29.6
261
29.6333
261
29.6667
261
29.7
261
29.7333
261
29.7667
261
29.8
261
29.8333
261
29.8667
261
29.9
261
29.9333
261
29.9667
262
30
263
30.0333
263
30.0667
263
30.1
263
30.1333
263
30.1667
263
30.2
263
30.2333
263
30.2667
263
30.3
263
30.3333
263
30.3667
263
30.4
263
30.4333
263
30.4667
263
30.5
263
30.5333
263
30.5667
263
30.6
263
30.6333
263
30.6667
263
30.7
263
30.7333
263
30.7667
263
30.8
263
30.8333
263
30.8667
263
30.9
264
30.9333
264
30.9667
264
31
264
31.0333
264
31.0667
264
31.1
264
31.1333
265
31.1667
265
31.2
265
31.2333
266
31.2667
266
31.3
266
31.3333
266
31.3667
266
31.4
266
31.4333
266
31.4667
266
31.5
266
31.5333
266
31.5667
266
31.6
266
31.6333
266
31.6667
266
31.7
266
31.7333
267
31.7667
267
31.8
267
31.8333
267
31.8667
268
31.9
268
31.9333
269
31.9667
269
32
269
32.0333
269
32.0667
269
32.1
269
32.1333
269
32.1667
269
32.2
269
32.2333
269
32.2667
269
32.3
269
32.3333
269
32.3667
269
32.4
269
32.4333
270
32.4667
270
32.5
271
32.5333
271
32.5667
271
32.6
271
32.6333
271
32.6667
271
32.7
271
32.7333
272
32.7667
272
32.8
272
32.8333
272
32.8667
272
32.9
273
32.9333
273
32.9667
273
33
273
33.0333
274
33.0667
275
33.1
275
33.1333
275
33.1667
276
33.2
276
33.2333
276
33.2667
276
33.3
276
33.3333
276
33.3667
277
33.4
277
33.4333
277
33.4667
278
33.5
278
33.5333
278
33.5667
278
33.6
278
33.6333
278
33.6667
278
33.7
279
33.7333
279
33.7667
279
33.8
280
33.8333
280
33.8667
280
33.9
280
33.9333
280
33.9667
280
34
280
34.0333
280
34.0667
280
34.1
280
34.1333
280
34.1667
280
34.2
280
34.2333
280
34.2667
280
34.3
280
34.3333
280
34.3667
280
34.4
280
34.4333
280
34.4667
280
34.5
280
34.5333
280
34.5667
280
34.6
281
34.6333
281
34.6667
281
34.7
281
34.7333
281
34.7667
281
34.8
281
34.8333
282
34.8667
282
34.9
282
34.9333
282
34.9667
283
35
284
35.0333
284
35.0667
284
35.1
284
35.1333
285
35.1667
285
35.2
285
35.2333
285
35.2667
285
35.3
286
35.3333
286
35.3667
286
35.4
286
35.4333
286
35.4667
286
35.5
286
35.5333
286
35.5667
286
35.6
286
35.6333
286
35.6667
286
35.7
286
35.7333
286
35.7667
286
35.8
286
35.8333
286
35.8667
286
35.9
286
35.9333
286
35.9667
286
36
286
36.0333
286
36.0667
286
36.1
286
36.1333
286
36.1667
286
36.2
286
36.2333
286
36.2667
286
36.3
286
36.3333
286
36.3667
286
36.4
286
36.4333
286
36.4667
286
36.5
286
36.5333
286
36.5667
286
36.6
286
36.6333
286
36.6667
286
36.7
286
36.7333
286
36.7667
286
36.8
286
36.8333
286
36.8667
286
36.9
286
36.9333
286
36.9667
286
37
287
37.0333
287
37.0667
287
37.1
287
37.1333
288
37.1667
288
37.2
288
37.2333
288
37.2667
288
37.3
288
37.3333
289
37.3667
289
37.4
289
37.4333
289
37.4667
289
37.5
289
37.5333
289
37.5667
289
37.6
289
37.6333
289
37.6667
289
37.7
289
37.7333
289
37.7667
289
37.8
289
37.8333
289
37.8667
289
37.9
289
37.9333
290
37.9667
290
38
290
38.0333
290
38.0667
290
38.1
290
38.1333
290
38.1667
290
38.2
290
38.2333
290
38.2667
290
38.3
290
38.3333
290
38.3667
290
38.4
290
38.4333
290
38.4667
290
38.5
291
38.5333
291
38.5667
291
38.6
291
38.6333
292
38.6667
292
38.7
294
38.7333
294
38.7667
294
38.8
294
38.8333
294
38.8667
294
38.9
295
38.9333
295
38.9667
295
39
295
39.0333
296
39.0667
296
39.1
298
39.1333
298
39.1667
299
39.2
299
39.2333
300
39.2667
300
39.3
300
39.3333
300
39.3667
300
39.4
300
39.4333
300
39.4667
300
39.5
300
39.5333
300
39.5667
300
39.6
300
39.6333
300
39.6667
300
39.7
300
39.7333
300
39.7667
302
39.8
302
39.8333
302
39.8667
302
39.9
302
39.9333
302
39.9667
302
40
302
40.0333
302
40.0667
302
40.1
302
40.1333
302
40.1667
302
40.2
302
40.2333
302
40.2667
302
40.3
302
40.3333
303
40.3667
303
40.4
303
40.4333
303
40.4667
303
40.5
303
40.5333
303
40.5667
303
40.6
303
40.6333
303
40.6667
303
40.7
303
40.7333
303
40.7667
303
40.8
303
40.8333
303
40.8667
303
40.9
303
40.9333
303
40.9667
303
41
303
41.0333
303
41.0667
303
41.1
303
41.1333
303
41.1667
303
41.2
303
41.2333
304
41.2667
304
41.3
304
41.3333
304
41.3667
304
41.4
304
41.4333
304
41.4667
304
41.5
304
41.5333
304
41.5667
304
41.6
304
41.6333
304
41.6667
304
41.7
304
41.7333
304
41.7667
304
41.8
304
41.8333
304
41.8667
304
41.9
304
41.9333
304
41.9667
304
42
304
42.0333
304
42.0667
304
42.1
304
42.1333
304
42.1667
304
42.2
304
42.2333
304
42.2667
304
42.3
304
42.3333
304
42.3667
304
42.4
304
42.4333
304
42.4667
304
42.5
304
42.5333
304
42.5667
304
42.6
304
42.6333
304
42.6667
305
42.7
305
42.7333
305
42.7667
305
42.8
305
42.8333
305
42.8667
305
42.9
305
42.9333
305
42.9667
305
43
305
43.0333
305
43.0667
305
43.1
305
43.1333
305
43.1667
305
43.2
305
43.2333
305
43.2667
305
43.3
305
43.3333
305
43.3667
305
43.4
305
43.4333
305
43.4667
305
43.5
305
43.5333
305
43.5667
306
43.6
306
43.6333
306
43.6667
306
43.7
306
43.7333
306
43.7667
306
43.8
306
43.8333
306
43.8667
306
43.9
306
43.9333
306
43.9667
306
44
306
44.0333
306
44.0667
306
44.1
306
44.1333
306
44.1667
306
44.2
306
44.2333
306
44.2667
306
44.3
306
44.3333
306
44.3667
306
44.4
307
44.4333
307
44.4667
307
44.5
307
44.5333
307
44.5667
307
44.6
307
44.6333
307
44.6667
307
44.7
307
44.7333
307
44.7667
307
44.8
307
44.8333
307
44.8667
307
44.9
307
44.9333
307
44.9667
307
45
307
45.0333
307
45.0667
307
45.1
307
45.1333
307
45.1667
307
45.2
307
45.2333
308
45.2667
308
45.3
308
45.3333
308
45.3667
308
45.4
308
45.4333
308
45.4667
308
45.5
308
45.5333
308
45.5667
308
45.6
308
45.6333
308
45.6667
308
45.7
308
45.7333
308
45.7667
308
45.8
308
45.8333
308
45.8667
308
45.9
308
45.9333
308
45.9667
308
46
308
46.0333
308
46.0667
308
46.1
309
46.1333
309
46.1667
309
46.2
309
46.2333
309
46.2667
309
46.3
309
46.3333
309
46.3667
309
46.4
309
46.4333
309
46.4667
309
46.5
309
46.5333
309
46.5667
309
46.6
309
46.6333
309
46.6667
309
46.7
309
46.7333
309
46.7667
309
46.8
309
46.8333
309
46.8667
309
46.9
309
46.9333
309
46.9667
309
47
309
47.0333
309
47.0667
309
47.1
309
47.1333
309
47.1667
309
47.2
309
47.2333
309
47.2667
309
47.3
309
47.3333
309
47.3667
309
47.4
309
47.4333
309
47.4667
309
47.5
309
47.5333
309
47.5667
310
47.6
310
47.6333
310
47.6667
310
47.7
310
47.7333
311
47.7667
311
47.8
311
47.8333
311
47.8667
311
47.9
311
47.9333
311
47.9667
311
48
311
48.0333
311
48.0667
311
48.1
311
48.1333
311
48.1667
311
48.2
311
48.2333
311
48.2667
311
48.3
311
48.3333
311
48.3667
311
48.4
311
48.4333
311
48.4667
311
48.5
311
48.5333
311
48.5667
311
48.6
311
48.6333
311
48.6667
311
48.7
311
48.7333
311
48.7667
311
48.8
311
48.8333
311
48.8667
311
48.9
311
48.9333
311
48.9667
311
49
311
49.0333
312
49.0667
312
49.1
312
49.1333
312
49.1667
312
49.2
312
49.2333
312
49.2667
312
49.3
312
49.3333
312
49.3667
312
49.4
312
49.4333
312
49.4667
312
49.5
312
49.5333
312
49.5667
312
49.6
312
49.6333
312
49.6667
312
49.7
312
49.7333
312
49.7667
312
49.8
312
49.8333
312
49.8667
312
49.9
312
49.9333
312
49.9667
312
50
312
50.0333
312
50.0667
312
50.1
312
50.1333
312
50.1667
312
50.2
312
50.2333
312
50.2667
312
50.3
312
50.3333
312
50.3667
312
50.4
312
50.4333
312
50.4667
312
50.5
312
50.5333
312
50.5667
312
50.6
312
50.6333
312
50.6667
312
50.7
312
50.7333
312
50.7667
312
50.8
312
50.8333
312
50.8667
312
50.9
312
50.9333
312
50.9667
312
51
312
51.0333
312
51.0667
312
51.1
312
51.1333
312
51.1667
312
51.2
312
51.2333
312
51.2667
312
51.3
312
51.3333
312
51.3667
312
51.4
312
51.4333
312
51.4667
312
51.5
312
51.5333
312
51.5667
312
51.6
312
51.6333
312
51.6667
312
51.7
312
51.7333
312
51.7667
312
51.8
312
51.8333
312
51.8667
312
51.9
312
51.9333
312
51.9667
312
52
313
52.0333
313
52.0667
313
52.1
313
52.1333
313
52.1667
313
52.2
313
52.2333
313
52.2667
313
52.3
313
52.3333
313
52.3667
313
52.4
313
52.4333
313
52.4667
313
52.5
313
52.5333
313
52.5667
313
52.6
313
52.6333
313
52.6667
313
52.7
313
52.7333
313
52.7667
313
52.8
313
52.8333
313
52.8667
314
52.9
314
52.9333
314
52.9667
314
53
314
53.0333
314
53.0667
314
53.1
314
53.1333
314
53.1667
314
53.2
314
53.2333
314
53.2667
314
53.3
314
53.3333
314
