0
1
0.0333333
1
0.0666667
1
0.1
1
0.133333
1
0.166667
1
0.2
1
0.233333
1
0.266667
1
0.3
1
0.333333
1
0.366667
1
0.4
1
0.433333
1
0.466667
1
0.5
1
0.533333
1
0.566667
1
0.6
1
0.633333
1
0.666667
1
0.7
1
0.733333
1
0.766667
1
0.8
1
0.833333
1
0.866667
1
0.9
1
0.933333
1
0.966667
1
1
1
1.03333
1
1.06667
1
1.1
1
1.13333
1
1.16667
1
1.2
1
1.23333
1
1.26667
1
1.3
1
1.33333
1
1.36667
1
1.4
1
1.43333
1
1.46667
1
1.5
1
1.53333
1
1.56667
1
1.6
1
1.63333
1
1.66667
1
1.7
1
1.73333
1
1.76667
1
1.8
1
1.83333
1
1.86667
1
1.9
1
1.93333
1
1.96667
1
2
1
2.03333
1
2.06667
1
2.1
1
2.13333
1
2.16667
1
2.2
1
2.23333
1
2.26667
1
2.3
1
2.33333
1
2.36667
1
2.4
1
2.43333
1
2.46667
1
2.5
1
2.53333
1
2.56667
1
2.6
1
2.63333
1
2.66667
1
2.7
1
2.73333
1
2.76667
1
2.8
1
2.83333
1
2.86667
1
2.9
1
2.93333
1
2.96667
1
3
1
3.03333
1
3.06667
1
3.1
1
3.13333
1
3.16667
1
3.2
1
3.23333
1
3.26667
1
3.3
1
3.33333
1
3.36667
1
3.4
1
3.43333
1
3.46667
1
3.5
1
3.53333
1
3.56667
1
3.6
1
3.63333
1
3.66667
1
3.7
1
3.73333
1
3.76667
1
3.8
1
3.83333
1
3.86667
1
3.9
1
3.93333
1
3.96667
1
4
1
4.03333
1
4.06667
1
4.1
1
4.13333
1
4.16667
1
4.2
1
4.23333
1
4.26667
1
4.3
1
4.33333
1
4.36667
1
4.4
1
4.43333
1
4.46667
1
4.5
1
4.53333
1
4.56667
1
4.6
1
4.63333
1
4.66667
1
4.7
1
4.73333
1
4.76667
1
4.8
1
4.83333
1
4.86667
1
4.9
1
4.93333
1
4.96667
1
5
1
5.03333
1
5.06667
1
5.1
1
5.13333
1
5.16667
1
5.2
1
5.23333
1
5.26667
1
5.3
1
5.33333
1
5.36667
1
5.4
1
5.43333
1
5.46667
1
5.5
1
5.53333
2
5.56667
2
5.6
2
5.63333
2
5.66667
2
5.7
2
5.73333
2
5.76667
2
5.8
2
5.83333
2
5.86667
2
5.9
2
5.93333
2
5.96667
3
6
3
6.03333
3
6.06667
3
6.1
3
6.13333
3
6.16667
3
6.2
4
6.23333
4
6.26667
4
6.3
4
6.33333
4
6.36667
4
6.4
4
6.43333
4
6.46667
5
6.5
5
6.53333
5
6.56667
5
6.6
5
6.63333
6
6.66667
6
6.7
6
6.73333
7
6.76667
7
6.8
7
6.83333
9
6.86667
10
6.9
10
6.93333
10
6.96667
10
7
11
7.03333
12
7.06667
12
7.1
13
7.13333
13
7.16667
13
7.2
14
7.23333
14
7.26667
14
7.3
15
7.33333
16
7.36667
16
7.4
16
7.43333
16
7.46667
16
7.5
16
7.53333
17
7.56667
17
7.6
17
7.63333
18
7.66667
19
7.7
19
7.73333
19
7.76667
19
7.8
21
7.83333
23
7.86667
25
7.9
27
7.93333
27
7.96667
27
8
30
8.03333
31
8.06667
31
8.1
31
8.13333
31
8.16667
32
8.2
33
8.23333
35
8.26667
35
8.3
35
8.33333
35
8.36667
35
8.4
35
8.43333
35
8.46667
35
8.5
36
8.53333
36
8.56667
37
8.6
38
8.63333
38
8.66667
38
8.7
39
8.73333
39
8.76667
39
8.8
39
8.83333
39
8.86667
40
8.9
40
8.93333
40
8.96667
40
9
40
9.03333
40
9.06667
40
9.1
40
9.13333
40
9.16667
41
9.2
41
9.23333
42
9.26667
42
9.3
42
9.33333
42
9.36667
42
9.4
42
9.43333
42
9.46667
42
9.5
42
9.53333
42
9.56667
42
9.6
42
9.63333
42
9.66667
42
9.7
42
9.73333
42
9.76667
42
9.8
42
9.83333
43
9.86667
43
9.9
43
9.93333
43
9.96667
43
10
43
10.0333
43
10.0667
43
10.1
43
10.1333
43
10.1667
43
10.2
43
10.2333
43
10.2667
43
10.3
43
10.3333
43
10.3667
43
10.4
43
10.4333
43
10.4667
45
10.5
45
10.5333
45
10.5667
46
10.6
46
10.6333
46
10.6667
47
10.7
47
10.7333
47
10.7667
47
10.8
47
10.8333
47
10.8667
47
10.9
47
10.9333
47
10.9667
47
11
47
11.0333
47
11.0667
48
11.1
48
11.1333
48
11.1667
48
11.2
48
11.2333
48
11.2667
48
11.3
48
11.3333
48
11.3667
48
11.4
49
11.4333
49
11.4667
49
11.5
49
11.5333
49
11.5667
49
11.6
49
11.6333
49
11.6667
49
11.7
49
11.7333
49
11.7667
50
11.8
50
11.8333
50
11.8667
50
11.9
50
11.9333
50
11.9667
50
12
50
12.0333
50
12.0667
50
12.1
50
12.1333
51
12.1667
51
12.2
51
12.2333
51
12.2667
51
12.3
51
12.3333
51
12.3667
51
12.4
52
12.4333
52
12.4667
52
12.5
52
12.5333
52
12.5667
52
12.6
52
12.6333
52
12.6667
52
12.7
52
12.7333
52
12.7667
52
12.8
52
12.8333
52
12.8667
52
12.9
52
12.9333
52
12.9667
52
13
52
13.0333
52
13.0667
52
13.1
52
13.1333
52
13.1667
53
13.2
54
13.2333
54
13.2667
54
13.3
54
13.3333
55
13.3667
55
13.4
55
13.4333
55
13.4667
55
13.5
55
13.5333
55
13.5667
55
13.6
55
13.6333
55
13.6667
55
13.7
55
13.7333
55
13.7667
55
13.8
55
13.8333
55
13.8667
55
13.9
55
13.9333
55
13.9667
55
14
55
14.0333
55
14.0667
55
14.1
55
14.1333
55
14.1667
55
14.2
55
14.2333
56
14.2667
56
14.3
56
14.3333
56
14.3667
56
14.4
56
14.4333
56
14.4667
56
14.5
56
14.5333
56
14.5667
56
14.6
57
14.6333
57
14.6667
57
14.7
57
14.7333
57
14.7667
57
14.8
57
14.8333
57
14.8667
57
14.9
57
14.9333
57
14.9667
58
15
58
15.0333
58
15.0667
58
15.1
58
15.1333
58
15.1667
58
15.2
58
15.2333
58
15.2667
58
15.3
58
15.3333
58
15.3667
58
15.4
58
15.4333
58
15.4667
58
15.5
58
15.5333
58
15.5667
58
15.6
58
15.6333
58
15.6667
58
15.7
58
15.7333
58
15.7667
58
15.8
58
15.8333
58
15.8667
59
15.9
59
15.9333
59
15.9667
59
16
59
16.0333
59
16.0667
59
16.1
59
16.1333
59
16.1667
59
16.2
59
16.2333
59
16.2667
59
16.3
59
16.3333
59
16.3667
59
16.4
59
16.4333
60
16.4667
60
16.5
60
16.5333
60
16.5667
60
16.6
60
16.6333
60
16.6667
60
16.7
60
16.7333
60
16.7667
60
16.8
60
16.8333
60
16.8667
60
16.9
60
16.9333
60
16.9667
60
17
60
17.0333
60
17.0667
60
17.1
60
17.1333
60
17.1667
60
17.2
60
17.2333
60
17.2667
60
17.3
60
17.3333
60
17.3667
60
17.4
60
17.4333
60
17.4667
60
17.5
60
17.5333
60
17.5667
60
17.6
60
17.6333
61
17.6667
61
17.7
61
17.7333
62
17.7667
62
17.8
62
17.8333
62
17.8667
62
17.9
62
17.9333
62
17.9667
62
18
62
18.0333
62
18.0667
62
18.1
62
18.1333
62
18.1667
62
18.2
62
18.2333
62
18.2667
62
18.3
62
18.3333
63
18.3667
63
18.4
63
18.4333
63
18.4667
63
18.5
63
18.5333
63
18.5667
63
18.6
63
18.6333
63
18.6667
63
18.7
63
18.7333
63
18.7667
63
18.8
63
18.8333
63
18.8667
63
18.9
63
18.9333
64
18.9667
64
19
64
19.0333
64
19.0667
64
19.1
64
19.1333
64
19.1667
64
19.2
65
19.2333
65
19.2667
65
19.3
66
19.3333
66
19.3667
66
19.4
66
19.4333
66
19.4667
66
19.5
66
19.5333
66
19.5667
66
19.6
66
19.6333
67
19.6667
67
19.7
67
19.7333
67
19.7667
67
19.8
67
19.8333
67
19.8667
67
19.9
67
19.9333
67
19.9667
67
20
67
20.0333
67
20.0667
67
20.1
67
20.1333
67
20.1667
67
20.2
68
20.2333
68
20.2667
68
20.3
68
20.3333
68
20.3667
68
20.4
68
20.4333
68
20.4667
68
20.5
68
20.5333
68
20.5667
68
20.6
68
20.6333
68
20.6667
68
20.7
68
20.7333
68
20.7667
68
20.8
68
20.8333
68
20.8667
68
20.9
68
20.9333
68
20.9667
68
21
68
21.0333
68
21.0667
68
21.1
68
21.1333
68
21.1667
68
21.2
68
21.2333
68
21.2667
68
21.3
68
21.3333
68
21.3667
68
21.4
68
21.4333
68
21.4667
68
21.5
68
21.5333
68
21.5667
68
21.6
68
21.6333
68
21.6667
68
21.7
68
21.7333
68
21.7667
68
21.8
68
21.8333
68
21.8667
68
21.9
68
21.9333
68
21.9667
68
22
68
22.0333
68
22.0667
68
22.1
68
22.1333
68
22.1667
68
22.2
68
22.2333
68
22.2667
68
22.3
68
22.3333
68
22.3667
68
22.4
69
22.4333
69
22.4667
69
22.5
69
22.5333
69
22.5667
69
22.6
69
22.6333
69
22.6667
69
22.7
69
22.7333
69
22.7667
69
22.8
69
22.8333
69
22.8667
69
22.9
69
22.9333
69
22.9667
69
23
69
23.0333
69
23.0667
69
23.1
69
23.1333
69
23.1667
69
23.2
69
23.2333
69
23.2667
69
23.3
69
23.3333
69
23.3667
69
23.4
70
23.4333
70
23.4667
70
23.5
70
23.5333
70
23.5667
70
23.6
70
23.6333
70
23.6667
70
23.7
70
23.7333
70
23.7667
70
23.8
70
23.8333
70
23.8667
70
23.9
70
23.9333
70
23.9667
70
24
70
24.0333
71
24.0667
71
24.1
71
24.1333
71
24.1667
71
24.2
71
24.2333
71
24.2667
71
24.3
71
24.3333
71
24.3667
71
24.4
71
24.4333
71
24.4667
71
24.5
71
24.5333
71
24.5667
71
24.6
71
24.6333
72
24.6667
72
24.7
72
24.7333
72
24.7667
72
24.8
72
24.8333
72
24.8667
72
24.9
72
24.9333
72
24.9667
72
25
72
25.0333
72
25.0667
72
25.1
72
25.1333
72
25.1667
72
25.2
72
25.2333
73
25.2667
73
25.3
73
25.3333
73
25.3667
73
25.4
73
25.4333
73
25.4667
73
25.5
73
25.5333
74
25.5667
74
25.6
74
25.6333
74
25.6667
74
25.7
74
25.7333
74
25.7667
74
25.8
74
25.8333
74
25.8667
74
25.9
74
25.9333
75
25.9667
75
26
75
26.0333
75
26.0667
76
26.1
76
26.1333
76
26.1667
76
26.2
76
26.2333
76
26.2667
76
26.3
76
26.3333
76
26.3667
76
26.4
76
26.4333
76
26.4667
76
26.5
76
26.5333
76
26.5667
76
26.6
76
26.6333
76
26.6667
76
26.7
76
26.7333
76
26.7667
76
26.8
76
26.8333
76
26.8667
76
26.9
76
26.9333
76
26.9667
76
27
76
27.0333
76
27.0667
76
27.1
76
27.1333
76
27.1667
76
27.2
76
27.2333
76
27.2667
76
27.3
76
27.3333
76
27.3667
76
27.4
76
27.4333
76
27.4667
76
27.5
76
27.5333
76
27.5667
76
27.6
76
27.6333
76
27.6667
76
27.7
76
27.7333
76
27.7667
76
27.8
76
27.8333
76
27.8667
76
27.9
76
27.9333
76
27.9667
76
28
76
28.0333
76
28.0667
76
28.1
76
28.1333
76
28.1667
76
28.2
76
28.2333
76
28.2667
76
28.3
76
28.3333
76
28.3667
76
28.4
76
28.4333
76
28.4667
76
28.5
76
28.5333
76
28.5667
76
28.6
76
28.6333
76
28.6667
76
28.7
76
28.7333
76
28.7667
76
28.8
76
28.8333
76
28.8667
76
28.9
76
28.9333
76
28.9667
76
29
76
29.0333
76
29.0667
76
29.1
76
29.1333
76
29.1667
76
29.2
76
29.2333
76
29.2667
76
29.3
76
29.3333
76
29.3667
76
29.4
76
29.4333
76
29.4667
76
29.5
76
29.5333
76
29.5667
76
29.6
76
29.6333
76
29.6667
76
29.7
76
29.7333
76
29.7667
76
29.8
76
29.8333
76
29.8667
76
29.9
76
29.9333
76
29.9667
76
30
76
30.0333
76
30.0667
76
30.1
76
30.1333
76
30.1667
76
30.2
76
30.2333
76
30.2667
76
30.3
76
30.3333
76
30.3667
76
30.4
76
30.4333
76
30.4667
76
30.5
76
30.5333
76
30.5667
76
30.6
76
30.6333
76
30.6667
76
30.7
76
30.7333
76
30.7667
76
30.8
76
30.8333
76
30.8667
76
30.9
76
30.9333
76
30.9667
76
31
76
31.0333
76
31.0667
76
31.1
76
31.1333
76
31.1667
77
31.2
77
31.2333
77
31.2667
77
31.3
77
31.3333
77
31.3667
77
31.4
77
31.4333
77
31.4667
77
31.5
77
31.5333
77
31.5667
77
31.6
77
31.6333
77
31.6667
77
31.7
77
31.7333
77
31.7667
77
31.8
77
31.8333
77
31.8667
77
31.9
77
31.9333
77
31.9667
77
32
77
32.0333
77
32.0667
77
32.1
77
32.1333
77
32.1667
77
32.2
77
32.2333
77
32.2667
77
32.3
77
32.3333
77
32.3667
77
32.4
77
32.4333
77
32.4667
77
32.5
77
32.5333
77
32.5667
77
32.6
77
32.6333
77
32.6667
77
32.7
77
32.7333
77
32.7667
77
32.8
77
32.8333
77
32.8667
77
32.9
77
32.9333
77
32.9667
77
33
77
33.0333
77
33.0667
77
33.1
77
33.1333
77
33.1667
77
33.2
77
33.2333
77
33.2667
77
33.3
77
33.3333
77
33.3667
77
33.4
77
33.4333
77
33.4667
77
33.5
77
33.5333
77
33.5667
77
33.6
77
33.6333
77
33.6667
77
33.7
77
33.7333
77
33.7667
77
33.8
77
33.8333
77
33.8667
77
33.9
77
33.9333
77
33.9667
77
34
77
34.0333
77
34.0667
77
34.1
77
34.1333
77
34.1667
77
34.2
77
34.2333
77
34.2667
77
34.3
77
34.3333
77
34.3667
77
34.4
77
34.4333
77
34.4667
77
34.5
77
34.5333
77
34.5667
77
34.6
77
34.6333
77
34.6667
77
34.7
77
34.7333
77
34.7667
77
34.8
77
34.8333
77
34.8667
77
34.9
77
34.9333
77
34.9667
77
35
77
35.0333
77
35.0667
77
35.1
77
35.1333
77
35.1667
77
35.2
77
35.2333
77
35.2667
77
35.3
77
35.3333
77
35.3667
77
35.4
77
35.4333
77
35.4667
77
35.5
77
35.5333
77
35.5667
77
35.6
77
35.6333
77
35.6667
77
35.7
77
35.7333
77
35.7667
77
35.8
77
35.8333
77
35.8667
77
35.9
77
35.9333
77
35.9667
77
36
77
36.0333
77
36.0667
77
36.1
77
36.1333
77
36.1667
77
36.2
77
36.2333
77
36.2667
77
36.3
77
36.3333
77
36.3667
77
36.4
77
36.4333
77
36.4667
77
36.5
77
36.5333
77
36.5667
77
36.6
77
36.6333
77
36.6667
77
36.7
77
36.7333
77
36.7667
77
36.8
77
36.8333
77
36.8667
77
36.9
77
36.9333
77
36.9667
77
37
77
37.0333
77
37.0667
77
37.1
77
37.1333
78
37.1667
78
37.2
78
37.2333
78
37.2667
78
37.3
78
37.3333
78
37.3667
78
37.4
78
37.4333
78
37.4667
78
37.5
78
37.5333
78
37.5667
78
37.6
78
37.6333
78
37.6667
78
37.7
78
37.7333
78
37.7667
78
37.8
78
37.8333
78
37.8667
78
37.9
78
37.9333
78
37.9667
78
38
78
38.0333
78
38.0667
78
38.1
78
38.1333
78
38.1667
78
38.2
78
38.2333
78
38.2667
78
38.3
78
38.3333
78
38.3667
78
38.4
78
38.4333
78
38.4667
78
38.5
78
38.5333
78
38.5667
78
38.6
78
38.6333
78
38.6667
78
38.7
78
38.7333
78
38.7667
78
38.8
78
38.8333
78
38.8667
78
38.9
78
38.9333
78
38.9667
78
39
78
39.0333
78
39.0667
78
39.1
78
39.1333
78
39.1667
78
39.2
78
39.2333
78
39.2667
78
39.3
78
39.3333
78
39.3667
78
39.4
78
39.4333
78
39.4667
78
39.5
78
39.5333
78
39.5667
78
39.6
78
39.6333
78
39.6667
78
39.7
78
39.7333
78
39.7667
78
39.8
78
39.8333
78
39.8667
78
39.9
78
39.9333
78
39.9667
78
40
78
40.0333
78
40.0667
78
40.1
78
40.1333
78
40.1667
78
40.2
78
40.2333
78
40.2667
78
40.3
78
40.3333
78
40.3667
78
40.4
78
40.4333
78
40.4667
78
40.5
78
40.5333
78
40.5667
78
40.6
78
40.6333
78
40.6667
78
40.7
78
40.7333
78
40.7667
78
40.8
78
40.8333
78
40.8667
78
40.9
78
40.9333
78
40.9667
78
41
78
41.0333
78
41.0667
78
41.1
78
41.1333
78
41.1667
78
41.2
78
41.2333
78
41.2667
78
41.3
78
41.3333
78
41.3667
78
41.4
78
41.4333
78
41.4667
78
41.5
78
41.5333
78
41.5667
78
41.6
78
41.6333
78
41.6667
78
41.7
78
41.7333
78
41.7667
78
41.8
78
41.8333
78
41.8667
78
41.9
78
41.9333
78
41.9667
78
42
78
42.0333
78
42.0667
78
42.1
78
42.1333
78
42.1667
78
42.2
78
42.2333
78
42.2667
78
42.3
78
42.3333
78
42.3667
78
42.4
78
42.4333
78
42.4667
78
42.5
78
42.5333
78
42.5667
78
42.6
78
42.6333
78
42.6667
78
42.7
79
42.7333
79
42.7667
79
42.8
79
42.8333
79
42.8667
79
42.9
79
42.9333
79
42.9667
79
43
80
43.0333
80
43.0667
80
43.1
80
43.1333
81
43.1667
81
43.2
81
43.2333
81
43.2667
81
43.3
81
43.3333
81
43.3667
82
43.4
83
43.4333
83
43.4667
83
43.5
83
43.5333
83
43.5667
83
43.6
83
43.6333
83
43.6667
83
43.7
83
43.7333
83
43.7667
83
43.8
83
43.8333
83
43.8667
83
43.9
83
43.9333
83
43.9667
83
44
83
44.0333
83
44.0667
83
44.1
83
44.1333
83
44.1667
83
44.2
83
44.2333
83
44.2667
83
44.3
83
44.3333
83
44.3667
83
44.4
83
44.4333
83
44.4667
83
44.5
83
44.5333
83
44.5667
83
44.6
83
44.6333
83
44.6667
83
44.7
83
44.7333
83
44.7667
83
44.8
83
44.8333
83
44.8667
83
44.9
83
44.9333
83
44.9667
83
45
83
45.0333
83
45.0667
83
45.1
83
45.1333
83
45.1667
83
45.2
83
45.2333
83
45.2667
83
45.3
83
45.3333
83
45.3667
83
45.4
83
45.4333
83
45.4667
83
45.5
83
45.5333
83
45.5667
83
45.6
83
45.6333
83
45.6667
83
45.7
83
45.7333
83
45.7667
83
45.8
83
45.8333
83
45.8667
83
45.9
83
45.9333
83
45.9667
83
46
83
46.0333
83
46.0667
83
46.1
83
46.1333
83
46.1667
83
46.2
83
46.2333
83
46.2667
83
46.3
83
46.3333
83
46.3667
83
46.4
83
46.4333
83
46.4667
83
46.5
83
46.5333
83
46.5667
83
46.6
83
46.6333
83
46.6667
83
46.7
83
46.7333
83
46.7667
83
46.8
83
46.8333
83
46.8667
83
46.9
83
46.9333
83
46.9667
83
47
83
47.0333
83
47.0667
83
47.1
83
47.1333
83
47.1667
83
47.2
83
47.2333
83
47.2667
83
47.3
83
47.3333
83
47.3667
83
47.4
83
47.4333
83
47.4667
83
47.5
83
47.5333
83
47.5667
83
47.6
83
47.6333
83
47.6667
83
47.7
83
47.7333
83
47.7667
83
47.8
83
47.8333
83
47.8667
83
47.9
83
47.9333
83
47.9667
83
48
83
48.0333
83
48.0667
83
48.1
83
48.1333
83
48.1667
83
48.2
83
48.2333
83
48.2667
83
48.3
83
48.3333
83
48.3667
83
48.4
83
48.4333
83
48.4667
83
48.5
83
48.5333
83
48.5667
83
48.6
83
48.6333
83
48.6667
83
48.7
83
48.7333
83
48.7667
83
48.8
83
48.8333
83
48.8667
83
48.9
83
48.9333
83
48.9667
83
49
83
49.0333
83
49.0667
83
49.1
83
49.1333
83
49.1667
83
49.2
83
49.2333
83
49.2667
83
49.3
83
49.3333
83
49.3667
83
49.4
83
49.4333
83
49.4667
83
49.5
83
49.5333
83
49.5667
83
49.6
83
49.6333
83
49.6667
83
49.7
83
49.7333
83
49.7667
83
49.8
83
49.8333
83
49.8667
83
49.9
83
49.9333
83
49.9667
83
50
83
50.0333
83
50.0667
83
50.1
83
50.1333
83
50.1667
83
50.2
83
50.2333
83
50.2667
83
50.3
83
50.3333
83
50.3667
83
50.4
83
50.4333
83
50.4667
83
50.5
83
50.5333
83
50.5667
83
50.6
83
50.6333
83
50.6667
83
50.7
83
50.7333
83
50.7667
83
50.8
83
50.8333
83
50.8667
83
50.9
83
50.9333
83
50.9667
83
51
83
51.0333
83
51.0667
83
51.1
83
51.1333
83
51.1667
83
51.2
83
51.2333
83
51.2667
83
51.3
83
51.3333
83
51.3667
83
51.4
83
51.4333
83
51.4667
83
51.5
83
51.5333
83
51.5667
83
51.6
83
51.6333
83
51.6667
83
51.7
83
51.7333
83
51.7667
83
51.8
83
51.8333
83
51.8667
83
51.9
83
51.9333
83
51.9667
83
52
83
52.0333
83
52.0667
83
52.1
83
52.1333
83
52.1667
83
52.2
83
52.2333
83
52.2667
83
52.3
83
52.3333
83
52.3667
83
52.4
83
52.4333
83
52.4667
83
52.5
83
52.5333
83
52.5667
83
52.6
83
52.6333
83
52.6667
83
52.7
83
52.7333
83
52.7667
83
52.8
83
52.8333
83
52.8667
83
52.9
83
52.9333
83
52.9667
83
53
83
53.0333
83
53.0667
83
53.1
83
53.1333
83
53.1667
83
53.2
83
53.2333
83
53.2667
83
53.3
83
53.3333
83
