0
1
0.0333333
1
0.0666667
1
0.1
1
0.133333
1
0.166667
1
0.2
1
0.233333
1
0.266667
1
0.3
1
0.333333
1
0.366667
1
0.4
1
0.433333
1
0.466667
1
0.5
1
0.533333
1
0.566667
1
0.6
1
0.633333
1
0.666667
1
0.7
1
0.733333
1
0.766667
1
0.8
1
0.833333
1
0.866667
1
0.9
1
0.933333
1
0.966667
1
1
1
1.03333
1
1.06667
1
1.1
1
1.13333
1
1.16667
1
1.2
1
1.23333
1
1.26667
1
1.3
1
1.33333
1
1.36667
1
1.4
1
1.43333
1
1.46667
1
1.5
1
1.53333
1
1.56667
1
1.6
1
1.63333
1
1.66667
1
1.7
1
1.73333
1
1.76667
1
1.8
1
1.83333
1
1.86667
1
1.9
1
1.93333
1
1.96667
1
2
1
2.03333
1
2.06667
1
2.1
1
2.13333
1
2.16667
1
2.2
1
2.23333
1
2.26667
1
2.3
1
2.33333
1
2.36667
1
2.4
1
2.43333
1
2.46667
1
2.5
1
2.53333
1
2.56667
1
2.6
1
2.63333
1
2.66667
1
2.7
1
2.73333
1
2.76667
1
2.8
1
2.83333
1
2.86667
1
2.9
1
2.93333
1
2.96667
1
3
1
3.03333
1
3.06667
1
3.1
1
3.13333
1
3.16667
1
3.2
1
3.23333
1
3.26667
1
3.3
1
3.33333
1
3.36667
1
3.4
1
3.43333
1
3.46667
1
3.5
1
3.53333
1
3.56667
1
3.6
1
3.63333
1
3.66667
1
3.7
1
3.73333
1
3.76667
1
3.8
1
3.83333
1
3.86667
1
3.9
1
3.93333
1
3.96667
1
4
1
4.03333
1
4.06667
1
4.1
1
4.13333
1
4.16667
1
4.2
1
4.23333
1
4.26667
1
4.3
1
4.33333
1
4.36667
1
4.4
1
4.43333
1
4.46667
1
4.5
1
4.53333
1
4.56667
1
4.6
1
4.63333
1
4.66667
2
4.7
2
4.73333
2
4.76667
2
4.8
2
4.83333
2
4.86667
2
4.9
2
4.93333
2
4.96667
2
5
2
5.03333
2
5.06667
2
5.1
2
5.13333
2
5.16667
2
5.2
2
5.23333
2
5.26667
2
5.3
2
5.33333
2
5.36667
2
5.4
2
5.43333
3
5.46667
3
5.5
3
5.53333
3
5.56667
3
5.6
4
5.63333
4
5.66667
5
5.7
5
5.73333
6
5.76667
7
5.8
8
5.83333
8
5.86667
8
5.9
10
5.93333
11
5.96667
11
6
13
6.03333
15
6.06667
15
6.1
15
6.13333
15
6.16667
15
6.2
15
6.23333
16
6.26667
16
6.3
17
6.33333
18
6.36667
19
6.4
20
6.43333
20
6.46667
21
6.5
22
6.53333
23
6.56667
23
6.6
23
6.63333
24
6.66667
25
6.7
26
6.73333
28
6.76667
30
6.8
30
6.83333
32
6.86667
33
6.9
33
6.93333
33
6.96667
34
7
34
7.03333
34
7.06667
34
7.1
34
7.13333
34
7.16667
35
7.2
36
7.23333
36
7.26667
36
7.3
36
7.33333
36
7.36667
36
7.4
37
7.43333
37
7.46667
37
7.5
37
7.53333
37
7.56667
38
7.6
39
7.63333
40
7.66667
40
7.7
41
7.73333
42
7.76667
42
7.8
42
7.83333
42
7.86667
42
7.9
42
7.93333
43
7.96667
44
8
44
8.03333
45
8.06667
45
8.1
45
8.13333
45
8.16667
46
8.2
47
8.23333
47
8.26667
47
8.3
47
8.33333
47
8.36667
47
8.4
48
8.43333
48
8.46667
48
8.5
48
8.53333
49
8.56667
49
8.6
49
8.63333
49
8.66667
50
8.7
50
8.73333
51
8.76667
51
8.8
51
8.83333
51
8.86667
54
8.9
55
8.93333
55
8.96667
56
9
56
9.03333
57
9.06667
57
9.1
58
9.13333
58
9.16667
59
9.2
60
9.23333
62
9.26667
62
9.3
63
9.33333
64
9.36667
64
9.4
65
9.43333
65
9.46667
66
9.5
66
9.53333
66
9.56667
67
9.6
67
9.63333
68
9.66667
68
9.7
68
9.73333
68
9.76667
69
9.8
69
9.83333
70
9.86667
72
9.9
72
9.93333
72
9.96667
74
10
75
10.0333
75
10.0667
76
10.1
77
10.1333
78
10.1667
79
10.2
79
10.2333
79
10.2667
80
10.3
80
10.3333
80
10.3667
80
10.4
80
10.4333
80
10.4667
80
10.5
81
10.5333
81
10.5667
81
10.6
82
10.6333
82
10.6667
83
10.7
83
10.7333
83
10.7667
85
10.8
86
10.8333
86
10.8667
87
10.9
87
10.9333
88
10.9667
89
11
90
11.0333
90
11.0667
91
11.1
91
11.1333
92
11.1667
92
11.2
92
11.2333
94
11.2667
95
11.3
95
11.3333
95
11.3667
96
11.4
96
11.4333
96
11.4667
96
11.5
96
11.5333
97
11.5667
97
11.6
100
11.6333
100
11.6667
100
11.7
101
11.7333
102
11.7667
102
11.8
102
11.8333
102
11.8667
103
11.9
104
11.9333
104
11.9667
104
12
105
12.0333
105
12.0667
105
12.1
105
12.1333
105
12.1667
105
12.2
105
12.2333
105
12.2667
105
12.3
106
12.3333
106
12.3667
110
12.4
110
12.4333
113
12.4667
113
12.5
114
12.5333
116
12.5667
117
12.6
119
12.6333
119
12.6667
121
12.7
121
12.7333
124
12.7667
124
12.8
125
12.8333
127
12.8667
128
12.9
132
12.9333
133
12.9667
133
13
135
13.0333
136
13.0667
137
13.1
139
13.1333
141
13.1667
143
13.2
145
13.2333
146
13.2667
146
13.3
148
13.3333
152
13.3667
154
13.4
155
13.4333
157
13.4667
159
13.5
159
13.5333
162
13.5667
163
13.6
163
13.6333
163
13.6667
165
13.7
168
13.7333
169
13.7667
173
13.8
175
13.8333
175
13.8667
176
13.9
177
13.9333
180
13.9667
180
14
181
14.0333
182
14.0667
182
14.1
182
14.1333
182
14.1667
183
14.2
187
14.2333
187
14.2667
188
14.3
191
14.3333
195
14.3667
196
14.4
197
14.4333
198
14.4667
199
14.5
199
14.5333
199
14.5667
199
14.6
200
14.6333
200
14.6667
201
14.7
201
14.7333
203
14.7667
203
14.8
203
14.8333
204
14.8667
204
14.9
204
14.9333
204
14.9667
206
15
206
15.0333
206
15.0667
206
15.1
206
15.1333
207
15.1667
208
15.2
208
15.2333
208
15.2667
209
15.3
210
15.3333
210
15.3667
211
15.4
212
15.4333
212
15.4667
212
15.5
213
15.5333
214
15.5667
215
15.6
215
15.6333
215
15.6667
216
15.7
217
15.7333
218
15.7667
218
15.8
218
15.8333
219
15.8667
220
15.9
220
15.9333
221
15.9667
222
16
224
16.0333
225
16.0667
227
16.1
228
16.1333
230
16.1667
231
16.2
231
16.2333
232
16.2667
233
16.3
233
16.3333
234
16.3667
235
16.4
235
16.4333
235
16.4667
236
16.5
236
16.5333
237
16.5667
237
16.6
238
16.6333
238
16.6667
238
16.7
238
16.7333
238
16.7667
238
16.8
238
16.8333
238
16.8667
239
16.9
239
16.9333
239
16.9667
240
17
240
17.0333
240
17.0667
240
17.1
241
17.1333
241
17.1667
242
17.2
242
17.2333
242
17.2667
244
17.3
244
17.3333
244
17.3667
244
17.4
244
17.4333
244
17.4667
244
17.5
244
17.5333
244
17.5667
246
17.6
246
17.6333
247
17.6667
248
17.7
248
17.7333
248
17.7667
248
17.8
249
17.8333
251
17.8667
251
17.9
251
17.9333
251
17.9667
251
18
251
18.0333
252
18.0667
252
18.1
252
18.1333
252
18.1667
252
18.2
254
18.2333
254
18.2667
254
18.3
254
18.3333
254
18.3667
254
18.4
254
18.4333
254
18.4667
254
18.5
254
18.5333
254
18.5667
254
18.6
255
18.6333
255
18.6667
255
18.7
255
18.7333
255
18.7667
255
18.8
255
18.8333
256
18.8667
256
18.9
256
18.9333
256
18.9667
256
19
259
19.0333
260
19.0667
261
19.1
261
19.1333
261
19.1667
262
19.2
262
19.2333
262
19.2667
263
19.3
263
19.3333
263
19.3667
264
19.4
265
19.4333
265
19.4667
266
19.5
266
19.5333
266
19.5667
266
19.6
266
19.6333
266
19.6667
266
19.7
266
19.7333
266
19.7667
266
19.8
268
19.8333
268
19.8667
269
19.9
269
19.9333
269
19.9667
269
20
270
20.0333
271
20.0667
271
20.1
272
20.1333
274
20.1667
276
20.2
277
20.2333
277
20.2667
277
20.3
277
20.3333
277
20.3667
277
20.4
277
20.4333
278
20.4667
279
20.5
281
20.5333
284
20.5667
284
20.6
285
20.6333
285
20.6667
287
20.7
287
20.7333
287
20.7667
288
20.8
288
20.8333
289
20.8667
289
20.9
289
20.9333
289
20.9667
290
21
290
21.0333
291
21.0667
291
21.1
292
21.1333
292
21.1667
292
21.2
292
21.2333
292
21.2667
292
21.3
292
21.3333
292
21.3667
292
21.4
292
21.4333
292
21.4667
292
21.5
292
21.5333
292
21.5667
292
21.6
295
21.6333
295
21.6667
295
21.7
296
21.7333
296
21.7667
296
21.8
299
21.8333
299
21.8667
299
21.9
299
21.9333
299
21.9667
299
22
299
22.0333
299
22.0667
299
22.1
299
22.1333
300
22.1667
300
22.2
300
22.2333
300
22.2667
300
22.3
301
22.3333
301
22.3667
301
22.4
302
22.4333
302
22.4667
303
22.5
304
22.5333
304
22.5667
304
22.6
305
22.6333
305
22.6667
305
22.7
305
22.7333
305
22.7667
305
22.8
305
22.8333
305
22.8667
305
22.9
306
22.9333
306
22.9667
307
23
307
23.0333
307
23.0667
307
23.1
307
23.1333
307
23.1667
307
23.2
308
23.2333
308
23.2667
308
23.3
308
23.3333
308
23.3667
308
23.4
308
23.4333
308
23.4667
308
23.5
308
23.5333
308
23.5667
308
23.6
309
23.6333
309
23.6667
309
23.7
309
23.7333
309
23.7667
310
23.8
310
23.8333
310
23.8667
310
23.9
310
23.9333
310
23.9667
310
24
310
24.0333
311
24.0667
312
24.1
312
24.1333
312
24.1667
312
24.2
312
24.2333
312
24.2667
312
24.3
312
24.3333
313
24.3667
313
24.4
313
24.4333
314
24.4667
316
24.5
316
24.5333
317
24.5667
318
24.6
318
24.6333
318
24.6667
318
24.7
318
24.7333
318
24.7667
318
24.8
318
24.8333
318
24.8667
318
24.9
318
24.9333
318
24.9667
320
25
321
25.0333
321
25.0667
321
25.1
322
25.1333
322
25.1667
323
25.2
323
25.2333
324
25.2667
324
25.3
325
25.3333
326
25.3667
327
25.4
329
25.4333
330
25.4667
332
25.5
332
25.5333
333
25.5667
334
25.6
334
25.6333
335
25.6667
335
25.7
337
25.7333
338
25.7667
339
25.8
339
25.8333
340
25.8667
340
25.9
340
25.9333
340
25.9667
340
26
340
26.0333
340
26.0667
340
26.1
340
26.1333
340
26.1667
340
26.2
340
26.2333
340
26.2667
340
26.3
340
26.3333
340
26.3667
340
26.4
341
26.4333
342
26.4667
342
26.5
342
26.5333
342
26.5667
342
26.6
342
26.6333
342
26.6667
342
26.7
343
26.7333
343
26.7667
343
26.8
343
26.8333
343
26.8667
343
26.9
343
26.9333
343
26.9667
344
27
344
27.0333
344
27.0667
344
27.1
344
27.1333
344
27.1667
344
27.2
344
27.2333
344
27.2667
344
27.3
344
27.3333
344
27.3667
344
27.4
344
27.4333
344
27.4667
344
27.5
344
27.5333
344
27.5667
344
27.6
345
27.6333
345
27.6667
345
27.7
345
27.7333
345
27.7667
346
27.8
346
27.8333
347
27.8667
348
27.9
349
27.9333
349
27.9667
349
28
349
28.0333
349
28.0667
349
28.1
349
28.1333
349
28.1667
349
28.2
349
28.2333
350
28.2667
350
28.3
350
28.3333
350
28.3667
350
28.4
350
28.4333
351
28.4667
351
28.5
352
28.5333
352
28.5667
352
28.6
352
28.6333
352
28.6667
352
28.7
352
28.7333
352
28.7667
352
28.8
352
28.8333
352
28.8667
352
28.9
353
28.9333
353
28.9667
354
29
354
29.0333
354
29.0667
354
29.1
354
29.1333
354
29.1667
354
29.2
354
29.2333
354
29.2667
354
29.3
355
29.3333
355
29.3667
355
29.4
355
29.4333
356
29.4667
356
29.5
356
29.5333
356
29.5667
356
29.6
356
29.6333
357
29.6667
359
29.7
359
29.7333
360
29.7667
360
29.8
360
29.8333
360
29.8667
360
29.9
360
29.9333
360
29.9667
360
30
360
30.0333
360
30.0667
360
30.1
360
30.1333
360
30.1667
360
30.2
360
30.2333
360
30.2667
360
30.3
360
30.3333
360
30.3667
360
30.4
360
30.4333
360
30.4667
360
30.5
360
30.5333
360
30.5667
360
30.6
360
30.6333
361
30.6667
361
30.7
361
30.7333
361
30.7667
361
30.8
361
30.8333
362
30.8667
362
30.9
362
30.9333
362
30.9667
363
31
363
31.0333
363
31.0667
363
31.1
363
31.1333
363
31.1667
363
31.2
363
31.2333
363
31.2667
363
31.3
363
31.3333
363
31.3667
363
31.4
363
31.4333
363
31.4667
363
31.5
363
31.5333
363
31.5667
363
31.6
363
31.6333
363
31.6667
363
31.7
363
31.7333
363
31.7667
363
31.8
363
31.8333
363
31.8667
363
31.9
364
31.9333
364
31.9667
364
32
364
32.0333
364
32.0667
364
32.1
364
32.1333
364
32.1667
365
32.2
365
32.2333
365
32.2667
365
32.3
365
32.3333
365
32.3667
365
32.4
365
32.4333
365
32.4667
365
32.5
365
32.5333
365
32.5667
365
32.6
365
32.6333
365
32.6667
365
32.7
365
32.7333
365
32.7667
365
32.8
365
32.8333
365
32.8667
365
32.9
365
32.9333
365
32.9667
365
33
365
33.0333
365
33.0667
365
33.1
365
33.1333
365
33.1667
365
33.2
365
33.2333
366
33.2667
366
33.3
366
33.3333
366
33.3667
366
33.4
366
33.4333
366
33.4667
366
33.5
366
33.5333
366
33.5667
366
33.6
366
33.6333
366
33.6667
366
33.7
366
33.7333
366
33.7667
366
33.8
366
33.8333
366
33.8667
366
33.9
366
33.9333
367
33.9667
367
34
368
34.0333
368
34.0667
368
34.1
368
34.1333
368
34.1667
368
34.2
368
34.2333
368
34.2667
368
34.3
368
34.3333
368
34.3667
368
34.4
368
34.4333
368
34.4667
368
34.5
368
34.5333
368
34.5667
368
34.6
368
34.6333
368
34.6667
369
34.7
369
34.7333
369
34.7667
369
34.8
369
34.8333
369
34.8667
369
34.9
369
34.9333
369
34.9667
369
35
369
35.0333
369
35.0667
369
35.1
369
35.1333
369
35.1667
369
35.2
369
35.2333
369
35.2667
369
35.3
369
35.3333
369
35.3667
369
35.4
369
35.4333
369
35.4667
369
35.5
369
35.5333
369
35.5667
369
35.6
369
35.6333
369
35.6667
370
35.7
370
35.7333
370
35.7667
370
35.8
370
35.8333
370
35.8667
370
35.9
371
35.9333
371
35.9667
371
36
371
36.0333
371
36.0667
371
36.1
371
36.1333
371
36.1667
371
36.2
371
36.2333
371
36.2667
371
36.3
371
36.3333
371
36.3667
371
36.4
371
36.4333
371
36.4667
371
36.5
372
36.5333
372
36.5667
372
36.6
372
36.6333
372
36.6667
372
36.7
372
36.7333
372
36.7667
372
36.8
372
36.8333
372
36.8667
372
36.9
372
36.9333
372
36.9667
372
37
372
37.0333
372
37.0667
372
37.1
372
37.1333
372
37.1667
372
37.2
372
37.2333
372
37.2667
372
37.3
372
37.3333
372
37.3667
372
37.4
372
37.4333
372
37.4667
372
37.5
373
37.5333
374
37.5667
374
37.6
374
37.6333
374
37.6667
374
37.7
374
37.7333
374
37.7667
375
37.8
375
37.8333
375
37.8667
375
37.9
375
37.9333
375
37.9667
375
38
375
38.0333
375
38.0667
375
38.1
375
38.1333
375
38.1667
375
38.2
375
38.2333
375
38.2667
375
38.3
375
38.3333
375
38.3667
375
38.4
375
38.4333
375
38.4667
375
38.5
375
38.5333
375
38.5667
375
38.6
375
38.6333
375
38.6667
375
38.7
375
38.7333
375
38.7667
375
38.8
375
38.8333
375
38.8667
376
38.9
376
38.9333
376
38.9667
376
39
376
39.0333
376
39.0667
376
39.1
376
39.1333
376
39.1667
376
39.2
376
39.2333
376
39.2667
376
39.3
376
39.3333
376
39.3667
376
39.4
376
39.4333
376
39.4667
376
39.5
378
39.5333
378
39.5667
378
39.6
378
39.6333
378
39.6667
378
39.7
378
39.7333
378
39.7667
378
39.8
378
39.8333
378
39.8667
378
39.9
378
39.9333
378
39.9667
378
40
378
40.0333
378
40.0667
378
40.1
378
40.1333
378
40.1667
378
40.2
378
40.2333
378
40.2667
379
40.3
379
40.3333
379
40.3667
379
40.4
379
40.4333
379
40.4667
379
40.5
379
40.5333
379
40.5667
380
40.6
380
40.6333
380
40.6667
380
40.7
380
40.7333
380
40.7667
380
40.8
380
40.8333
380
40.8667
380
40.9
380
40.9333
380
40.9667
380
41
380
41.0333
380
41.0667
380
41.1
380
41.1333
380
41.1667
380
41.2
380
41.2333
380
41.2667
380
41.3
380
41.3333
380
41.3667
380
41.4
380
41.4333
380
41.4667
380
41.5
380
41.5333
380
41.5667
380
41.6
380
41.6333
380
41.6667
381
41.7
381
41.7333
381
41.7667
381
41.8
381
41.8333
381
41.8667
382
41.9
382
41.9333
383
41.9667
383
42
383
42.0333
383
42.0667
383
42.1
383
42.1333
383
42.1667
383
42.2
383
42.2333
383
42.2667
383
42.3
383
42.3333
383
42.3667
383
42.4
383
42.4333
383
42.4667
383
42.5
383
42.5333
383
42.5667
383
42.6
383
42.6333
383
42.6667
383
42.7
383
42.7333
383
42.7667
383
42.8
383
42.8333
384
42.8667
384
42.9
384
42.9333
384
42.9667
384
43
384
43.0333
384
43.0667
384
43.1
384
43.1333
384
43.1667
384
43.2
384
43.2333
384
43.2667
384
43.3
384
43.3333
384
43.3667
384
43.4
384
43.4333
384
43.4667
384
43.5
384
43.5333
384
43.5667
384
43.6
384
43.6333
384
43.6667
384
43.7
384
43.7333
384
43.7667
384
43.8
384
43.8333
384
43.8667
384
43.9
384
43.9333
384
43.9667
384
44
384
44.0333
384
44.0667
384
44.1
384
44.1333
384
44.1667
384
44.2
384
44.2333
384
44.2667
384
44.3
384
44.3333
384
44.3667
384
44.4
384
44.4333
384
44.4667
384
44.5
385
44.5333
385
44.5667
385
44.6
385
44.6333
385
44.6667
385
44.7
385
44.7333
385
44.7667
385
44.8
385
44.8333
385
44.8667
385
44.9
385
44.9333
385
44.9667
385
45
385
45.0333
385
45.0667
385
45.1
385
45.1333
385
45.1667
385
45.2
385
45.2333
385
45.2667
385
45.3
385
45.3333
385
45.3667
385
45.4
385
45.4333
385
45.4667
385
45.5
385
45.5333
385
45.5667
386
45.6
386
45.6333
386
45.6667
386
45.7
386
45.7333
386
45.7667
386
45.8
386
45.8333
386
45.8667
386
45.9
386
45.9333
386
45.9667
386
46
386
46.0333
386
46.0667
386
46.1
386
46.1333
386
46.1667
386
46.2
386
46.2333
386
46.2667
386
46.3
387
46.3333
387
46.3667
387
46.4
387
46.4333
387
46.4667
387
46.5
387
46.5333
387
46.5667
387
46.6
387
46.6333
388
46.6667
388
46.7
389
46.7333
389
46.7667
389
46.8
389
46.8333
389
46.8667
389
46.9
389
46.9333
389
46.9667
389
47
389
47.0333
389
47.0667
389
47.1
389
47.1333
390
47.1667
391
47.2
391
47.2333
391
47.2667
391
47.3
391
47.3333
391
47.3667
391
47.4
391
47.4333
391
47.4667
391
47.5
391
47.5333
391
47.5667
391
47.6
391
47.6333
391
47.6667
392
47.7
392
47.7333
392
47.7667
392
47.8
392
47.8333
392
47.8667
392
47.9
392
47.9333
392
47.9667
392
48
392
48.0333
392
48.0667
392
48.1
392
48.1333
392
48.1667
392
48.2
392
48.2333
392
48.2667
392
48.3
392
48.3333
392
48.3667
392
48.4
392
48.4333
392
48.4667
392
48.5
392
48.5333
392
48.5667
392
48.6
392
48.6333
392
48.6667
393
48.7
393
48.7333
393
48.7667
393
48.8
393
48.8333
393
48.8667
393
48.9
393
48.9333
393
48.9667
393
49
393
49.0333
393
49.0667
393
49.1
393
49.1333
394
49.1667
394
49.2
394
49.2333
394
49.2667
394
49.3
394
49.3333
394
49.3667
394
49.4
394
49.4333
394
49.4667
394
49.5
394
49.5333
394
49.5667
394
49.6
394
49.6333
394
49.6667
394
49.7
394
49.7333
394
49.7667
394
49.8
394
49.8333
394
49.8667
394
49.9
394
49.9333
394
49.9667
394
50
394
50.0333
394
50.0667
394
50.1
394
50.1333
394
50.1667
394
50.2
394
50.2333
394
50.2667
394
50.3
394
50.3333
394
50.3667
394
50.4
394
50.4333
394
50.4667
394
50.5
394
50.5333
394
50.5667
394
50.6
394
50.6333
394
50.6667
394
50.7
394
50.7333
394
50.7667
394
50.8
394
50.8333
394
50.8667
394
50.9
394
50.9333
394
50.9667
394
51
394
51.0333
394
51.0667
394
51.1
394
51.1333
394
51.1667
394
51.2
394
51.2333
394
51.2667
394
51.3
394
51.3333
394
51.3667
394
51.4
394
51.4333
394
51.4667
394
51.5
394
51.5333
394
51.5667
394
51.6
394
51.6333
394
51.6667
394
51.7
394
51.7333
394
51.7667
394
51.8
394
51.8333
394
51.8667
394
51.9
394
51.9333
394
51.9667
394
52
394
52.0333
394
52.0667
394
52.1
394
52.1333
394
52.1667
394
52.2
394
52.2333
394
52.2667
394
52.3
394
52.3333
394
52.3667
394
52.4
394
52.4333
394
52.4667
394
52.5
394
52.5333
394
52.5667
394
52.6
394
52.6333
394
52.6667
394
52.7
394
52.7333
394
52.7667
394
52.8
394
52.8333
394
52.8667
394
52.9
395
52.9333
395
52.9667
395
53
395
53.0333
395
53.0667
395
53.1
395
53.1333
395
53.1667
395
53.2
395
53.2333
395
53.2667
395
53.3
395
53.3333
395
