0
1
0.0333333
1
0.0666667
1
0.1
1
0.133333
1
0.166667
1
0.2
1
0.233333
1
0.266667
1
0.3
1
0.333333
1
0.366667
1
0.4
1
0.433333
1
0.466667
1
0.5
1
0.533333
1
0.566667
1
0.6
1
0.633333
1
0.666667
1
0.7
1
0.733333
1
0.766667
1
0.8
1
0.833333
1
0.866667
1
0.9
1
0.933333
1
0.966667
1
1
1
1.03333
1
1.06667
1
1.1
1
1.13333
1
1.16667
1
1.2
1
1.23333
1
1.26667
1
1.3
1
1.33333
1
1.36667
1
1.4
1
1.43333
1
1.46667
1
1.5
1
1.53333
1
1.56667
1
1.6
1
1.63333
1
1.66667
1
1.7
1
1.73333
1
1.76667
1
1.8
1
1.83333
1
1.86667
1
1.9
1
1.93333
1
1.96667
1
2
1
2.03333
1
2.06667
1
2.1
1
2.13333
1
2.16667
1
2.2
1
2.23333
1
2.26667
1
2.3
1
2.33333
1
2.36667
1
2.4
1
2.43333
1
2.46667
1
2.5
1
2.53333
1
2.56667
1
2.6
1
2.63333
1
2.66667
1
2.7
1
2.73333
1
2.76667
1
2.8
1
2.83333
1
2.86667
1
2.9
1
2.93333
1
2.96667
1
3
1
3.03333
1
3.06667
1
3.1
1
3.13333
1
3.16667
1
3.2
1
3.23333
1
3.26667
1
3.3
1
3.33333
1
3.36667
1
3.4
1
3.43333
1
3.46667
1
3.5
1
3.53333
1
3.56667
1
3.6
1
3.63333
1
3.66667
1
3.7
1
3.73333
1
3.76667
1
3.8
1
3.83333
1
3.86667
1
3.9
1
3.93333
1
3.96667
1
4
1
4.03333
1
4.06667
1
4.1
1
4.13333
1
4.16667
1
4.2
1
4.23333
1
4.26667
1
4.3
1
4.33333
1
4.36667
1
4.4
1
4.43333
1
4.46667
1
4.5
1
4.53333
1
4.56667
1
4.6
1
4.63333
1
4.66667
1
4.7
1
4.73333
1
4.76667
1
4.8
1
4.83333
2
4.86667
2
4.9
2
4.93333
2
4.96667
2
5
2
5.03333
2
5.06667
2
5.1
2
5.13333
2
5.16667
2
5.2
2
5.23333
2
5.26667
2
5.3
2
5.33333
2
5.36667
2
5.4
2
5.43333
2
5.46667
3
5.5
3
5.53333
3
5.56667
3
5.6
4
5.63333
4
5.66667
4
5.7
5
5.73333
5
5.76667
5
5.8
5
5.83333
5
5.86667
5
5.9
6
5.93333
6
5.96667
7
6
7
6.03333
7
6.06667
7
6.1
7
6.13333
7
6.16667
7
6.2
7
6.23333
7
6.26667
7
6.3
7
6.33333
7
6.36667
8
6.4
8
6.43333
8
6.46667
9
6.5
9
6.53333
10
6.56667
12
6.6
14
6.63333
18
6.66667
21
6.7
21
6.73333
22
6.76667
22
6.8
24
6.83333
25
6.86667
27
6.9
27
6.93333
27
6.96667
28
7
28
7.03333
30
7.06667
31
7.1
34
7.13333
34
7.16667
36
7.2
37
7.23333
37
7.26667
37
7.3
38
7.33333
38
7.36667
40
7.4
40
7.43333
43
7.46667
46
7.5
48
7.53333
49
7.56667
51
7.6
51
7.63333
51
7.66667
53
7.7
55
7.73333
57
7.76667
58
7.8
59
7.83333
64
7.86667
66
7.9
68
7.93333
70
7.96667
71
8
73
8.03333
75
8.06667
78
8.1
80
8.13333
81
8.16667
84
8.2
85
8.23333
86
8.26667
87
8.3
87
8.33333
87
8.36667
91
8.4
94
8.43333
95
8.46667
97
8.5
98
8.53333
100
8.56667
103
8.6
104
8.63333
104
8.66667
104
8.7
106
8.73333
108
8.76667
112
8.8
112
8.83333
112
8.86667
114
8.9
116
8.93333
117
8.96667
118
9
118
9.03333
121
9.06667
122
9.1
122
9.13333
123
9.16667
124
9.2
124
9.23333
125
9.26667
126
9.3
127
9.33333
128
9.36667
129
9.4
129
9.43333
130
9.46667
131
9.5
134
9.53333
134
9.56667
134
9.6
135
9.63333
136
9.66667
137
9.7
138
9.73333
138
9.76667
138
9.8
138
9.83333
138
9.86667
139
9.9
141
9.93333
141
9.96667
142
10
143
10.0333
144
10.0667
144
10.1
147
10.1333
148
10.1667
149
10.2
150
10.2333
150
10.2667
150
10.3
151
10.3333
151
10.3667
153
10.4
155
10.4333
155
10.4667
155
10.5
155
10.5333
155
10.5667
155
10.6
156
10.6333
156
10.6667
158
10.7
158
10.7333
159
10.7667
161
10.8
163
10.8333
164
10.8667
164
10.9
164
10.9333
164
10.9667
166
11
166
11.0333
166
11.0667
166
11.1
168
11.1333
169
11.1667
169
11.2
169
11.2333
169
11.2667
169
11.3
169
11.3333
169
11.3667
170
11.4
170
11.4333
171
11.4667
172
11.5
173
11.5333
174
11.5667
174
11.6
174
11.6333
176
11.6667
176
11.7
176
11.7333
176
11.7667
176
11.8
176
11.8333
176
11.8667
177
11.9
177
11.9333
178
11.9667
178
12
180
12.0333
182
12.0667
183
12.1
184
12.1333
184
12.1667
184
12.2
186
12.2333
188
12.2667
188
12.3
189
12.3333
190
12.3667
190
12.4
190
12.4333
191
12.4667
191
12.5
191
12.5333
191
12.5667
193
12.6
194
12.6333
196
12.6667
196
12.7
198
12.7333
199
12.7667
199
12.8
201
12.8333
202
12.8667
203
12.9
205
12.9333
206
12.9667
206
13
206
13.0333
206
13.0667
206
13.1
207
13.1333
207
13.1667
207
13.2
207
13.2333
207
13.2667
207
13.3
207
13.3333
207
13.3667
209
13.4
209
13.4333
209
13.4667
209
13.5
209
13.5333
209
13.5667
209
13.6
209
13.6333
211
13.6667
212
13.7
213
13.7333
213
13.7667
213
13.8
214
13.8333
214
13.8667
214
13.9
214
13.9333
214
13.9667
214
14
214
14.0333
214
14.0667
215
14.1
215
14.1333
215
14.1667
215
14.2
216
14.2333
217
14.2667
217
14.3
217
14.3333
220
14.3667
222
14.4
222
14.4333
222
14.4667
223
14.5
223
14.5333
223
14.5667
223
14.6
223
14.6333
224
14.6667
224
14.7
224
14.7333
226
14.7667
227
14.8
227
14.8333
228
14.8667
228
14.9
228
14.9333
230
14.9667
230
15
230
15.0333
231
15.0667
232
15.1
232
15.1333
232
15.1667
232
15.2
233
15.2333
233
15.2667
233
15.3
233
15.3333
234
15.3667
234
15.4
235
15.4333
235
15.4667
236
15.5
236
15.5333
236
15.5667
236
15.6
237
15.6333
237
15.6667
238
15.7
238
15.7333
238
15.7667
238
15.8
238
15.8333
238
15.8667
239
15.9
240
15.9333
240
15.9667
240
16
240
16.0333
240
16.0667
240
16.1
240
16.1333
240
16.1667
240
16.2
241
16.2333
243
16.2667
243
16.3
243
16.3333
243
16.3667
243
16.4
243
16.4333
243
16.4667
243
16.5
243
16.5333
243
16.5667
243
16.6
243
16.6333
244
16.6667
244
16.7
245
16.7333
245
16.7667
245
16.8
245
16.8333
245
16.8667
245
16.9
245
16.9333
245
16.9667
245
17
246
17.0333
247
17.0667
247
17.1
247
17.1333
247
17.1667
247
17.2
247
17.2333
249
17.2667
249
17.3
250
17.3333
251
17.3667
252
17.4
252
17.4333
253
17.4667
255
17.5
255
17.5333
256
17.5667
257
17.6
258
17.6333
259
17.6667
260
17.7
260
17.7333
260
17.7667
260
17.8
260
17.8333
260
17.8667
260
17.9
260
17.9333
260
17.9667
261
18
262
18.0333
262
18.0667
262
18.1
262
18.1333
263
18.1667
263
18.2
265
18.2333
265
18.2667
266
18.3
266
18.3333
266
18.3667
266
18.4
266
18.4333
266
18.4667
267
18.5
267
18.5333
268
18.5667
270
18.6
270
18.6333
271
18.6667
271
18.7
272
18.7333
272
18.7667
272
18.8
273
18.8333
273
18.8667
273
18.9
275
18.9333
276
18.9667
276
19
276
19.0333
276
19.0667
276
19.1
276
19.1333
277
19.1667
277
19.2
277
19.2333
277
19.2667
278
19.3
278
19.3333
278
19.3667
278
19.4
279
19.4333
279
19.4667
279
19.5
279
19.5333
279
19.5667
279
19.6
279
19.6333
281
19.6667
281
19.7
281
19.7333
281
19.7667
281
19.8
281
19.8333
281
19.8667
281
19.9
281
19.9333
281
19.9667
282
20
282
20.0333
282
20.0667
283
20.1
283
20.1333
283
20.1667
283
20.2
283
20.2333
284
20.2667
284
20.3
284
20.3333
284
20.3667
284
20.4
284
20.4333
284
20.4667
284
20.5
285
20.5333
285
20.5667
285
20.6
285
20.6333
285
20.6667
285
20.7
285
20.7333
285
20.7667
286
20.8
286
20.8333
286
20.8667
286
20.9
286
20.9333
286
20.9667
286
21
287
21.0333
287
21.0667
287
21.1
287
21.1333
287
21.1667
287
21.2
287
21.2333
287
21.2667
287
21.3
288
21.3333
288
21.3667
288
21.4
288
21.4333
290
21.4667
290
21.5
290
21.5333
291
21.5667
293
21.6
294
21.6333
294
21.6667
294
21.7
294
21.7333
294
21.7667
294
21.8
294
21.8333
294
21.8667
295
21.9
295
21.9333
295
21.9667
296
22
296
22.0333
296
22.0667
296
22.1
296
22.1333
296
22.1667
297
22.2
297
22.2333
298
22.2667
298
22.3
298
22.3333
300
22.3667
300
22.4
300
22.4333
301
22.4667
301
22.5
301
22.5333
301
22.5667
302
22.6
303
22.6333
303
22.6667
303
22.7
304
22.7333
304
22.7667
304
22.8
304
22.8333
305
22.8667
305
22.9
306
22.9333
306
22.9667
306
23
307
23.0333
308
23.0667
309
23.1
309
23.1333
309
23.1667
310
23.2
311
23.2333
311
23.2667
311
23.3
312
23.3333
313
23.3667
314
23.4
315
23.4333
315
23.4667
315
23.5
316
23.5333
317
23.5667
318
23.6
318
23.6333
318
23.6667
319
23.7
320
23.7333
320
23.7667
320
23.8
320
23.8333
321
23.8667
321
23.9
321
23.9333
322
23.9667
322
24
325
24.0333
326
24.0667
326
24.1
326
24.1333
327
24.1667
327
24.2
327
24.2333
327
24.2667
328
24.3
328
24.3333
328
24.3667
328
24.4
328
24.4333
329
24.4667
329
24.5
329
24.5333
329
24.5667
329
24.6
330
24.6333
330
24.6667
330
24.7
330
24.7333
330
24.7667
330
24.8
330
24.8333
330
24.8667
330
24.9
330
24.9333
331
24.9667
333
25
333
25.0333
333
25.0667
333
25.1
333
25.1333
334
25.1667
335
25.2
335
25.2333
335
25.2667
336
25.3
338
25.3333
338
25.3667
338
25.4
338
25.4333
338
25.4667
339
25.5
340
25.5333
340
25.5667
340
25.6
340
25.6333
340
25.6667
340
25.7
341
25.7333
341
25.7667
342
25.8
342
25.8333
344
25.8667
344
25.9
344
25.9333
346
25.9667
346
26
347
26.0333
348
26.0667
349
26.1
349
26.1333
349
26.1667
349
26.2
349
26.2333
350
26.2667
351
26.3
352
26.3333
353
26.3667
354
26.4
354
26.4333
355
26.4667
355
26.5
355
26.5333
355
26.5667
355
26.6
355
26.6333
355
26.6667
355
26.7
355
26.7333
355
26.7667
355
26.8
356
26.8333
356
26.8667
356
26.9
356
26.9333
356
26.9667
356
27
357
27.0333
357
27.0667
357
27.1
357
27.1333
357
27.1667
357
27.2
358
27.2333
359
27.2667
360
27.3
360
27.3333
361
27.3667
361
27.4
361
27.4333
361
27.4667
361
27.5
361
27.5333
361
27.5667
361
27.6
361
27.6333
361
27.6667
361
27.7
361
27.7333
361
27.7667
361
27.8
361
27.8333
361
27.8667
361
27.9
361
27.9333
361
27.9667
361
28
361
28.0333
361
28.0667
361
28.1
361
28.1333
361
28.1667
361
28.2
361
28.2333
361
28.2667
361
28.3
362
28.3333
362
28.3667
363
28.4
363
28.4333
363
28.4667
363
28.5
363
28.5333
364
28.5667
364
28.6
364
28.6333
365
28.6667
365
28.7
365
28.7333
365
28.7667
365
28.8
365
28.8333
365
28.8667
366
28.9
366
28.9333
366
28.9667
366
29
366
29.0333
366
29.0667
366
29.1
366
29.1333
366
29.1667
366
29.2
366
29.2333
368
29.2667
368
29.3
368
29.3333
368
29.3667
368
29.4
368
29.4333
368
29.4667
368
29.5
368
29.5333
368
29.5667
368
29.6
369
29.6333
369
29.6667
369
29.7
369
29.7333
369
29.7667
369
29.8
369
29.8333
369
29.8667
369
29.9
369
29.9333
369
29.9667
369
30
369
30.0333
369
30.0667
369
30.1
369
30.1333
369
30.1667
369
30.2
369
30.2333
369
30.2667
369
30.3
369
30.3333
369
30.3667
369
30.4
369
30.4333
369
30.4667
369
30.5
369
30.5333
369
30.5667
369
30.6
369
30.6333
369
30.6667
369
30.7
369
30.7333
369
30.7667
369
30.8
369
30.8333
369
30.8667
370
30.9
370
30.9333
370
30.9667
370
31
370
31.0333
370
31.0667
370
31.1
370
31.1333
370
31.1667
370
31.2
371
31.2333
371
31.2667
371
31.3
371
31.3333
371
31.3667
371
31.4
371
31.4333
371
31.4667
371
31.5
371
31.5333
372
31.5667
372
31.6
372
31.6333
372
31.6667
372
31.7
372
31.7333
372
31.7667
372
31.8
372
31.8333
372
31.8667
372
31.9
372
31.9333
372
31.9667
372
32
372
32.0333
372
32.0667
374
32.1
374
32.1333
374
32.1667
374
32.2
374
32.2333
376
32.2667
377
32.3
377
32.3333
377
32.3667
377
32.4
377
32.4333
377
32.4667
377
32.5
377
32.5333
377
32.5667
377
32.6
377
32.6333
377
32.6667
377
32.7
377
32.7333
377
32.7667
377
32.8
377
32.8333
378
32.8667
378
32.9
378
32.9333
378
32.9667
378
33
378
33.0333
378
33.0667
378
33.1
379
33.1333
379
33.1667
379
33.2
379
33.2333
379
33.2667
380
33.3
380
33.3333
381
33.3667
381
33.4
381
33.4333
381
33.4667
381
33.5
381
33.5333
382
33.5667
382
33.6
382
33.6333
382
33.6667
382
33.7
382
33.7333
382
33.7667
382
33.8
382
33.8333
382
33.8667
382
33.9
382
33.9333
382
33.9667
383
34
383
34.0333
383
34.0667
383
34.1
383
34.1333
383
34.1667
383
34.2
383
34.2333
383
34.2667
383
34.3
383
34.3333
383
34.3667
383
34.4
383
34.4333
383
34.4667
383
34.5
383
34.5333
383
34.5667
383
34.6
383
34.6333
383
34.6667
383
34.7
383
34.7333
383
34.7667
383
34.8
383
34.8333
383
34.8667
383
34.9
383
34.9333
383
34.9667
383
35
383
35.0333
383
35.0667
383
35.1
383
35.1333
383
35.1667
383
35.2
383
35.2333
383
35.2667
383
35.3
383
35.3333
383
35.3667
383
35.4
383
35.4333
383
35.4667
383
35.5
383
35.5333
383
35.5667
383
35.6
383
35.6333
384
35.6667
384
35.7
384
35.7333
384
35.7667
385
35.8
385
35.8333
385
35.8667
385
35.9
385
35.9333
385
35.9667
385
36
385
36.0333
385
36.0667
385
36.1
386
36.1333
386
36.1667
386
36.2
386
36.2333
386
36.2667
386
36.3
386
36.3333
386
36.3667
386
36.4
386
36.4333
386
36.4667
386
36.5
386
36.5333
386
36.5667
386
36.6
386
36.6333
386
36.6667
386
36.7
387
36.7333
387
36.7667
387
36.8
387
36.8333
387
36.8667
387
36.9
387
36.9333
387
36.9667
387
37
387
37.0333
387
37.0667
387
37.1
387
37.1333
387
37.1667
387
37.2
387
37.2333
387
37.2667
388
37.3
388
37.3333
388
37.3667
388
37.4
389
37.4333
389
37.4667
389
37.5
389
37.5333
390
37.5667
390
37.6
390
37.6333
390
37.6667
390
37.7
391
37.7333
391
37.7667
391
37.8
391
37.8333
391
37.8667
391
37.9
391
37.9333
392
37.9667
392
38
392
38.0333
392
38.0667
392
38.1
392
38.1333
392
38.1667
392
38.2
392
38.2333
392
38.2667
392
38.3
392
38.3333
392
38.3667
392
38.4
392
38.4333
392
38.4667
392
38.5
393
38.5333
393
38.5667
393
38.6
393
38.6333
393
38.6667
393
38.7
393
38.7333
393
38.7667
394
38.8
395
38.8333
395
38.8667
395
38.9
395
38.9333
396
38.9667
396
39
396
39.0333
396
39.0667
396
39.1
396
39.1333
396
39.1667
396
39.2
396
39.2333
396
39.2667
396
39.3
396
39.3333
396
39.3667
396
39.4
396
39.4333
396
39.4667
396
39.5
396
39.5333
396
39.5667
396
39.6
396
39.6333
396
39.6667
396
39.7
396
39.7333
396
39.7667
396
39.8
396
39.8333
396
39.8667
396
39.9
396
39.9333
396
39.9667
396
40
396
40.0333
396
40.0667
396
40.1
396
40.1333
396
40.1667
396
40.2
396
40.2333
396
40.2667
396
40.3
396
40.3333
396
40.3667
396
40.4
396
40.4333
396
40.4667
396
40.5
396
40.5333
396
40.5667
396
40.6
396
40.6333
396
40.6667
396
40.7
396
40.7333
396
40.7667
396
40.8
396
40.8333
396
40.8667
396
40.9
396
40.9333
396
40.9667
396
41
396
41.0333
396
41.0667
396
41.1
396
41.1333
396
41.1667
396
41.2
396
41.2333
396
41.2667
396
41.3
396
41.3333
396
41.3667
396
41.4
397
41.4333
397
41.4667
397
41.5
397
41.5333
397
41.5667
397
41.6
397
41.6333
397
41.6667
397
41.7
397
41.7333
397
41.7667
397
41.8
397
41.8333
397
41.8667
397
41.9
397
41.9333
397
41.9667
397
42
397
42.0333
397
42.0667
397
42.1
397
42.1333
397
42.1667
397
42.2
397
42.2333
397
42.2667
397
42.3
397
42.3333
397
42.3667
397
42.4
397
42.4333
397
42.4667
397
42.5
397
42.5333
397
42.5667
397
42.6
397
42.6333
397
42.6667
397
42.7
397
42.7333
397
42.7667
397
42.8
398
42.8333
398
42.8667
398
42.9
399
42.9333
399
42.9667
400
43
400
43.0333
400
43.0667
400
43.1
400
43.1333
400
43.1667
400
43.2
400
43.2333
400
43.2667
400
43.3
400
43.3333
400
43.3667
400
43.4
400
43.4333
400
43.4667
400
43.5
400
43.5333
400
43.5667
400
43.6
401
43.6333
401
43.6667
401
43.7
401
43.7333
401
43.7667
401
43.8
401
43.8333
402
43.8667
402
43.9
402
43.9333
402
43.9667
402
44
402
44.0333
402
44.0667
402
44.1
402
44.1333
402
44.1667
402
44.2
402
44.2333
402
44.2667
402
44.3
402
44.3333
402
44.3667
402
44.4
402
44.4333
402
44.4667
402
44.5
402
44.5333
402
44.5667
402
44.6
402
44.6333
402
44.6667
402
44.7
402
44.7333
402
44.7667
402
44.8
402
44.8333
402
44.8667
402
44.9
402
44.9333
402
44.9667
402
45
402
45.0333
402
45.0667
402
45.1
402
45.1333
402
45.1667
402
45.2
402
45.2333
402
45.2667
402
45.3
402
45.3333
402
45.3667
402
45.4
402
45.4333
402
45.4667
402
45.5
402
45.5333
402
45.5667
402
45.6
402
45.6333
403
45.6667
403
45.7
403
45.7333
403
45.7667
403
45.8
403
45.8333
403
45.8667
403
45.9
403
45.9333
403
45.9667
403
46
403
46.0333
403
46.0667
403
46.1
403
46.1333
403
46.1667
403
46.2
403
46.2333
403
46.2667
403
46.3
403
46.3333
403
46.3667
403
46.4
403
46.4333
403
46.4667
403
46.5
403
46.5333
403
46.5667
403
46.6
403
46.6333
403
46.6667
403
46.7
403
46.7333
403
46.7667
403
46.8
403
46.8333
403
46.8667
403
46.9
403
46.9333
403
46.9667
403
47
403
47.0333
403
47.0667
403
47.1
403
47.1333
403
47.1667
403
47.2
403
47.2333
403
47.2667
404
47.3
404
47.3333
404
47.3667
404
47.4
404
47.4333
404
47.4667
404
47.5
404
47.5333
404
47.5667
404
47.6
404
47.6333
404
47.6667
404
47.7
404
47.7333
404
47.7667
404
47.8
405
47.8333
405
47.8667
405
47.9
405
47.9333
405
47.9667
405
48
405
48.0333
405
48.0667
405
48.1
405
48.1333
405
48.1667
405
48.2
406
48.2333
406
48.2667
406
48.3
406
48.3333
406
48.3667
406
48.4
406
48.4333
406
48.4667
406
48.5
406
48.5333
406
48.5667
406
48.6
406
48.6333
406
48.6667
406
48.7
406
48.7333
406
48.7667
406
48.8
406
48.8333
406
48.8667
406
48.9
406
48.9333
406
48.9667
406
49
406
49.0333
406
49.0667
406
49.1
406
49.1333
406
49.1667
406
49.2
406
49.2333
406
49.2667
406
49.3
406
49.3333
406
49.3667
406
49.4
406
49.4333
406
49.4667
406
49.5
406
49.5333
406
49.5667
406
49.6
406
49.6333
406
49.6667
406
49.7
406
49.7333
406
49.7667
406
49.8
406
49.8333
406
49.8667
406
49.9
406
49.9333
406
49.9667
407
50
407
50.0333
407
50.0667
407
50.1
407
50.1333
407
50.1667
407
50.2
409
50.2333
409
50.2667
409
50.3
409
50.3333
409
50.3667
409
50.4
409
50.4333
409
50.4667
409
50.5
409
50.5333
409
50.5667
410
50.6
411
50.6333
411
50.6667
411
50.7
411
50.7333
411
50.7667
411
50.8
411
50.8333
411
50.8667
412
50.9
412
50.9333
412
50.9667
412
51
412
51.0333
412
51.0667
412
51.1
412
51.1333
412
51.1667
412
51.2
412
51.2333
412
51.2667
412
51.3
412
51.3333
412
51.3667
412
51.4
412
51.4333
412
51.4667
412
51.5
412
51.5333
412
51.5667
412
51.6
412
51.6333
412
51.6667
412
51.7
412
51.7333
412
51.7667
412
51.8
412
51.8333
412
51.8667
412
51.9
412
51.9333
412
51.9667
412
52
412
52.0333
412
52.0667
412
52.1
412
52.1333
412
52.1667
412
52.2
412
52.2333
412
52.2667
412
52.3
412
52.3333
412
52.3667
412
52.4
412
52.4333
412
52.4667
412
52.5
412
52.5333
412
52.5667
412
52.6
412
52.6333
412
52.6667
412
52.7
412
52.7333
412
52.7667
412
52.8
412
52.8333
412
52.8667
412
52.9
413
52.9333
413
52.9667
413
53
413
53.0333
413
53.0667
413
53.1
413
53.1333
413
53.1667
413
53.2
413
53.2333
413
53.2667
413
53.3
413
53.3333
413
