0
1
0.0333333
1
0.0666667
1
0.1
1
0.133333
1
0.166667
1
0.2
1
0.233333
1
0.266667
1
0.3
1
0.333333
1
0.366667
1
0.4
1
0.433333
1
0.466667
1
0.5
1
0.533333
1
0.566667
1
0.6
1
0.633333
1
0.666667
1
0.7
1
0.733333
1
0.766667
1
0.8
1
0.833333
1
0.866667
1
0.9
1
0.933333
1
0.966667
1
1
1
1.03333
1
1.06667
1
1.1
1
1.13333
1
1.16667
1
1.2
1
1.23333
1
1.26667
1
1.3
1
1.33333
1
1.36667
1
1.4
1
1.43333
1
1.46667
1
1.5
1
1.53333
1
1.56667
1
1.6
1
1.63333
1
1.66667
1
1.7
1
1.73333
1
1.76667
1
1.8
1
1.83333
1
1.86667
1
1.9
1
1.93333
1
1.96667
1
2
1
2.03333
1
2.06667
1
2.1
1
2.13333
1
2.16667
1
2.2
1
2.23333
1
2.26667
1
2.3
1
2.33333
1
2.36667
1
2.4
1
2.43333
1
2.46667
1
2.5
1
2.53333
1
2.56667
1
2.6
1
2.63333
1
2.66667
1
2.7
1
2.73333
1
2.76667
1
2.8
1
2.83333
1
2.86667
1
2.9
1
2.93333
1
2.96667
1
3
1
3.03333
1
3.06667
1
3.1
1
3.13333
1
3.16667
1
3.2
1
3.23333
1
3.26667
1
3.3
1
3.33333
1
3.36667
1
3.4
1
3.43333
1
3.46667
1
3.5
1
3.53333
1
3.56667
1
3.6
1
3.63333
1
3.66667
1
3.7
1
3.73333
1
3.76667
1
3.8
1
3.83333
1
3.86667
1
3.9
1
3.93333
1
3.96667
1
4
1
4.03333
1
4.06667
1
4.1
1
4.13333
1
4.16667
1
4.2
1
4.23333
1
4.26667
1
4.3
1
4.33333
1
4.36667
1
4.4
1
4.43333
1
4.46667
1
4.5
1
4.53333
1
4.56667
1
4.6
1
4.63333
1
4.66667
1
4.7
1
4.73333
1
4.76667
1
4.8
1
4.83333
1
4.86667
1
4.9
1
4.93333
1
4.96667
1
5
1
5.03333
1
5.06667
1
5.1
1
5.13333
1
5.16667
1
5.2
1
5.23333
1
5.26667
1
5.3
1
5.33333
1
5.36667
1
5.4
1
5.43333
1
5.46667
1
5.5
1
5.53333
1
5.56667
1
5.6
1
5.63333
1
5.66667
1
5.7
1
5.73333
1
5.76667
1
5.8
1
5.83333
1
5.86667
1
5.9
1
5.93333
1
5.96667
1
6
1
6.03333
1
6.06667
1
6.1
1
6.13333
2
6.16667
2
6.2
2
6.23333
3
6.26667
3
6.3
3
6.33333
3
6.36667
3
6.4
3
6.43333
4
6.46667
4
6.5
4
6.53333
4
6.56667
4
6.6
4
6.63333
4
6.66667
4
6.7
5
6.73333
5
6.76667
5
6.8
7
6.83333
7
6.86667
7
6.9
7
6.93333
7
6.96667
7
7
7
7.03333
7
7.06667
7
7.1
7
7.13333
7
7.16667
8
7.2
8
7.23333
10
7.26667
10
7.3
10
7.33333
11
7.36667
15
7.4
15
7.43333
17
7.46667
17
7.5
17
7.53333
17
7.56667
20
7.6
21
7.63333
22
7.66667
23
7.7
26
7.73333
26
7.76667
26
7.8
26
7.83333
26
7.86667
27
7.9
27
7.93333
27
7.96667
29
8
29
8.03333
31
8.06667
31
8.1
33
8.13333
33
8.16667
34
8.2
35
8.23333
36
8.26667
36
8.3
36
8.33333
36
8.36667
37
8.4
37
8.43333
37
8.46667
37
8.5
38
8.53333
38
8.56667
38
8.6
39
8.63333
39
8.66667
39
8.7
40
8.73333
41
8.76667
41
8.8
41
8.83333
41
8.86667
41
8.9
41
8.93333
41
8.96667
41
9
41
9.03333
41
9.06667
41
9.1
41
9.13333
41
9.16667
41
9.2
41
9.23333
41
9.26667
42
9.3
43
9.33333
43
9.36667
43
9.4
43
9.43333
43
9.46667
43
9.5
43
9.53333
43
9.56667
43
9.6
43
9.63333
43
9.66667
43
9.7
43
9.73333
43
9.76667
43
9.8
43
9.83333
43
9.86667
43
9.9
43
9.93333
43
9.96667
43
10
43
10.0333
43
10.0667
43
10.1
43
10.1333
43
10.1667
44
10.2
44
10.2333
44
10.2667
44
10.3
45
10.3333
45
10.3667
45
10.4
45
10.4333
45
10.4667
45
10.5
45
10.5333
45
10.5667
45
10.6
45
10.6333
45
10.6667
45
10.7
46
10.7333
46
10.7667
46
10.8
46
10.8333
46
10.8667
46
10.9
46
10.9333
46
10.9667
46
11
46
11.0333
47
11.0667
47
11.1
47
11.1333
47
11.1667
47
11.2
47
11.2333
47
11.2667
47
11.3
47
11.3333
47
11.3667
47
11.4
47
11.4333
47
11.4667
47
11.5
47
11.5333
47
11.5667
48
11.6
48
11.6333
49
11.6667
49
11.7
49
11.7333
49
11.7667
49
11.8
49
11.8333
49
11.8667
49
11.9
50
11.9333
50
11.9667
50
12
50
12.0333
50
12.0667
50
12.1
50
12.1333
50
12.1667
50
12.2
50
12.2333
50
12.2667
50
12.3
50
12.3333
50
12.3667
50
12.4
50
12.4333
50
12.4667
50
12.5
50
12.5333
50
12.5667
50
12.6
50
12.6333
50
12.6667
50
12.7
50
12.7333
50
12.7667
50
12.8
50
12.8333
50
12.8667
50
12.9
51
12.9333
51
12.9667
52
13
52
13.0333
52
13.0667
52
13.1
52
13.1333
52
13.1667
52
13.2
52
13.2333
53
13.2667
53
13.3
53
13.3333
53
13.3667
53
13.4
53
13.4333
54
13.4667
54
13.5
54
13.5333
54
13.5667
54
13.6
54
13.6333
54
13.6667
55
13.7
55
13.7333
55
13.7667
56
13.8
56
13.8333
56
13.8667
56
13.9
56
13.9333
56
13.9667
57
14
57
14.0333
57
14.0667
57
14.1
57
14.1333
57
14.1667
58
14.2
58
14.2333
58
14.2667
58
14.3
58
14.3333
58
14.3667
58
14.4
58
14.4333
58
14.4667
59
14.5
59
14.5333
60
14.5667
60
14.6
61
14.6333
61
14.6667
61
14.7
61
14.7333
61
14.7667
61
14.8
61
14.8333
61
14.8667
61
14.9
61
14.9333
61
14.9667
61
15
61
15.0333
61
15.0667
61
15.1
61
15.1333
61
15.1667
62
15.2
62
15.2333
62
15.2667
62
15.3
62
15.3333
62
15.3667
62
15.4
63
15.4333
63
15.4667
63
15.5
63
15.5333
63
15.5667
63
15.6
63
15.6333
63
15.6667
63
15.7
63
15.7333
63
15.7667
63
15.8
63
15.8333
63
15.8667
63
15.9
63
15.9333
63
15.9667
63
16
63
16.0333
63
16.0667
63
16.1
63
16.1333
63
16.1667
63
16.2
63
16.2333
63
16.2667
63
16.3
63
16.3333
63
16.3667
63
16.4
63
16.4333
63
16.4667
63
16.5
63
16.5333
64
16.5667
64
16.6
64
16.6333
64
16.6667
64
16.7
64
16.7333
64
16.7667
64
16.8
64
16.8333
64
16.8667
65
16.9
65
16.9333
65
16.9667
65
17
65
17.0333
65
17.0667
65
17.1
65
17.1333
65
17.1667
65
17.2
65
17.2333
65
17.2667
65
17.3
65
17.3333
66
17.3667
66
17.4
66
17.4333
66
17.4667
66
17.5
66
17.5333
66
17.5667
66
17.6
66
17.6333
66
17.6667
67
17.7
67
17.7333
67
17.7667
67
17.8
67
17.8333
67
17.8667
67
17.9
67
17.9333
67
17.9667
67
18
67
18.0333
67
18.0667
67
18.1
67
18.1333
67
18.1667
67
18.2
68
18.2333
68
18.2667
68
18.3
68
18.3333
69
18.3667
69
18.4
71
18.4333
71
18.4667
71
18.5
72
18.5333
72
18.5667
72
18.6
72
18.6333
72
18.6667
73
18.7
73
18.7333
73
18.7667
73
18.8
73
18.8333
73
18.8667
73
18.9
73
18.9333
73
18.9667
73
19
73
19.0333
73
19.0667
73
19.1
73
19.1333
73
19.1667
73
19.2
73
19.2333
73
19.2667
73
19.3
73
19.3333
74
19.3667
74
19.4
74
19.4333
74
19.4667
74
19.5
74
19.5333
74
19.5667
74
19.6
74
19.6333
74
19.6667
74
19.7
74
19.7333
74
19.7667
75
19.8
75
19.8333
75
19.8667
75
19.9
75
19.9333
75
19.9667
75
20
75
20.0333
75
20.0667
75
20.1
75
20.1333
75
20.1667
76
20.2
76
20.2333
76
20.2667
76
20.3
76
20.3333
76
20.3667
76
20.4
76
20.4333
77
20.4667
77
20.5
77
20.5333
77
20.5667
77
20.6
77
20.6333
78
20.6667
78
20.7
78
20.7333
78
20.7667
78
20.8
78
20.8333
78
20.8667
78
20.9
78
20.9333
78
20.9667
78
21
78
21.0333
78
21.0667
78
21.1
78
21.1333
78
21.1667
78
21.2
78
21.2333
78
21.2667
78
21.3
78
21.3333
79
21.3667
79
21.4
79
21.4333
79
21.4667
79
21.5
79
21.5333
79
21.5667
79
21.6
79
21.6333
79
21.6667
79
21.7
79
21.7333
79
21.7667
79
21.8
79
21.8333
80
21.8667
80
21.9
80
21.9333
80
21.9667
80
22
80
22.0333
80
22.0667
80
22.1
80
22.1333
80
22.1667
81
22.2
81
22.2333
81
22.2667
81
22.3
81
22.3333
81
22.3667
81
22.4
81
22.4333
81
22.4667
81
22.5
81
22.5333
81
22.5667
81
22.6
81
22.6333
81
22.6667
81
22.7
81
22.7333
81
22.7667
81
22.8
81
22.8333
81
22.8667
81
22.9
81
22.9333
81
22.9667
81
23
81
23.0333
81
23.0667
81
23.1
81
23.1333
81
23.1667
81
23.2
81
23.2333
81
23.2667
81
23.3
81
23.3333
81
23.3667
81
23.4
81
23.4333
81
23.4667
81
23.5
81
23.5333
81
23.5667
81
23.6
81
23.6333
81
23.6667
81
23.7
81
23.7333
81
23.7667
81
23.8
81
23.8333
81
23.8667
81
23.9
81
23.9333
81
23.9667
81
24
81
24.0333
81
24.0667
81
24.1
81
24.1333
81
24.1667
81
24.2
81
24.2333
81
24.2667
81
24.3
81
24.3333
81
24.3667
81
24.4
81
24.4333
81
24.4667
81
24.5
81
24.5333
81
24.5667
81
24.6
81
24.6333
81
24.6667
81
24.7
81
24.7333
81
24.7667
81
24.8
82
24.8333
82
24.8667
82
24.9
82
24.9333
82
24.9667
82
25
82
25.0333
82
25.0667
82
25.1
82
25.1333
82
25.1667
82
25.2
82
25.2333
82
25.2667
82
25.3
82
25.3333
82
25.3667
82
25.4
82
25.4333
82
25.4667
82
25.5
82
25.5333
82
25.5667
82
25.6
82
25.6333
82
25.6667
82
25.7
82
25.7333
82
25.7667
82
25.8
82
25.8333
82
25.8667
82
25.9
82
25.9333
82
25.9667
82
26
82
26.0333
82
26.0667
82
26.1
82
26.1333
82
26.1667
82
26.2
82
26.2333
82
26.2667
83
26.3
83
26.3333
83
26.3667
83
26.4
83
26.4333
83
26.4667
83
26.5
83
26.5333
83
26.5667
83
26.6
83
26.6333
83
26.6667
83
26.7
83
26.7333
84
26.7667
84
26.8
84
26.8333
84
26.8667
84
26.9
84
26.9333
84
26.9667
84
27
84
27.0333
84
27.0667
84
27.1
84
27.1333
84
27.1667
84
27.2
84
27.2333
84
27.2667
84
27.3
85
27.3333
85
27.3667
85
27.4
86
27.4333
86
27.4667
86
27.5
86
27.5333
86
27.5667
86
27.6
86
27.6333
86
27.6667
86
27.7
86
27.7333
86
27.7667
86
27.8
86
27.8333
86
27.8667
86
27.9
86
27.9333
86
27.9667
86
28
86
28.0333
86
28.0667
86
28.1
86
28.1333
86
28.1667
86
28.2
86
28.2333
86
28.2667
86
28.3
86
28.3333
86
28.3667
86
28.4
86
28.4333
86
28.4667
86
28.5
86
28.5333
86
28.5667
86
28.6
86
28.6333
86
28.6667
86
28.7
87
28.7333
87
28.7667
87
28.8
87
28.8333
87
28.8667
87
28.9
87
28.9333
88
28.9667
88
29
88
29.0333
88
29.0667
88
29.1
88
29.1333
88
29.1667
88
29.2
88
29.2333
88
29.2667
88
29.3
89
29.3333
89
29.3667
89
29.4
89
29.4333
89
29.4667
90
29.5
90
29.5333
90
29.5667
90
29.6
90
29.6333
90
29.6667
90
29.7
91
29.7333
91
29.7667
91
29.8
91
29.8333
91
29.8667
91
29.9
91
29.9333
91
29.9667
91
30
91
30.0333
91
30.0667
91
30.1
91
30.1333
91
30.1667
91
30.2
91
30.2333
91
30.2667
91
30.3
91
30.3333
91
30.3667
91
30.4
91
30.4333
91
30.4667
91
30.5
91
30.5333
91
30.5667
91
30.6
91
30.6333
91
30.6667
91
30.7
91
30.7333
91
30.7667
91
30.8
91
30.8333
91
30.8667
91
30.9
91
30.9333
91
30.9667
91
31
91
31.0333
91
31.0667
92
31.1
92
31.1333
92
31.1667
92
31.2
92
31.2333
93
31.2667
93
31.3
93
31.3333
93
31.3667
93
31.4
93
31.4333
93
31.4667
93
31.5
93
31.5333
93
31.5667
93
31.6
93
31.6333
93
31.6667
94
31.7
94
31.7333
94
31.7667
94
31.8
94
31.8333
94
31.8667
94
31.9
94
31.9333
94
31.9667
94
32
94
32.0333
94
32.0667
94
32.1
94
32.1333
94
32.1667
94
32.2
94
32.2333
94
32.2667
94
32.3
94
32.3333
94
32.3667
94
32.4
94
32.4333
94
32.4667
94
32.5
94
32.5333
95
32.5667
95
32.6
95
32.6333
95
32.6667
95
32.7
95
32.7333
95
32.7667
95
32.8
95
32.8333
95
32.8667
95
32.9
95
32.9333
95
32.9667
95
33
95
33.0333
95
33.0667
95
33.1
95
33.1333
95
33.1667
95
33.2
95
33.2333
95
33.2667
95
33.3
95
33.3333
95
33.3667
95
33.4
95
33.4333
95
33.4667
95
33.5
95
33.5333
95
33.5667
95
33.6
95
33.6333
95
33.6667
95
33.7
95
33.7333
95
33.7667
95
33.8
95
33.8333
95
33.8667
95
33.9
95
33.9333
95
33.9667
95
34
95
34.0333
95
34.0667
95
34.1
95
34.1333
95
34.1667
95
34.2
95
34.2333
95
34.2667
95
34.3
95
34.3333
95
34.3667
95
34.4
95
34.4333
95
34.4667
95
34.5
95
34.5333
95
34.5667
95
34.6
95
34.6333
95
34.6667
95
34.7
95
34.7333
95
34.7667
95
34.8
95
34.8333
95
34.8667
95
34.9
95
34.9333
95
34.9667
95
35
95
35.0333
95
35.0667
95
35.1
95
35.1333
95
35.1667
95
35.2
95
35.2333
95
35.2667
95
35.3
95
35.3333
95
35.3667
95
35.4
96
35.4333
96
35.4667
96
35.5
96
35.5333
96
35.5667
96
35.6
96
35.6333
96
35.6667
96
35.7
96
35.7333
96
35.7667
96
35.8
96
35.8333
96
35.8667
96
35.9
96
35.9333
96
35.9667
96
36
96
36.0333
96
36.0667
96
36.1
96
36.1333
96
36.1667
96
36.2
96
36.2333
96
36.2667
96
36.3
96
36.3333
96
36.3667
96
36.4
96
36.4333
96
36.4667
96
36.5
96
36.5333
96
36.5667
96
36.6
96
36.6333
96
36.6667
96
36.7
96
36.7333
96
36.7667
96
36.8
96
36.8333
96
36.8667
96
36.9
96
36.9333
96
36.9667
96
37
96
37.0333
96
37.0667
96
37.1
96
37.1333
96
37.1667
96
37.2
96
37.2333
96
37.2667
96
37.3
96
37.3333
96
37.3667
96
37.4
96
37.4333
96
37.4667
96
37.5
96
37.5333
96
37.5667
96
37.6
96
37.6333
96
37.6667
96
37.7
96
37.7333
96
37.7667
96
37.8
96
37.8333
96
37.8667
96
37.9
96
37.9333
96
37.9667
96
38
96
38.0333
96
38.0667
96
38.1
96
38.1333
96
38.1667
96
38.2
96
38.2333
96
38.2667
96
38.3
96
38.3333
96
38.3667
96
38.4
96
38.4333
96
38.4667
96
38.5
96
38.5333
96
38.5667
96
38.6
96
38.6333
96
38.6667
96
38.7
96
38.7333
96
38.7667
96
38.8
96
38.8333
96
38.8667
96
38.9
96
38.9333
96
38.9667
96
39
96
39.0333
96
39.0667
96
39.1
96
39.1333
96
39.1667
96
39.2
96
39.2333
96
39.2667
96
39.3
96
39.3333
96
39.3667
96
39.4
96
39.4333
96
39.4667
96
39.5
96
39.5333
96
39.5667
96
39.6
96
39.6333
96
39.6667
96
39.7
96
39.7333
96
39.7667
96
39.8
97
39.8333
97
39.8667
97
39.9
97
39.9333
97
39.9667
97
40
97
40.0333
97
40.0667
97
40.1
97
40.1333
97
40.1667
97
40.2
97
40.2333
97
40.2667
97
40.3
97
40.3333
97
40.3667
97
40.4
97
40.4333
97
40.4667
97
40.5
97
40.5333
97
40.5667
97
40.6
97
40.6333
97
40.6667
97
40.7
97
40.7333
97
40.7667
97
40.8
97
40.8333
97
40.8667
97
40.9
97
40.9333
97
40.9667
97
41
97
41.0333
97
41.0667
97
41.1
97
41.1333
97
41.1667
97
41.2
97
41.2333
97
41.2667
97
41.3
97
41.3333
97
41.3667
97
41.4
97
41.4333
97
41.4667
97
41.5
97
41.5333
97
41.5667
97
41.6
97
41.6333
97
41.6667
97
41.7
97
41.7333
97
41.7667
97
41.8
97
41.8333
97
41.8667
97
41.9
97
41.9333
97
41.9667
97
42
97
42.0333
97
42.0667
97
42.1
97
42.1333
97
42.1667
97
42.2
97
42.2333
97
42.2667
97
42.3
97
42.3333
97
42.3667
97
42.4
97
42.4333
97
42.4667
97
42.5
97
42.5333
97
42.5667
97
42.6
97
42.6333
97
42.6667
97
42.7
97
42.7333
97
42.7667
97
42.8
97
42.8333
97
42.8667
97
42.9
97
42.9333
97
42.9667
97
43
97
43.0333
97
43.0667
97
43.1
97
43.1333
97
43.1667
97
43.2
97
43.2333
97
43.2667
97
43.3
97
43.3333
97
43.3667
97
43.4
97
43.4333
97
43.4667
97
43.5
97
43.5333
97
43.5667
97
43.6
97
43.6333
97
43.6667
97
43.7
97
43.7333
97
43.7667
97
43.8
97
43.8333
97
43.8667
97
43.9
97
43.9333
97
43.9667
97
44
97
44.0333
97
44.0667
97
44.1
97
44.1333
97
44.1667
98
44.2
98
44.2333
98
44.2667
98
44.3
98
44.3333
98
44.3667
98
44.4
98
44.4333
98
44.4667
98
44.5
98
44.5333
98
44.5667
98
44.6
98
44.6333
98
44.6667
98
44.7
98
44.7333
98
44.7667
98
44.8
98
44.8333
98
44.8667
98
44.9
98
44.9333
98
44.9667
98
45
98
45.0333
98
45.0667
98
45.1
98
45.1333
98
45.1667
98
45.2
98
45.2333
98
45.2667
98
45.3
98
45.3333
98
45.3667
98
45.4
98
45.4333
98
45.4667
98
45.5
98
45.5333
98
45.5667
98
45.6
98
45.6333
98
45.6667
98
45.7
98
45.7333
98
45.7667
98
45.8
98
45.8333
98
45.8667
98
45.9
98
45.9333
98
45.9667
98
46
98
46.0333
98
46.0667
98
46.1
98
46.1333
98
46.1667
98
46.2
98
46.2333
98
46.2667
98
46.3
98
46.3333
98
46.3667
98
46.4
98
46.4333
98
46.4667
98
46.5
98
46.5333
98
46.5667
98
46.6
98
46.6333
98
46.6667
98
46.7
98
46.7333
98
46.7667
98
46.8
98
46.8333
98
46.8667
98
46.9
98
46.9333
98
46.9667
98
47
98
47.0333
98
47.0667
98
47.1
98
47.1333
98
47.1667
98
47.2
98
47.2333
98
47.2667
98
47.3
98
47.3333
98
47.3667
98
47.4
98
47.4333
98
47.4667
98
47.5
98
47.5333
98
47.5667
98
47.6
98
47.6333
98
47.6667
98
47.7
98
47.7333
98
47.7667
98
47.8
98
47.8333
98
47.8667
98
47.9
98
47.9333
98
47.9667
98
48
98
48.0333
98
48.0667
98
48.1
98
48.1333
98
48.1667
98
48.2
98
48.2333
98
48.2667
98
48.3
98
48.3333
98
48.3667
98
48.4
98
48.4333
98
48.4667
98
48.5
98
48.5333
98
48.5667
98
48.6
98
48.6333
98
48.6667
98
48.7
98
48.7333
98
48.7667
98
48.8
98
48.8333
98
48.8667
98
48.9
98
48.9333
98
48.9667
98
49
98
49.0333
98
49.0667
98
49.1
98
49.1333
98
49.1667
98
49.2
98
49.2333
98
49.2667
98
49.3
98
49.3333
98
49.3667
98
49.4
98
49.4333
98
49.4667
98
49.5
98
49.5333
98
49.5667
98
49.6
98
49.6333
98
49.6667
98
49.7
98
49.7333
98
49.7667
98
49.8
98
49.8333
98
49.8667
98
49.9
98
49.9333
98
49.9667
98
50
98
50.0333
98
50.0667
98
50.1
98
50.1333
98
50.1667
98
50.2
98
50.2333
98
50.2667
98
50.3
98
50.3333
98
50.3667
98
50.4
98
50.4333
98
50.4667
98
50.5
98
50.5333
98
50.5667
98
50.6
98
50.6333
98
50.6667
98
50.7
98
50.7333
98
50.7667
98
50.8
98
50.8333
98
50.8667
98
50.9
98
50.9333
98
50.9667
98
51
98
51.0333
98
51.0667
98
51.1
98
51.1333
98
51.1667
98
51.2
98
51.2333
98
51.2667
98
51.3
98
51.3333
98
51.3667
98
51.4
98
51.4333
98
51.4667
98
51.5
98
51.5333
98
51.5667
98
51.6
98
51.6333
98
51.6667
98
51.7
98
51.7333
98
51.7667
98
51.8
98
51.8333
98
51.8667
98
51.9
98
51.9333
98
51.9667
98
52
98
52.0333
98
52.0667
98
52.1
98
52.1333
98
52.1667
98
52.2
98
52.2333
98
52.2667
98
52.3
98
52.3333
98
52.3667
98
52.4
98
52.4333
98
52.4667
98
52.5
98
52.5333
98
52.5667
98
52.6
98
52.6333
98
52.6667
98
52.7
98
52.7333
98
52.7667
98
52.8
98
52.8333
98
52.8667
98
52.9
98
52.9333
98
52.9667
98
53
98
53.0333
98
53.0667
98
53.1
98
53.1333
98
53.1667
98
53.2
98
53.2333
98
53.2667
98
53.3
98
53.3333
98
