0
1
0.0333333
1
0.0666667
1
0.1
1
0.133333
1
0.166667
1
0.2
1
0.233333
1
0.266667
1
0.3
1
0.333333
1
0.366667
1
0.4
1
0.433333
1
0.466667
1
0.5
1
0.533333
1
0.566667
1
0.6
1
0.633333
1
0.666667
1
0.7
1
0.733333
1
0.766667
1
0.8
1
0.833333
1
0.866667
1
0.9
1
0.933333
1
0.966667
1
1
1
1.03333
1
1.06667
1
1.1
1
1.13333
1
1.16667
1
1.2
1
1.23333
1
1.26667
1
1.3
1
1.33333
1
1.36667
1
1.4
1
1.43333
1
1.46667
1
1.5
1
1.53333
1
1.56667
1
1.6
1
1.63333
1
1.66667
1
1.7
1
1.73333
1
1.76667
1
1.8
1
1.83333
1
1.86667
1
1.9
1
1.93333
1
1.96667
1
2
1
2.03333
1
2.06667
1
2.1
1
2.13333
1
2.16667
1
2.2
1
2.23333
1
2.26667
1
2.3
1
2.33333
1
2.36667
1
2.4
1
2.43333
1
2.46667
1
2.5
1
2.53333
1
2.56667
1
2.6
1
2.63333
1
2.66667
1
2.7
1
2.73333
1
2.76667
1
2.8
1
2.83333
1
2.86667
1
2.9
1
2.93333
1
2.96667
1
3
1
3.03333
1
3.06667
1
3.1
1
3.13333
1
3.16667
1
3.2
1
3.23333
1
3.26667
1
3.3
1
3.33333
1
3.36667
1
3.4
1
3.43333
1
3.46667
1
3.5
1
3.53333
1
3.56667
1
3.6
1
3.63333
1
3.66667
1
3.7
1
3.73333
1
3.76667
1
3.8
1
3.83333
1
3.86667
1
3.9
1
3.93333
1
3.96667
1
4
1
4.03333
1
4.06667
1
4.1
1
4.13333
1
4.16667
1
4.2
1
4.23333
1
4.26667
1
4.3
1
4.33333
1
4.36667
1
4.4
1
4.43333
1
4.46667
1
4.5
1
4.53333
1
4.56667
1
4.6
1
4.63333
1
4.66667
1
4.7
1
4.73333
1
4.76667
1
4.8
2
4.83333
2
4.86667
3
4.9
3
4.93333
3
4.96667
3
5
3
5.03333
3
5.06667
3
5.1
3
5.13333
3
5.16667
3
5.2
3
5.23333
3
5.26667
3
5.3
3
5.33333
3
5.36667
3
5.4
3
5.43333
3
5.46667
3
5.5
3
5.53333
3
5.56667
3
5.6
4
5.63333
4
5.66667
5
5.7
5
5.73333
5
5.76667
5
5.8
5
5.83333
5
5.86667
5
5.9
5
5.93333
5
5.96667
5
6
5
6.03333
5
6.06667
7
6.1
7
6.13333
7
6.16667
8
6.2
8
6.23333
8
6.26667
8
6.3
8
6.33333
8
6.36667
8
6.4
9
6.43333
9
6.46667
9
6.5
9
6.53333
9
6.56667
10
6.6
10
6.63333
10
6.66667
11
6.7
11
6.73333
12
6.76667
12
6.8
12
6.83333
12
6.86667
12
6.9
13
6.93333
14
6.96667
14
7
15
7.03333
15
7.06667
16
7.1
16
7.13333
16
7.16667
16
7.2
16
7.23333
18
7.26667
18
7.3
18
7.33333
18
7.36667
18
7.4
19
7.43333
19
7.46667
19
7.5
19
7.53333
19
7.56667
19
7.6
19
7.63333
19
7.66667
19
7.7
19
7.73333
19
7.76667
19
7.8
20
7.83333
20
7.86667
20
7.9
20
7.93333
20
7.96667
20
8
21
8.03333
21
8.06667
21
8.1
21
8.13333
21
8.16667
22
8.2
22
8.23333
22
8.26667
22
8.3
23
8.33333
23
8.36667
23
8.4
23
8.43333
23
8.46667
23
8.5
23
8.53333
23
8.56667
23
8.6
23
8.63333
23
8.66667
23
8.7
23
8.73333
23
8.76667
24
8.8
24
8.83333
24
8.86667
26
8.9
26
8.93333
26
8.96667
26
9
26
9.03333
26
9.06667
26
9.1
26
9.13333
26
9.16667
26
9.2
26
9.23333
26
9.26667
26
9.3
26
9.33333
26
9.36667
26
9.4
26
9.43333
26
9.46667
26
9.5
26
9.53333
26
9.56667
26
9.6
26
9.63333
26
9.66667
26
9.7
26
9.73333
26
9.76667
27
9.8
27
9.83333
27
9.86667
27
9.9
27
9.93333
27
9.96667
27
10
27
10.0333
27
10.0667
27
10.1
28
10.1333
28
10.1667
28
10.2
30
10.2333
31
10.2667
31
10.3
31
10.3333
31
10.3667
31
10.4
32
10.4333
32
10.4667
32
10.5
32
10.5333
32
10.5667
33
10.6
33
10.6333
33
10.6667
33
10.7
33
10.7333
33
10.7667
33
10.8
33
10.8333
33
10.8667
33
10.9
34
10.9333
34
10.9667
35
11
35
11.0333
35
11.0667
35
11.1
36
11.1333
36
11.1667
36
11.2
37
11.2333
37
11.2667
37
11.3
37
11.3333
37
11.3667
37
11.4
37
11.4333
37
11.4667
37
11.5
37
11.5333
37
11.5667
37
11.6
37
11.6333
37
11.6667
37
11.7
37
11.7333
37
11.7667
37
11.8
37
11.8333
37
11.8667
37
11.9
37
11.9333
38
11.9667
38
12
38
12.0333
38
12.0667
38
12.1
39
12.1333
39
12.1667
39
12.2
39
12.2333
39
12.2667
39
12.3
39
12.3333
39
12.3667
39
12.4
39
12.4333
39
12.4667
39
12.5
39
12.5333
39
12.5667
39
12.6
39
12.6333
39
12.6667
39
12.7
39
12.7333
39
12.7667
39
12.8
39
12.8333
39
12.8667
39
12.9
39
12.9333
40
12.9667
40
13
40
13.0333
40
13.0667
40
13.1
41
13.1333
41
13.1667
41
13.2
42
13.2333
42
13.2667
42
13.3
42
13.3333
42
13.3667
42
13.4
42
13.4333
43
13.4667
43
13.5
43
13.5333
43
13.5667
44
13.6
44
13.6333
45
13.6667
45
13.7
45
13.7333
45
13.7667
45
13.8
45
13.8333
45
13.8667
45
13.9
45
13.9333
45
13.9667
45
14
45
14.0333
45
14.0667
45
14.1
46
14.1333
47
14.1667
47
14.2
47
14.2333
47
14.2667
47
14.3
48
14.3333
49
14.3667
49
14.4
49
14.4333
49
14.4667
49
14.5
49
14.5333
49
14.5667
49
14.6
49
14.6333
49
14.6667
50
14.7
50
14.7333
50
14.7667
50
14.8
50
14.8333
50
14.8667
50
14.9
50
14.9333
50
14.9667
50
15
50
15.0333
50
15.0667
50
15.1
50
15.1333
50
15.1667
50
15.2
50
15.2333
50
15.2667
50
15.3
50
15.3333
50
15.3667
50
15.4
50
15.4333
50
15.4667
50
15.5
50
15.5333
50
15.5667
50
15.6
50
15.6333
50
15.6667
50
15.7
50
15.7333
50
15.7667
51
15.8
51
15.8333
51
15.8667
51
15.9
51
15.9333
51
15.9667
51
16
51
16.0333
51
16.0667
51
16.1
51
16.1333
51
16.1667
51
16.2
51
16.2333
51
16.2667
51
16.3
51
16.3333
51
16.3667
51
16.4
51
16.4333
51
16.4667
51
16.5
51
16.5333
51
16.5667
51
16.6
51
16.6333
51
16.6667
51
16.7
51
16.7333
51
16.7667
51
16.8
51
16.8333
51
16.8667
51
16.9
51
16.9333
51
16.9667
51
17
51
17.0333
51
17.0667
51
17.1
51
17.1333
51
17.1667
51
17.2
51
17.2333
51
17.2667
51
17.3
51
17.3333
51
17.3667
51
17.4
51
17.4333
51
17.4667
51
17.5
51
17.5333
51
17.5667
51
17.6
51
17.6333
51
17.6667
51
17.7
51
17.7333
51
17.7667
51
17.8
51
17.8333
51
17.8667
51
17.9
51
17.9333
51
17.9667
51
18
51
18.0333
51
18.0667
51
18.1
51
18.1333
51
18.1667
51
18.2
51
18.2333
51
18.2667
51
18.3
51
18.3333
51
18.3667
51
18.4
51
18.4333
51
18.4667
51
18.5
51
18.5333
51
18.5667
51
18.6
51
18.6333
51
18.6667
51
18.7
51
18.7333
51
18.7667
51
18.8
51
18.8333
51
18.8667
51
18.9
51
18.9333
51
18.9667
51
19
51
19.0333
51
19.0667
51
19.1
51
19.1333
51
19.1667
51
19.2
51
19.2333
51
19.2667
51
19.3
51
19.3333
51
19.3667
51
19.4
51
19.4333
51
19.4667
51
19.5
51
19.5333
51
19.5667
51
19.6
51
19.6333
51
19.6667
51
19.7
51
19.7333
51
19.7667
51
19.8
51
19.8333
51
19.8667
51
19.9
51
19.9333
51
19.9667
51
20
51
20.0333
51
20.0667
51
20.1
51
20.1333
51
20.1667
51
20.2
51
20.2333
51
20.2667
51
20.3
51
20.3333
51
20.3667
51
20.4
51
20.4333
51
20.4667
51
20.5
51
20.5333
51
20.5667
51
20.6
51
20.6333
51
20.6667
51
20.7
51
20.7333
51
20.7667
51
20.8
51
20.8333
51
20.8667
51
20.9
51
20.9333
51
20.9667
51
21
51
21.0333
51
21.0667
51
21.1
51
21.1333
51
21.1667
51
21.2
51
21.2333
51
21.2667
51
21.3
51
21.3333
51
21.3667
51
21.4
51
21.4333
51
21.4667
51
21.5
51
21.5333
51
21.5667
51
21.6
51
21.6333
51
21.6667
51
21.7
51
21.7333
51
21.7667
51
21.8
51
21.8333
51
21.8667
51
21.9
51
21.9333
51
21.9667
51
22
51
22.0333
51
22.0667
51
22.1
51
22.1333
51
22.1667
51
22.2
51
22.2333
51
22.2667
51
22.3
51
22.3333
51
22.3667
51
22.4
51
22.4333
51
22.4667
51
22.5
51
22.5333
51
22.5667
51
22.6
51
22.6333
51
22.6667
51
22.7
51
22.7333
51
22.7667
51
22.8
51
22.8333
51
22.8667
51
22.9
51
22.9333
51
22.9667
51
23
51
23.0333
51
23.0667
51
23.1
51
23.1333
51
23.1667
51
23.2
51
23.2333
51
23.2667
51
23.3
51
23.3333
51
23.3667
51
23.4
51
23.4333
51
23.4667
51
23.5
51
23.5333
51
23.5667
51
23.6
51
23.6333
51
23.6667
51
23.7
51
23.7333
51
23.7667
51
23.8
51
23.8333
51
23.8667
51
23.9
51
23.9333
51
23.9667
51
24
51
24.0333
51
24.0667
51
24.1
51
24.1333
51
24.1667
51
24.2
51
24.2333
51
24.2667
51
24.3
51
24.3333
51
24.3667
51
24.4
51
24.4333
51
24.4667
51
24.5
51
24.5333
51
24.5667
51
24.6
52
24.6333
52
24.6667
52
24.7
52
24.7333
52
24.7667
52
24.8
52
24.8333
52
24.8667
52
24.9
52
24.9333
52
24.9667
52
25
52
25.0333
52
25.0667
52
25.1
52
25.1333
52
25.1667
52
25.2
52
25.2333
52
25.2667
52
25.3
52
25.3333
52
25.3667
53
25.4
53
25.4333
53
25.4667
53
25.5
53
25.5333
53
25.5667
53
25.6
53
25.6333
53
25.6667
53
25.7
53
25.7333
53
25.7667
53
25.8
53
25.8333
53
25.8667
53
25.9
53
25.9333
53
25.9667
53
26
53
26.0333
53
26.0667
53
26.1
53
26.1333
53
26.1667
53
26.2
53
26.2333
53
26.2667
54
26.3
54
26.3333
54
26.3667
54
26.4
54
26.4333
54
26.4667
54
26.5
54
26.5333
54
26.5667
54
26.6
55
26.6333
55
26.6667
55
26.7
55
26.7333
55
26.7667
55
26.8
55
26.8333
55
26.8667
55
26.9
55
26.9333
55
26.9667
55
27
55
27.0333
55
27.0667
55
27.1
55
27.1333
55
27.1667
55
27.2
55
27.2333
55
27.2667
55
27.3
55
27.3333
55
27.3667
55
27.4
55
27.4333
55
27.4667
55
27.5
55
27.5333
55
27.5667
55
27.6
55
27.6333
55
27.6667
55
27.7
55
27.7333
55
27.7667
55
27.8
55
27.8333
55
27.8667
55
27.9
55
27.9333
55
27.9667
55
28
55
28.0333
55
28.0667
55
28.1
55
28.1333
55
28.1667
55
28.2
55
28.2333
55
28.2667
55
28.3
55
28.3333
55
28.3667
55
28.4
55
28.4333
55
28.4667
55
28.5
55
28.5333
55
28.5667
55
28.6
55
28.6333
55
28.6667
55
28.7
55
28.7333
55
28.7667
55
28.8
55
28.8333
55
28.8667
55
28.9
55
28.9333
55
28.9667
55
29
55
29.0333
55
29.0667
55
29.1
55
29.1333
55
29.1667
55
29.2
55
29.2333
55
29.2667
55
29.3
55
29.3333
55
29.3667
55
29.4
55
29.4333
55
29.4667
55
29.5
55
29.5333
55
29.5667
55
29.6
55
29.6333
55
29.6667
55
29.7
55
29.7333
55
29.7667
55
29.8
55
29.8333
55
29.8667
55
29.9
55
29.9333
55
29.9667
55
30
55
30.0333
55
30.0667
55
30.1
55
30.1333
55
30.1667
55
30.2
55
30.2333
55
30.2667
55
30.3
55
30.3333
55
30.3667
55
30.4
55
30.4333
55
30.4667
55
30.5
55
30.5333
55
30.5667
55
30.6
55
30.6333
55
30.6667
55
30.7
55
30.7333
55
30.7667
55
30.8
55
30.8333
55
30.8667
55
30.9
55
30.9333
55
30.9667
55
31
55
31.0333
55
31.0667
55
31.1
55
31.1333
55
31.1667
55
31.2
55
31.2333
55
31.2667
55
31.3
55
31.3333
55
31.3667
55
31.4
55
31.4333
55
31.4667
55
31.5
55
31.5333
55
31.5667
55
31.6
55
31.6333
55
31.6667
55
31.7
55
31.7333
55
31.7667
55
31.8
55
31.8333
55
31.8667
55
31.9
55
31.9333
55
31.9667
55
32
55
32.0333
55
32.0667
55
32.1
55
32.1333
55
32.1667
55
32.2
55
32.2333
55
32.2667
55
32.3
55
32.3333
55
32.3667
55
32.4
55
32.4333
55
32.4667
55
32.5
55
32.5333
55
32.5667
55
32.6
55
32.6333
55
32.6667
55
32.7
55
32.7333
55
32.7667
55
32.8
55
32.8333
55
32.8667
55
32.9
55
32.9333
55
32.9667
55
33
55
33.0333
55
33.0667
55
33.1
55
33.1333
55
33.1667
55
33.2
55
33.2333
55
33.2667
55
33.3
55
33.3333
55
33.3667
55
33.4
55
33.4333
55
33.4667
55
33.5
55
33.5333
55
33.5667
55
33.6
55
33.6333
55
33.6667
55
33.7
55
33.7333
55
33.7667
55
33.8
55
33.8333
55
33.8667
55
33.9
55
33.9333
55
33.9667
55
34
55
34.0333
55
34.0667
55
34.1
55
34.1333
55
34.1667
55
34.2
55
34.2333
55
34.2667
55
34.3
55
34.3333
55
34.3667
55
34.4
55
34.4333
55
34.4667
55
34.5
55
34.5333
55
34.5667
55
34.6
55
34.6333
55
34.6667
55
34.7
55
34.7333
55
34.7667
55
34.8
55
34.8333
55
34.8667
55
34.9
55
34.9333
55
34.9667
55
35
55
35.0333
55
35.0667
55
35.1
55
35.1333
55
35.1667
55
35.2
55
35.2333
55
35.2667
55
35.3
55
35.3333
55
35.3667
55
35.4
55
35.4333
55
35.4667
55
35.5
55
35.5333
55
35.5667
55
35.6
55
35.6333
55
35.6667
55
35.7
55
35.7333
55
35.7667
55
35.8
55
35.8333
55
35.8667
55
35.9
55
35.9333
55
35.9667
55
36
55
36.0333
55
36.0667
55
36.1
55
36.1333
55
36.1667
55
36.2
55
36.2333
55
36.2667
55
36.3
55
36.3333
55
36.3667
55
36.4
55
36.4333
55
36.4667
55
36.5
55
36.5333
55
36.5667
55
36.6
55
36.6333
55
36.6667
55
36.7
55
36.7333
55
36.7667
55
36.8
55
36.8333
55
36.8667
55
36.9
55
36.9333
55
36.9667
55
37
55
37.0333
55
37.0667
55
37.1
55
37.1333
55
37.1667
55
37.2
55
37.2333
55
37.2667
55
37.3
55
37.3333
55
37.3667
55
37.4
55
37.4333
55
37.4667
55
37.5
55
37.5333
55
37.5667
55
37.6
55
37.6333
55
37.6667
55
37.7
55
37.7333
55
37.7667
55
37.8
55
37.8333
55
37.8667
55
37.9
55
37.9333
55
37.9667
55
38
55
38.0333
55
38.0667
55
38.1
55
38.1333
55
38.1667
55
38.2
55
38.2333
55
38.2667
55
38.3
55
38.3333
55
38.3667
55
38.4
55
38.4333
55
38.4667
55
38.5
55
38.5333
55
38.5667
56
38.6
56
38.6333
56
38.6667
56
38.7
56
38.7333
56
38.7667
56
38.8
56
38.8333
56
38.8667
56
38.9
56
38.9333
56
38.9667
56
39
56
39.0333
56
39.0667
56
39.1
56
39.1333
56
39.1667
56
39.2
56
39.2333
56
39.2667
56
39.3
56
39.3333
56
39.3667
56
39.4
56
39.4333
56
39.4667
56
39.5
56
39.5333
56
39.5667
56
39.6
56
39.6333
56
39.6667
56
39.7
56
39.7333
56
39.7667
56
39.8
56
39.8333
56
39.8667
56
39.9
56
39.9333
56
39.9667
56
40
56
40.0333
56
40.0667
56
40.1
56
40.1333
56
40.1667
56
40.2
56
40.2333
56
40.2667
56
40.3
56
40.3333
56
40.3667
56
40.4
56
40.4333
56
40.4667
56
40.5
56
40.5333
56
40.5667
56
40.6
56
40.6333
56
40.6667
56
40.7
56
40.7333
56
40.7667
56
40.8
56
40.8333
56
40.8667
56
40.9
56
40.9333
56
40.9667
56
41
56
41.0333
56
41.0667
56
41.1
56
41.1333
56
41.1667
56
41.2
56
41.2333
56
41.2667
56
41.3
56
41.3333
56
41.3667
56
41.4
56
41.4333
56
41.4667
56
41.5
56
41.5333
56
41.5667
56
41.6
56
41.6333
56
41.6667
56
41.7
56
41.7333
56
41.7667
56
41.8
56
41.8333
56
41.8667
56
41.9
56
41.9333
56
41.9667
57
42
57
42.0333
57
42.0667
57
42.1
57
42.1333
57
42.1667
57
42.2
57
42.2333
57
42.2667
57
42.3
57
42.3333
57
42.3667
57
42.4
57
42.4333
57
42.4667
57
42.5
57
42.5333
57
42.5667
57
42.6
57
42.6333
57
42.6667
57
42.7
57
42.7333
57
42.7667
57
42.8
57
42.8333
57
42.8667
57
42.9
57
42.9333
57
42.9667
57
43
57
43.0333
57
43.0667
57
43.1
57
43.1333
57
43.1667
57
43.2
57
43.2333
57
43.2667
57
43.3
57
43.3333
57
43.3667
57
43.4
57
43.4333
57
43.4667
57
43.5
57
43.5333
57
43.5667
57
43.6
57
43.6333
57
43.6667
57
43.7
57
43.7333
57
43.7667
57
43.8
57
43.8333
57
43.8667
57
43.9
57
43.9333
57
43.9667
57
44
57
44.0333
57
44.0667
57
44.1
57
44.1333
57
44.1667
57
44.2
57
44.2333
57
44.2667
57
44.3
57
44.3333
57
44.3667
57
44.4
57
44.4333
57
44.4667
57
44.5
57
44.5333
57
44.5667
57
44.6
57
44.6333
57
44.6667
57
44.7
57
44.7333
57
44.7667
57
44.8
57
44.8333
57
44.8667
57
44.9
57
44.9333
57
44.9667
57
45
57
45.0333
57
45.0667
57
45.1
57
45.1333
57
45.1667
57
45.2
57
45.2333
57
45.2667
57
45.3
57
45.3333
57
45.3667
57
45.4
57
45.4333
57
45.4667
57
45.5
57
45.5333
57
45.5667
57
45.6
57
45.6333
57
45.6667
57
45.7
57
45.7333
57
45.7667
57
45.8
57
45.8333
57
45.8667
57
45.9
57
45.9333
57
45.9667
57
46
57
46.0333
57
46.0667
57
46.1
57
46.1333
57
46.1667
57
46.2
57
46.2333
57
46.2667
57
46.3
57
46.3333
57
46.3667
57
46.4
57
46.4333
57
46.4667
57
46.5
57
46.5333
57
46.5667
57
46.6
57
46.6333
57
46.6667
57
46.7
57
46.7333
57
46.7667
57
46.8
57
46.8333
57
46.8667
57
46.9
57
46.9333
57
46.9667
57
47
57
47.0333
57
47.0667
57
47.1
57
47.1333
57
47.1667
57
47.2
57
47.2333
57
47.2667
57
47.3
57
47.3333
57
47.3667
57
47.4
57
47.4333
57
47.4667
57
47.5
57
47.5333
57
47.5667
57
47.6
57
47.6333
57
47.6667
57
47.7
57
47.7333
57
47.7667
57
47.8
57
47.8333
57
47.8667
57
47.9
57
47.9333
57
47.9667
57
48
57
48.0333
57
48.0667
57
48.1
57
48.1333
57
48.1667
57
48.2
57
48.2333
57
48.2667
57
48.3
57
48.3333
57
48.3667
57
48.4
57
48.4333
57
48.4667
57
48.5
57
48.5333
57
48.5667
57
48.6
57
48.6333
57
48.6667
57
48.7
57
48.7333
57
48.7667
57
48.8
57
48.8333
57
48.8667
57
48.9
57
48.9333
57
48.9667
57
49
57
49.0333
57
49.0667
57
49.1
57
49.1333
57
49.1667
57
49.2
57
49.2333
57
49.2667
57
49.3
57
49.3333
57
49.3667
57
49.4
57
49.4333
57
49.4667
57
49.5
57
49.5333
57
49.5667
57
49.6
57
49.6333
57
49.6667
57
49.7
57
49.7333
57
49.7667
57
49.8
57
49.8333
57
49.8667
57
49.9
57
49.9333
57
49.9667
57
50
57
50.0333
57
50.0667
57
50.1
57
50.1333
57
50.1667
57
50.2
57
50.2333
57
50.2667
57
50.3
57
50.3333
57
50.3667
57
50.4
57
50.4333
57
50.4667
57
50.5
57
50.5333
57
50.5667
57
50.6
57
50.6333
57
50.6667
57
50.7
57
50.7333
57
50.7667
57
50.8
57
50.8333
57
50.8667
57
50.9
57
50.9333
57
50.9667
57
51
57
51.0333
57
51.0667
57
51.1
57
51.1333
57
51.1667
57
51.2
57
51.2333
57
51.2667
57
51.3
57
51.3333
57
51.3667
57
51.4
57
51.4333
57
51.4667
57
51.5
57
51.5333
57
51.5667
57
51.6
57
51.6333
57
51.6667
57
51.7
57
51.7333
57
51.7667
57
51.8
57
51.8333
57
51.8667
57
51.9
57
51.9333
57
51.9667
57
52
57
52.0333
57
52.0667
57
52.1
57
52.1333
57
52.1667
57
52.2
57
52.2333
57
52.2667
57
52.3
57
52.3333
57
52.3667
57
52.4
57
52.4333
57
52.4667
57
52.5
57
52.5333
57
52.5667
57
52.6
57
52.6333
57
52.6667
57
52.7
57
52.7333
57
52.7667
57
52.8
57
52.8333
57
52.8667
57
52.9
57
52.9333
57
52.9667
57
53
57
53.0333
57
53.0667
57
53.1
57
53.1333
57
53.1667
57
53.2
57
53.2333
57
53.2667
57
53.3
57
53.3333
57
