0
1
0.0333333
1
0.0666667
1
0.1
1
0.133333
1
0.166667
1
0.2
1
0.233333
1
0.266667
1
0.3
1
0.333333
1
0.366667
1
0.4
1
0.433333
1
0.466667
1
0.5
1
0.533333
1
0.566667
1
0.6
1
0.633333
1
0.666667
1
0.7
1
0.733333
1
0.766667
1
0.8
1
0.833333
1
0.866667
1
0.9
1
0.933333
1
0.966667
1
1
1
1.03333
1
1.06667
1
1.1
1
1.13333
1
1.16667
1
1.2
1
1.23333
1
1.26667
1
1.3
1
1.33333
1
1.36667
1
1.4
1
1.43333
1
1.46667
1
1.5
1
1.53333
1
1.56667
1
1.6
1
1.63333
1
1.66667
1
1.7
1
1.73333
1
1.76667
1
1.8
1
1.83333
1
1.86667
1
1.9
1
1.93333
1
1.96667
1
2
1
2.03333
1
2.06667
1
2.1
1
2.13333
1
2.16667
1
2.2
1
2.23333
1
2.26667
1
2.3
1
2.33333
1
2.36667
1
2.4
1
2.43333
1
2.46667
1
2.5
1
2.53333
1
2.56667
1
2.6
1
2.63333
1
2.66667
1
2.7
1
2.73333
1
2.76667
1
2.8
1
2.83333
1
2.86667
1
2.9
1
2.93333
1
2.96667
1
3
1
3.03333
1
3.06667
1
3.1
1
3.13333
1
3.16667
1
3.2
1
3.23333
1
3.26667
1
3.3
1
3.33333
1
3.36667
1
3.4
1
3.43333
1
3.46667
1
3.5
1
3.53333
1
3.56667
1
3.6
1
3.63333
1
3.66667
1
3.7
1
3.73333
1
3.76667
1
3.8
1
3.83333
1
3.86667
1
3.9
1
3.93333
1
3.96667
1
4
1
4.03333
1
4.06667
1
4.1
1
4.13333
1
4.16667
1
4.2
1
4.23333
1
4.26667
1
4.3
1
4.33333
1
4.36667
1
4.4
1
4.43333
1
4.46667
1
4.5
1
4.53333
1
4.56667
1
4.6
1
4.63333
1
4.66667
1
4.7
1
4.73333
1
4.76667
1
4.8
1
4.83333
1
4.86667
1
4.9
2
4.93333
2
4.96667
3
5
3
5.03333
3
5.06667
3
5.1
3
5.13333
3
5.16667
3
5.2
3
5.23333
3
5.26667
3
5.3
3
5.33333
3
5.36667
3
5.4
3
5.43333
3
5.46667
3
5.5
4
5.53333
5
5.56667
6
5.6
6
5.63333
6
5.66667
6
5.7
8
5.73333
8
5.76667
9
5.8
9
5.83333
9
5.86667
11
5.9
11
5.93333
12
5.96667
12
6
12
6.03333
13
6.06667
13
6.1
14
6.13333
15
6.16667
15
6.2
17
6.23333
17
6.26667
18
6.3
19
6.33333
19
6.36667
19
6.4
19
6.43333
19
6.46667
19
6.5
21
6.53333
23
6.56667
23
6.6
23
6.63333
23
6.66667
23
6.7
25
6.73333
25
6.76667
25
6.8
25
6.83333
25
6.86667
25
6.9
25
6.93333
25
6.96667
25
7
25
7.03333
25
7.06667
26
7.1
26
7.13333
26
7.16667
27
7.2
27
7.23333
27
7.26667
28
7.3
28
7.33333
29
7.36667
29
7.4
29
7.43333
29
7.46667
29
7.5
30
7.53333
30
7.56667
30
7.6
30
7.63333
30
7.66667
30
7.7
32
7.73333
32
7.76667
32
7.8
32
7.83333
33
7.86667
33
7.9
33
7.93333
33
7.96667
33
8
33
8.03333
33
8.06667
33
8.1
34
8.13333
34
8.16667
35
8.2
35
8.23333
35
8.26667
35
8.3
35
8.33333
36
8.36667
37
8.4
37
8.43333
37
8.46667
38
8.5
39
8.53333
39
8.56667
39
8.6
39
8.63333
40
8.66667
40
8.7
42
8.73333
42
8.76667
42
8.8
43
8.83333
44
8.86667
46
8.9
48
8.93333
50
8.96667
50
9
50
9.03333
51
9.06667
52
9.1
54
9.13333
54
9.16667
55
9.2
55
9.23333
55
9.26667
55
9.3
56
9.33333
56
9.36667
57
9.4
58
9.43333
58
9.46667
60
9.5
60
9.53333
60
9.56667
60
9.6
61
9.63333
61
9.66667
61
9.7
61
9.73333
63
9.76667
64
9.8
64
9.83333
65
9.86667
65
9.9
65
9.93333
65
9.96667
66
10
66
10.0333
66
10.0667
66
10.1
66
10.1333
66
10.1667
66
10.2
66
10.2333
66
10.2667
66
10.3
67
10.3333
67
10.3667
67
10.4
67
10.4333
67
10.4667
68
10.5
69
10.5333
70
10.5667
70
10.6
70
10.6333
70
10.6667
70
10.7
70
10.7333
70
10.7667
72
10.8
72
10.8333
73
10.8667
73
10.9
73
10.9333
73
10.9667
73
11
73
11.0333
73
11.0667
74
11.1
74
11.1333
75
11.1667
75
11.2
75
11.2333
75
11.2667
75
11.3
76
11.3333
76
11.3667
78
11.4
79
11.4333
80
11.4667
82
11.5
83
11.5333
84
11.5667
84
11.6
85
11.6333
85
11.6667
85
11.7
85
11.7333
86
11.7667
86
11.8
87
11.8333
89
11.8667
90
11.9
90
11.9333
90
11.9667
90
12
90
12.0333
93
12.0667
93
12.1
94
12.1333
95
12.1667
97
12.2
98
12.2333
99
12.2667
100
12.3
101
12.3333
102
12.3667
102
12.4
102
12.4333
104
12.4667
107
12.5
108
12.5333
110
12.5667
111
12.6
111
12.6333
112
12.6667
113
12.7
114
12.7333
114
12.7667
114
12.8
115
12.8333
115
12.8667
116
12.9
116
12.9333
119
12.9667
120
13
121
13.0333
121
13.0667
122
13.1
123
13.1333
123
13.1667
124
13.2
124
13.2333
124
13.2667
125
13.3
126
13.3333
126
13.3667
126
13.4
126
13.4333
127
13.4667
127
13.5
129
13.5333
129
13.5667
130
13.6
130
13.6333
130
13.6667
130
13.7
130
13.7333
131
13.7667
132
13.8
132
13.8333
132
13.8667
133
13.9
133
13.9333
133
13.9667
133
14
133
14.0333
133
14.0667
133
14.1
133
14.1333
134
14.1667
134
14.2
134
14.2333
134
14.2667
134
14.3
134
14.3333
134
14.3667
134
14.4
134
14.4333
134
14.4667
135
14.5
135
14.5333
135
14.5667
135
14.6
135
14.6333
136
14.6667
136
14.7
138
14.7333
138
14.7667
138
14.8
139
14.8333
139
14.8667
139
14.9
139
14.9333
140
14.9667
141
15
141
15.0333
142
15.0667
142
15.1
142
15.1333
142
15.1667
142
15.2
142
15.2333
142
15.2667
142
15.3
142
15.3333
142
15.3667
142
15.4
142
15.4333
142
15.4667
142
15.5
142
15.5333
143
15.5667
143
15.6
144
15.6333
144
15.6667
144
15.7
144
15.7333
145
15.7667
146
15.8
146
15.8333
146
15.8667
146
15.9
146
15.9333
147
15.9667
147
16
148
16.0333
148
16.0667
148
16.1
148
16.1333
148
16.1667
148
16.2
148
16.2333
148
16.2667
148
16.3
148
16.3333
148
16.3667
148
16.4
148
16.4333
148
16.4667
148
16.5
148
16.5333
149
16.5667
149
16.6
149
16.6333
150
16.6667
151
16.7
151
16.7333
151
16.7667
151
16.8
151
16.8333
151
16.8667
152
16.9
155
16.9333
155
16.9667
156
17
157
17.0333
158
17.0667
159
17.1
159
17.1333
160
17.1667
160
17.2
161
17.2333
161
17.2667
162
17.3
162
17.3333
162
17.3667
162
17.4
164
17.4333
164
17.4667
164
17.5
164
17.5333
164
17.5667
164
17.6
164
17.6333
164
17.6667
166
17.7
167
17.7333
167
17.7667
168
17.8
168
17.8333
168
17.8667
168
17.9
168
17.9333
169
17.9667
169
18
169
18.0333
169
18.0667
170
18.1
170
18.1333
171
18.1667
171
18.2
171
18.2333
171
18.2667
171
18.3
171
18.3333
171
18.3667
172
18.4
173
18.4333
174
18.4667
174
18.5
174
18.5333
174
18.5667
174
18.6
174
18.6333
174
18.6667
174
18.7
174
18.7333
174
18.7667
174
18.8
175
18.8333
176
18.8667
176
18.9
177
18.9333
178
18.9667
180
19
180
19.0333
181
19.0667
181
19.1
182
19.1333
183
19.1667
185
19.2
186
19.2333
186
19.2667
187
19.3
189
19.3333
191
19.3667
192
19.4
193
19.4333
194
19.4667
194
19.5
194
19.5333
197
19.5667
199
19.6
200
19.6333
200
19.6667
200
19.7
201
19.7333
201
19.7667
202
19.8
203
19.8333
204
19.8667
204
19.9
204
19.9333
204
19.9667
206
20
208
20.0333
208
20.0667
208
20.1
209
20.1333
210
20.1667
211
20.2
211
20.2333
211
20.2667
211
20.3
212
20.3333
213
20.3667
213
20.4
213
20.4333
213
20.4667
214
20.5
214
20.5333
214
20.5667
214
20.6
214
20.6333
214
20.6667
215
20.7
215
20.7333
217
20.7667
217
20.8
217
20.8333
217
20.8667
218
20.9
218
20.9333
218
20.9667
218
21
219
21.0333
220
21.0667
220
21.1
220
21.1333
220
21.1667
220
21.2
220
21.2333
220
21.2667
220
21.3
220
21.3333
220
21.3667
220
21.4
221
21.4333
222
21.4667
222
21.5
222
21.5333
222
21.5667
222
21.6
223
21.6333
223
21.6667
223
21.7
223
21.7333
223
21.7667
223
21.8
224
21.8333
224
21.8667
224
21.9
225
21.9333
225
21.9667
226
22
226
22.0333
226
22.0667
227
22.1
227
22.1333
227
22.1667
227
22.2
227
22.2333
227
22.2667
227
22.3
227
22.3333
228
22.3667
228
22.4
228
22.4333
228
22.4667
228
22.5
228
22.5333
228
22.5667
228
22.6
229
22.6333
231
22.6667
231
22.7
231
22.7333
231
22.7667
231
22.8
232
22.8333
232
22.8667
232
22.9
232
22.9333
232
22.9667
233
23
234
23.0333
234
23.0667
236
23.1
236
23.1333
237
23.1667
237
23.2
237
23.2333
237
23.2667
237
23.3
237
23.3333
238
23.3667
239
23.4
239
23.4333
239
23.4667
239
23.5
240
23.5333
240
23.5667
241
23.6
241
23.6333
242
23.6667
242
23.7
242
23.7333
242
23.7667
244
23.8
244
23.8333
244
23.8667
244
23.9
244
23.9333
244
23.9667
244
24
245
24.0333
245
24.0667
245
24.1
246
24.1333
246
24.1667
246
24.2
247
24.2333
248
24.2667
248
24.3
248
24.3333
248
24.3667
248
24.4
248
24.4333
248
24.4667
248
24.5
248
24.5333
248
24.5667
248
24.6
248
24.6333
248
24.6667
248
24.7
248
24.7333
248
24.7667
248
24.8
248
24.8333
248
24.8667
248
24.9
248
24.9333
249
24.9667
250
25
250
25.0333
250
25.0667
250
25.1
250
25.1333
250
25.1667
250
25.2
250
25.2333
250
25.2667
250
25.3
250
25.3333
250
25.3667
251
25.4
251
25.4333
251
25.4667
251
25.5
251
25.5333
251
25.5667
252
25.6
252
25.6333
252
25.6667
252
25.7
252
25.7333
252
25.7667
252
25.8
253
25.8333
254
25.8667
254
25.9
254
25.9333
254
25.9667
254
26
254
26.0333
254
26.0667
254
26.1
256
26.1333
257
26.1667
257
26.2
257
26.2333
257
26.2667
257
26.3
257
26.3333
257
26.3667
257
26.4
257
26.4333
257
26.4667
257
26.5
257
26.5333
257
26.5667
257
26.6
257
26.6333
257
26.6667
258
26.7
258
26.7333
258
26.7667
258
26.8
258
26.8333
258
26.8667
258
26.9
258
26.9333
258
26.9667
258
27
258
27.0333
258
27.0667
259
27.1
259
27.1333
259
27.1667
259
27.2
259
27.2333
259
27.2667
260
27.3
260
27.3333
260
27.3667
260
27.4
260
27.4333
260
27.4667
261
27.5
261
27.5333
262
27.5667
262
27.6
262
27.6333
262
27.6667
262
27.7
264
27.7333
264
27.7667
264
27.8
264
27.8333
264
27.8667
264
27.9
264
27.9333
264
27.9667
264
28
264
28.0333
264
28.0667
264
28.1
264
28.1333
264
28.1667
264
28.2
264
28.2333
264
28.2667
264
28.3
264
28.3333
264
28.3667
264
28.4
265
28.4333
265
28.4667
265
28.5
265
28.5333
265
28.5667
265
28.6
266
28.6333
266
28.6667
266
28.7
266
28.7333
266
28.7667
267
28.8
267
28.8333
267
28.8667
267
28.9
267
28.9333
267
28.9667
267
29
267
29.0333
268
29.0667
269
29.1
269
29.1333
269
29.1667
269
29.2
269
29.2333
269
29.2667
269
29.3
269
29.3333
269
29.3667
269
29.4
270
29.4333
270
29.4667
270
29.5
270
29.5333
270
29.5667
270
29.6
270
29.6333
270
29.6667
270
29.7
270
29.7333
270
29.7667
270
29.8
270
29.8333
270
29.8667
270
29.9
270
29.9333
270
29.9667
270
30
270
30.0333
270
30.0667
270
30.1
270
30.1333
271
30.1667
271
30.2
271
30.2333
271
30.2667
271
30.3
271
30.3333
271
30.3667
271
30.4
271
30.4333
271
30.4667
271
30.5
271
30.5333
271
30.5667
271
30.6
271
30.6333
271
30.6667
271
30.7
271
30.7333
271
30.7667
271
30.8
272
30.8333
272
30.8667
272
30.9
272
30.9333
272
30.9667
272
31
272
31.0333
272
31.0667
272
31.1
272
31.1333
272
31.1667
272
31.2
272
31.2333
272
31.2667
272
31.3
272
31.3333
272
31.3667
272
31.4
272
31.4333
272
31.4667
272
31.5
272
31.5333
272
31.5667
272
31.6
272
31.6333
272
31.6667
272
31.7
272
31.7333
272
31.7667
272
31.8
272
31.8333
272
31.8667
272
31.9
272
31.9333
272
31.9667
272
32
272
32.0333
272
32.0667
272
32.1
272
32.1333
272
32.1667
272
32.2
272
32.2333
272
32.2667
272
32.3
272
32.3333
272
32.3667
272
32.4
272
32.4333
272
32.4667
272
32.5
272
32.5333
272
32.5667
273
32.6
273
32.6333
273
32.6667
273
32.7
273
32.7333
273
32.7667
273
32.8
273
32.8333
273
32.8667
273
32.9
273
32.9333
273
32.9667
273
33
273
33.0333
273
33.0667
273
33.1
273
33.1333
273
33.1667
273
33.2
273
33.2333
273
33.2667
273
33.3
273
33.3333
273
33.3667
273
33.4
273
33.4333
273
33.4667
273
33.5
273
33.5333
273
33.5667
273
33.6
273
33.6333
273
33.6667
273
33.7
273
33.7333
273
33.7667
273
33.8
273
33.8333
273
33.8667
273
33.9
273
33.9333
273
33.9667
274
34
274
34.0333
275
34.0667
275
34.1
275
34.1333
275
34.1667
275
34.2
275
34.2333
275
34.2667
275
34.3
276
34.3333
276
34.3667
276
34.4
276
34.4333
276
34.4667
276
34.5
276
34.5333
276
34.5667
276
34.6
276
34.6333
276
34.6667
276
34.7
276
34.7333
276
34.7667
276
34.8
276
34.8333
276
34.8667
276
34.9
276
34.9333
276
34.9667
276
35
276
35.0333
276
35.0667
276
35.1
276
35.1333
276
35.1667
276
35.2
276
35.2333
276
35.2667
276
35.3
276
35.3333
276
35.3667
276
35.4
276
35.4333
276
35.4667
276
35.5
276
35.5333
276
35.5667
276
35.6
277
35.6333
277
35.6667
278
35.7
278
35.7333
278
35.7667
278
35.8
278
35.8333
278
35.8667
278
35.9
278
35.9333
278
35.9667
278
36
278
36.0333
278
36.0667
278
36.1
278
36.1333
278
36.1667
278
36.2
279
36.2333
279
36.2667
279
36.3
279
36.3333
279
36.3667
279
36.4
279
36.4333
279
36.4667
279
36.5
279
36.5333
279
36.5667
279
36.6
279
36.6333
279
36.6667
280
36.7
280
36.7333
280
36.7667
280
36.8
280
36.8333
280
36.8667
280
36.9
280
36.9333
280
36.9667
280
37
280
37.0333
280
37.0667
280
37.1
280
37.1333
280
37.1667
280
37.2
280
37.2333
280
37.2667
280
37.3
280
37.3333
280
37.3667
280
37.4
280
37.4333
280
37.4667
280
37.5
280
37.5333
280
37.5667
280
37.6
281
37.6333
281
37.6667
281
37.7
281
37.7333
281
37.7667
281
37.8
282
37.8333
282
37.8667
282
37.9
282
37.9333
282
37.9667
282
38
282
38.0333
282
38.0667
283
38.1
283
38.1333
283
38.1667
283
38.2
283
38.2333
283
38.2667
283
38.3
283
38.3333
283
38.3667
283
38.4
283
38.4333
283
38.4667
283
38.5
283
38.5333
283
38.5667
283
38.6
283
38.6333
283
38.6667
283
38.7
283
38.7333
284
38.7667
284
38.8
284
38.8333
284
38.8667
284
38.9
284
38.9333
284
38.9667
284
39
284
39.0333
284
39.0667
284
39.1
284
39.1333
284
39.1667
284
39.2
284
39.2333
284
39.2667
284
39.3
284
39.3333
284
39.3667
284
39.4
284
39.4333
284
39.4667
284
39.5
284
39.5333
284
39.5667
284
39.6
284
39.6333
284
39.6667
284
39.7
284
39.7333
284
39.7667
284
39.8
284
39.8333
284
39.8667
284
39.9
284
39.9333
284
39.9667
284
40
284
40.0333
284
40.0667
284
40.1
284
40.1333
284
40.1667
284
40.2
285
40.2333
285
40.2667
285
40.3
285
40.3333
285
40.3667
285
40.4
285
40.4333
285
40.4667
285
40.5
285
40.5333
285
40.5667
285
40.6
285
40.6333
285
40.6667
285
40.7
285
40.7333
285
40.7667
285
40.8
285
40.8333
285
40.8667
285
40.9
285
40.9333
285
40.9667
285
41
285
41.0333
285
41.0667
285
41.1
285
41.1333
285
41.1667
285
41.2
285
41.2333
285
41.2667
285
41.3
286
41.3333
286
41.3667
286
41.4
286
41.4333
286
41.4667
286
41.5
286
41.5333
286
41.5667
286
41.6
286
41.6333
286
41.6667
286
41.7
286
41.7333
286
41.7667
286
41.8
286
41.8333
286
41.8667
286
41.9
286
41.9333
286
41.9667
286
42
286
42.0333
286
42.0667
286
42.1
286
42.1333
286
42.1667
286
42.2
286
42.2333
286
42.2667
286
42.3
286
42.3333
286
42.3667
286
42.4
286
42.4333
286
42.4667
286
42.5
286
42.5333
286
42.5667
286
42.6
286
42.6333
286
42.6667
286
42.7
286
42.7333
286
42.7667
286
42.8
286
42.8333
286
42.8667
286
42.9
286
42.9333
286
42.9667
286
43
286
43.0333
286
43.0667
286
43.1
286
43.1333
286
43.1667
286
43.2
286
43.2333
286
43.2667
286
43.3
286
43.3333
286
43.3667
286
43.4
286
43.4333
286
43.4667
286
43.5
286
43.5333
286
43.5667
286
43.6
286
43.6333
286
43.6667
286
43.7
286
43.7333
286
43.7667
286
43.8
286
43.8333
286
43.8667
286
43.9
286
43.9333
286
43.9667
286
44
286
44.0333
286
44.0667
286
44.1
286
44.1333
286
44.1667
286
44.2
286
44.2333
286
44.2667
286
44.3
286
44.3333
286
44.3667
286
44.4
286
44.4333
286
44.4667
286
44.5
286
44.5333
286
44.5667
286
44.6
286
44.6333
286
44.6667
286
44.7
286
44.7333
286
44.7667
286
44.8
286
44.8333
286
44.8667
286
44.9
286
44.9333
286
44.9667
286
45
286
45.0333
286
45.0667
286
45.1
286
45.1333
286
45.1667
286
45.2
286
45.2333
286
45.2667
286
45.3
286
45.3333
286
45.3667
286
45.4
286
45.4333
287
45.4667
287
45.5
287
45.5333
287
45.5667
287
45.6
287
45.6333
287
45.6667
287
45.7
287
45.7333
287
45.7667
287
45.8
287
45.8333
287
45.8667
287
45.9
287
45.9333
287
45.9667
287
46
287
46.0333
287
46.0667
287
46.1
287
46.1333
287
46.1667
288
46.2
288
46.2333
288
46.2667
288
46.3
288
46.3333
288
46.3667
288
46.4
288
46.4333
288
46.4667
288
46.5
288
46.5333
288
46.5667
289
46.6
289
46.6333
289
46.6667
289
46.7
289
46.7333
289
46.7667
289
46.8
289
46.8333
289
46.8667
289
46.9
289
46.9333
289
46.9667
289
47
289
47.0333
289
47.0667
289
47.1
289
47.1333
289
47.1667
289
47.2
289
47.2333
289
47.2667
289
47.3
289
47.3333
289
47.3667
289
47.4
289
47.4333
289
47.4667
289
47.5
289
47.5333
289
47.5667
289
47.6
289
47.6333
289
47.6667
289
47.7
289
47.7333
289
47.7667
289
47.8
289
47.8333
289
47.8667
289
47.9
289
47.9333
289
47.9667
289
48
289
48.0333
289
48.0667
289
48.1
289
48.1333
289
48.1667
289
48.2
289
48.2333
289
48.2667
289
48.3
289
48.3333
289
48.3667
289
48.4
289
48.4333
289
48.4667
289
48.5
289
48.5333
289
48.5667
289
48.6
289
48.6333
289
48.6667
289
48.7
289
48.7333
289
48.7667
289
48.8
289
48.8333
289
48.8667
289
48.9
289
48.9333
289
48.9667
289
49
289
49.0333
289
49.0667
289
49.1
290
49.1333
290
49.1667
290
49.2
290
49.2333
290
49.2667
290
49.3
290
49.3333
290
49.3667
290
49.4
290
49.4333
290
49.4667
290
49.5
290
49.5333
290
49.5667
290
49.6
290
49.6333
290
49.6667
290
49.7
290
49.7333
290
49.7667
290
49.8
290
49.8333
290
49.8667
290
49.9
290
49.9333
290
49.9667
290
50
290
50.0333
290
50.0667
290
50.1
290
50.1333
290
50.1667
290
50.2
290
50.2333
290
50.2667
290
50.3
290
50.3333
290
50.3667
290
50.4
290
50.4333
290
50.4667
290
50.5
290
50.5333
290
50.5667
290
50.6
290
50.6333
290
50.6667
290
50.7
290
50.7333
290
50.7667
290
50.8
290
50.8333
290
50.8667
290
50.9
290
50.9333
290
50.9667
290
51
290
51.0333
290
51.0667
290
51.1
290
51.1333
290
51.1667
290
51.2
290
51.2333
290
51.2667
290
51.3
290
51.3333
290
51.3667
290
51.4
290
51.4333
290
51.4667
290
51.5
290
51.5333
290
51.5667
290
51.6
290
51.6333
290
51.6667
290
51.7
290
51.7333
290
51.7667
290
51.8
290
51.8333
291
51.8667
291
51.9
291
51.9333
291
51.9667
291
52
291
52.0333
291
52.0667
291
52.1
291
52.1333
291
52.1667
291
52.2
291
52.2333
291
52.2667
291
52.3
291
52.3333
291
52.3667
291
52.4
291
52.4333
291
52.4667
291
52.5
291
52.5333
291
52.5667
291
52.6
291
52.6333
291
52.6667
291
52.7
291
52.7333
291
52.7667
291
52.8
291
52.8333
291
52.8667
291
52.9
291
52.9333
291
52.9667
291
53
291
53.0333
291
53.0667
291
53.1
291
53.1333
291
53.1667
291
53.2
291
53.2333
291
53.2667
291
53.3
291
53.3333
291
