0
1
0.0333333
1
0.0666667
1
0.1
1
0.133333
1
0.166667
1
0.2
1
0.233333
1
0.266667
1
0.3
1
0.333333
1
0.366667
1
0.4
1
0.433333
1
0.466667
1
0.5
1
0.533333
1
0.566667
1
0.6
1
0.633333
1
0.666667
1
0.7
1
0.733333
1
0.766667
1
0.8
1
0.833333
1
0.866667
1
0.9
1
0.933333
1
0.966667
1
1
1
1.03333
1
1.06667
1
1.1
1
1.13333
1
1.16667
1
1.2
1
1.23333
1
1.26667
1
1.3
1
1.33333
1
1.36667
1
1.4
1
1.43333
1
1.46667
1
1.5
1
1.53333
1
1.56667
1
1.6
1
1.63333
1
1.66667
1
1.7
1
1.73333
1
1.76667
1
1.8
1
1.83333
1
1.86667
1
1.9
1
1.93333
1
1.96667
1
2
1
2.03333
1
2.06667
1
2.1
1
2.13333
1
2.16667
1
2.2
1
2.23333
1
2.26667
1
2.3
1
2.33333
1
2.36667
1
2.4
1
2.43333
1
2.46667
1
2.5
1
2.53333
1
2.56667
1
2.6
1
2.63333
1
2.66667
1
2.7
1
2.73333
1
2.76667
1
2.8
1
2.83333
1
2.86667
1
2.9
1
2.93333
1
2.96667
1
3
1
3.03333
1
3.06667
1
3.1
1
3.13333
1
3.16667
1
3.2
1
3.23333
1
3.26667
1
3.3
1
3.33333
1
3.36667
1
3.4
1
3.43333
1
3.46667
1
3.5
1
3.53333
1
3.56667
1
3.6
1
3.63333
1
3.66667
1
3.7
1
3.73333
1
3.76667
1
3.8
1
3.83333
1
3.86667
1
3.9
1
3.93333
1
3.96667
1
4
1
4.03333
1
4.06667
1
4.1
1
4.13333
1
4.16667
1
4.2
1
4.23333
1
4.26667
1
4.3
1
4.33333
1
4.36667
1
4.4
1
4.43333
1
4.46667
1
4.5
1
4.53333
1
4.56667
1
4.6
1
4.63333
1
4.66667
1
4.7
1
4.73333
1
4.76667
1
4.8
1
4.83333
1
4.86667
1
4.9
1
4.93333
1
4.96667
1
5
1
5.03333
1
5.06667
1
5.1
1
5.13333
1
5.16667
1
5.2
2
5.23333
2
5.26667
2
5.3
2
5.33333
2
5.36667
2
5.4
2
5.43333
2
5.46667
2
5.5
3
5.53333
3
5.56667
3
5.6
3
5.63333
4
5.66667
4
5.7
4
5.73333
4
5.76667
4
5.8
4
5.83333
4
5.86667
5
5.9
5
5.93333
5
5.96667
5
6
6
6.03333
6
6.06667
6
6.1
6
6.13333
6
6.16667
7
6.2
7
6.23333
7
6.26667
7
6.3
7
6.33333
7
6.36667
7
6.4
7
6.43333
7
6.46667
7
6.5
7
6.53333
7
6.56667
7
6.6
8
6.63333
8
6.66667
9
6.7
9
6.73333
9
6.76667
9
6.8
9
6.83333
9
6.86667
9
6.9
9
6.93333
9
6.96667
9
7
10
7.03333
10
7.06667
10
7.1
10
7.13333
10
7.16667
10
7.2
10
7.23333
11
7.26667
12
7.3
12
7.33333
12
7.36667
12
7.4
12
7.43333
12
7.46667
12
7.5
12
7.53333
12
7.56667
12
7.6
13
7.63333
13
7.66667
13
7.7
13
7.73333
13
7.76667
13
7.8
13
7.83333
14
7.86667
14
7.9
14
7.93333
15
7.96667
15
8
15
8.03333
15
8.06667
15
8.1
15
8.13333
15
8.16667
15
8.2
15
8.23333
15
8.26667
15
8.3
15
8.33333
15
8.36667
15
8.4
15
8.43333
15
8.46667
15
8.5
15
8.53333
16
8.56667
16
8.6
16
8.63333
17
8.66667
18
8.7
20
8.73333
21
8.76667
21
8.8
22
8.83333
23
8.86667
23
8.9
24
8.93333
25
8.96667
25
9
25
9.03333
25
9.06667
26
9.1
26
9.13333
27
9.16667
28
9.2
28
9.23333
28
9.26667
30
9.3
31
9.33333
33
9.36667
33
9.4
33
9.43333
33
9.46667
34
9.5
35
9.53333
35
9.56667
35
9.6
35
9.63333
35
9.66667
35
9.7
36
9.73333
37
9.76667
39
9.8
39
9.83333
39
9.86667
39
9.9
39
9.93333
39
9.96667
39
10
39
10.0333
39
10.0667
40
10.1
40
10.1333
40
10.1667
40
10.2
40
10.2333
40
10.2667
40
10.3
41
10.3333
41
10.3667
41
10.4
41
10.4333
42
10.4667
42
10.5
42
10.5333
42
10.5667
42
10.6
43
10.6333
43
10.6667
44
10.7
44
10.7333
44
10.7667
45
10.8
45
10.8333
45
10.8667
45
10.9
45
10.9333
45
10.9667
45
11
47
11.0333
47
11.0667
47
11.1
47
11.1333
48
11.1667
48
11.2
48
11.2333
49
11.2667
49
11.3
49
11.3333
50
11.3667
51
11.4
52
11.4333
53
11.4667
53
11.5
53
11.5333
53
11.5667
53
11.6
53
11.6333
54
11.6667
54
11.7
55
11.7333
55
11.7667
55
11.8
55
11.8333
55
11.8667
55
11.9
55
11.9333
55
11.9667
55
12
57
12.0333
57
12.0667
57
12.1
57
12.1333
57
12.1667
58
12.2
59
12.2333
59
12.2667
59
12.3
60
12.3333
60
12.3667
60
12.4
60
12.4333
60
12.4667
60
12.5
60
12.5333
60
12.5667
60
12.6
60
12.6333
60
12.6667
60
12.7
60
12.7333
60
12.7667
60
12.8
60
12.8333
60
12.8667
60
12.9
60
12.9333
60
12.9667
60
13
60
13.0333
60
13.0667
60
13.1
60
13.1333
60
13.1667
60
13.2
60
13.2333
61
13.2667
61
13.3
61
13.3333
61
13.3667
61
13.4
61
13.4333
62
13.4667
62
13.5
62
13.5333
62
13.5667
62
13.6
63
13.6333
63
13.6667
64
13.7
64
13.7333
64
13.7667
64
13.8
64
13.8333
64
13.8667
64
13.9
64
13.9333
64
13.9667
64
14
64
14.0333
65
14.0667
65
14.1
65
14.1333
65
14.1667
65
14.2
65
14.2333
65
14.2667
65
14.3
65
14.3333
65
14.3667
65
14.4
65
14.4333
65
14.4667
65
14.5
65
14.5333
65
14.5667
66
14.6
66
14.6333
66
14.6667
66
14.7
67
14.7333
67
14.7667
67
14.8
67
14.8333
67
14.8667
68
14.9
68
14.9333
68
14.9667
68
15
68
15.0333
68
15.0667
68
15.1
68
15.1333
68
15.1667
68
15.2
68
15.2333
69
15.2667
69
15.3
69
15.3333
69
15.3667
69
15.4
69
15.4333
71
15.4667
71
15.5
71
15.5333
72
15.5667
73
15.6
73
15.6333
74
15.6667
74
15.7
74
15.7333
74
15.7667
74
15.8
74
15.8333
74
15.8667
74
15.9
74
15.9333
74
15.9667
74
16
75
16.0333
75
16.0667
75
16.1
76
16.1333
76
16.1667
76
16.2
76
16.2333
76
16.2667
76
16.3
76
16.3333
76
16.3667
76
16.4
76
16.4333
76
16.4667
76
16.5
76
16.5333
76
16.5667
76
16.6
76
16.6333
77
16.6667
77
16.7
77
16.7333
78
16.7667
78
16.8
78
16.8333
79
16.8667
80
16.9
80
16.9333
80
16.9667
80
17
80
17.0333
80
17.0667
80
17.1
80
17.1333
81
17.1667
81
17.2
81
17.2333
84
17.2667
85
17.3
86
17.3333
86
17.3667
87
17.4
87
17.4333
87
17.4667
87
17.5
87
17.5333
87
17.5667
87
17.6
87
17.6333
87
17.6667
87
17.7
87
17.7333
87
17.7667
87
17.8
88
17.8333
89
17.8667
89
17.9
89
17.9333
89
17.9667
89
18
89
18.0333
89
18.0667
89
18.1
89
18.1333
89
18.1667
89
18.2
89
18.2333
90
18.2667
90
18.3
90
18.3333
91
18.3667
91
18.4
92
18.4333
92
18.4667
93
18.5
93
18.5333
93
18.5667
93
18.6
94
18.6333
94
18.6667
96
18.7
96
18.7333
96
18.7667
96
18.8
97
18.8333
98
18.8667
100
18.9
102
18.9333
102
18.9667
102
19
103
19.0333
103
19.0667
103
19.1
103
19.1333
103
19.1667
103
19.2
103
19.2333
103
19.2667
104
19.3
105
19.3333
105
19.3667
105
19.4
105
19.4333
105
19.4667
105
19.5
105
19.5333
105
19.5667
105
19.6
105
19.6333
106
19.6667
107
19.7
109
19.7333
109
19.7667
110
19.8
110
19.8333
110
19.8667
110
19.9
110
19.9333
110
19.9667
110
20
110
20.0333
110
20.0667
111
20.1
111
20.1333
111
20.1667
111
20.2
111
20.2333
111
20.2667
111
20.3
111
20.3333
111
20.3667
111
20.4
111
20.4333
111
20.4667
111
20.5
111
20.5333
111
20.5667
111
20.6
111
20.6333
111
20.6667
111
20.7
111
20.7333
111
20.7667
111
20.8
111
20.8333
111
20.8667
111
20.9
112
20.9333
112
20.9667
112
21
112
21.0333
112
21.0667
112
21.1
112
21.1333
112
21.1667
112
21.2
112
21.2333
112
21.2667
112
21.3
112
21.3333
112
21.3667
112
21.4
113
21.4333
113
21.4667
113
21.5
113
21.5333
113
21.5667
113
21.6
113
21.6333
113
21.6667
113
21.7
113
21.7333
113
21.7667
113
21.8
113
21.8333
113
21.8667
113
21.9
113
21.9333
113
21.9667
113
22
113
22.0333
113
22.0667
113
22.1
113
22.1333
113
22.1667
113
22.2
113
22.2333
113
22.2667
113
22.3
113
22.3333
113
22.3667
114
22.4
114
22.4333
114
22.4667
114
22.5
114
22.5333
114
22.5667
114
22.6
114
22.6333
114
22.6667
114
22.7
114
22.7333
114
22.7667
114
22.8
114
22.8333
114
22.8667
114
22.9
114
22.9333
114
22.9667
114
23
114
23.0333
114
23.0667
114
23.1
114
23.1333
114
23.1667
114
23.2
114
23.2333
114
23.2667
114
23.3
114
23.3333
114
23.3667
114
23.4
114
23.4333
114
23.4667
114
23.5
114
23.5333
114
23.5667
114
23.6
114
23.6333
114
23.6667
114
23.7
114
23.7333
114
23.7667
114
23.8
114
23.8333
114
23.8667
114
23.9
114
23.9333
114
23.9667
114
24
114
24.0333
114
24.0667
114
24.1
114
24.1333
114
24.1667
114
24.2
114
24.2333
114
24.2667
114
24.3
114
24.3333
114
24.3667
114
24.4
114
24.4333
114
24.4667
114
24.5
114
24.5333
114
24.5667
114
24.6
114
24.6333
114
24.6667
114
24.7
114
24.7333
114
24.7667
114
24.8
114
24.8333
114
24.8667
114
24.9
114
24.9333
114
24.9667
114
25
114
25.0333
114
25.0667
114
25.1
114
25.1333
114
25.1667
114
25.2
114
25.2333
114
25.2667
114
25.3
114
25.3333
114
25.3667
114
25.4
114
25.4333
114
25.4667
114
25.5
114
25.5333
114
25.5667
114
25.6
114
25.6333
114
25.6667
114
25.7
114
25.7333
114
25.7667
114
25.8
114
25.8333
114
25.8667
114
25.9
114
25.9333
114
25.9667
114
26
114
26.0333
114
26.0667
114
26.1
114
26.1333
114
26.1667
114
26.2
114
26.2333
114
26.2667
114
26.3
114
26.3333
114
26.3667
114
26.4
114
26.4333
114
26.4667
114
26.5
114
26.5333
114
26.5667
114
26.6
114
26.6333
114
26.6667
114
26.7
114
26.7333
114
26.7667
114
26.8
114
26.8333
114
26.8667
114
26.9
114
26.9333
114
26.9667
114
27
114
27.0333
114
27.0667
114
27.1
114
27.1333
114
27.1667
114
27.2
114
27.2333
114
27.2667
114
27.3
114
27.3333
114
27.3667
114
27.4
114
27.4333
114
27.4667
114
27.5
114
27.5333
114
27.5667
114
27.6
114
27.6333
114
27.6667
114
27.7
114
27.7333
114
27.7667
114
27.8
114
27.8333
114
27.8667
114
27.9
115
27.9333
115
27.9667
115
28
115
28.0333
115
28.0667
115
28.1
115
28.1333
115
28.1667
115
28.2
115
28.2333
115
28.2667
115
28.3
115
28.3333
115
28.3667
115
28.4
115
28.4333
115
28.4667
115
28.5
115
28.5333
115
28.5667
115
28.6
115
28.6333
115
28.6667
115
28.7
115
28.7333
115
28.7667
115
28.8
115
28.8333
115
28.8667
115
28.9
115
28.9333
115
28.9667
115
29
115
29.0333
115
29.0667
115
29.1
115
29.1333
115
29.1667
115
29.2
115
29.2333
115
29.2667
115
29.3
115
29.3333
116
29.3667
116
29.4
117
29.4333
117
29.4667
118
29.5
118
29.5333
118
29.5667
118
29.6
118
29.6333
118
29.6667
118
29.7
118
29.7333
118
29.7667
118
29.8
118
29.8333
118
29.8667
118
29.9
118
29.9333
118
29.9667
118
30
118
30.0333
118
30.0667
118
30.1
118
30.1333
118
30.1667
118
30.2
118
30.2333
118
30.2667
118
30.3
118
30.3333
118
30.3667
118
30.4
118
30.4333
118
30.4667
118
30.5
118
30.5333
118
30.5667
118
30.6
118
30.6333
118
30.6667
118
30.7
118
30.7333
118
30.7667
118
30.8
118
30.8333
118
30.8667
118
30.9
118
30.9333
118
30.9667
118
31
118
31.0333
118
31.0667
118
31.1
118
31.1333
119
31.1667
119
31.2
119
31.2333
119
31.2667
119
31.3
119
31.3333
119
31.3667
119
31.4
119
31.4333
119
31.4667
119
31.5
119
31.5333
119
31.5667
119
31.6
119
31.6333
119
31.6667
119
31.7
119
31.7333
119
31.7667
119
31.8
119
31.8333
119
31.8667
119
31.9
119
31.9333
119
31.9667
119
32
119
32.0333
119
32.0667
119
32.1
119
32.1333
119
32.1667
119
32.2
119
32.2333
119
32.2667
119
32.3
119
32.3333
119
32.3667
120
32.4
120
32.4333
120
32.4667
120
32.5
120
32.5333
120
32.5667
120
32.6
120
32.6333
120
32.6667
120
32.7
120
32.7333
120
32.7667
120
32.8
120
32.8333
120
32.8667
120
32.9
120
32.9333
120
32.9667
120
33
120
33.0333
120
33.0667
120
33.1
120
33.1333
120
33.1667
120
33.2
120
33.2333
120
33.2667
120
33.3
120
33.3333
120
33.3667
120
33.4
120
33.4333
120
33.4667
120
33.5
120
33.5333
120
33.5667
120
33.6
121
33.6333
121
33.6667
121
33.7
121
33.7333
122
33.7667
122
33.8
122
33.8333
122
33.8667
122
33.9
122
33.9333
122
33.9667
122
34
122
34.0333
122
34.0667
122
34.1
122
34.1333
122
34.1667
122
34.2
122
34.2333
122
34.2667
122
34.3
122
34.3333
122
34.3667
122
34.4
122
34.4333
122
34.4667
122
34.5
122
34.5333
122
34.5667
122
34.6
122
34.6333
122
34.6667
122
34.7
122
34.7333
122
34.7667
122
34.8
122
34.8333
122
34.8667
122
34.9
122
34.9333
122
34.9667
122
35
122
35.0333
122
35.0667
122
35.1
122
35.1333
122
35.1667
122
35.2
122
35.2333
122
35.2667
122
35.3
122
35.3333
122
35.3667
122
35.4
122
35.4333
122
35.4667
122
35.5
122
35.5333
122
35.5667
122
35.6
122
35.6333
122
35.6667
122
35.7
122
35.7333
122
35.7667
122
35.8
122
35.8333
122
35.8667
123
35.9
123
35.9333
123
35.9667
123
36
123
36.0333
123
36.0667
123
36.1
123
36.1333
123
36.1667
123
36.2
123
36.2333
123
36.2667
123
36.3
123
36.3333
123
36.3667
124
36.4
124
36.4333
124
36.4667
124
36.5
124
36.5333
124
36.5667
124
36.6
124
36.6333
124
36.6667
124
36.7
124
36.7333
124
36.7667
124
36.8
124
36.8333
124
36.8667
124
36.9
124
36.9333
124
36.9667
124
37
124
37.0333
124
37.0667
124
37.1
124
37.1333
124
37.1667
124
37.2
124
37.2333
124
37.2667
124
37.3
124
37.3333
124
37.3667
124
37.4
124
37.4333
124
37.4667
124
37.5
124
37.5333
124
37.5667
124
37.6
124
37.6333
124
37.6667
124
37.7
124
37.7333
124
37.7667
124
37.8
124
37.8333
124
37.8667
124
37.9
124
37.9333
124
37.9667
124
38
124
38.0333
124
38.0667
124
38.1
124
38.1333
124
38.1667
124
38.2
124
38.2333
124
38.2667
124
38.3
124
38.3333
124
38.3667
125
38.4
125
38.4333
125
38.4667
125
38.5
125
38.5333
125
38.5667
125
38.6
125
38.6333
125
38.6667
125
38.7
125
38.7333
125
38.7667
125
38.8
125
38.8333
125
38.8667
125
38.9
125
38.9333
125
38.9667
125
39
125
39.0333
125
39.0667
125
39.1
125
39.1333
125
39.1667
125
39.2
125
39.2333
125
39.2667
125
39.3
125
39.3333
125
39.3667
125
39.4
125
39.4333
125
39.4667
125
39.5
125
39.5333
126
39.5667
126
39.6
126
39.6333
126
39.6667
126
39.7
126
39.7333
126
39.7667
126
39.8
126
39.8333
126
39.8667
126
39.9
126
39.9333
126
39.9667
126
40
126
40.0333
126
40.0667
126
40.1
126
40.1333
126
40.1667
126
40.2
126
40.2333
126
40.2667
126
40.3
126
40.3333
126
40.3667
126
40.4
126
40.4333
126
40.4667
126
40.5
126
40.5333
126
40.5667
126
40.6
126
40.6333
126
40.6667
126
40.7
126
40.7333
126
40.7667
126
40.8
126
40.8333
126
40.8667
126
40.9
126
40.9333
126
40.9667
126
41
126
41.0333
126
41.0667
126
41.1
126
41.1333
126
41.1667
126
41.2
126
41.2333
126
41.2667
126
41.3
126
41.3333
126
41.3667
126
41.4
126
41.4333
126
41.4667
126
41.5
126
41.5333
126
41.5667
126
41.6
126
41.6333
126
41.6667
126
41.7
126
41.7333
127
41.7667
127
41.8
127
41.8333
127
41.8667
127
41.9
127
41.9333
127
41.9667
127
42
127
42.0333
127
42.0667
127
42.1
127
42.1333
128
42.1667
128
42.2
128
42.2333
128
42.2667
128
42.3
128
42.3333
128
42.3667
128
42.4
128
42.4333
128
42.4667
128
42.5
128
42.5333
128
42.5667
128
42.6
128
42.6333
128
42.6667
128
42.7
129
42.7333
129
42.7667
129
42.8
129
42.8333
129
42.8667
129
42.9
129
42.9333
129
42.9667
129
43
129
43.0333
129
43.0667
129
43.1
129
43.1333
129
43.1667
129
43.2
129
43.2333
129
43.2667
129
43.3
129
43.3333
129
43.3667
129
43.4
129
43.4333
129
43.4667
129
43.5
129
43.5333
129
43.5667
129
43.6
129
43.6333
129
43.6667
129
43.7
129
43.7333
129
43.7667
129
43.8
129
43.8333
129
43.8667
129
43.9
129
43.9333
129
43.9667
130
44
130
44.0333
130
44.0667
130
44.1
130
44.1333
130
44.1667
131
44.2
131
44.2333
131
44.2667
131
44.3
131
44.3333
131
44.3667
131
44.4
131
44.4333
131
44.4667
131
44.5
132
44.5333
132
44.5667
132
44.6
132
44.6333
132
44.6667
132
44.7
132
44.7333
132
44.7667
132
44.8
132
44.8333
132
44.8667
132
44.9
132
44.9333
132
44.9667
132
45
132
45.0333
132
45.0667
132
45.1
132
45.1333
132
45.1667
133
45.2
133
45.2333
133
45.2667
133
45.3
133
45.3333
133
45.3667
133
45.4
133
45.4333
133
45.4667
133
45.5
133
45.5333
133
45.5667
133
45.6
134
45.6333
134
45.6667
134
45.7
134
45.7333
134
45.7667
134
45.8
134
45.8333
134
45.8667
134
45.9
134
45.9333
134
45.9667
134
46
134
46.0333
134
46.0667
134
46.1
134
46.1333
134
46.1667
134
46.2
134
46.2333
134
46.2667
134
46.3
134
46.3333
134
46.3667
134
46.4
134
46.4333
134
46.4667
134
46.5
134
46.5333
134
46.5667
134
46.6
134
46.6333
134
46.6667
134
46.7
134
46.7333
134
46.7667
134
46.8
134
46.8333
135
46.8667
136
46.9
136
46.9333
136
46.9667
136
47
136
47.0333
136
47.0667
136
47.1
136
47.1333
136
47.1667
136
47.2
136
47.2333
136
47.2667
136
47.3
136
47.3333
136
47.3667
136
47.4
136
47.4333
136
47.4667
136
47.5
136
47.5333
136
47.5667
136
47.6
136
47.6333
136
47.6667
136
47.7
136
47.7333
136
47.7667
136
47.8
136
47.8333
136
47.8667
136
47.9
136
47.9333
136
47.9667
136
48
136
48.0333
136
48.0667
136
48.1
136
48.1333
136
48.1667
136
48.2
136
48.2333
136
48.2667
136
48.3
136
48.3333
136
48.3667
136
48.4
136
48.4333
136
48.4667
136
48.5
136
48.5333
136
48.5667
136
48.6
136
48.6333
136
48.6667
136
48.7
136
48.7333
136
48.7667
136
48.8
136
48.8333
136
48.8667
136
48.9
136
48.9333
136
48.9667
136
49
136
49.0333
136
49.0667
136
49.1
136
49.1333
136
49.1667
136
49.2
136
49.2333
136
49.2667
136
49.3
136
49.3333
136
49.3667
136
49.4
136
49.4333
136
49.4667
136
49.5
136
49.5333
136
49.5667
136
49.6
136
49.6333
136
49.6667
136
49.7
136
49.7333
136
49.7667
136
49.8
136
49.8333
136
49.8667
136
49.9
136
49.9333
136
49.9667
136
50
136
50.0333
136
50.0667
136
50.1
136
50.1333
136
50.1667
136
50.2
136
50.2333
136
50.2667
136
50.3
136
50.3333
136
50.3667
136
50.4
136
50.4333
136
50.4667
136
50.5
136
50.5333
136
50.5667
136
50.6
136
50.6333
136
50.6667
136
50.7
136
50.7333
136
50.7667
136
50.8
136
50.8333
136
50.8667
136
50.9
136
50.9333
136
50.9667
136
51
136
51.0333
136
51.0667
136
51.1
136
51.1333
136
51.1667
136
51.2
136
51.2333
136
51.2667
136
51.3
136
51.3333
136
51.3667
136
51.4
136
51.4333
136
51.4667
136
51.5
136
51.5333
136
51.5667
136
51.6
136
51.6333
136
51.6667
136
51.7
136
51.7333
136
51.7667
136
51.8
136
51.8333
136
51.8667
136
51.9
136
51.9333
136
51.9667
136
52
136
52.0333
136
52.0667
136
52.1
136
52.1333
136
52.1667
136
52.2
136
52.2333
136
52.2667
136
52.3
136
52.3333
136
52.3667
136
52.4
136
52.4333
136
52.4667
136
52.5
136
52.5333
137
52.5667
137
52.6
137
52.6333
137
52.6667
137
52.7
137
52.7333
137
52.7667
137
52.8
137
52.8333
137
52.8667
137
52.9
137
52.9333
137
52.9667
137
53
137
53.0333
137
53.0667
137
53.1
137
53.1333
137
53.1667
137
53.2
137
53.2333
137
53.2667
137
53.3
137
53.3333
137
