0
1
0.0333333
1
0.0666667
1
0.1
1
0.133333
1
0.166667
1
0.2
1
0.233333
1
0.266667
1
0.3
1
0.333333
1
0.366667
1
0.4
1
0.433333
1
0.466667
1
0.5
1
0.533333
1
0.566667
1
0.6
1
0.633333
1
0.666667
1
0.7
1
0.733333
1
0.766667
1
0.8
1
0.833333
1
0.866667
1
0.9
1
0.933333
1
0.966667
1
1
1
1.03333
1
1.06667
1
1.1
1
1.13333
1
1.16667
1
1.2
1
1.23333
1
1.26667
1
1.3
1
1.33333
1
1.36667
1
1.4
1
1.43333
1
1.46667
1
1.5
1
1.53333
1
1.56667
1
1.6
1
1.63333
1
1.66667
1
1.7
1
1.73333
1
1.76667
1
1.8
1
1.83333
1
1.86667
1
1.9
1
1.93333
1
1.96667
1
2
1
2.03333
1
2.06667
1
2.1
1
2.13333
1
2.16667
1
2.2
1
2.23333
1
2.26667
1
2.3
1
2.33333
1
2.36667
1
2.4
1
2.43333
1
2.46667
1
2.5
1
2.53333
1
2.56667
1
2.6
1
2.63333
1
2.66667
1
2.7
1
2.73333
1
2.76667
1
2.8
1
2.83333
1
2.86667
1
2.9
1
2.93333
1
2.96667
1
3
1
3.03333
1
3.06667
1
3.1
1
3.13333
1
3.16667
1
3.2
1
3.23333
1
3.26667
1
3.3
1
3.33333
1
3.36667
1
3.4
1
3.43333
1
3.46667
1
3.5
1
3.53333
1
3.56667
1
3.6
1
3.63333
1
3.66667
1
3.7
1
3.73333
1
3.76667
1
3.8
1
3.83333
1
3.86667
1
3.9
1
3.93333
1
3.96667
1
4
1
4.03333
1
4.06667
1
4.1
1
4.13333
1
4.16667
1
4.2
1
4.23333
1
4.26667
1
4.3
1
4.33333
1
4.36667
1
4.4
1
4.43333
1
4.46667
1
4.5
1
4.53333
1
4.56667
1
4.6
1
4.63333
1
4.66667
1
4.7
1
4.73333
1
4.76667
2
4.8
2
4.83333
2
4.86667
2
4.9
2
4.93333
2
4.96667
2
5
2
5.03333
3
5.06667
4
5.1
4
5.13333
4
5.16667
4
5.2
4
5.23333
4
5.26667
4
5.3
4
5.33333
4
5.36667
4
5.4
4
5.43333
4
5.46667
4
5.5
4
5.53333
4
5.56667
4
5.6
4
5.63333
4
5.66667
5
5.7
5
5.73333
6
5.76667
6
5.8
6
5.83333
6
5.86667
6
5.9
6
5.93333
6
5.96667
6
6
6
6.03333
7
6.06667
7
6.1
7
6.13333
7
6.16667
7
6.2
8
6.23333
8
6.26667
10
6.3
10
6.33333
10
6.36667
11
6.4
11
6.43333
11
6.46667
11
6.5
11
6.53333
11
6.56667
11
6.6
11
6.63333
11
6.66667
11
6.7
11
6.73333
11
6.76667
11
6.8
11
6.83333
11
6.86667
11
6.9
14
6.93333
15
6.96667
16
7
16
7.03333
16
7.06667
16
7.1
16
7.13333
16
7.16667
18
7.2
19
7.23333
19
7.26667
19
7.3
19
7.33333
20
7.36667
21
7.4
22
7.43333
23
7.46667
24
7.5
25
7.53333
26
7.56667
27
7.6
28
7.63333
29
7.66667
29
7.7
29
7.73333
30
7.76667
32
7.8
32
7.83333
32
7.86667
33
7.9
33
7.93333
35
7.96667
35
8
36
8.03333
37
8.06667
38
8.1
39
8.13333
40
8.16667
40
8.2
41
8.23333
44
8.26667
45
8.3
45
8.33333
47
8.36667
48
8.4
48
8.43333
49
8.46667
50
8.5
50
8.53333
50
8.56667
50
8.6
51
8.63333
54
8.66667
55
8.7
55
8.73333
55
8.76667
55
8.8
55
8.83333
55
8.86667
55
8.9
55
8.93333
57
8.96667
58
9
60
9.03333
62
9.06667
63
9.1
63
9.13333
64
9.16667
64
9.2
64
9.23333
65
9.26667
65
9.3
67
9.33333
67
9.36667
67
9.4
67
9.43333
67
9.46667
67
9.5
67
9.53333
68
9.56667
70
9.6
72
9.63333
72
9.66667
74
9.7
76
9.73333
77
9.76667
77
9.8
78
9.83333
78
9.86667
78
9.9
78
9.93333
78
9.96667
79
10
79
10.0333
80
10.0667
80
10.1
81
10.1333
81
10.1667
83
10.2
83
10.2333
84
10.2667
84
10.3
84
10.3333
84
10.3667
85
10.4
85
10.4333
85
10.4667
86
10.5
86
10.5333
86
10.5667
86
10.6
87
10.6333
87
10.6667
87
10.7
88
10.7333
88
10.7667
88
10.8
89
10.8333
89
10.8667
89
10.9
91
10.9333
91
10.9667
91
11
92
11.0333
92
11.0667
94
11.1
94
11.1333
95
11.1667
95
11.2
95
11.2333
97
11.2667
98
11.3
99
11.3333
99
11.3667
99
11.4
99
11.4333
99
11.4667
99
11.5
99
11.5333
99
11.5667
100
11.6
100
11.6333
101
11.6667
103
11.7
104
11.7333
106
11.7667
106
11.8
107
11.8333
110
11.8667
112
11.9
112
11.9333
114
11.9667
114
12
114
12.0333
115
12.0667
117
12.1
118
12.1333
119
12.1667
122
12.2
122
12.2333
123
12.2667
123
12.3
126
12.3333
127
12.3667
128
12.4
129
12.4333
131
12.4667
131
12.5
131
12.5333
131
12.5667
132
12.6
133
12.6333
133
12.6667
134
12.7
135
12.7333
135
12.7667
137
12.8
137
12.8333
138
12.8667
139
12.9
139
12.9333
139
12.9667
140
13
140
13.0333
142
13.0667
142
13.1
142
13.1333
143
13.1667
143
13.2
143
13.2333
144
13.2667
144
13.3
145
13.3333
145
13.3667
146
13.4
147
13.4333
147
13.4667
147
13.5
147
13.5333
149
13.5667
150
13.6
150
13.6333
151
13.6667
151
13.7
151
13.7333
151
13.7667
152
13.8
153
13.8333
153
13.8667
153
13.9
155
13.9333
156
13.9667
156
14
157
14.0333
158
14.0667
159
14.1
161
14.1333
161
14.1667
161
14.2
161
14.2333
161
14.2667
161
14.3
162
14.3333
162
14.3667
163
14.4
163
14.4333
163
14.4667
163
14.5
163
14.5333
163
14.5667
163
14.6
163
14.6333
164
14.6667
164
14.7
164
14.7333
165
14.7667
165
14.8
165
14.8333
165
14.8667
165
14.9
165
14.9333
165
14.9667
165
15
165
15.0333
165
15.0667
165
15.1
165
15.1333
166
15.1667
166
15.2
166
15.2333
166
15.2667
166
15.3
166
15.3333
166
15.3667
166
15.4
166
15.4333
166
15.4667
167
15.5
167
15.5333
169
15.5667
170
15.6
170
15.6333
170
15.6667
171
15.7
172
15.7333
173
15.7667
173
15.8
173
15.8333
173
15.8667
173
15.9
174
15.9333
175
15.9667
175
16
177
16.0333
178
16.0667
178
16.1
178
16.1333
180
16.1667
181
16.2
182
16.2333
182
16.2667
183
16.3
183
16.3333
183
16.3667
183
16.4
185
16.4333
185
16.4667
185
16.5
186
16.5333
187
16.5667
188
16.6
188
16.6333
188
16.6667
188
16.7
188
16.7333
189
16.7667
190
16.8
190
16.8333
191
16.8667
191
16.9
192
16.9333
193
16.9667
193
17
193
17.0333
193
17.0667
193
17.1
193
17.1333
193
17.1667
194
17.2
194
17.2333
195
17.2667
195
17.3
197
17.3333
197
17.3667
197
17.4
197
17.4333
197
17.4667
197
17.5
197
17.5333
197
17.5667
197
17.6
197
17.6333
197
17.6667
197
17.7
197
17.7333
197
17.7667
197
17.8
197
17.8333
197
17.8667
197
17.9
197
17.9333
197
17.9667
197
18
197
18.0333
197
18.0667
197
18.1
197
18.1333
197
18.1667
197
18.2
197
18.2333
197
18.2667
197
18.3
197
18.3333
197
18.3667
198
18.4
198
18.4333
199
18.4667
199
18.5
199
18.5333
200
18.5667
200
18.6
200
18.6333
200
18.6667
200
18.7
200
18.7333
200
18.7667
200
18.8
202
18.8333
202
18.8667
203
18.9
203
18.9333
203
18.9667
204
19
204
19.0333
205
19.0667
205
19.1
205
19.1333
206
19.1667
206
19.2
207
19.2333
209
19.2667
209
19.3
209
19.3333
209
19.3667
210
19.4
210
19.4333
210
19.4667
211
19.5
211
19.5333
212
19.5667
213
19.6
213
19.6333
213
19.6667
213
19.7
213
19.7333
213
19.7667
213
19.8
213
19.8333
213
19.8667
213
19.9
214
19.9333
214
19.9667
215
20
217
20.0333
217
20.0667
217
20.1
218
20.1333
218
20.1667
218
20.2
219
20.2333
220
20.2667
220
20.3
220
20.3333
220
20.3667
220
20.4
220
20.4333
222
20.4667
222
20.5
222
20.5333
223
20.5667
223
20.6
225
20.6333
225
20.6667
226
20.7
226
20.7333
228
20.7667
228
20.8
228
20.8333
228
20.8667
228
20.9
228
20.9333
228
20.9667
229
21
231
21.0333
231
21.0667
233
21.1
234
21.1333
234
21.1667
234
21.2
234
21.2333
234
21.2667
234
21.3
234
21.3333
234
21.3667
235
21.4
235
21.4333
235
21.4667
235
21.5
235
21.5333
235
21.5667
235
21.6
235
21.6333
235
21.6667
235
21.7
235
21.7333
235
21.7667
237
21.8
237
21.8333
237
21.8667
237
21.9
237
21.9333
238
21.9667
238
22
238
22.0333
238
22.0667
238
22.1
238
22.1333
238
22.1667
238
22.2
238
22.2333
238
22.2667
239
22.3
240
22.3333
241
22.3667
241
22.4
241
22.4333
241
22.4667
241
22.5
241
22.5333
241
22.5667
241
22.6
242
22.6333
242
22.6667
242
22.7
242
22.7333
242
22.7667
243
22.8
243
22.8333
243
22.8667
243
22.9
243
22.9333
243
22.9667
243
23
243
23.0333
243
23.0667
243
23.1
243
23.1333
243
23.1667
243
23.2
243
23.2333
243
23.2667
243
23.3
243
23.3333
243
23.3667
243
23.4
243
23.4333
243
23.4667
243
23.5
243
23.5333
243
23.5667
243
23.6
243
23.6333
243
23.6667
243
23.7
243
23.7333
243
23.7667
244
23.8
244
23.8333
244
23.8667
244
23.9
244
23.9333
244
23.9667
244
24
244
24.0333
244
24.0667
244
24.1
244
24.1333
244
24.1667
244
24.2
244
24.2333
245
24.2667
245
24.3
245
24.3333
245
24.3667
245
24.4
245
24.4333
246
24.4667
246
24.5
246
24.5333
247
24.5667
247
24.6
247
24.6333
247
24.6667
247
24.7
247
24.7333
247
24.7667
247
24.8
247
24.8333
247
24.8667
247
24.9
247
24.9333
247
24.9667
247
25
247
25.0333
247
25.0667
249
25.1
249
25.1333
249
25.1667
249
25.2
249
25.2333
249
25.2667
249
25.3
249
25.3333
249
25.3667
249
25.4
250
25.4333
250
25.4667
250
25.5
250
25.5333
250
25.5667
250
25.6
251
25.6333
251
25.6667
251
25.7
251
25.7333
251
25.7667
251
25.8
251
25.8333
252
25.8667
252
25.9
252
25.9333
252
25.9667
254
26
254
26.0333
254
26.0667
255
26.1
255
26.1333
255
26.1667
255
26.2
255
26.2333
255
26.2667
255
26.3
256
26.3333
257
26.3667
257
26.4
257
26.4333
258
26.4667
259
26.5
261
26.5333
261
26.5667
261
26.6
261
26.6333
261
26.6667
261
26.7
261
26.7333
261
26.7667
261
26.8
261
26.8333
261
26.8667
261
26.9
261
26.9333
261
26.9667
261
27
261
27.0333
261
27.0667
261
27.1
261
27.1333
261
27.1667
261
27.2
261
27.2333
261
27.2667
261
27.3
261
27.3333
261
27.3667
261
27.4
261
27.4333
261
27.4667
261
27.5
261
27.5333
261
27.5667
262
27.6
262
27.6333
262
27.6667
263
27.7
263
27.7333
264
27.7667
265
27.8
265
27.8333
265
27.8667
265
27.9
265
27.9333
265
27.9667
265
28
265
28.0333
266
28.0667
266
28.1
266
28.1333
267
28.1667
267
28.2
267
28.2333
267
28.2667
267
28.3
267
28.3333
269
28.3667
269
28.4
270
28.4333
270
28.4667
270
28.5
270
28.5333
270
28.5667
270
28.6
270
28.6333
270
28.6667
270
28.7
270
28.7333
271
28.7667
271
28.8
271
28.8333
271
28.8667
271
28.9
271
28.9333
271
28.9667
271
29
271
29.0333
271
29.0667
271
29.1
272
29.1333
272
29.1667
272
29.2
272
29.2333
272
29.2667
272
29.3
272
29.3333
272
29.3667
272
29.4
272
29.4333
272
29.4667
272
29.5
272
29.5333
272
29.5667
272
29.6
272
29.6333
272
29.6667
272
29.7
272
29.7333
272
29.7667
272
29.8
272
29.8333
272
29.8667
272
29.9
272
29.9333
272
29.9667
272
30
272
30.0333
272
30.0667
272
30.1
273
30.1333
274
30.1667
274
30.2
274
30.2333
274
30.2667
274
30.3
274
30.3333
274
30.3667
274
30.4
274
30.4333
274
30.4667
274
30.5
274
30.5333
274
30.5667
274
30.6
274
30.6333
274
30.6667
274
30.7
274
30.7333
274
30.7667
274
30.8
274
30.8333
274
30.8667
274
30.9
274
30.9333
274
30.9667
274
31
274
31.0333
274
31.0667
274
31.1
274
31.1333
274
31.1667
274
31.2
274
31.2333
274
31.2667
274
31.3
274
31.3333
274
31.3667
274
31.4
274
31.4333
274
31.4667
274
31.5
274
31.5333
274
31.5667
274
31.6
274
31.6333
274
31.6667
274
31.7
274
31.7333
274
31.7667
275
31.8
276
31.8333
278
31.8667
279
31.9
279
31.9333
279
31.9667
279
32
279
32.0333
279
32.0667
280
32.1
280
32.1333
280
32.1667
280
32.2
281
32.2333
281
32.2667
282
32.3
282
32.3333
282
32.3667
282
32.4
282
32.4333
282
32.4667
282
32.5
282
32.5333
282
32.5667
282
32.6
282
32.6333
282
32.6667
282
32.7
283
32.7333
283
32.7667
283
32.8
284
32.8333
284
32.8667
284
32.9
284
32.9333
284
32.9667
284
33
284
33.0333
284
33.0667
284
33.1
284
33.1333
284
33.1667
284
33.2
284
33.2333
284
33.2667
284
33.3
284
33.3333
285
33.3667
285
33.4
285
33.4333
285
33.4667
285
33.5
285
33.5333
285
33.5667
286
33.6
286
33.6333
286
33.6667
286
33.7
286
33.7333
286
33.7667
286
33.8
286
33.8333
286
33.8667
286
33.9
286
33.9333
286
33.9667
286
34
286
34.0333
286
34.0667
286
34.1
286
34.1333
286
34.1667
286
34.2
286
34.2333
286
34.2667
286
34.3
286
34.3333
286
34.3667
286
34.4
287
34.4333
287
34.4667
287
34.5
287
34.5333
287
34.5667
287
34.6
287
34.6333
287
34.6667
287
34.7
287
34.7333
287
34.7667
287
34.8
287
34.8333
287
34.8667
287
34.9
287
34.9333
287
34.9667
287
35
287
35.0333
287
35.0667
287
35.1
288
35.1333
288
35.1667
288
35.2
288
35.2333
288
35.2667
288
35.3
288
35.3333
288
35.3667
288
35.4
288
35.4333
288
35.4667
288
35.5
288
35.5333
288
35.5667
288
35.6
288
35.6333
288
35.6667
288
35.7
288
35.7333
288
35.7667
288
35.8
288
35.8333
288
35.8667
288
35.9
288
35.9333
288
35.9667
288
36
288
36.0333
288
36.0667
288
36.1
288
36.1333
288
36.1667
288
36.2
288
36.2333
288
36.2667
288
36.3
288
36.3333
288
36.3667
290
36.4
290
36.4333
290
36.4667
290
36.5
290
36.5333
290
36.5667
290
36.6
290
36.6333
290
36.6667
290
36.7
290
36.7333
290
36.7667
290
36.8
290
36.8333
290
36.8667
291
36.9
291
36.9333
291
36.9667
291
37
291
37.0333
291
37.0667
291
37.1
291
37.1333
291
37.1667
291
37.2
291
37.2333
291
37.2667
291
37.3
291
37.3333
291
37.3667
291
37.4
291
37.4333
291
37.4667
291
37.5
291
37.5333
291
37.5667
291
37.6
291
37.6333
291
37.6667
291
37.7
291
37.7333
291
37.7667
291
37.8
291
37.8333
291
37.8667
291
37.9
291
37.9333
291
37.9667
291
38
291
38.0333
291
38.0667
291
38.1
291
38.1333
291
38.1667
291
38.2
291
38.2333
291
38.2667
291
38.3
291
38.3333
291
38.3667
291
38.4
291
38.4333
291
38.4667
291
38.5
291
38.5333
291
38.5667
291
38.6
291
38.6333
291
38.6667
291
38.7
291
38.7333
291
38.7667
291
38.8
291
38.8333
291
38.8667
291
38.9
291
38.9333
291
38.9667
291
39
291
39.0333
291
39.0667
291
39.1
291
39.1333
291
39.1667
291
39.2
291
39.2333
291
39.2667
291
39.3
291
39.3333
291
39.3667
291
39.4
291
39.4333
291
39.4667
291
39.5
291
39.5333
291
39.5667
291
39.6
291
39.6333
291
39.6667
291
39.7
291
39.7333
291
39.7667
291
39.8
291
39.8333
291
39.8667
291
39.9
291
39.9333
292
39.9667
292
40
292
40.0333
292
40.0667
292
40.1
292
40.1333
292
40.1667
292
40.2
292
40.2333
292
40.2667
292
40.3
292
40.3333
292
40.3667
292
40.4
292
40.4333
292
40.4667
292
40.5
292
40.5333
292
40.5667
292
40.6
292
40.6333
292
40.6667
292
40.7
292
40.7333
292
40.7667
292
40.8
292
40.8333
292
40.8667
292
40.9
292
40.9333
292
40.9667
292
41
292
41.0333
292
41.0667
292
41.1
292
41.1333
292
41.1667
292
41.2
292
41.2333
292
41.2667
292
41.3
292
41.3333
292
41.3667
292
41.4
292
41.4333
292
41.4667
292
41.5
292
41.5333
292
41.5667
292
41.6
292
41.6333
292
41.6667
292
41.7
292
41.7333
292
41.7667
292
41.8
292
41.8333
292
41.8667
292
41.9
292
41.9333
292
41.9667
292
42
292
42.0333
292
42.0667
292
42.1
292
42.1333
292
42.1667
292
42.2
292
42.2333
292
42.2667
292
42.3
292
42.3333
292
42.3667
292
42.4
292
42.4333
292
42.4667
292
42.5
292
42.5333
292
42.5667
293
42.6
293
42.6333
293
42.6667
293
42.7
293
42.7333
293
42.7667
293
42.8
293
42.8333
293
42.8667
293
42.9
293
42.9333
293
42.9667
293
43
293
43.0333
293
43.0667
293
43.1
293
43.1333
293
43.1667
293
43.2
293
43.2333
293
43.2667
293
43.3
293
43.3333
293
43.3667
293
43.4
293
43.4333
293
43.4667
293
43.5
293
43.5333
293
43.5667
293
43.6
293
43.6333
293
43.6667
293
43.7
293
43.7333
293
43.7667
293
43.8
293
43.8333
293
43.8667
293
43.9
293
43.9333
293
43.9667
293
44
293
44.0333
293
44.0667
293
44.1
293
44.1333
293
44.1667
293
44.2
293
44.2333
293
44.2667
293
44.3
293
44.3333
293
44.3667
293
44.4
293
44.4333
293
44.4667
293
44.5
293
44.5333
293
44.5667
293
44.6
293
44.6333
293
44.6667
293
44.7
293
44.7333
293
44.7667
293
44.8
293
44.8333
293
44.8667
293
44.9
293
44.9333
293
44.9667
293
45
293
45.0333
293
45.0667
293
45.1
294
45.1333
294
45.1667
294
45.2
294
45.2333
294
45.2667
294
45.3
294
45.3333
294
45.3667
294
45.4
294
45.4333
294
45.4667
294
45.5
294
45.5333
294
45.5667
294
45.6
294
45.6333
294
45.6667
294
45.7
294
45.7333
294
45.7667
294
45.8
294
45.8333
294
45.8667
294
45.9
294
45.9333
294
45.9667
294
46
294
46.0333
294
46.0667
294
46.1
294
46.1333
294
46.1667
294
46.2
294
46.2333
294
46.2667
294
46.3
294
46.3333
294
46.3667
294
46.4
294
46.4333
294
46.4667
294
46.5
294
46.5333
294
46.5667
294
46.6
294
46.6333
294
46.6667
295
46.7
295
46.7333
295
46.7667
295
46.8
295
46.8333
295
46.8667
295
46.9
295
46.9333
295
46.9667
295
47
295
47.0333
295
47.0667
295
47.1
295
47.1333
295
47.1667
295
47.2
295
47.2333
295
47.2667
295
47.3
295
47.3333
295
47.3667
295
47.4
295
47.4333
295
47.4667
295
47.5
295
47.5333
295
47.5667
295
47.6
295
47.6333
295
47.6667
295
47.7
295
47.7333
295
47.7667
295
47.8
295
47.8333
295
47.8667
295
47.9
295
47.9333
295
47.9667
295
48
295
48.0333
295
48.0667
295
48.1
295
48.1333
295
48.1667
295
48.2
295
48.2333
295
48.2667
295
48.3
295
48.3333
295
48.3667
295
48.4
295
48.4333
295
48.4667
295
48.5
295
48.5333
295
48.5667
295
48.6
295
48.6333
295
48.6667
295
48.7
295
48.7333
295
48.7667
295
48.8
295
48.8333
295
48.8667
295
48.9
295
48.9333
295
48.9667
295
49
295
49.0333
295
49.0667
295
49.1
295
49.1333
295
49.1667
295
49.2
295
49.2333
295
49.2667
295
49.3
295
49.3333
295
49.3667
295
49.4
295
49.4333
295
49.4667
295
49.5
295
49.5333
295
49.5667
295
49.6
295
49.6333
295
49.6667
295
49.7
295
49.7333
295
49.7667
295
49.8
295
49.8333
295
49.8667
295
49.9
295
49.9333
295
49.9667
295
50
295
50.0333
295
50.0667
295
50.1
295
50.1333
295
50.1667
295
50.2
295
50.2333
295
50.2667
295
50.3
295
50.3333
295
50.3667
295
50.4
296
50.4333
296
50.4667
296
50.5
296
50.5333
296
50.5667
296
50.6
296
50.6333
296
50.6667
296
50.7
296
50.7333
296
50.7667
296
50.8
296
50.8333
296
50.8667
296
50.9
296
50.9333
296
50.9667
296
51
296
51.0333
296
51.0667
296
51.1
296
51.1333
296
51.1667
296
51.2
296
51.2333
296
51.2667
296
51.3
296
51.3333
296
51.3667
296
51.4
296
51.4333
296
51.4667
296
51.5
296
51.5333
296
51.5667
296
51.6
296
51.6333
296
51.6667
296
51.7
296
51.7333
296
51.7667
296
51.8
296
51.8333
296
51.8667
296
51.9
296
51.9333
296
51.9667
296
52
296
52.0333
296
52.0667
296
52.1
296
52.1333
296
52.1667
296
52.2
296
52.2333
296
52.2667
296
52.3
296
52.3333
296
52.3667
296
52.4
296
52.4333
296
52.4667
296
52.5
296
52.5333
296
52.5667
296
52.6
296
52.6333
296
52.6667
296
52.7
296
52.7333
296
52.7667
296
52.8
296
52.8333
296
52.8667
296
52.9
296
52.9333
296
52.9667
296
53
296
53.0333
296
53.0667
296
53.1
296
53.1333
296
53.1667
296
53.2
296
53.2333
296
53.2667
296
53.3
296
53.3333
296
