0
1
0.0333333
1
0.0666667
1
0.1
1
0.133333
1
0.166667
1
0.2
1
0.233333
1
0.266667
1
0.3
1
0.333333
1
0.366667
1
0.4
1
0.433333
1
0.466667
1
0.5
1
0.533333
1
0.566667
1
0.6
1
0.633333
1
0.666667
1
0.7
1
0.733333
1
0.766667
1
0.8
1
0.833333
1
0.866667
1
0.9
1
0.933333
1
0.966667
1
1
1
1.03333
1
1.06667
1
1.1
1
1.13333
1
1.16667
1
1.2
1
1.23333
1
1.26667
1
1.3
1
1.33333
1
1.36667
1
1.4
1
1.43333
1
1.46667
1
1.5
1
1.53333
1
1.56667
1
1.6
1
1.63333
1
1.66667
1
1.7
1
1.73333
1
1.76667
1
1.8
1
1.83333
1
1.86667
1
1.9
1
1.93333
1
1.96667
1
2
1
2.03333
1
2.06667
1
2.1
1
2.13333
1
2.16667
1
2.2
1
2.23333
1
2.26667
1
2.3
1
2.33333
1
2.36667
1
2.4
1
2.43333
1
2.46667
1
2.5
1
2.53333
1
2.56667
1
2.6
1
2.63333
1
2.66667
1
2.7
1
2.73333
1
2.76667
1
2.8
1
2.83333
1
2.86667
1
2.9
1
2.93333
1
2.96667
1
3
1
3.03333
1
3.06667
1
3.1
1
3.13333
1
3.16667
1
3.2
1
3.23333
1
3.26667
1
3.3
1
3.33333
1
3.36667
1
3.4
1
3.43333
1
3.46667
1
3.5
1
3.53333
1
3.56667
1
3.6
1
3.63333
1
3.66667
1
3.7
1
3.73333
1
3.76667
1
3.8
1
3.83333
1
3.86667
1
3.9
1
3.93333
1
3.96667
1
4
1
4.03333
1
4.06667
1
4.1
1
4.13333
1
4.16667
1
4.2
1
4.23333
1
4.26667
1
4.3
1
4.33333
1
4.36667
1
4.4
1
4.43333
1
4.46667
1
4.5
1
4.53333
1
4.56667
1
4.6
1
4.63333
1
4.66667
1
4.7
1
4.73333
1
4.76667
1
4.8
1
4.83333
1
4.86667
1
4.9
1
4.93333
1
4.96667
1
5
1
5.03333
1
5.06667
1
5.1
1
5.13333
2
5.16667
2
5.2
2
5.23333
2
5.26667
2
5.3
2
5.33333
2
5.36667
2
5.4
2
5.43333
2
5.46667
2
5.5
2
5.53333
2
5.56667
2
5.6
2
5.63333
2
5.66667
2
5.7
2
5.73333
2
5.76667
2
5.8
2
5.83333
2
5.86667
2
5.9
2
5.93333
2
5.96667
2
6
2
6.03333
2
6.06667
2
6.1
2
6.13333
2
6.16667
2
6.2
2
6.23333
2
6.26667
2
6.3
3
6.33333
3
6.36667
3
6.4
3
6.43333
3
6.46667
3
6.5
3
6.53333
3
6.56667
3
6.6
3
6.63333
4
6.66667
4
6.7
4
6.73333
4
6.76667
4
6.8
4
6.83333
4
6.86667
4
6.9
4
6.93333
4
6.96667
4
7
4
7.03333
4
7.06667
4
7.1
4
7.13333
4
7.16667
4
7.2
4
7.23333
4
7.26667
4
7.3
4
7.33333
4
7.36667
4
7.4
4
7.43333
4
7.46667
4
7.5
4
7.53333
5
7.56667
5
7.6
5
7.63333
6
7.66667
6
7.7
6
7.73333
6
7.76667
7
7.8
7
7.83333
7
7.86667
7
7.9
7
7.93333
7
7.96667
7
8
7
8.03333
7
8.06667
7
8.1
7
8.13333
7
8.16667
7
8.2
7
8.23333
7
8.26667
7
8.3
7
8.33333
8
8.36667
8
8.4
8
8.43333
8
8.46667
8
8.5
9
8.53333
9
8.56667
9
8.6
9
8.63333
9
8.66667
9
8.7
9
8.73333
9
8.76667
9
8.8
9
8.83333
9
8.86667
9
8.9
10
8.93333
10
8.96667
10
9
10
9.03333
13
9.06667
13
9.1
13
9.13333
13
9.16667
13
9.2
14
9.23333
14
9.26667
15
9.3
16
9.33333
18
9.36667
19
9.4
19
9.43333
20
9.46667
20
9.5
20
9.53333
22
9.56667
22
9.6
22
9.63333
22
9.66667
22
9.7
22
9.73333
22
9.76667
22
9.8
22
9.83333
22
9.86667
22
9.9
23
9.93333
24
9.96667
25
10
25
10.0333
26
10.0667
26
10.1
26
10.1333
26
10.1667
26
10.2
26
10.2333
28
10.2667
29
10.3
30
10.3333
30
10.3667
31
10.4
32
10.4333
33
10.4667
34
10.5
35
10.5333
36
10.5667
36
10.6
36
10.6333
37
10.6667
37
10.7
38
10.7333
38
10.7667
39
10.8
39
10.8333
39
10.8667
39
10.9
39
10.9333
39
10.9667
39
11
39
11.0333
40
11.0667
40
11.1
41
11.1333
41
11.1667
42
11.2
42
11.2333
42
11.2667
42
11.3
42
11.3333
42
11.3667
43
11.4
45
11.4333
46
11.4667
46
11.5
46
11.5333
46
11.5667
46
11.6
46
11.6333
46
11.6667
46
11.7
48
11.7333
48
11.7667
49
11.8
49
11.8333
50
11.8667
51
11.9
51
11.9333
51
11.9667
52
12
52
12.0333
52
12.0667
52
12.1
52
12.1333
53
12.1667
53
12.2
54
12.2333
54
12.2667
54
12.3
54
12.3333
54
12.3667
54
12.4
54
12.4333
55
12.4667
56
12.5
57
12.5333
57
12.5667
58
12.6
58
12.6333
58
12.6667
58
12.7
58
12.7333
58
12.7667
58
12.8
58
12.8333
58
12.8667
58
12.9
58
12.9333
58
12.9667
58
13
58
13.0333
58
13.0667
58
13.1
59
13.1333
60
13.1667
60
13.2
61
13.2333
61
13.2667
62
13.3
62
13.3333
62
13.3667
62
13.4
64
13.4333
64
13.4667
66
13.5
67
13.5333
69
13.5667
70
13.6
70
13.6333
70
13.6667
70
13.7
70
13.7333
70
13.7667
71
13.8
71
13.8333
71
13.8667
72
13.9
72
13.9333
72
13.9667
72
14
73
14.0333
73
14.0667
73
14.1
74
14.1333
74
14.1667
75
14.2
75
14.2333
75
14.2667
75
14.3
75
14.3333
75
14.3667
75
14.4
76
14.4333
76
14.4667
76
14.5
76
14.5333
77
14.5667
77
14.6
78
14.6333
79
14.6667
80
14.7
80
14.7333
80
14.7667
80
14.8
81
14.8333
81
14.8667
82
14.9
82
14.9333
82
14.9667
82
15
82
15.0333
82
15.0667
82
15.1
82
15.1333
82
15.1667
82
15.2
82
15.2333
82
15.2667
82
15.3
83
15.3333
83
15.3667
83
15.4
83
15.4333
83
15.4667
83
15.5
83
15.5333
84
15.5667
84
15.6
84
15.6333
84
15.6667
84
15.7
84
15.7333
85
15.7667
85
15.8
85
15.8333
85
15.8667
85
15.9
85
15.9333
86
15.9667
86
16
86
16.0333
86
16.0667
87
16.1
87
16.1333
87
16.1667
87
16.2
87
16.2333
87
16.2667
88
16.3
88
16.3333
88
16.3667
88
16.4
88
16.4333
88
16.4667
88
16.5
88
16.5333
88
16.5667
88
16.6
88
16.6333
88
16.6667
88
16.7
88
16.7333
88
16.7667
88
16.8
88
16.8333
88
16.8667
88
16.9
88
16.9333
88
16.9667
89
17
89
17.0333
89
17.0667
89
17.1
89
17.1333
89
17.1667
89
17.2
89
17.2333
89
17.2667
90
17.3
90
17.3333
90
17.3667
91
17.4
91
17.4333
91
17.4667
91
17.5
91
17.5333
92
17.5667
92
17.6
92
17.6333
93
17.6667
93
17.7
93
17.7333
93
17.7667
93
17.8
93
17.8333
93
17.8667
93
17.9
93
17.9333
93
17.9667
94
18
94
18.0333
94
18.0667
94
18.1
94
18.1333
94
18.1667
95
18.2
95
18.2333
95
18.2667
95
18.3
96
18.3333
97
18.3667
98
18.4
98
18.4333
98
18.4667
98
18.5
98
18.5333
99
18.5667
100
18.6
100
18.6333
100
18.6667
101
18.7
101
18.7333
101
18.7667
101
18.8
101
18.8333
102
18.8667
102
18.9
102
18.9333
102
18.9667
102
19
102
19.0333
102
19.0667
102
19.1
103
19.1333
103
19.1667
103
19.2
104
19.2333
104
19.2667
104
19.3
104
19.3333
104
19.3667
104
19.4
104
19.4333
104
19.4667
104
19.5
104
19.5333
104
19.5667
104
19.6
104
19.6333
104
19.6667
105
19.7
105
19.7333
105
19.7667
105
19.8
105
19.8333
105
19.8667
105
19.9
105
19.9333
105
19.9667
105
20
105
20.0333
105
20.0667
105
20.1
105
20.1333
105
20.1667
105
20.2
105
20.2333
105
20.2667
105
20.3
105
20.3333
105
20.3667
105
20.4
105
20.4333
105
20.4667
105
20.5
105
20.5333
105
20.5667
105
20.6
105
20.6333
106
20.6667
106
20.7
106
20.7333
106
20.7667
106
20.8
106
20.8333
106
20.8667
106
20.9
106
20.9333
106
20.9667
107
21
107
21.0333
107
21.0667
107
21.1
107
21.1333
107
21.1667
107
21.2
107
21.2333
107
21.2667
107
21.3
107
21.3333
107
21.3667
107
21.4
107
21.4333
107
21.4667
107
21.5
107
21.5333
107
21.5667
107
21.6
107
21.6333
107
21.6667
107
21.7
107
21.7333
107
21.7667
107
21.8
107
21.8333
107
21.8667
107
21.9
108
21.9333
108
21.9667
108
22
108
22.0333
108
22.0667
108
22.1
108
22.1333
108
22.1667
108
22.2
108
22.2333
108
22.2667
108
22.3
108
22.3333
108
22.3667
108
22.4
108
22.4333
108
22.4667
108
22.5
108
22.5333
108
22.5667
108
22.6
108
22.6333
108
22.6667
108
22.7
108
22.7333
108
22.7667
108
22.8
109
22.8333
109
22.8667
109
22.9
109
22.9333
109
22.9667
109
23
109
23.0333
109
23.0667
109
23.1
109
23.1333
109
23.1667
109
23.2
109
23.2333
109
23.2667
109
23.3
109
23.3333
109
23.3667
109
23.4
109
23.4333
109
23.4667
109
23.5
109
23.5333
109
23.5667
109
23.6
109
23.6333
109
23.6667
109
23.7
109
23.7333
109
23.7667
109
23.8
109
23.8333
109
23.8667
109
23.9
109
23.9333
109
23.9667
109
24
109
24.0333
109
24.0667
109
24.1
109
24.1333
110
24.1667
110
24.2
110
24.2333
110
24.2667
110
24.3
110
24.3333
110
24.3667
110
24.4
110
24.4333
110
24.4667
110
24.5
110
24.5333
110
24.5667
110
24.6
110
24.6333
110
24.6667
110
24.7
110
24.7333
110
24.7667
110
24.8
110
24.8333
110
24.8667
110
24.9
110
24.9333
110
24.9667
110
25
110
25.0333
110
25.0667
111
25.1
111
25.1333
111
25.1667
111
25.2
111
25.2333
111
25.2667
111
25.3
111
25.3333
111
25.3667
111
25.4
111
25.4333
111
25.4667
111
25.5
111
25.5333
111
25.5667
111
25.6
111
25.6333
111
25.6667
111
25.7
111
25.7333
111
25.7667
111
25.8
111
25.8333
111
25.8667
111
25.9
111
25.9333
111
25.9667
111
26
111
26.0333
111
26.0667
111
26.1
111
26.1333
111
26.1667
111
26.2
111
26.2333
111
26.2667
111
26.3
111
26.3333
111
26.3667
111
26.4
111
26.4333
111
26.4667
111
26.5
111
26.5333
111
26.5667
111
26.6
111
26.6333
111
26.6667
111
26.7
111
26.7333
111
26.7667
111
26.8
111
26.8333
112
26.8667
112
26.9
112
26.9333
112
26.9667
112
27
112
27.0333
112
27.0667
112
27.1
112
27.1333
112
27.1667
112
27.2
112
27.2333
112
27.2667
112
27.3
112
27.3333
113
27.3667
113
27.4
113
27.4333
113
27.4667
113
27.5
113
27.5333
113
27.5667
113
27.6
113
27.6333
113
27.6667
113
27.7
113
27.7333
113
27.7667
113
27.8
113
27.8333
113
27.8667
113
27.9
113
27.9333
113
27.9667
113
28
113
28.0333
113
28.0667
113
28.1
113
28.1333
113
28.1667
113
28.2
113
28.2333
113
28.2667
113
28.3
113
28.3333
113
28.3667
113
28.4
113
28.4333
113
28.4667
113
28.5
113
28.5333
113
28.5667
113
28.6
113
28.6333
113
28.6667
113
28.7
113
28.7333
113
28.7667
113
28.8
113
28.8333
113
28.8667
113
28.9
113
28.9333
113
28.9667
113
29
113
29.0333
113
29.0667
113
29.1
113
29.1333
113
29.1667
113
29.2
113
29.2333
113
29.2667
113
29.3
113
29.3333
113
29.3667
113
29.4
113
29.4333
113
29.4667
113
29.5
113
29.5333
113
29.5667
113
29.6
113
29.6333
113
29.6667
113
29.7
113
29.7333
113
29.7667
113
29.8
113
29.8333
113
29.8667
113
29.9
113
29.9333
113
29.9667
113
30
113
30.0333
113
30.0667
113
30.1
113
30.1333
113
30.1667
113
30.2
113
30.2333
113
30.2667
113
30.3
113
30.3333
113
30.3667
113
30.4
113
30.4333
113
30.4667
113
30.5
113
30.5333
113
30.5667
113
30.6
113
30.6333
113
30.6667
113
30.7
113
30.7333
113
30.7667
114
30.8
114
30.8333
114
30.8667
114
30.9
114
30.9333
114
30.9667
114
31
114
31.0333
114
31.0667
114
31.1
114
31.1333
114
31.1667
114
31.2
114
31.2333
114
31.2667
114
31.3
114
31.3333
114
31.3667
114
31.4
114
31.4333
114
31.4667
114
31.5
114
31.5333
114
31.5667
114
31.6
114
31.6333
114
31.6667
114
31.7
114
31.7333
114
31.7667
114
31.8
114
31.8333
114
31.8667
114
31.9
114
31.9333
114
31.9667
114
32
114
32.0333
114
32.0667
114
32.1
114
32.1333
114
32.1667
114
32.2
114
32.2333
114
32.2667
114
32.3
114
32.3333
114
32.3667
114
32.4
114
32.4333
114
32.4667
114
32.5
114
32.5333
114
32.5667
114
32.6
114
32.6333
114
32.6667
114
32.7
114
32.7333
114
32.7667
114
32.8
114
32.8333
114
32.8667
114
32.9
114
32.9333
114
32.9667
114
33
114
33.0333
114
33.0667
114
33.1
114
33.1333
114
33.1667
114
33.2
114
33.2333
114
33.2667
115
33.3
115
33.3333
115
33.3667
115
33.4
115
33.4333
115
33.4667
115
33.5
115
33.5333
115
33.5667
115
33.6
115
33.6333
115
33.6667
115
33.7
115
33.7333
115
33.7667
115
33.8
115
33.8333
115
33.8667
115
33.9
115
33.9333
115
33.9667
115
34
115
34.0333
115
34.0667
115
34.1
115
34.1333
115
34.1667
115
34.2
115
34.2333
115
34.2667
116
34.3
116
34.3333
116
34.3667
116
34.4
116
34.4333
116
34.4667
116
34.5
116
34.5333
116
34.5667
116
34.6
116
34.6333
116
34.6667
116
34.7
116
34.7333
116
34.7667
116
34.8
116
34.8333
116
34.8667
116
34.9
116
34.9333
116
34.9667
116
35
116
35.0333
116
35.0667
116
35.1
116
35.1333
116
35.1667
116
35.2
116
35.2333
116
35.2667
116
35.3
116
35.3333
116
35.3667
116
35.4
116
35.4333
116
35.4667
116
35.5
116
35.5333
116
35.5667
116
35.6
116
35.6333
116
35.6667
116
35.7
116
35.7333
116
35.7667
116
35.8
116
35.8333
116
35.8667
116
35.9
116
35.9333
116
35.9667
116
36
116
36.0333
116
36.0667
116
36.1
116
36.1333
116
36.1667
116
36.2
116
36.2333
116
36.2667
116
36.3
116
36.3333
116
36.3667
116
36.4
116
36.4333
116
36.4667
116
36.5
116
36.5333
116
36.5667
116
36.6
116
36.6333
116
36.6667
116
36.7
116
36.7333
116
36.7667
116
36.8
116
36.8333
116
36.8667
116
36.9
116
36.9333
116
36.9667
116
37
116
37.0333
116
37.0667
116
37.1
116
37.1333
116
37.1667
116
37.2
116
37.2333
116
37.2667
116
37.3
116
37.3333
116
37.3667
116
37.4
116
37.4333
116
37.4667
116
37.5
116
37.5333
116
37.5667
116
37.6
116
37.6333
116
37.6667
116
37.7
116
37.7333
116
37.7667
116
37.8
116
37.8333
116
37.8667
116
37.9
116
37.9333
116
37.9667
116
38
116
38.0333
116
38.0667
116
38.1
116
38.1333
116
38.1667
116
38.2
116
38.2333
116
38.2667
116
38.3
116
38.3333
116
38.3667
116
38.4
116
38.4333
116
38.4667
116
38.5
116
38.5333
116
38.5667
116
38.6
116
38.6333
116
38.6667
116
38.7
116
38.7333
116
38.7667
116
38.8
116
38.8333
116
38.8667
116
38.9
116
38.9333
116
38.9667
116
39
116
39.0333
116
39.0667
116
39.1
116
39.1333
116
39.1667
116
39.2
116
39.2333
116
39.2667
116
39.3
116
39.3333
116
39.3667
116
39.4
116
39.4333
116
39.4667
116
39.5
116
39.5333
116
39.5667
116
39.6
116
39.6333
116
39.6667
116
39.7
116
39.7333
116
39.7667
116
39.8
116
39.8333
116
39.8667
116
39.9
116
39.9333
116
39.9667
116
40
116
40.0333
116
40.0667
116
40.1
116
40.1333
116
40.1667
116
40.2
116
40.2333
116
40.2667
116
40.3
116
40.3333
116
40.3667
116
40.4
116
40.4333
116
40.4667
116
40.5
116
40.5333
116
40.5667
116
40.6
116
40.6333
116
40.6667
116
40.7
116
40.7333
116
40.7667
116
40.8
116
40.8333
116
40.8667
116
40.9
116
40.9333
116
40.9667
116
41
116
41.0333
116
41.0667
116
41.1
116
41.1333
116
41.1667
116
41.2
116
41.2333
116
41.2667
116
41.3
116
41.3333
116
41.3667
116
41.4
116
41.4333
116
41.4667
116
41.5
116
41.5333
116
41.5667
116
41.6
116
41.6333
116
41.6667
116
41.7
116
41.7333
116
41.7667
116
41.8
116
41.8333
116
41.8667
116
41.9
116
41.9333
116
41.9667
116
42
116
42.0333
116
42.0667
116
42.1
116
42.1333
116
42.1667
116
42.2
116
42.2333
116
42.2667
116
42.3
116
42.3333
116
42.3667
116
42.4
116
42.4333
116
42.4667
116
42.5
116
42.5333
116
42.5667
116
42.6
116
42.6333
116
42.6667
116
42.7
116
42.7333
116
42.7667
116
42.8
116
42.8333
116
42.8667
116
42.9
116
42.9333
116
42.9667
116
43
116
43.0333
116
43.0667
116
43.1
116
43.1333
116
43.1667
116
43.2
116
43.2333
116
43.2667
116
43.3
116
43.3333
116
43.3667
116
43.4
116
43.4333
116
43.4667
116
43.5
116
43.5333
116
43.5667
116
43.6
116
43.6333
116
43.6667
116
43.7
116
43.7333
116
43.7667
116
43.8
116
43.8333
116
43.8667
116
43.9
116
43.9333
116
43.9667
116
44
116
44.0333
116
44.0667
116
44.1
116
44.1333
116
44.1667
116
44.2
116
44.2333
116
44.2667
116
44.3
116
44.3333
116
44.3667
116
44.4
116
44.4333
116
44.4667
116
44.5
116
44.5333
116
44.5667
116
44.6
116
44.6333
116
44.6667
116
44.7
116
44.7333
116
44.7667
116
44.8
116
44.8333
116
44.8667
116
44.9
116
44.9333
116
44.9667
116
45
116
45.0333
116
45.0667
116
45.1
116
45.1333
116
45.1667
116
45.2
116
45.2333
116
45.2667
116
45.3
116
45.3333
116
45.3667
116
45.4
116
45.4333
116
45.4667
116
45.5
116
45.5333
116
45.5667
116
45.6
116
45.6333
116
45.6667
116
45.7
116
45.7333
116
45.7667
116
45.8
116
45.8333
116
45.8667
116
45.9
116
45.9333
116
45.9667
116
46
116
46.0333
116
46.0667
116
46.1
116
46.1333
116
46.1667
116
46.2
116
46.2333
116
46.2667
116
46.3
116
46.3333
116
46.3667
116
46.4
116
46.4333
116
46.4667
116
46.5
116
46.5333
116
46.5667
116
46.6
116
46.6333
116
46.6667
116
46.7
116
46.7333
116
46.7667
116
46.8
116
46.8333
116
46.8667
116
46.9
116
46.9333
116
46.9667
116
47
116
47.0333
116
47.0667
116
47.1
116
47.1333
116
47.1667
116
47.2
116
47.2333
116
47.2667
116
47.3
116
47.3333
116
47.3667
116
47.4
116
47.4333
116
47.4667
116
47.5
116
47.5333
116
47.5667
116
47.6
116
47.6333
116
47.6667
116
47.7
116
47.7333
116
47.7667
116
47.8
116
47.8333
116
47.8667
116
47.9
116
47.9333
116
47.9667
116
48
116
48.0333
116
48.0667
116
48.1
116
48.1333
116
48.1667
116
48.2
116
48.2333
116
48.2667
116
48.3
116
48.3333
116
48.3667
116
48.4
116
48.4333
116
48.4667
116
48.5
116
48.5333
116
48.5667
116
48.6
116
48.6333
116
48.6667
116
48.7
116
48.7333
116
48.7667
116
48.8
116
48.8333
116
48.8667
116
48.9
116
48.9333
116
48.9667
116
49
116
49.0333
116
49.0667
116
49.1
116
49.1333
116
49.1667
116
49.2
116
49.2333
116
49.2667
116
49.3
116
49.3333
116
49.3667
116
49.4
116
49.4333
116
49.4667
116
49.5
116
49.5333
116
49.5667
116
49.6
116
49.6333
116
49.6667
116
49.7
116
49.7333
116
49.7667
116
49.8
116
49.8333
116
49.8667
116
49.9
116
49.9333
116
49.9667
116
50
116
50.0333
116
50.0667
116
50.1
116
50.1333
116
50.1667
116
50.2
116
50.2333
116
50.2667
116
50.3
116
50.3333
116
50.3667
116
50.4
116
50.4333
116
50.4667
116
50.5
116
50.5333
116
50.5667
116
50.6
116
50.6333
116
50.6667
116
50.7
116
50.7333
116
50.7667
116
50.8
116
50.8333
116
50.8667
116
50.9
116
50.9333
116
50.9667
116
51
116
51.0333
116
51.0667
116
51.1
116
51.1333
116
51.1667
116
51.2
116
51.2333
116
51.2667
116
51.3
116
51.3333
116
51.3667
116
51.4
116
51.4333
116
51.4667
116
51.5
116
51.5333
116
51.5667
116
51.6
116
51.6333
116
51.6667
116
51.7
116
51.7333
116
51.7667
116
51.8
116
51.8333
116
51.8667
116
51.9
116
51.9333
116
51.9667
116
52
116
52.0333
116
52.0667
116
52.1
116
52.1333
116
52.1667
116
52.2
116
52.2333
116
52.2667
116
52.3
116
52.3333
116
52.3667
116
52.4
116
52.4333
116
52.4667
116
52.5
116
52.5333
116
52.5667
116
52.6
116
52.6333
116
52.6667
116
52.7
116
52.7333
116
52.7667
116
52.8
116
52.8333
116
52.8667
116
52.9
116
52.9333
116
52.9667
116
53
116
53.0333
116
53.0667
116
53.1
116
53.1333
116
53.1667
116
53.2
116
53.2333
116
53.2667
116
53.3
116
53.3333
116
