0
1
0.0333333
1
0.0666667
1
0.1
1
0.133333
1
0.166667
1
0.2
1
0.233333
1
0.266667
1
0.3
1
0.333333
1
0.366667
1
0.4
1
0.433333
1
0.466667
1
0.5
1
0.533333
1
0.566667
1
0.6
1
0.633333
1
0.666667
1
0.7
1
0.733333
1
0.766667
1
0.8
1
0.833333
1
0.866667
1
0.9
1
0.933333
1
0.966667
1
1
1
1.03333
1
1.06667
1
1.1
1
1.13333
1
1.16667
1
1.2
1
1.23333
1
1.26667
1
1.3
1
1.33333
1
1.36667
1
1.4
1
1.43333
1
1.46667
1
1.5
1
1.53333
1
1.56667
1
1.6
1
1.63333
1
1.66667
1
1.7
1
1.73333
1
1.76667
1
1.8
1
1.83333
1
1.86667
1
1.9
1
1.93333
1
1.96667
1
2
1
2.03333
1
2.06667
1
2.1
1
2.13333
1
2.16667
1
2.2
1
2.23333
1
2.26667
1
2.3
1
2.33333
1
2.36667
1
2.4
1
2.43333
1
2.46667
1
2.5
1
2.53333
1
2.56667
1
2.6
1
2.63333
1
2.66667
1
2.7
1
2.73333
1
2.76667
1
2.8
1
2.83333
1
2.86667
1
2.9
1
2.93333
1
2.96667
1
3
1
3.03333
1
3.06667
1
3.1
1
3.13333
1
3.16667
1
3.2
1
3.23333
1
3.26667
1
3.3
1
3.33333
1
3.36667
1
3.4
1
3.43333
1
3.46667
1
3.5
1
3.53333
1
3.56667
1
3.6
1
3.63333
1
3.66667
1
3.7
1
3.73333
1
3.76667
1
3.8
1
3.83333
1
3.86667
1
3.9
1
3.93333
1
3.96667
1
4
1
4.03333
1
4.06667
1
4.1
1
4.13333
1
4.16667
1
4.2
1
4.23333
1
4.26667
1
4.3
1
4.33333
1
4.36667
1
4.4
1
4.43333
1
4.46667
1
4.5
1
4.53333
1
4.56667
1
4.6
1
4.63333
1
4.66667
1
4.7
1
4.73333
1
4.76667
1
4.8
1
4.83333
1
4.86667
1
4.9
1
4.93333
1
4.96667
1
5
1
5.03333
1
5.06667
1
5.1
1
5.13333
1
5.16667
1
5.2
1
5.23333
1
5.26667
1
5.3
1
5.33333
1
5.36667
1
5.4
1
5.43333
1
5.46667
1
5.5
2
5.53333
2
5.56667
2
5.6
2
5.63333
2
5.66667
2
5.7
2
5.73333
2
5.76667
2
5.8
2
5.83333
2
5.86667
2
5.9
2
5.93333
2
5.96667
2
6
2
6.03333
3
6.06667
3
6.1
3
6.13333
4
6.16667
4
6.2
4
6.23333
4
6.26667
4
6.3
4
6.33333
4
6.36667
5
6.4
5
6.43333
5
6.46667
5
6.5
6
6.53333
6
6.56667
6
6.6
7
6.63333
8
6.66667
8
6.7
8
6.73333
9
6.76667
9
6.8
9
6.83333
9
6.86667
10
6.9
11
6.93333
11
6.96667
11
7
11
7.03333
11
7.06667
12
7.1
12
7.13333
13
7.16667
13
7.2
14
7.23333
14
7.26667
16
7.3
17
7.33333
17
7.36667
17
7.4
17
7.43333
17
7.46667
17
7.5
18
7.53333
19
7.56667
20
7.6
21
7.63333
21
7.66667
21
7.7
21
7.73333
21
7.76667
21
7.8
21
7.83333
21
7.86667
22
7.9
23
7.93333
24
7.96667
24
8
24
8.03333
24
8.06667
26
8.1
26
8.13333
27
8.16667
28
8.2
29
8.23333
29
8.26667
29
8.3
29
8.33333
29
8.36667
29
8.4
29
8.43333
30
8.46667
30
8.5
30
8.53333
31
8.56667
31
8.6
31
8.63333
31
8.66667
31
8.7
32
8.73333
34
8.76667
34
8.8
34
8.83333
35
8.86667
35
8.9
35
8.93333
36
8.96667
37
9
37
9.03333
37
9.06667
37
9.1
37
9.13333
37
9.16667
37
9.2
37
9.23333
37
9.26667
38
9.3
38
9.33333
38
9.36667
39
9.4
40
9.43333
40
9.46667
41
9.5
42
9.53333
43
9.56667
44
9.6
44
9.63333
46
9.66667
46
9.7
47
9.73333
48
9.76667
50
9.8
50
9.83333
50
9.86667
52
9.9
53
9.93333
53
9.96667
53
10
53
10.0333
55
10.0667
55
10.1
55
10.1333
55
10.1667
55
10.2
56
10.2333
56
10.2667
57
10.3
57
10.3333
57
10.3667
57
10.4
57
10.4333
59
10.4667
59
10.5
59
10.5333
60
10.5667
62
10.6
62
10.6333
62
10.6667
62
10.7
63
10.7333
63
10.7667
64
10.8
64
10.8333
64
10.8667
64
10.9
64
10.9333
64
10.9667
65
11
65
11.0333
65
11.0667
65
11.1
65
11.1333
65
11.1667
65
11.2
65
11.2333
65
11.2667
65
11.3
65
11.3333
65
11.3667
65
11.4
65
11.4333
65
11.4667
65
11.5
66
11.5333
66
11.5667
66
11.6
66
11.6333
66
11.6667
66
11.7
66
11.7333
66
11.7667
66
11.8
66
11.8333
66
11.8667
66
11.9
66
11.9333
66
11.9667
66
12
66
12.0333
66
12.0667
66
12.1
66
12.1333
66
12.1667
66
12.2
66
12.2333
66
12.2667
66
12.3
66
12.3333
66
12.3667
66
12.4
66
12.4333
67
12.4667
67
12.5
67
12.5333
67
12.5667
68
12.6
68
12.6333
68
12.6667
68
12.7
68
12.7333
68
12.7667
68
12.8
68
12.8333
68
12.8667
68
12.9
68
12.9333
68
12.9667
68
13
68
13.0333
68
13.0667
68
13.1
68
13.1333
68
13.1667
68
13.2
68
13.2333
68
13.2667
68
13.3
68
13.3333
68
13.3667
68
13.4
68
13.4333
68
13.4667
68
13.5
68
13.5333
69
13.5667
69
13.6
70
13.6333
70
13.6667
70
13.7
70
13.7333
70
13.7667
71
13.8
71
13.8333
71
13.8667
72
13.9
72
13.9333
72
13.9667
73
14
73
14.0333
73
14.0667
73
14.1
73
14.1333
73
14.1667
73
14.2
73
14.2333
74
14.2667
75
14.3
75
14.3333
75
14.3667
75
14.4
75
14.4333
75
14.4667
75
14.5
75
14.5333
75
14.5667
76
14.6
76
14.6333
76
14.6667
77
14.7
77
14.7333
77
14.7667
77
14.8
78
14.8333
78
14.8667
78
14.9
78
14.9333
78
14.9667
78
15
79
15.0333
79
15.0667
80
15.1
80
15.1333
81
15.1667
83
15.2
84
15.2333
84
15.2667
84
15.3
84
15.3333
84
15.3667
84
15.4
84
15.4333
84
15.4667
84
15.5
84
15.5333
84
15.5667
84
15.6
84
15.6333
84
15.6667
84
15.7
84
15.7333
84
15.7667
86
15.8
86
15.8333
86
15.8667
86
15.9
86
15.9333
86
15.9667
86
16
86
16.0333
86
16.0667
87
16.1
87
16.1333
87
16.1667
87
16.2
87
16.2333
87
16.2667
88
16.3
88
16.3333
89
16.3667
89
16.4
89
16.4333
89
16.4667
90
16.5
90
16.5333
90
16.5667
90
16.6
90
16.6333
90
16.6667
90
16.7
90
16.7333
90
16.7667
90
16.8
90
16.8333
90
16.8667
90
16.9
90
16.9333
90
16.9667
90
17
90
17.0333
90
17.0667
90
17.1
90
17.1333
90
17.1667
90
17.2
90
17.2333
90
17.2667
90
17.3
90
17.3333
90
17.3667
90
17.4
90
17.4333
90
17.4667
90
17.5
90
17.5333
90
17.5667
90
17.6
90
17.6333
90
17.6667
90
17.7
90
17.7333
90
17.7667
90
17.8
90
17.8333
90
17.8667
90
17.9
90
17.9333
90
17.9667
90
18
90
18.0333
90
18.0667
90
18.1
90
18.1333
90
18.1667
90
18.2
90
18.2333
90
18.2667
90
18.3
90
18.3333
90
18.3667
90
18.4
90
18.4333
90
18.4667
90
18.5
90
18.5333
90
18.5667
90
18.6
90
18.6333
90
18.6667
90
18.7
90
18.7333
90
18.7667
90
18.8
90
18.8333
90
18.8667
90
18.9
90
18.9333
90
18.9667
90
19
90
19.0333
90
19.0667
90
19.1
90
19.1333
90
19.1667
90
19.2
90
19.2333
90
19.2667
90
19.3
90
19.3333
90
19.3667
90
19.4
90
19.4333
90
19.4667
90
19.5
90
19.5333
90
19.5667
90
19.6
90
19.6333
90
19.6667
90
19.7
90
19.7333
90
19.7667
90
19.8
90
19.8333
90
19.8667
90
19.9
90
19.9333
90
19.9667
90
20
90
20.0333
90
20.0667
90
20.1
90
20.1333
90
20.1667
91
20.2
91
20.2333
91
20.2667
91
20.3
91
20.3333
91
20.3667
91
20.4
91
20.4333
91
20.4667
91
20.5
91
20.5333
91
20.5667
91
20.6
91
20.6333
91
20.6667
91
20.7
91
20.7333
91
20.7667
91
20.8
91
20.8333
91
20.8667
91
20.9
91
20.9333
91
20.9667
91
21
91
21.0333
91
21.0667
91
21.1
91
21.1333
91
21.1667
91
21.2
91
21.2333
91
21.2667
91
21.3
91
21.3333
91
21.3667
91
21.4
91
21.4333
91
21.4667
91
21.5
91
21.5333
91
21.5667
91
21.6
91
21.6333
91
21.6667
91
21.7
91
21.7333
91
21.7667
91
21.8
91
21.8333
91
21.8667
91
21.9
91
21.9333
91
21.9667
91
22
91
22.0333
91
22.0667
91
22.1
91
22.1333
91
22.1667
91
22.2
91
22.2333
91
22.2667
91
22.3
91
22.3333
91
22.3667
91
22.4
91
22.4333
91
22.4667
91
22.5
91
22.5333
91
22.5667
91
22.6
91
22.6333
91
22.6667
91
22.7
91
22.7333
91
22.7667
91
22.8
91
22.8333
91
22.8667
91
22.9
91
22.9333
91
22.9667
91
23
91
23.0333
91
23.0667
91
23.1
91
23.1333
91
23.1667
91
23.2
91
23.2333
91
23.2667
91
23.3
91
23.3333
91
23.3667
91
23.4
91
23.4333
91
23.4667
91
23.5
91
23.5333
91
23.5667
91
23.6
92
23.6333
92
23.6667
92
23.7
92
23.7333
92
23.7667
92
23.8
92
23.8333
92
23.8667
92
23.9
92
23.9333
92
23.9667
92
24
92
24.0333
92
24.0667
92
24.1
92
24.1333
92
24.1667
92
24.2
92
24.2333
92
24.2667
92
24.3
92
24.3333
92
24.3667
92
24.4
92
24.4333
92
24.4667
92
24.5
92
24.5333
92
24.5667
92
24.6
92
24.6333
92
24.6667
92
24.7
92
24.7333
92
24.7667
92
24.8
92
24.8333
92
24.8667
92
24.9
92
24.9333
92
24.9667
92
25
92
25.0333
92
25.0667
92
25.1
92
25.1333
92
25.1667
92
25.2
92
25.2333
92
25.2667
92
25.3
92
25.3333
92
25.3667
92
25.4
92
25.4333
92
25.4667
92
25.5
92
25.5333
92
25.5667
92
25.6
92
25.6333
92
25.6667
92
25.7
92
25.7333
92
25.7667
92
25.8
92
25.8333
92
25.8667
92
25.9
92
25.9333
92
25.9667
92
26
92
26.0333
92
26.0667
92
26.1
92
26.1333
92
26.1667
92
26.2
92
26.2333
92
26.2667
92
26.3
92
26.3333
93
26.3667
93
26.4
93
26.4333
93
26.4667
93
26.5
93
26.5333
93
26.5667
93
26.6
93
26.6333
93
26.6667
93
26.7
93
26.7333
93
26.7667
93
26.8
93
26.8333
93
26.8667
93
26.9
93
26.9333
93
26.9667
93
27
93
27.0333
93
27.0667
93
27.1
93
27.1333
93
27.1667
93
27.2
93
27.2333
93
27.2667
93
27.3
93
27.3333
93
27.3667
93
27.4
93
27.4333
93
27.4667
93
27.5
93
27.5333
93
27.5667
93
27.6
93
27.6333
93
27.6667
93
27.7
93
27.7333
93
27.7667
93
27.8
93
27.8333
93
27.8667
93
27.9
93
27.9333
93
27.9667
93
28
93
28.0333
93
28.0667
93
28.1
93
28.1333
93
28.1667
93
28.2
93
28.2333
93
28.2667
93
28.3
93
28.3333
93
28.3667
93
28.4
93
28.4333
93
28.4667
93
28.5
93
28.5333
93
28.5667
93
28.6
93
28.6333
93
28.6667
93
28.7
93
28.7333
93
28.7667
93
28.8
93
28.8333
93
28.8667
93
28.9
93
28.9333
93
28.9667
93
29
93
29.0333
93
29.0667
93
29.1
93
29.1333
93
29.1667
93
29.2
93
29.2333
93
29.2667
93
29.3
93
29.3333
93
29.3667
93
29.4
93
29.4333
93
29.4667
93
29.5
93
29.5333
93
29.5667
93
29.6
93
29.6333
93
29.6667
93
29.7
93
29.7333
93
29.7667
93
29.8
93
29.8333
93
29.8667
93
29.9
93
29.9333
93
29.9667
93
30
93
30.0333
93
30.0667
93
30.1
93
30.1333
93
30.1667
93
30.2
93
30.2333
93
30.2667
93
30.3
93
30.3333
93
30.3667
93
30.4
93
30.4333
93
30.4667
93
30.5
93
30.5333
93
30.5667
93
30.6
93
30.6333
93
30.6667
93
30.7
93
30.7333
93
30.7667
93
30.8
93
30.8333
93
30.8667
93
30.9
93
30.9333
93
30.9667
93
31
93
31.0333
93
31.0667
93
31.1
93
31.1333
93
31.1667
93
31.2
93
31.2333
93
31.2667
93
31.3
93
31.3333
93
31.3667
93
31.4
93
31.4333
93
31.4667
93
31.5
93
31.5333
93
31.5667
93
31.6
93
31.6333
93
31.6667
93
31.7
93
31.7333
93
31.7667
93
31.8
93
31.8333
93
31.8667
93
31.9
93
31.9333
93
31.9667
93
32
93
32.0333
93
32.0667
93
32.1
93
32.1333
93
32.1667
93
32.2
93
32.2333
93
32.2667
93
32.3
93
32.3333
93
32.3667
93
32.4
93
32.4333
93
32.4667
93
32.5
93
32.5333
94
32.5667
94
32.6
94
32.6333
94
32.6667
94
32.7
94
32.7333
94
32.7667
94
32.8
94
32.8333
94
32.8667
94
32.9
94
32.9333
94
32.9667
94
33
94
33.0333
94
33.0667
94
33.1
94
33.1333
94
33.1667
94
33.2
94
33.2333
94
33.2667
94
33.3
94
33.3333
94
33.3667
94
33.4
94
33.4333
94
33.4667
94
33.5
94
33.5333
94
33.5667
94
33.6
94
33.6333
94
33.6667
94
33.7
94
33.7333
94
33.7667
94
33.8
94
33.8333
94
33.8667
94
33.9
94
33.9333
94
33.9667
94
34
94
34.0333
94
34.0667
94
34.1
94
34.1333
94
34.1667
94
34.2
94
34.2333
94
34.2667
94
34.3
94
34.3333
94
34.3667
94
34.4
94
34.4333
94
34.4667
94
34.5
94
34.5333
94
34.5667
94
34.6
94
34.6333
94
34.6667
94
34.7
94
34.7333
94
34.7667
94
34.8
94
34.8333
94
34.8667
94
34.9
94
34.9333
94
34.9667
94
35
94
35.0333
94
35.0667
94
35.1
94
35.1333
94
35.1667
94
35.2
94
35.2333
94
35.2667
94
35.3
94
35.3333
94
35.3667
94
35.4
94
35.4333
94
35.4667
94
35.5
94
35.5333
94
35.5667
94
35.6
94
35.6333
94
35.6667
94
35.7
94
35.7333
94
35.7667
94
35.8
94
35.8333
94
35.8667
94
35.9
94
35.9333
94
35.9667
94
36
94
36.0333
94
36.0667
94
36.1
94
36.1333
94
36.1667
94
36.2
94
36.2333
94
36.2667
94
36.3
94
36.3333
94
36.3667
94
36.4
94
36.4333
94
36.4667
94
36.5
94
36.5333
94
36.5667
94
36.6
94
36.6333
94
36.6667
94
36.7
94
36.7333
94
36.7667
94
36.8
94
36.8333
94
36.8667
94
36.9
94
36.9333
94
36.9667
94
37
94
37.0333
94
37.0667
94
37.1
94
37.1333
94
37.1667
94
37.2
94
37.2333
94
37.2667
94
37.3
94
37.3333
94
37.3667
94
37.4
94
37.4333
94
37.4667
94
37.5
94
37.5333
94
37.5667
94
37.6
94
37.6333
94
37.6667
94
37.7
94
37.7333
94
37.7667
94
37.8
94
37.8333
94
37.8667
94
37.9
94
37.9333
94
37.9667
94
38
94
38.0333
94
38.0667
94
38.1
94
38.1333
94
38.1667
94
38.2
94
38.2333
94
38.2667
94
38.3
94
38.3333
94
38.3667
94
38.4
95
38.4333
95
38.4667
95
38.5
95
38.5333
95
38.5667
95
38.6
95
38.6333
95
38.6667
95
38.7
95
38.7333
95
38.7667
95
38.8
95
38.8333
95
38.8667
95
38.9
95
38.9333
95
38.9667
95
39
95
39.0333
95
39.0667
95
39.1
95
39.1333
95
39.1667
95
39.2
95
39.2333
95
39.2667
95
39.3
95
39.3333
95
39.3667
95
39.4
95
39.4333
95
39.4667
95
39.5
95
39.5333
95
39.5667
95
39.6
95
39.6333
95
39.6667
95
39.7
95
39.7333
95
39.7667
95
39.8
95
39.8333
95
39.8667
95
39.9
95
39.9333
95
39.9667
95
40
95
40.0333
95
40.0667
95
40.1
95
40.1333
95
40.1667
95
40.2
95
40.2333
95
40.2667
95
40.3
95
40.3333
95
40.3667
95
40.4
95
40.4333
95
40.4667
95
40.5
95
40.5333
95
40.5667
95
40.6
95
40.6333
95
40.6667
95
40.7
95
40.7333
95
40.7667
95
40.8
95
40.8333
95
40.8667
95
40.9
95
40.9333
95
40.9667
95
41
95
41.0333
95
41.0667
95
41.1
95
41.1333
95
41.1667
95
41.2
95
41.2333
95
41.2667
95
41.3
95
41.3333
95
41.3667
95
41.4
95
41.4333
95
41.4667
95
41.5
95
41.5333
95
41.5667
95
41.6
95
41.6333
95
41.6667
95
41.7
95
41.7333
95
41.7667
95
41.8
95
41.8333
95
41.8667
95
41.9
95
41.9333
95
41.9667
95
42
95
42.0333
95
42.0667
95
42.1
95
42.1333
95
42.1667
95
42.2
95
42.2333
95
42.2667
95
42.3
95
42.3333
95
42.3667
95
42.4
95
42.4333
95
42.4667
95
42.5
95
42.5333
95
42.5667
95
42.6
95
42.6333
95
42.6667
95
42.7
95
42.7333
95
42.7667
95
42.8
95
42.8333
95
42.8667
95
42.9
95
42.9333
95
42.9667
95
43
95
43.0333
95
43.0667
95
43.1
95
43.1333
95
43.1667
95
43.2
95
43.2333
95
43.2667
95
43.3
95
43.3333
95
43.3667
95
43.4
95
43.4333
95
43.4667
95
43.5
95
43.5333
95
43.5667
95
43.6
95
43.6333
95
43.6667
95
43.7
95
43.7333
95
43.7667
95
43.8
95
43.8333
95
43.8667
95
43.9
95
43.9333
95
43.9667
95
44
95
44.0333
95
44.0667
95
44.1
95
44.1333
95
44.1667
95
44.2
95
44.2333
95
44.2667
95
44.3
95
44.3333
95
44.3667
95
44.4
95
44.4333
95
44.4667
95
44.5
95
44.5333
95
44.5667
95
44.6
95
44.6333
95
44.6667
95
44.7
95
44.7333
95
44.7667
95
44.8
95
44.8333
95
44.8667
95
44.9
95
44.9333
95
44.9667
95
45
95
45.0333
95
45.0667
95
45.1
95
45.1333
95
45.1667
95
45.2
95
45.2333
95
45.2667
95
45.3
95
45.3333
95
45.3667
95
45.4
95
45.4333
95
45.4667
95
45.5
95
45.5333
95
45.5667
95
45.6
95
45.6333
95
45.6667
95
45.7
95
45.7333
95
45.7667
95
45.8
95
45.8333
95
45.8667
95
45.9
95
45.9333
95
45.9667
95
46
95
46.0333
95
46.0667
95
46.1
95
46.1333
95
46.1667
95
46.2
95
46.2333
95
46.2667
95
46.3
95
46.3333
95
46.3667
95
46.4
95
46.4333
95
46.4667
95
46.5
95
46.5333
95
46.5667
95
46.6
95
46.6333
95
46.6667
95
46.7
95
46.7333
95
46.7667
95
46.8
95
46.8333
95
46.8667
95
46.9
95
46.9333
95
46.9667
95
47
95
47.0333
95
47.0667
95
47.1
95
47.1333
95
47.1667
95
47.2
95
47.2333
95
47.2667
95
47.3
95
47.3333
95
47.3667
95
47.4
95
47.4333
95
47.4667
95
47.5
95
47.5333
95
47.5667
95
47.6
95
47.6333
95
47.6667
95
47.7
95
47.7333
95
47.7667
95
47.8
95
47.8333
95
47.8667
95
47.9
95
47.9333
95
47.9667
95
48
95
48.0333
95
48.0667
95
48.1
95
48.1333
95
48.1667
95
48.2
95
48.2333
95
48.2667
95
48.3
95
48.3333
95
48.3667
95
48.4
95
48.4333
95
48.4667
95
48.5
95
48.5333
95
48.5667
95
48.6
95
48.6333
95
48.6667
95
48.7
95
48.7333
95
48.7667
95
48.8
95
48.8333
95
48.8667
95
48.9
95
48.9333
95
48.9667
95
49
95
49.0333
95
49.0667
95
49.1
95
49.1333
95
49.1667
95
49.2
95
49.2333
95
49.2667
95
49.3
95
49.3333
95
49.3667
95
49.4
95
49.4333
95
49.4667
95
49.5
95
49.5333
95
49.5667
95
49.6
95
49.6333
95
49.6667
95
49.7
95
49.7333
95
49.7667
95
49.8
95
49.8333
95
49.8667
95
49.9
95
49.9333
95
49.9667
95
50
95
50.0333
95
50.0667
95
50.1
95
50.1333
95
50.1667
95
50.2
95
50.2333
95
50.2667
95
50.3
95
50.3333
95
50.3667
95
50.4
95
50.4333
95
50.4667
95
50.5
95
50.5333
95
50.5667
95
50.6
95
50.6333
95
50.6667
95
50.7
95
50.7333
95
50.7667
95
50.8
95
50.8333
95
50.8667
95
50.9
95
50.9333
95
50.9667
95
51
95
51.0333
95
51.0667
95
51.1
95
51.1333
95
51.1667
95
51.2
95
51.2333
95
51.2667
95
51.3
95
51.3333
95
51.3667
95
51.4
95
51.4333
95
51.4667
95
51.5
95
51.5333
95
51.5667
95
51.6
95
51.6333
95
51.6667
95
51.7
95
51.7333
95
51.7667
95
51.8
95
51.8333
95
51.8667
95
51.9
95
51.9333
95
51.9667
95
52
95
52.0333
95
52.0667
95
52.1
95
52.1333
95
52.1667
95
52.2
95
52.2333
95
52.2667
95
52.3
95
52.3333
95
52.3667
95
52.4
95
52.4333
95
52.4667
95
52.5
95
52.5333
95
52.5667
95
52.6
95
52.6333
95
52.6667
95
52.7
95
52.7333
95
52.7667
95
52.8
95
52.8333
95
52.8667
95
52.9
95
52.9333
95
52.9667
95
53
95
53.0333
95
53.0667
95
53.1
95
53.1333
95
53.1667
95
53.2
95
53.2333
95
53.2667
95
53.3
95
53.3333
95
