0
1
0.0333333
1
0.0666667
1
0.1
1
0.133333
1
0.166667
1
0.2
1
0.233333
1
0.266667
1
0.3
1
0.333333
1
0.366667
1
0.4
1
0.433333
1
0.466667
1
0.5
1
0.533333
1
0.566667
1
0.6
1
0.633333
1
0.666667
1
0.7
1
0.733333
1
0.766667
1
0.8
1
0.833333
1
0.866667
1
0.9
1
0.933333
1
0.966667
1
1
1
1.03333
1
1.06667
1
1.1
1
1.13333
1
1.16667
1
1.2
1
1.23333
1
1.26667
1
1.3
1
1.33333
1
1.36667
1
1.4
1
1.43333
1
1.46667
1
1.5
1
1.53333
1
1.56667
1
1.6
1
1.63333
1
1.66667
1
1.7
1
1.73333
1
1.76667
1
1.8
1
1.83333
1
1.86667
1
1.9
1
1.93333
1
1.96667
1
2
1
2.03333
1
2.06667
1
2.1
1
2.13333
1
2.16667
1
2.2
1
2.23333
1
2.26667
1
2.3
1
2.33333
1
2.36667
1
2.4
1
2.43333
1
2.46667
1
2.5
1
2.53333
1
2.56667
1
2.6
1
2.63333
1
2.66667
1
2.7
1
2.73333
1
2.76667
1
2.8
1
2.83333
1
2.86667
1
2.9
1
2.93333
1
2.96667
1
3
1
3.03333
1
3.06667
1
3.1
1
3.13333
1
3.16667
1
3.2
1
3.23333
1
3.26667
1
3.3
1
3.33333
1
3.36667
1
3.4
1
3.43333
1
3.46667
1
3.5
1
3.53333
1
3.56667
1
3.6
1
3.63333
1
3.66667
1
3.7
1
3.73333
1
3.76667
1
3.8
1
3.83333
1
3.86667
1
3.9
1
3.93333
1
3.96667
1
4
1
4.03333
1
4.06667
1
4.1
1
4.13333
1
4.16667
1
4.2
1
4.23333
1
4.26667
1
4.3
1
4.33333
1
4.36667
1
4.4
1
4.43333
1
4.46667
1
4.5
1
4.53333
1
4.56667
1
4.6
1
4.63333
1
4.66667
1
4.7
1
4.73333
1
4.76667
1
4.8
1
4.83333
1
4.86667
1
4.9
1
4.93333
1
4.96667
1
5
3
5.03333
3
5.06667
3
5.1
3
5.13333
4
5.16667
5
5.2
5
5.23333
5
5.26667
5
5.3
5
5.33333
5
5.36667
5
5.4
6
5.43333
6
5.46667
6
5.5
6
5.53333
6
5.56667
6
5.6
6
5.63333
6
5.66667
7
5.7
8
5.73333
8
5.76667
9
5.8
10
5.83333
11
5.86667
13
5.9
14
5.93333
14
5.96667
15
6
17
6.03333
17
6.06667
18
6.1
20
6.13333
20
6.16667
20
6.2
21
6.23333
22
6.26667
22
6.3
25
6.33333
28
6.36667
28
6.4
30
6.43333
32
6.46667
35
6.5
35
6.53333
36
6.56667
39
6.6
40
6.63333
43
6.66667
44
6.7
46
6.73333
46
6.76667
46
6.8
48
6.83333
49
6.86667
53
6.9
57
6.93333
58
6.96667
58
7
62
7.03333
64
7.06667
65
7.1
69
7.13333
75
7.16667
76
7.2
79
7.23333
81
7.26667
81
7.3
83
7.33333
87
7.36667
91
7.4
93
7.43333
93
7.46667
96
7.5
96
7.53333
97
7.56667
97
7.6
100
7.63333
101
7.66667
102
7.7
103
7.73333
104
7.76667
106
7.8
107
7.83333
108
7.86667
110
7.9
111
7.93333
111
7.96667
113
8
113
8.03333
115
8.06667
115
8.1
115
8.13333
115
8.16667
116
8.2
116
8.23333
116
8.26667
117
8.3
119
8.33333
121
8.36667
122
8.4
123
8.43333
123
8.46667
123
8.5
125
8.53333
127
8.56667
129
8.6
129
8.63333
130
8.66667
132
8.7
133
8.73333
134
8.76667
137
8.8
138
8.83333
138
8.86667
138
8.9
138
8.93333
141
8.96667
142
9
144
9.03333
145
9.06667
146
9.1
149
9.13333
152
9.16667
153
9.2
153
9.23333
155
9.26667
156
9.3
158
9.33333
158
9.36667
158
9.4
160
9.43333
161
9.46667
162
9.5
163
9.53333
164
9.56667
164
9.6
164
9.63333
167
9.66667
168
9.7
169
9.73333
169
9.76667
169
9.8
171
9.83333
172
9.86667
172
9.9
173
9.93333
173
9.96667
175
10
176
10.0333
177
10.0667
178
10.1
178
10.1333
180
10.1667
180
10.2
180
10.2333
180
10.2667
180
10.3
180
10.3333
182
10.3667
183
10.4
183
10.4333
183
10.4667
183
10.5
185
10.5333
185
10.5667
186
10.6
186
10.6333
186
10.6667
188
10.7
188
10.7333
190
10.7667
191
10.8
191
10.8333
191
10.8667
192
10.9
193
10.9333
196
10.9667
197
11
198
11.0333
199
11.0667
200
11.1
200
11.1333
201
11.1667
203
11.2
205
11.2333
206
11.2667
207
11.3
207
11.3333
207
11.3667
210
11.4
211
11.4333
213
11.4667
213
11.5
214
11.5333
215
11.5667
215
11.6
215
11.6333
215
11.6667
217
11.7
217
11.7333
217
11.7667
217
11.8
218
11.8333
218
11.8667
218
11.9
218
11.9333
220
11.9667
221
12
222
12.0333
222
12.0667
223
12.1
223
12.1333
224
12.1667
226
12.2
226
12.2333
226
12.2667
226
12.3
226
12.3333
226
12.3667
227
12.4
228
12.4333
228
12.4667
229
12.5
229
12.5333
229
12.5667
229
12.6
229
12.6333
230
12.6667
230
12.7
231
12.7333
232
12.7667
232
12.8
232
12.8333
233
12.8667
234
12.9
235
12.9333
237
12.9667
239
13
240
13.0333
240
13.0667
241
13.1
243
13.1333
245
13.1667
245
13.2
245
13.2333
249
13.2667
249
13.3
250
13.3333
250
13.3667
252
13.4
252
13.4333
253
13.4667
254
13.5
254
13.5333
255
13.5667
256
13.6
256
13.6333
257
13.6667
261
13.7
262
13.7333
262
13.7667
265
13.8
267
13.8333
267
13.8667
267
13.9
268
13.9333
270
13.9667
270
14
270
14.0333
270
14.0667
272
14.1
274
14.1333
275
14.1667
280
14.2
282
14.2333
284
14.2667
285
14.3
287
14.3333
287
14.3667
289
14.4
289
14.4333
290
14.4667
290
14.5
291
14.5333
292
14.5667
292
14.6
292
14.6333
294
14.6667
294
14.7
294
14.7333
294
14.7667
295
14.8
296
14.8333
299
14.8667
301
14.9
301
14.9333
301
14.9667
303
15
304
15.0333
305
15.0667
307
15.1
309
15.1333
311
15.1667
312
15.2
312
15.2333
313
15.2667
314
15.3
317
15.3333
317
15.3667
318
15.4
320
15.4333
322
15.4667
323
15.5
325
15.5333
327
15.5667
329
15.6
330
15.6333
330
15.6667
334
15.7
334
15.7333
337
15.7667
337
15.8
338
15.8333
339
15.8667
340
15.9
340
15.9333
341
15.9667
342
16
342
16.0333
343
16.0667
345
16.1
346
16.1333
349
16.1667
350
16.2
351
16.2333
353
16.2667
354
16.3
356
16.3333
358
16.3667
359
16.4
359
16.4333
361
16.4667
362
16.5
366
16.5333
370
16.5667
371
16.6
373
16.6333
374
16.6667
374
16.7
375
16.7333
378
16.7667
380
16.8
382
16.8333
386
16.8667
387
16.9
392
16.9333
393
16.9667
394
17
396
17.0333
398
17.0667
401
17.1
404
17.1333
406
17.1667
406
17.2
407
17.2333
411
17.2667
413
17.3
413
17.3333
415
17.3667
417
17.4
418
17.4333
418
17.4667
422
17.5
424
17.5333
426
17.5667
429
17.6
430
17.6333
430
17.6667
433
17.7
434
17.7333
434
17.7667
434
17.8
437
17.8333
438
17.8667
440
17.9
441
17.9333
442
17.9667
443
18
443
18.0333
444
18.0667
447
18.1
447
18.1333
448
18.1667
449
18.2
449
18.2333
450
18.2667
453
18.3
454
18.3333
454
18.3667
454
18.4
454
18.4333
455
18.4667
456
18.5
456
18.5333
457
18.5667
458
18.6
459
18.6333
461
18.6667
462
18.7
462
18.7333
462
18.7667
464
18.8
464
18.8333
464
18.8667
465
18.9
465
18.9333
466
18.9667
466
19
467
19.0333
467
19.0667
467
19.1
467
19.1333
467
19.1667
469
19.2
470
19.2333
470
19.2667
470
19.3
472
19.3333
473
19.3667
476
19.4
476
19.4333
477
19.4667
477
19.5
477
19.5333
477
19.5667
477
19.6
477
19.6333
479
19.6667
479
19.7
479
19.7333
479
19.7667
480
19.8
480
19.8333
480
19.8667
480
19.9
480
19.9333
481
19.9667
483
20
483
20.0333
484
20.0667
487
20.1
487
20.1333
487
20.1667
489
20.2
490
20.2333
491
20.2667
492
20.3
497
20.3333
497
20.3667
497
20.4
497
20.4333
497
20.4667
498
20.5
498
20.5333
499
20.5667
499
20.6
501
20.6333
502
20.6667
502
20.7
502
20.7333
504
20.7667
504
20.8
504
20.8333
504
20.8667
504
20.9
505
20.9333
506
20.9667
506
21
506
21.0333
506
21.0667
508
21.1
508
21.1333
508
21.1667
508
21.2
508
21.2333
508
21.2667
509
21.3
509
21.3333
512
21.3667
512
21.4
512
21.4333
512
21.4667
512
21.5
512
21.5333
512
21.5667
513
21.6
513
21.6333
513
21.6667
513
21.7
514
21.7333
514
21.7667
514
21.8
514
21.8333
514
21.8667
514
21.9
514
21.9333
514
21.9667
515
22
515
22.0333
515
22.0667
515
22.1
515
22.1333
516
22.1667
517
22.2
517
22.2333
517
22.2667
517
22.3
518
22.3333
518
22.3667
518
22.4
519
22.4333
520
22.4667
521
22.5
521
22.5333
521
22.5667
522
22.6
522
22.6333
522
22.6667
522
22.7
523
22.7333
524
22.7667
526
22.8
528
22.8333
529
22.8667
530
22.9
530
22.9333
530
22.9667
530
23
532
23.0333
533
23.0667
533
23.1
534
23.1333
534
23.1667
534
23.2
534
23.2333
536
23.2667
536
23.3
536
23.3333
536
23.3667
536
23.4
536
23.4333
537
23.4667
537
23.5
538
23.5333
539
23.5667
540
23.6
540
23.6333
541
23.6667
541
23.7
542
23.7333
542
23.7667
543
23.8
544
23.8333
544
23.8667
545
23.9
546
23.9333
546
23.9667
546
24
546
24.0333
546
24.0667
546
24.1
548
24.1333
548
24.1667
548
24.2
548
24.2333
548
24.2667
548
24.3
549
24.3333
550
24.3667
552
24.4
552
24.4333
552
24.4667
552
24.5
552
24.5333
552
24.5667
552
24.6
553
24.6333
553
24.6667
553
24.7
553
24.7333
553
24.7667
553
24.8
554
24.8333
554
24.8667
554
24.9
554
24.9333
554
24.9667
555
25
555
25.0333
556
25.0667
556
25.1
556
25.1333
556
25.1667
556
25.2
556
25.2333
556
25.2667
556
25.3
556
25.3333
556
25.3667
557
25.4
557
25.4333
559
25.4667
559
25.5
559
25.5333
559
25.5667
559
25.6
559
25.6333
559
25.6667
559
25.7
560
25.7333
560
25.7667
560
25.8
560
25.8333
560
25.8667
560
25.9
560
25.9333
561
25.9667
561
26
561
26.0333
562
26.0667
562
26.1
562
26.1333
562
26.1667
562
26.2
562
26.2333
562
26.2667
563
26.3
563
26.3333
563
26.3667
563
26.4
563
26.4333
563
26.4667
563
26.5
563
26.5333
563
26.5667
564
26.6
564
26.6333
566
26.6667
566
26.7
566
26.7333
566
26.7667
567
26.8
567
26.8333
568
26.8667
569
26.9
570
26.9333
570
26.9667
570
27
570
27.0333
570
27.0667
570
27.1
570
27.1333
571
27.1667
571
27.2
571
27.2333
572
27.2667
572
27.3
572
27.3333
572
27.3667
572
27.4
572
27.4333
572
27.4667
574
27.5
575
27.5333
575
27.5667
575
27.6
576
27.6333
576
27.6667
577
27.7
578
27.7333
578
27.7667
579
27.8
579
27.8333
579
27.8667
579
27.9
579
27.9333
579
27.9667
580
28
582
28.0333
583
28.0667
583
28.1
584
28.1333
584
28.1667
584
28.2
584
28.2333
584
28.2667
584
28.3
584
28.3333
584
28.3667
584
28.4
584
28.4333
584
28.4667
584
28.5
584
28.5333
584
28.5667
584
28.6
584
28.6333
585
28.6667
586
28.7
586
28.7333
586
28.7667
586
28.8
586
28.8333
586
28.8667
586
28.9
586
28.9333
587
28.9667
587
29
587
29.0333
587
29.0667
588
29.1
588
29.1333
588
29.1667
588
29.2
588
29.2333
588
29.2667
588
29.3
588
29.3333
588
29.3667
588
29.4
588
29.4333
588
29.4667
588
29.5
588
29.5333
588
29.5667
588
29.6
588
29.6333
588
29.6667
588
29.7
588
29.7333
588
29.7667
588
29.8
589
29.8333
589
29.8667
590
29.9
590
29.9333
590
29.9667
590
30
590
30.0333
591
30.0667
591
30.1
591
30.1333
591
30.1667
591
30.2
591
30.2333
592
30.2667
592
30.3
592
30.3333
592
30.3667
592
30.4
593
30.4333
593
30.4667
593
30.5
593
30.5333
594
30.5667
595
30.6
595
30.6333
595
30.6667
595
30.7
595
30.7333
595
30.7667
595
30.8
596
30.8333
596
30.8667
596
30.9
596
30.9333
596
30.9667
596
31
596
31.0333
596
31.0667
596
31.1
596
31.1333
596
31.1667
596
31.2
597
31.2333
598
31.2667
598
31.3
598
31.3333
599
31.3667
599
31.4
599
31.4333
599
31.4667
599
31.5
599
31.5333
599
31.5667
599
31.6
599
31.6333
599
31.6667
599
31.7
599
31.7333
599
31.7667
600
31.8
600
31.8333
600
31.8667
600
31.9
601
31.9333
601
31.9667
601
32
602
32.0333
602
32.0667
602
32.1
602
32.1333
603
32.1667
603
32.2
603
32.2333
603
32.2667
604
32.3
604
32.3333
604
32.3667
604
32.4
604
32.4333
604
32.4667
605
32.5
605
32.5333
605
32.5667
605
32.6
605
32.6333
605
32.6667
605
32.7
605
32.7333
605
32.7667
605
32.8
605
32.8333
605
32.8667
605
32.9
607
32.9333
607
32.9667
608
33
609
33.0333
609
33.0667
609
33.1
609
33.1333
609
33.1667
609
33.2
609
33.2333
609
33.2667
609
33.3
609
33.3333
609
33.3667
609
33.4
610
33.4333
610
33.4667
611
33.5
611
33.5333
611
33.5667
611
33.6
611
33.6333
611
33.6667
611
33.7
611
33.7333
611
33.7667
611
33.8
611
33.8333
612
33.8667
612
33.9
612
33.9333
612
33.9667
612
34
612
34.0333
613
34.0667
613
34.1
613
34.1333
613
34.1667
613
34.2
613
34.2333
613
34.2667
614
34.3
614
34.3333
615
34.3667
615
34.4
615
34.4333
615
34.4667
615
34.5
615
34.5333
615
34.5667
616
34.6
616
34.6333
616
34.6667
616
34.7
616
34.7333
616
34.7667
616
34.8
616
34.8333
616
34.8667
616
34.9
616
34.9333
616
34.9667
616
35
616
35.0333
616
35.0667
616
35.1
616
35.1333
616
35.1667
616
35.2
616
35.2333
616
35.2667
616
35.3
616
35.3333
616
35.3667
616
35.4
616
35.4333
616
35.4667
616
35.5
616
35.5333
616
35.5667
616
35.6
616
35.6333
617
35.6667
617
35.7
617
35.7333
617
35.7667
617
35.8
617
35.8333
617
35.8667
617
35.9
617
35.9333
617
35.9667
617
36
618
36.0333
618
36.0667
620
36.1
620
36.1333
620
36.1667
620
36.2
620
36.2333
620
36.2667
620
36.3
621
36.3333
621
36.3667
621
36.4
621
36.4333
621
36.4667
621
36.5
621
36.5333
621
36.5667
621
36.6
621
36.6333
621
36.6667
621
36.7
621
36.7333
621
36.7667
621
36.8
621
36.8333
621
36.8667
621
36.9
621
36.9333
621
36.9667
621
37
621
37.0333
621
37.0667
621
37.1
621
37.1333
621
37.1667
622
37.2
622
37.2333
622
37.2667
622
37.3
622
37.3333
622
37.3667
622
37.4
622
37.4333
622
37.4667
622
37.5
622
37.5333
622
37.5667
622
37.6
622
37.6333
622
37.6667
622
37.7
622
37.7333
622
37.7667
622
37.8
622
37.8333
622
37.8667
622
37.9
622
37.9333
622
37.9667
622
38
622
38.0333
622
38.0667
623
38.1
623
38.1333
624
38.1667
624
38.2
624
38.2333
624
38.2667
624
38.3
624
38.3333
624
38.3667
625
38.4
625
38.4333
625
38.4667
625
38.5
625
38.5333
625
38.5667
625
38.6
625
38.6333
625
38.6667
625
38.7
625
38.7333
625
38.7667
625
38.8
625
38.8333
625
38.8667
625
38.9
625
38.9333
625
38.9667
625
39
625
39.0333
625
39.0667
626
39.1
626
39.1333
626
39.1667
626
39.2
626
39.2333
626
39.2667
626
39.3
627
39.3333
627
39.3667
628
39.4
628
39.4333
628
39.4667
628
39.5
628
39.5333
628
39.5667
628
39.6
628
39.6333
628
39.6667
628
39.7
628
39.7333
630
39.7667
630
39.8
630
39.8333
631
39.8667
631
39.9
631
39.9333
631
39.9667
631
40
631
40.0333
631
40.0667
631
40.1
631
40.1333
631
40.1667
631
40.2
631
40.2333
631
40.2667
631
40.3
631
40.3333
631
40.3667
631
40.4
631
40.4333
631
40.4667
631
40.5
631
40.5333
631
40.5667
631
40.6
631
40.6333
632
40.6667
632
40.7
632
40.7333
632
40.7667
632
40.8
632
40.8333
632
40.8667
632
40.9
632
40.9333
632
40.9667
632
41
632
41.0333
632
41.0667
634
41.1
635
41.1333
635
41.1667
635
41.2
635
41.2333
635
41.2667
636
41.3
636
41.3333
637
41.3667
638
41.4
641
41.4333
641
41.4667
642
41.5
642
41.5333
642
41.5667
642
41.6
642
41.6333
643
41.6667
643
41.7
643
41.7333
643
41.7667
644
41.8
646
41.8333
646
41.8667
646
41.9
646
41.9333
647
41.9667
647
42
648
42.0333
648
42.0667
648
42.1
649
42.1333
649
42.1667
649
42.2
650
42.2333
650
42.2667
650
42.3
650
42.3333
650
42.3667
650
42.4
650
42.4333
650
42.4667
650
42.5
650
42.5333
651
42.5667
651
42.6
651
42.6333
651
42.6667
651
42.7
651
42.7333
651
42.7667
651
42.8
651
42.8333
651
42.8667
651
42.9
651
42.9333
651
42.9667
651
43
651
43.0333
651
43.0667
651
43.1
651
43.1333
651
43.1667
651
43.2
651
43.2333
651
43.2667
651
43.3
651
43.3333
651
43.3667
651
43.4
651
43.4333
651
43.4667
651
43.5
651
43.5333
651
43.5667
651
43.6
651
43.6333
651
43.6667
651
43.7
651
43.7333
651
43.7667
651
43.8
651
43.8333
651
43.8667
651
43.9
651
43.9333
652
43.9667
652
44
652
44.0333
652
44.0667
652
44.1
652
44.1333
652
44.1667
652
44.2
652
44.2333
653
44.2667
653
44.3
653
44.3333
653
44.3667
653
44.4
654
44.4333
654
44.4667
654
44.5
654
44.5333
654
44.5667
654
44.6
654
44.6333
654
44.6667
654
44.7
654
44.7333
654
44.7667
654
44.8
654
44.8333
654
44.8667
654
44.9
655
44.9333
655
44.9667
655
45
655
45.0333
655
45.0667
655
45.1
655
45.1333
655
45.1667
655
45.2
655
45.2333
655
45.2667
655
45.3
655
45.3333
655
45.3667
655
45.4
655
45.4333
655
45.4667
655
45.5
655
45.5333
655
45.5667
655
45.6
655
45.6333
655
45.6667
655
45.7
656
45.7333
656
45.7667
656
45.8
656
45.8333
656
45.8667
656
45.9
656
45.9333
656
45.9667
656
46
657
46.0333
657
46.0667
657
46.1
657
46.1333
657
46.1667
657
46.2
657
46.2333
657
46.2667
657
46.3
657
46.3333
657
46.3667
657
46.4
657
46.4333
657
46.4667
657
46.5
657
46.5333
657
46.5667
657
46.6
657
46.6333
657
46.6667
657
46.7
657
46.7333
657
46.7667
657
46.8
657
46.8333
657
46.8667
657
46.9
657
46.9333
657
46.9667
657
47
657
47.0333
658
47.0667
659
47.1
659
47.1333
659
47.1667
659
47.2
659
47.2333
659
47.2667
659
47.3
659
47.3333
659
47.3667
659
47.4
659
47.4333
659
47.4667
659
47.5
659
47.5333
659
47.5667
659
47.6
659
47.6333
659
47.6667
659
47.7
659
47.7333
659
47.7667
659
47.8
659
47.8333
659
47.8667
659
47.9
659
47.9333
659
47.9667
659
48
659
48.0333
659
48.0667
659
48.1
659
48.1333
659
48.1667
660
48.2
660
48.2333
660
48.2667
660
48.3
660
48.3333
660
48.3667
660
48.4
660
48.4333
661
48.4667
663
48.5
663
48.5333
663
48.5667
663
48.6
663
48.6333
663
48.6667
664
48.7
664
48.7333
664
48.7667
664
48.8
664
48.8333
664
48.8667
666
48.9
666
48.9333
666
48.9667
666
49
666
49.0333
666
49.0667
666
49.1
666
49.1333
666
49.1667
667
49.2
667
49.2333
668
49.2667
668
49.3
668
49.3333
668
49.3667
668
49.4
668
49.4333
668
49.4667
668
49.5
668
49.5333
668
49.5667
668
49.6
668
49.6333
668
49.6667
668
49.7
670
49.7333
670
49.7667
670
49.8
670
49.8333
670
49.8667
670
49.9
670
49.9333
670
49.9667
671
50
671
50.0333
672
50.0667
672
50.1
672
50.1333
672
50.1667
672
50.2
672
50.2333
672
50.2667
672
50.3
672
50.3333
672
50.3667
672
50.4
672
50.4333
673
50.4667
673
50.5
673
50.5333
673
50.5667
673
50.6
673
50.6333
673
50.6667
673
50.7
673
50.7333
673
50.7667
673
50.8
673
50.8333
673
50.8667
674
50.9
674
50.9333
674
50.9667
674
51
674
51.0333
674
51.0667
674
51.1
674
51.1333
674
51.1667
674
51.2
674
51.2333
674
51.2667
674
51.3
674
51.3333
674
51.3667
674
51.4
674
51.4333
674
51.4667
675
51.5
675
51.5333
675
51.5667
675
51.6
675
51.6333
675
51.6667
675
51.7
675
51.7333
675
51.7667
675
51.8
675
51.8333
675
51.8667
675
51.9
675
51.9333
675
51.9667
675
52
675
52.0333
675
52.0667
675
52.1
675
52.1333
675
52.1667
675
52.2
675
52.2333
675
52.2667
675
52.3
675
52.3333
675
52.3667
675
52.4
675
52.4333
675
52.4667
675
52.5
675
52.5333
675
52.5667
675
52.6
675
52.6333
675
52.6667
675
52.7
676
52.7333
676
52.7667
676
52.8
676
52.8333
676
52.8667
676
52.9
676
52.9333
676
52.9667
676
53
676
53.0333
677
53.0667
677
53.1
677
53.1333
677
53.1667
677
53.2
677
53.2333
677
53.2667
677
53.3
677
53.3333
677
