0
1
0.0333333
1
0.0666667
1
0.1
1
0.133333
1
0.166667
1
0.2
1
0.233333
1
0.266667
1
0.3
1
0.333333
1
0.366667
1
0.4
1
0.433333
1
0.466667
1
0.5
1
0.533333
1
0.566667
1
0.6
1
0.633333
1
0.666667
1
0.7
1
0.733333
1
0.766667
1
0.8
1
0.833333
1
0.866667
1
0.9
1
0.933333
1
0.966667
1
1
1
1.03333
1
1.06667
1
1.1
1
1.13333
1
1.16667
1
1.2
1
1.23333
1
1.26667
1
1.3
1
1.33333
1
1.36667
1
1.4
1
1.43333
1
1.46667
1
1.5
1
1.53333
1
1.56667
1
1.6
1
1.63333
1
1.66667
1
1.7
1
1.73333
1
1.76667
1
1.8
1
1.83333
1
1.86667
1
1.9
1
1.93333
1
1.96667
1
2
1
2.03333
1
2.06667
1
2.1
1
2.13333
1
2.16667
1
2.2
1
2.23333
1
2.26667
1
2.3
1
2.33333
1
2.36667
1
2.4
1
2.43333
1
2.46667
1
2.5
1
2.53333
1
2.56667
1
2.6
1
2.63333
1
2.66667
1
2.7
1
2.73333
1
2.76667
1
2.8
1
2.83333
1
2.86667
1
2.9
1
2.93333
1
2.96667
1
3
1
3.03333
1
3.06667
1
3.1
1
3.13333
1
3.16667
1
3.2
1
3.23333
1
3.26667
1
3.3
1
3.33333
1
3.36667
1
3.4
1
3.43333
1
3.46667
1
3.5
1
3.53333
1
3.56667
1
3.6
1
3.63333
1
3.66667
1
3.7
1
3.73333
1
3.76667
1
3.8
1
3.83333
1
3.86667
1
3.9
1
3.93333
1
3.96667
1
4
1
4.03333
1
4.06667
1
4.1
1
4.13333
1
4.16667
1
4.2
1
4.23333
1
4.26667
1
4.3
1
4.33333
1
4.36667
1
4.4
1
4.43333
1
4.46667
1
4.5
1
4.53333
1
4.56667
1
4.6
1
4.63333
1
4.66667
1
4.7
1
4.73333
1
4.76667
1
4.8
1
4.83333
1
4.86667
1
4.9
1
4.93333
1
4.96667
1
5
1
5.03333
1
5.06667
1
5.1
1
5.13333
1
5.16667
1
5.2
1
5.23333
1
5.26667
1
5.3
1
5.33333
1
5.36667
1
5.4
1
5.43333
1
5.46667
2
5.5
2
5.53333
2
5.56667
2
5.6
2
5.63333
2
5.66667
2
5.7
2
5.73333
3
5.76667
3
5.8
3
5.83333
3
5.86667
4
5.9
4
5.93333
4
5.96667
4
6
4
6.03333
4
6.06667
4
6.1
4
6.13333
4
6.16667
4
6.2
4
6.23333
4
6.26667
4
6.3
5
6.33333
7
6.36667
7
6.4
9
6.43333
11
6.46667
11
6.5
11
6.53333
11
6.56667
12
6.6
13
6.63333
17
6.66667
18
6.7
18
6.73333
19
6.76667
19
6.8
20
6.83333
20
6.86667
20
6.9
21
6.93333
22
6.96667
22
7
23
7.03333
23
7.06667
23
7.1
23
7.13333
25
7.16667
26
7.2
26
7.23333
27
7.26667
29
7.3
29
7.33333
30
7.36667
30
7.4
30
7.43333
30
7.46667
30
7.5
31
7.53333
32
7.56667
32
7.6
33
7.63333
34
7.66667
34
7.7
35
7.73333
35
7.76667
35
7.8
37
7.83333
38
7.86667
39
7.9
42
7.93333
44
7.96667
44
8
45
8.03333
45
8.06667
47
8.1
48
8.13333
48
8.16667
48
8.2
50
8.23333
51
8.26667
51
8.3
51
8.33333
51
8.36667
51
8.4
51
8.43333
51
8.46667
52
8.5
52
8.53333
53
8.56667
55
8.6
56
8.63333
58
8.66667
58
8.7
63
8.73333
63
8.76667
64
8.8
66
8.83333
66
8.86667
66
8.9
66
8.93333
69
8.96667
69
9
73
9.03333
73
9.06667
73
9.1
73
9.13333
73
9.16667
73
9.2
73
9.23333
74
9.26667
74
9.3
74
9.33333
74
9.36667
74
9.4
76
9.43333
79
9.46667
79
9.5
81
9.53333
82
9.56667
83
9.6
84
9.63333
84
9.66667
85
9.7
85
9.73333
86
9.76667
86
9.8
87
9.83333
87
9.86667
87
9.9
89
9.93333
90
9.96667
90
10
90
10.0333
94
10.0667
94
10.1
95
10.1333
96
10.1667
97
10.2
97
10.2333
97
10.2667
97
10.3
97
10.3333
97
10.3667
97
10.4
98
10.4333
101
10.4667
102
10.5
103
10.5333
104
10.5667
104
10.6
105
10.6333
105
10.6667
106
10.7
106
10.7333
107
10.7667
107
10.8
108
10.8333
110
10.8667
111
10.9
112
10.9333
112
10.9667
112
11
113
11.0333
114
11.0667
115
11.1
116
11.1333
117
11.1667
119
11.2
121
11.2333
123
11.2667
123
11.3
124
11.3333
126
11.3667
127
11.4
128
11.4333
129
11.4667
130
11.5
130
11.5333
130
11.5667
130
11.6
130
11.6333
131
11.6667
131
11.7
131
11.7333
132
11.7667
133
11.8
135
11.8333
135
11.8667
136
11.9
137
11.9333
138
11.9667
138
12
138
12.0333
139
12.0667
139
12.1
139
12.1333
140
12.1667
140
12.2
140
12.2333
140
12.2667
140
12.3
141
12.3333
141
12.3667
141
12.4
142
12.4333
143
12.4667
144
12.5
145
12.5333
145
12.5667
145
12.6
145
12.6333
147
12.6667
148
12.7
148
12.7333
149
12.7667
149
12.8
149
12.8333
149
12.8667
149
12.9
150
12.9333
150
12.9667
151
13
151
13.0333
151
13.0667
151
13.1
152
13.1333
152
13.1667
153
13.2
153
13.2333
154
13.2667
154
13.3
154
13.3333
155
13.3667
156
13.4
156
13.4333
156
13.4667
156
13.5
157
13.5333
158
13.5667
159
13.6
159
13.6333
159
13.6667
159
13.7
160
13.7333
160
13.7667
160
13.8
161
13.8333
162
13.8667
163
13.9
164
13.9333
164
13.9667
166
14
167
14.0333
167
14.0667
168
14.1
169
14.1333
170
14.1667
172
14.2
172
14.2333
172
14.2667
172
14.3
172
14.3333
172
14.3667
173
14.4
173
14.4333
174
14.4667
175
14.5
175
14.5333
176
14.5667
177
14.6
178
14.6333
178
14.6667
178
14.7
179
14.7333
179
14.7667
180
14.8
181
14.8333
181
14.8667
182
14.9
182
14.9333
183
14.9667
184
15
184
15.0333
184
15.0667
184
15.1
184
15.1333
185
15.1667
186
15.2
188
15.2333
189
15.2667
189
15.3
189
15.3333
189
15.3667
189
15.4
189
15.4333
189
15.4667
189
15.5
189
15.5333
191
15.5667
192
15.6
194
15.6333
196
15.6667
197
15.7
197
15.7333
198
15.7667
198
15.8
198
15.8333
199
15.8667
199
15.9
199
15.9333
199
15.9667
199
16
199
16.0333
199
16.0667
201
16.1
202
16.1333
202
16.1667
202
16.2
202
16.2333
203
16.2667
204
16.3
205
16.3333
205
16.3667
205
16.4
205
16.4333
205
16.4667
206
16.5
206
16.5333
206
16.5667
207
16.6
208
16.6333
208
16.6667
209
16.7
209
16.7333
210
16.7667
210
16.8
212
16.8333
213
16.8667
213
16.9
213
16.9333
213
16.9667
214
17
214
17.0333
216
17.0667
217
17.1
220
17.1333
226
17.1667
226
17.2
226
17.2333
227
17.2667
229
17.3
230
17.3333
230
17.3667
232
17.4
232
17.4333
234
17.4667
236
17.5
238
17.5333
238
17.5667
239
17.6
239
17.6333
240
17.6667
241
17.7
241
17.7333
244
17.7667
245
17.8
246
17.8333
248
17.8667
248
17.9
249
17.9333
249
17.9667
252
18
252
18.0333
254
18.0667
255
18.1
256
18.1333
257
18.1667
257
18.2
258
18.2333
259
18.2667
260
18.3
261
18.3333
261
18.3667
261
18.4
262
18.4333
262
18.4667
262
18.5
262
18.5333
263
18.5667
263
18.6
265
18.6333
265
18.6667
265
18.7
265
18.7333
266
18.7667
266
18.8
266
18.8333
266
18.8667
266
18.9
266
18.9333
266
18.9667
266
19
266
19.0333
266
19.0667
266
19.1
266
19.1333
266
19.1667
266
19.2
266
19.2333
266
19.2667
266
19.3
266
19.3333
266
19.3667
266
19.4
266
19.4333
267
19.4667
267
19.5
267
19.5333
267
19.5667
267
19.6
268
19.6333
268
19.6667
269
19.7
269
19.7333
269
19.7667
269
19.8
269
19.8333
269
19.8667
269
19.9
269
19.9333
269
19.9667
269
20
269
20.0333
270
20.0667
270
20.1
270
20.1333
270
20.1667
270
20.2
271
20.2333
271
20.2667
271
20.3
272
20.3333
273
20.3667
273
20.4
274
20.4333
274
20.4667
274
20.5
275
20.5333
275
20.5667
276
20.6
277
20.6333
277
20.6667
278
20.7
279
20.7333
279
20.7667
281
20.8
281
20.8333
281
20.8667
283
20.9
283
20.9333
284
20.9667
284
21
284
21.0333
284
21.0667
286
21.1
288
21.1333
289
21.1667
291
21.2
292
21.2333
294
21.2667
296
21.3
296
21.3333
297
21.3667
298
21.4
298
21.4333
300
21.4667
301
21.5
301
21.5333
302
21.5667
302
21.6
302
21.6333
302
21.6667
303
21.7
305
21.7333
305
21.7667
307
21.8
308
21.8333
308
21.8667
308
21.9
308
21.9333
308
21.9667
308
22
309
22.0333
309
22.0667
309
22.1
309
22.1333
311
22.1667
311
22.2
311
22.2333
311
22.2667
311
22.3
311
22.3333
311
22.3667
311
22.4
311
22.4333
312
22.4667
313
22.5
314
22.5333
315
22.5667
315
22.6
315
22.6333
315
22.6667
315
22.7
315
22.7333
315
22.7667
315
22.8
315
22.8333
315
22.8667
315
22.9
315
22.9333
315
22.9667
316
23
316
23.0333
316
23.0667
316
23.1
316
23.1333
316
23.1667
318
23.2
318
23.2333
319
23.2667
319
23.3
319
23.3333
320
23.3667
320
23.4
320
23.4333
321
23.4667
321
23.5
321
23.5333
321
23.5667
321
23.6
321
23.6333
321
23.6667
321
23.7
321
23.7333
321
23.7667
322
23.8
322
23.8333
322
23.8667
322
23.9
323
23.9333
323
23.9667
323
24
324
24.0333
324
24.0667
324
24.1
324
24.1333
324
24.1667
324
24.2
324
24.2333
324
24.2667
324
24.3
325
24.3333
325
24.3667
325
24.4
325
24.4333
325
24.4667
325
24.5
325
24.5333
325
24.5667
325
24.6
325
24.6333
325
24.6667
325
24.7
326
24.7333
328
24.7667
328
24.8
329
24.8333
330
24.8667
331
24.9
331
24.9333
331
24.9667
332
25
332
25.0333
332
25.0667
333
25.1
335
25.1333
335
25.1667
337
25.2
339
25.2333
339
25.2667
339
25.3
341
25.3333
342
25.3667
342
25.4
343
25.4333
343
25.4667
343
25.5
343
25.5333
344
25.5667
344
25.6
344
25.6333
346
25.6667
347
25.7
347
25.7333
347
25.7667
347
25.8
348
25.8333
348
25.8667
348
25.9
348
25.9333
348
25.9667
348
26
349
26.0333
349
26.0667
349
26.1
349
26.1333
349
26.1667
349
26.2
349
26.2333
349
26.2667
350
26.3
350
26.3333
350
26.3667
350
26.4
350
26.4333
351
26.4667
351
26.5
351
26.5333
351
26.5667
352
26.6
353
26.6333
353
26.6667
353
26.7
353
26.7333
353
26.7667
353
26.8
353
26.8333
353
26.8667
353
26.9
353
26.9333
353
26.9667
353
27
353
27.0333
354
27.0667
354
27.1
354
27.1333
354
27.1667
354
27.2
354
27.2333
354
27.2667
354
27.3
354
27.3333
354
27.3667
354
27.4
354
27.4333
354
27.4667
354
27.5
354
27.5333
354
27.5667
354
27.6
354
27.6333
354
27.6667
354
27.7
354
27.7333
354
27.7667
354
27.8
355
27.8333
355
27.8667
355
27.9
355
27.9333
355
27.9667
355
28
356
28.0333
356
28.0667
357
28.1
357
28.1333
357
28.1667
357
28.2
357
28.2333
359
28.2667
359
28.3
359
28.3333
359
28.3667
359
28.4
359
28.4333
359
28.4667
359
28.5
359
28.5333
359
28.5667
360
28.6
360
28.6333
360
28.6667
360
28.7
361
28.7333
361
28.7667
361
28.8
361
28.8333
361
28.8667
361
28.9
361
28.9333
361
28.9667
361
29
361
29.0333
361
29.0667
361
29.1
362
29.1333
362
29.1667
362
29.2
363
29.2333
363
29.2667
363
29.3
364
29.3333
364
29.3667
364
29.4
365
29.4333
366
29.4667
366
29.5
366
29.5333
366
29.5667
367
29.6
367
29.6333
367
29.6667
367
29.7
367
29.7333
367
29.7667
367
29.8
367
29.8333
367
29.8667
367
29.9
367
29.9333
368
29.9667
368
30
368
30.0333
368
30.0667
368
30.1
368
30.1333
368
30.1667
369
30.2
369
30.2333
369
30.2667
369
30.3
370
30.3333
370
30.3667
370
30.4
372
30.4333
373
30.4667
374
30.5
374
30.5333
374
30.5667
374
30.6
375
30.6333
375
30.6667
375
30.7
375
30.7333
375
30.7667
375
30.8
375
30.8333
377
30.8667
377
30.9
377
30.9333
377
30.9667
377
31
378
31.0333
378
31.0667
378
31.1
378
31.1333
378
31.1667
378
31.2
378
31.2333
378
31.2667
378
31.3
378
31.3333
378
31.3667
378
31.4
378
31.4333
378
31.4667
379
31.5
379
31.5333
379
31.5667
379
31.6
379
31.6333
379
31.6667
379
31.7
379
31.7333
379
31.7667
379
31.8
379
31.8333
379
31.8667
379
31.9
379
31.9333
379
31.9667
379
32
379
32.0333
379
32.0667
379
32.1
379
32.1333
379
32.1667
379
32.2
379
32.2333
379
32.2667
379
32.3
379
32.3333
379
32.3667
379
32.4
379
32.4333
379
32.4667
379
32.5
379
32.5333
379
32.5667
379
32.6
379
32.6333
379
32.6667
379
32.7
379
32.7333
379
32.7667
379
32.8
379
32.8333
379
32.8667
379
32.9
379
32.9333
379
32.9667
379
33
379
33.0333
379
33.0667
380
33.1
380
33.1333
380
33.1667
380
33.2
380
33.2333
380
33.2667
380
33.3
380
33.3333
380
33.3667
380
33.4
380
33.4333
380
33.4667
380
33.5
380
33.5333
380
33.5667
380
33.6
380
33.6333
380
33.6667
380
33.7
380
33.7333
380
33.7667
380
33.8
380
33.8333
380
33.8667
380
33.9
380
33.9333
380
33.9667
380
34
380
34.0333
380
34.0667
380
34.1
380
34.1333
380
34.1667
380
34.2
380
34.2333
380
34.2667
380
34.3
380
34.3333
380
34.3667
381
34.4
381
34.4333
381
34.4667
381
34.5
381
34.5333
382
34.5667
382
34.6
382
34.6333
382
34.6667
382
34.7
382
34.7333
382
34.7667
382
34.8
382
34.8333
382
34.8667
382
34.9
382
34.9333
382
34.9667
382
35
384
35.0333
384
35.0667
384
35.1
384
35.1333
384
35.1667
385
35.2
386
35.2333
386
35.2667
386
35.3
387
35.3333
387
35.3667
387
35.4
387
35.4333
387
35.4667
387
35.5
387
35.5333
387
35.5667
387
35.6
388
35.6333
388
35.6667
388
35.7
388
35.7333
388
35.7667
388
35.8
388
35.8333
388
35.8667
388
35.9
388
35.9333
388
35.9667
388
36
388
36.0333
388
36.0667
388
36.1
388
36.1333
388
36.1667
388
36.2
388
36.2333
388
36.2667
388
36.3
388
36.3333
388
36.3667
388
36.4
388
36.4333
388
36.4667
388
36.5
388
36.5333
388
36.5667
388
36.6
388
36.6333
388
36.6667
388
36.7
388
36.7333
388
36.7667
388
36.8
388
36.8333
388
36.8667
388
36.9
388
36.9333
388
36.9667
388
37
388
37.0333
388
37.0667
388
37.1
388
37.1333
388
37.1667
388
37.2
388
37.2333
388
37.2667
388
37.3
389
37.3333
390
37.3667
390
37.4
390
37.4333
390
37.4667
390
37.5
390
37.5333
390
37.5667
390
37.6
390
37.6333
390
37.6667
390
37.7
391
37.7333
392
37.7667
392
37.8
392
37.8333
393
37.8667
393
37.9
393
37.9333
393
37.9667
393
38
393
38.0333
393
38.0667
393
38.1
393
38.1333
394
38.1667
394
38.2
394
38.2333
394
38.2667
394
38.3
394
38.3333
394
38.3667
394
38.4
394
38.4333
394
38.4667
394
38.5
394
38.5333
394
38.5667
394
38.6
394
38.6333
394
38.6667
394
38.7
394
38.7333
395
38.7667
395
38.8
395
38.8333
395
38.8667
395
38.9
395
38.9333
396
38.9667
396
39
396
39.0333
396
39.0667
396
39.1
396
39.1333
396
39.1667
396
39.2
396
39.2333
396
39.2667
396
39.3
396
39.3333
396
39.3667
396
39.4
396
39.4333
396
39.4667
397
39.5
397
39.5333
397
39.5667
397
39.6
397
39.6333
397
39.6667
397
39.7
397
39.7333
397
39.7667
397
39.8
397
39.8333
397
39.8667
397
39.9
397
39.9333
397
39.9667
397
40
397
40.0333
397
40.0667
397
40.1
397
40.1333
397
40.1667
397
40.2
397
40.2333
397
40.2667
397
40.3
397
40.3333
397
40.3667
397
40.4
397
40.4333
398
40.4667
398
40.5
398
40.5333
398
40.5667
398
40.6
398
40.6333
398
40.6667
398
40.7
398
40.7333
398
40.7667
398
40.8
398
40.8333
398
40.8667
398
40.9
398
40.9333
398
40.9667
398
41
398
41.0333
399
41.0667
399
41.1
399
41.1333
399
41.1667
399
41.2
399
41.2333
399
41.2667
399
41.3
399
41.3333
399
41.3667
399
41.4
399
41.4333
399
41.4667
399
41.5
400
41.5333
400
41.5667
400
41.6
400
41.6333
400
41.6667
400
41.7
400
41.7333
400
41.7667
400
41.8
400
41.8333
400
41.8667
400
41.9
400
41.9333
400
41.9667
400
42
400
42.0333
400
42.0667
400
42.1
400
42.1333
400
42.1667
400
42.2
400
42.2333
400
42.2667
400
42.3
400
42.3333
400
42.3667
400
42.4
400
42.4333
400
42.4667
400
42.5
400
42.5333
400
42.5667
400
42.6
400
42.6333
400
42.6667
400
42.7
400
42.7333
400
42.7667
400
42.8
400
42.8333
400
42.8667
400
42.9
400
42.9333
400
42.9667
400
43
400
43.0333
400
43.0667
400
43.1
400
43.1333
401
43.1667
401
43.2
401
43.2333
401
43.2667
401
43.3
401
43.3333
401
43.3667
401
43.4
401
43.4333
402
43.4667
402
43.5
402
43.5333
402
43.5667
402
43.6
402
43.6333
402
43.6667
402
43.7
402
43.7333
402
43.7667
402
43.8
403
43.8333
403
43.8667
403
43.9
403
43.9333
403
43.9667
403
44
403
44.0333
403
44.0667
403
44.1
403
44.1333
403
44.1667
403
44.2
403
44.2333
403
44.2667
403
44.3
403
44.3333
403
44.3667
403
44.4
403
44.4333
403
44.4667
403
44.5
403
44.5333
403
44.5667
403
44.6
403
44.6333
403
44.6667
403
44.7
403
44.7333
403
44.7667
403
44.8
403
44.8333
403
44.8667
403
44.9
403
44.9333
403
44.9667
403
45
403
45.0333
403
45.0667
403
45.1
403
45.1333
403
45.1667
403
45.2
403
45.2333
403
45.2667
403
45.3
403
45.3333
403
45.3667
403
45.4
403
45.4333
403
45.4667
403
45.5
403
45.5333
403
45.5667
403
45.6
403
45.6333
404
45.6667
404
45.7
404
45.7333
404
45.7667
404
45.8
404
45.8333
404
45.8667
404
45.9
404
45.9333
404
45.9667
404
46
404
46.0333
404
46.0667
404
46.1
404
46.1333
404
46.1667
404
46.2
404
46.2333
404
46.2667
404
46.3
404
46.3333
404
46.3667
404
46.4
404
46.4333
404
46.4667
404
46.5
404
46.5333
404
46.5667
404
46.6
404
46.6333
404
46.6667
404
46.7
404
46.7333
404
46.7667
404
46.8
404
46.8333
404
46.8667
404
46.9
404
46.9333
404
46.9667
404
47
404
47.0333
404
47.0667
404
47.1
404
47.1333
404
47.1667
404
47.2
404
47.2333
404
47.2667
404
47.3
404
47.3333
404
47.3667
404
47.4
404
47.4333
404
47.4667
404
47.5
404
47.5333
404
47.5667
404
47.6
404
47.6333
404
47.6667
404
47.7
404
47.7333
404
47.7667
404
47.8
404
47.8333
404
47.8667
404
47.9
404
47.9333
404
47.9667
404
48
404
48.0333
404
48.0667
404
48.1
404
48.1333
404
48.1667
404
48.2
404
48.2333
404
48.2667
404
48.3
404
48.3333
404
48.3667
404
48.4
404
48.4333
404
48.4667
404
48.5
404
48.5333
404
48.5667
404
48.6
404
48.6333
404
48.6667
404
48.7
404
48.7333
404
48.7667
404
48.8
404
48.8333
404
48.8667
404
48.9
404
48.9333
404
48.9667
404
49
404
49.0333
404
49.0667
404
49.1
404
49.1333
404
49.1667
404
49.2
404
49.2333
404
49.2667
404
49.3
404
49.3333
404
49.3667
404
49.4
404
49.4333
404
49.4667
404
49.5
404
49.5333
404
49.5667
404
49.6
404
49.6333
404
49.6667
404
49.7
404
49.7333
404
49.7667
404
49.8
404
49.8333
404
49.8667
404
49.9
404
49.9333
404
49.9667
404
50
404
50.0333
404
50.0667
404
50.1
404
50.1333
404
50.1667
404
50.2
404
50.2333
404
50.2667
404
50.3
404
50.3333
404
50.3667
404
50.4
404
50.4333
404
50.4667
404
50.5
404
50.5333
404
50.5667
404
50.6
404
50.6333
404
50.6667
404
50.7
404
50.7333
404
50.7667
404
50.8
404
50.8333
404
50.8667
404
50.9
404
50.9333
404
50.9667
404
51
404
51.0333
404
51.0667
404
51.1
404
51.1333
404
51.1667
404
51.2
404
51.2333
404
51.2667
404
51.3
405
51.3333
405
51.3667
405
51.4
405
51.4333
405
51.4667
405
51.5
405
51.5333
405
51.5667
405
51.6
405
51.6333
405
51.6667
405
51.7
405
51.7333
405
51.7667
406
51.8
406
51.8333
406
51.8667
406
51.9
406
51.9333
406
51.9667
406
52
406
52.0333
406
52.0667
406
52.1
406
52.1333
406
52.1667
406
52.2
406
52.2333
406
52.2667
406
52.3
406
52.3333
406
52.3667
406
52.4
406
52.4333
407
52.4667
407
52.5
407
52.5333
407
52.5667
407
52.6
407
52.6333
407
52.6667
407
52.7
407
52.7333
407
52.7667
407
52.8
407
52.8333
407
52.8667
407
52.9
407
52.9333
407
52.9667
407
53
407
53.0333
407
53.0667
407
53.1
407
53.1333
407
53.1667
407
53.2
407
53.2333
407
53.2667
407
53.3
407
53.3333
407
