0
1
0.0333333
1
0.0666667
1
0.1
1
0.133333
1
0.166667
1
0.2
1
0.233333
1
0.266667
1
0.3
1
0.333333
1
0.366667
1
0.4
1
0.433333
1
0.466667
1
0.5
1
0.533333
1
0.566667
1
0.6
1
0.633333
1
0.666667
1
0.7
1
0.733333
1
0.766667
1
0.8
1
0.833333
1
0.866667
1
0.9
1
0.933333
1
0.966667
1
1
1
1.03333
1
1.06667
1
1.1
1
1.13333
1
1.16667
1
1.2
1
1.23333
1
1.26667
1
1.3
1
1.33333
1
1.36667
1
1.4
1
1.43333
1
1.46667
1
1.5
1
1.53333
1
1.56667
1
1.6
1
1.63333
1
1.66667
1
1.7
1
1.73333
1
1.76667
1
1.8
1
1.83333
1
1.86667
1
1.9
1
1.93333
1
1.96667
1
2
1
2.03333
1
2.06667
1
2.1
1
2.13333
1
2.16667
1
2.2
1
2.23333
1
2.26667
1
2.3
1
2.33333
1
2.36667
1
2.4
1
2.43333
1
2.46667
1
2.5
1
2.53333
1
2.56667
1
2.6
1
2.63333
1
2.66667
1
2.7
1
2.73333
1
2.76667
1
2.8
1
2.83333
1
2.86667
1
2.9
1
2.93333
1
2.96667
1
3
1
3.03333
1
3.06667
1
3.1
1
3.13333
1
3.16667
1
3.2
1
3.23333
1
3.26667
1
3.3
1
3.33333
1
3.36667
1
3.4
1
3.43333
1
3.46667
1
3.5
1
3.53333
1
3.56667
1
3.6
1
3.63333
1
3.66667
1
3.7
1
3.73333
1
3.76667
1
3.8
1
3.83333
1
3.86667
1
3.9
1
3.93333
1
3.96667
1
4
1
4.03333
1
4.06667
1
4.1
1
4.13333
1
4.16667
1
4.2
1
4.23333
1
4.26667
1
4.3
1
4.33333
1
4.36667
1
4.4
1
4.43333
1
4.46667
1
4.5
1
4.53333
1
4.56667
1
4.6
1
4.63333
1
4.66667
1
4.7
1
4.73333
1
4.76667
1
4.8
1
4.83333
1
4.86667
1
4.9
1
4.93333
1
4.96667
1
5
1
5.03333
1
5.06667
1
5.1
1
5.13333
1
5.16667
1
5.2
1
5.23333
1
5.26667
1
5.3
1
5.33333
1
5.36667
1
5.4
1
5.43333
1
5.46667
1
5.5
1
5.53333
2
5.56667
2
5.6
2
5.63333
2
5.66667
2
5.7
2
5.73333
2
5.76667
2
5.8
2
5.83333
2
5.86667
2
5.9
2
5.93333
2
5.96667
2
6
2
6.03333
2
6.06667
2
6.1
2
6.13333
2
6.16667
2
6.2
2
6.23333
2
6.26667
2
6.3
2
6.33333
2
6.36667
2
6.4
2
6.43333
2
6.46667
2
6.5
2
6.53333
2
6.56667
2
6.6
3
6.63333
4
6.66667
5
6.7
5
6.73333
5
6.76667
5
6.8
6
6.83333
6
6.86667
7
6.9
7
6.93333
8
6.96667
11
7
12
7.03333
13
7.06667
13
7.1
13
7.13333
14
7.16667
14
7.2
14
7.23333
15
7.26667
16
7.3
19
7.33333
21
7.36667
21
7.4
21
7.43333
22
7.46667
24
7.5
24
7.53333
24
7.56667
24
7.6
25
7.63333
25
7.66667
25
7.7
26
7.73333
27
7.76667
28
7.8
29
7.83333
29
7.86667
29
7.9
29
7.93333
29
7.96667
30
8
30
8.03333
30
8.06667
30
8.1
30
8.13333
30
8.16667
30
8.2
30
8.23333
30
8.26667
31
8.3
31
8.33333
31
8.36667
31
8.4
31
8.43333
31
8.46667
33
8.5
34
8.53333
34
8.56667
35
8.6
35
8.63333
36
8.66667
37
8.7
37
8.73333
37
8.76667
37
8.8
39
8.83333
40
8.86667
40
8.9
40
8.93333
40
8.96667
41
9
41
9.03333
41
9.06667
41
9.1
41
9.13333
41
9.16667
41
9.2
41
9.23333
41
9.26667
41
9.3
41
9.33333
42
9.36667
42
9.4
42
9.43333
43
9.46667
43
9.5
43
9.53333
43
9.56667
43
9.6
45
9.63333
45
9.66667
45
9.7
45
9.73333
46
9.76667
46
9.8
47
9.83333
48
9.86667
49
9.9
50
9.93333
50
9.96667
51
10
51
10.0333
51
10.0667
51
10.1
52
10.1333
53
10.1667
53
10.2
53
10.2333
53
10.2667
54
10.3
54
10.3333
54
10.3667
54
10.4
55
10.4333
55
10.4667
56
10.5
56
10.5333
56
10.5667
56
10.6
56
10.6333
57
10.6667
58
10.7
58
10.7333
58
10.7667
59
10.8
59
10.8333
60
10.8667
60
10.9
60
10.9333
60
10.9667
60
11
60
11.0333
60
11.0667
61
11.1
61
11.1333
61
11.1667
61
11.2
61
11.2333
61
11.2667
61
11.3
61
11.3333
61
11.3667
61
11.4
61
11.4333
61
11.4667
61
11.5
61
11.5333
61
11.5667
61
11.6
61
11.6333
61
11.6667
62
11.7
62
11.7333
62
11.7667
62
11.8
62
11.8333
62
11.8667
62
11.9
62
11.9333
62
11.9667
62
12
62
12.0333
62
12.0667
62
12.1
62
12.1333
62
12.1667
63
12.2
63
12.2333
63
12.2667
63
12.3
63
12.3333
63
12.3667
63
12.4
63
12.4333
63
12.4667
63
12.5
63
12.5333
63
12.5667
63
12.6
63
12.6333
63
12.6667
63
12.7
64
12.7333
64
12.7667
64
12.8
64
12.8333
64
12.8667
64
12.9
64
12.9333
64
12.9667
64
13
65
13.0333
65
13.0667
65
13.1
65
13.1333
65
13.1667
65
13.2
66
13.2333
66
13.2667
66
13.3
66
13.3333
66
13.3667
66
13.4
66
13.4333
66
13.4667
66
13.5
66
13.5333
66
13.5667
66
13.6
66
13.6333
66
13.6667
66
13.7
67
13.7333
67
13.7667
67
13.8
67
13.8333
67
13.8667
67
13.9
67
13.9333
68
13.9667
68
14
68
14.0333
69
14.0667
69
14.1
69
14.1333
69
14.1667
69
14.2
69
14.2333
69
14.2667
70
14.3
70
14.3333
70
14.3667
70
14.4
71
14.4333
71
14.4667
71
14.5
71
14.5333
71
14.5667
71
14.6
71
14.6333
71
14.6667
71
14.7
71
14.7333
71
14.7667
71
14.8
71
14.8333
72
14.8667
74
14.9
75
14.9333
75
14.9667
75
15
75
15.0333
75
15.0667
75
15.1
75
15.1333
75
15.1667
75
15.2
75
15.2333
75
15.2667
76
15.3
76
15.3333
76
15.3667
77
15.4
77
15.4333
78
15.4667
79
15.5
79
15.5333
80
15.5667
80
15.6
80
15.6333
80
15.6667
80
15.7
80
15.7333
80
15.7667
80
15.8
80
15.8333
80
15.8667
80
15.9
80
15.9333
80
15.9667
80
16
80
16.0333
80
16.0667
80
16.1
80
16.1333
80
16.1667
80
16.2
80
16.2333
80
16.2667
80
16.3
80
16.3333
80
16.3667
81
16.4
81
16.4333
81
16.4667
81
16.5
81
16.5333
82
16.5667
82
16.6
82
16.6333
82
16.6667
83
16.7
83
16.7333
83
16.7667
83
16.8
84
16.8333
84
16.8667
84
16.9
84
16.9333
84
16.9667
84
17
84
17.0333
85
17.0667
86
17.1
86
17.1333
86
17.1667
86
17.2
86
17.2333
86
17.2667
86
17.3
86
17.3333
86
17.3667
87
17.4
87
17.4333
87
17.4667
88
17.5
88
17.5333
88
17.5667
88
17.6
88
17.6333
88
17.6667
88
17.7
88
17.7333
88
17.7667
88
17.8
88
17.8333
88
17.8667
88
17.9
88
17.9333
88
17.9667
88
18
89
18.0333
89
18.0667
89
18.1
89
18.1333
89
18.1667
89
18.2
89
18.2333
89
18.2667
89
18.3
89
18.3333
89
18.3667
89
18.4
89
18.4333
89
18.4667
90
18.5
90
18.5333
90
18.5667
90
18.6
90
18.6333
90
18.6667
90
18.7
90
18.7333
90
18.7667
90
18.8
90
18.8333
90
18.8667
90
18.9
90
18.9333
90
18.9667
90
19
90
19.0333
90
19.0667
90
19.1
90
19.1333
90
19.1667
90
19.2
90
19.2333
90
19.2667
90
19.3
90
19.3333
90
19.3667
90
19.4
90
19.4333
90
19.4667
91
19.5
91
19.5333
91
19.5667
91
19.6
91
19.6333
91
19.6667
91
19.7
91
19.7333
91
19.7667
91
19.8
91
19.8333
91
19.8667
91
19.9
91
19.9333
91
19.9667
91
20
91
20.0333
91
20.0667
91
20.1
91
20.1333
91
20.1667
92
20.2
92
20.2333
92
20.2667
92
20.3
92
20.3333
92
20.3667
92
20.4
93
20.4333
93
20.4667
93
20.5
93
20.5333
93
20.5667
93
20.6
93
20.6333
93
20.6667
94
20.7
94
20.7333
94
20.7667
94
20.8
94
20.8333
94
20.8667
94
20.9
94
20.9333
94
20.9667
94
21
94
21.0333
94
21.0667
94
21.1
94
21.1333
94
21.1667
94
21.2
94
21.2333
94
21.2667
94
21.3
94
21.3333
94
21.3667
94
21.4
94
21.4333
94
21.4667
94
21.5
94
21.5333
94
21.5667
94
21.6
94
21.6333
94
21.6667
94
21.7
94
21.7333
94
21.7667
94
21.8
94
21.8333
94
21.8667
94
21.9
94
21.9333
94
21.9667
94
22
94
22.0333
94
22.0667
94
22.1
94
22.1333
94
22.1667
94
22.2
94
22.2333
94
22.2667
94
22.3
94
22.3333
94
22.3667
94
22.4
94
22.4333
94
22.4667
94
22.5
94
22.5333
94
22.5667
95
22.6
95
22.6333
95
22.6667
95
22.7
95
22.7333
95
22.7667
95
22.8
95
22.8333
96
22.8667
96
22.9
96
22.9333
96
22.9667
96
23
96
23.0333
96
23.0667
97
23.1
97
23.1333
97
23.1667
97
23.2
97
23.2333
97
23.2667
97
23.3
97
23.3333
97
23.3667
97
23.4
97
23.4333
97
23.4667
97
23.5
97
23.5333
97
23.5667
98
23.6
98
23.6333
98
23.6667
98
23.7
99
23.7333
99
23.7667
100
23.8
100
23.8333
100
23.8667
100
23.9
100
23.9333
100
23.9667
100
24
100
24.0333
100
24.0667
100
24.1
100
24.1333
100
24.1667
100
24.2
101
24.2333
101
24.2667
101
24.3
101
24.3333
101
24.3667
101
24.4
101
24.4333
101
24.4667
101
24.5
101
24.5333
101
24.5667
101
24.6
101
24.6333
101
24.6667
101
24.7
101
24.7333
101
24.7667
101
24.8
101
24.8333
101
24.8667
101
24.9
101
24.9333
101
24.9667
101
25
101
25.0333
101
25.0667
101
25.1
101
25.1333
101
25.1667
101
25.2
101
25.2333
101
25.2667
101
25.3
101
25.3333
101
25.3667
101
25.4
101
25.4333
101
25.4667
101
25.5
101
25.5333
101
25.5667
101
25.6
101
25.6333
101
25.6667
101
25.7
102
25.7333
102
25.7667
102
25.8
102
25.8333
102
25.8667
102
25.9
102
25.9333
102
25.9667
102
26
102
26.0333
102
26.0667
102
26.1
102
26.1333
102
26.1667
102
26.2
102
26.2333
102
26.2667
102
26.3
102
26.3333
102
26.3667
102
26.4
102
26.4333
102
26.4667
102
26.5
102
26.5333
102
26.5667
102
26.6
102
26.6333
102
26.6667
102
26.7
102
26.7333
102
26.7667
102
26.8
102
26.8333
102
26.8667
102
26.9
102
26.9333
102
26.9667
102
27
102
27.0333
102
27.0667
102
27.1
102
27.1333
102
27.1667
102
27.2
102
27.2333
102
27.2667
102
27.3
102
27.3333
102
27.3667
102
27.4
102
27.4333
102
27.4667
102
27.5
102
27.5333
102
27.5667
102
27.6
102
27.6333
102
27.6667
102
27.7
102
27.7333
102
27.7667
102
27.8
102
27.8333
102
27.8667
102
27.9
102
27.9333
102
27.9667
102
28
102
28.0333
102
28.0667
102
28.1
102
28.1333
102
28.1667
102
28.2
102
28.2333
102
28.2667
102
28.3
102
28.3333
102
28.3667
102
28.4
102
28.4333
102
28.4667
102
28.5
102
28.5333
102
28.5667
102
28.6
102
28.6333
102
28.6667
102
28.7
102
28.7333
102
28.7667
102
28.8
102
28.8333
102
28.8667
102
28.9
102
28.9333
102
28.9667
102
29
102
29.0333
102
29.0667
102
29.1
102
29.1333
102
29.1667
102
29.2
102
29.2333
102
29.2667
102
29.3
102
29.3333
102
29.3667
102
29.4
102
29.4333
102
29.4667
102
29.5
102
29.5333
102
29.5667
102
29.6
102
29.6333
102
29.6667
102
29.7
102
29.7333
102
29.7667
102
29.8
102
29.8333
103
29.8667
103
29.9
103
29.9333
103
29.9667
103
30
103
30.0333
103
30.0667
103
30.1
103
30.1333
103
30.1667
103
30.2
103
30.2333
103
30.2667
103
30.3
103
30.3333
103
30.3667
103
30.4
103
30.4333
103
30.4667
103
30.5
103
30.5333
103
30.5667
103
30.6
103
30.6333
103
30.6667
103
30.7
103
30.7333
103
30.7667
103
30.8
103
30.8333
103
30.8667
103
30.9
103
30.9333
103
30.9667
103
31
103
31.0333
103
31.0667
103
31.1
103
31.1333
103
31.1667
103
31.2
103
31.2333
103
31.2667
103
31.3
103
31.3333
103
31.3667
103
31.4
103
31.4333
103
31.4667
103
31.5
103
31.5333
103
31.5667
103
31.6
103
31.6333
103
31.6667
103
31.7
103
31.7333
103
31.7667
103
31.8
103
31.8333
103
31.8667
103
31.9
103
31.9333
103
31.9667
103
32
103
32.0333
103
32.0667
103
32.1
103
32.1333
103
32.1667
103
32.2
103
32.2333
103
32.2667
103
32.3
103
32.3333
103
32.3667
103
32.4
103
32.4333
103
32.4667
103
32.5
103
32.5333
103
32.5667
103
32.6
103
32.6333
103
32.6667
103
32.7
103
32.7333
103
32.7667
103
32.8
103
32.8333
103
32.8667
103
32.9
103
32.9333
103
32.9667
103
33
103
33.0333
103
33.0667
103
33.1
103
33.1333
103
33.1667
103
33.2
103
33.2333
103
33.2667
103
33.3
103
33.3333
103
33.3667
103
33.4
103
33.4333
103
33.4667
103
33.5
103
33.5333
103
33.5667
103
33.6
103
33.6333
103
33.6667
103
33.7
103
33.7333
103
33.7667
103
33.8
103
33.8333
103
33.8667
103
33.9
103
33.9333
103
33.9667
103
34
103
34.0333
103
34.0667
103
34.1
103
34.1333
103
34.1667
103
34.2
103
34.2333
103
34.2667
103
34.3
103
34.3333
103
34.3667
103
34.4
103
34.4333
103
34.4667
104
34.5
104
34.5333
104
34.5667
104
34.6
104
34.6333
104
34.6667
104
34.7
104
34.7333
104
34.7667
104
34.8
104
34.8333
104
34.8667
104
34.9
104
34.9333
104
34.9667
104
35
104
35.0333
104
35.0667
104
35.1
104
35.1333
104
35.1667
104
35.2
104
35.2333
104
35.2667
104
35.3
104
35.3333
104
35.3667
104
35.4
104
35.4333
104
35.4667
104
35.5
104
35.5333
104
35.5667
104
35.6
104
35.6333
104
35.6667
104
35.7
104
35.7333
104
35.7667
104
35.8
104
35.8333
104
35.8667
104
35.9
104
35.9333
104
35.9667
104
36
104
36.0333
104
36.0667
104
36.1
104
36.1333
104
36.1667
104
36.2
104
36.2333
104
36.2667
104
36.3
104
36.3333
104
36.3667
104
36.4
104
36.4333
104
36.4667
104
36.5
104
36.5333
104
36.5667
104
36.6
104
36.6333
104
36.6667
104
36.7
104
36.7333
104
36.7667
104
36.8
104
36.8333
104
36.8667
104
36.9
104
36.9333
104
36.9667
104
37
104
37.0333
104
37.0667
104
37.1
104
37.1333
104
37.1667
104
37.2
104
37.2333
104
37.2667
104
37.3
104
37.3333
104
37.3667
104
37.4
104
37.4333
104
37.4667
104
37.5
104
37.5333
104
37.5667
104
37.6
104
37.6333
104
37.6667
104
37.7
104
37.7333
104
37.7667
104
37.8
104
37.8333
104
37.8667
104
37.9
104
37.9333
104
37.9667
104
38
104
38.0333
104
38.0667
104
38.1
105
38.1333
105
38.1667
105
38.2
105
38.2333
105
38.2667
105
38.3
105
38.3333
105
38.3667
105
38.4
105
38.4333
105
38.4667
105
38.5
105
38.5333
105
38.5667
105
38.6
105
38.6333
105
38.6667
105
38.7
105
38.7333
105
38.7667
105
38.8
105
38.8333
105
38.8667
105
38.9
105
38.9333
105
38.9667
105
39
105
39.0333
105
39.0667
105
39.1
105
39.1333
105
39.1667
105
39.2
105
39.2333
105
39.2667
105
39.3
105
39.3333
105
39.3667
105
39.4
105
39.4333
105
39.4667
105
39.5
105
39.5333
105
39.5667
105
39.6
105
39.6333
105
39.6667
105
39.7
105
39.7333
105
39.7667
105
39.8
105
39.8333
105
39.8667
105
39.9
105
39.9333
105
39.9667
105
40
105
40.0333
105
40.0667
105
40.1
105
40.1333
105
40.1667
105
40.2
105
40.2333
105
40.2667
105
40.3
105
40.3333
105
40.3667
105
40.4
105
40.4333
105
40.4667
105
40.5
105
40.5333
105
40.5667
105
40.6
105
40.6333
105
40.6667
105
40.7
105
40.7333
105
40.7667
105
40.8
105
40.8333
105
40.8667
105
40.9
105
40.9333
105
40.9667
105
41
105
41.0333
105
41.0667
105
41.1
105
41.1333
105
41.1667
105
41.2
105
41.2333
105
41.2667
105
41.3
105
41.3333
105
41.3667
105
41.4
105
41.4333
105
41.4667
105
41.5
105
41.5333
105
41.5667
105
41.6
105
41.6333
105
41.6667
105
41.7
105
41.7333
106
41.7667
106
41.8
106
41.8333
106
41.8667
106
41.9
106
41.9333
106
41.9667
106
42
106
42.0333
106
42.0667
106
42.1
106
42.1333
106
42.1667
106
42.2
106
42.2333
106
42.2667
106
42.3
106
42.3333
106
42.3667
106
42.4
106
42.4333
106
42.4667
106
42.5
106
42.5333
106
42.5667
106
42.6
106
42.6333
106
42.6667
106
42.7
106
42.7333
106
42.7667
106
42.8
106
42.8333
106
42.8667
106
42.9
106
42.9333
106
42.9667
106
43
106
43.0333
106
43.0667
106
43.1
106
43.1333
106
43.1667
106
43.2
106
43.2333
106
43.2667
106
43.3
106
43.3333
106
43.3667
106
43.4
106
43.4333
106
43.4667
106
43.5
106
43.5333
106
43.5667
106
43.6
106
43.6333
106
43.6667
106
43.7
106
43.7333
106
43.7667
106
43.8
106
43.8333
106
43.8667
106
43.9
106
43.9333
106
43.9667
106
44
106
44.0333
106
44.0667
106
44.1
106
44.1333
106
44.1667
106
44.2
106
44.2333
106
44.2667
106
44.3
106
44.3333
106
44.3667
106
44.4
106
44.4333
106
44.4667
106
44.5
106
44.5333
106
44.5667
106
44.6
106
44.6333
106
44.6667
106
44.7
106
44.7333
106
44.7667
106
44.8
106
44.8333
106
44.8667
106
44.9
106
44.9333
106
44.9667
106
45
106
45.0333
106
45.0667
106
45.1
106
45.1333
106
45.1667
106
45.2
106
45.2333
106
45.2667
106
45.3
106
45.3333
106
45.3667
106
45.4
106
45.4333
106
45.4667
106
45.5
106
45.5333
106
45.5667
106
45.6
106
45.6333
106
45.6667
106
45.7
106
45.7333
106
45.7667
106
45.8
106
45.8333
106
45.8667
106
45.9
106
45.9333
106
45.9667
106
46
106
46.0333
106
46.0667
106
46.1
106
46.1333
106
46.1667
106
46.2
106
46.2333
106
46.2667
106
46.3
106
46.3333
106
46.3667
106
46.4
106
46.4333
106
46.4667
106
46.5
106
46.5333
106
46.5667
106
46.6
106
46.6333
106
46.6667
106
46.7
106
46.7333
106
46.7667
106
46.8
106
46.8333
106
46.8667
106
46.9
106
46.9333
106
46.9667
106
47
106
47.0333
106
47.0667
106
47.1
106
47.1333
106
47.1667
106
47.2
106
47.2333
106
47.2667
106
47.3
106
47.3333
106
47.3667
106
47.4
106
47.4333
106
47.4667
106
47.5
106
47.5333
106
47.5667
106
47.6
106
47.6333
106
47.6667
106
47.7
106
47.7333
106
47.7667
106
47.8
106
47.8333
106
47.8667
106
47.9
106
47.9333
106
47.9667
106
48
106
48.0333
106
48.0667
106
48.1
106
48.1333
106
48.1667
106
48.2
106
48.2333
106
48.2667
106
48.3
106
48.3333
106
48.3667
106
48.4
106
48.4333
106
48.4667
106
48.5
106
48.5333
106
48.5667
106
48.6
106
48.6333
106
48.6667
106
48.7
106
48.7333
106
48.7667
106
48.8
106
48.8333
106
48.8667
106
48.9
106
48.9333
106
48.9667
106
49
106
49.0333
106
49.0667
106
49.1
106
49.1333
106
49.1667
106
49.2
106
49.2333
106
49.2667
106
49.3
106
49.3333
106
49.3667
106
49.4
106
49.4333
106
49.4667
106
49.5
106
49.5333
106
49.5667
106
49.6
106
49.6333
106
49.6667
106
49.7
106
49.7333
106
49.7667
106
49.8
106
49.8333
106
49.8667
106
49.9
106
49.9333
106
49.9667
106
50
106
50.0333
106
50.0667
106
50.1
106
50.1333
106
50.1667
106
50.2
106
50.2333
106
50.2667
106
50.3
106
50.3333
106
50.3667
106
50.4
106
50.4333
106
50.4667
106
50.5
106
50.5333
106
50.5667
106
50.6
106
50.6333
106
50.6667
106
50.7
106
50.7333
106
50.7667
106
50.8
106
50.8333
106
50.8667
106
50.9
106
50.9333
106
50.9667
106
51
106
51.0333
106
51.0667
106
51.1
106
51.1333
106
51.1667
106
51.2
106
51.2333
106
51.2667
106
51.3
106
51.3333
106
51.3667
106
51.4
106
51.4333
106
51.4667
106
51.5
106
51.5333
106
51.5667
106
51.6
106
51.6333
106
51.6667
106
51.7
106
51.7333
106
51.7667
106
51.8
106
51.8333
106
51.8667
106
51.9
106
51.9333
106
51.9667
106
52
106
52.0333
106
52.0667
106
52.1
106
52.1333
106
52.1667
106
52.2
106
52.2333
106
52.2667
106
52.3
106
52.3333
106
52.3667
106
52.4
106
52.4333
106
52.4667
106
52.5
106
52.5333
106
52.5667
106
52.6
106
52.6333
106
52.6667
106
52.7
106
52.7333
106
52.7667
106
52.8
106
52.8333
106
52.8667
106
52.9
106
52.9333
106
52.9667
106
53
106
53.0333
106
53.0667
106
53.1
106
53.1333
106
53.1667
106
53.2
106
53.2333
106
53.2667
106
53.3
106
53.3333
106
