0
1
0.0333333
1
0.0666667
1
0.1
1
0.133333
1
0.166667
1
0.2
1
0.233333
1
0.266667
1
0.3
1
0.333333
1
0.366667
1
0.4
1
0.433333
1
0.466667
1
0.5
1
0.533333
1
0.566667
1
0.6
1
0.633333
1
0.666667
1
0.7
1
0.733333
1
0.766667
1
0.8
1
0.833333
1
0.866667
1
0.9
1
0.933333
1
0.966667
1
1
1
1.03333
1
1.06667
1
1.1
1
1.13333
1
1.16667
1
1.2
1
1.23333
1
1.26667
1
1.3
1
1.33333
1
1.36667
1
1.4
1
1.43333
1
1.46667
1
1.5
1
1.53333
1
1.56667
1
1.6
1
1.63333
1
1.66667
1
1.7
1
1.73333
1
1.76667
1
1.8
1
1.83333
1
1.86667
1
1.9
1
1.93333
1
1.96667
1
2
1
2.03333
1
2.06667
1
2.1
1
2.13333
1
2.16667
1
2.2
1
2.23333
1
2.26667
1
2.3
1
2.33333
1
2.36667
1
2.4
1
2.43333
1
2.46667
1
2.5
1
2.53333
1
2.56667
1
2.6
1
2.63333
1
2.66667
1
2.7
1
2.73333
1
2.76667
1
2.8
1
2.83333
1
2.86667
1
2.9
1
2.93333
1
2.96667
1
3
1
3.03333
1
3.06667
1
3.1
1
3.13333
1
3.16667
1
3.2
1
3.23333
1
3.26667
1
3.3
1
3.33333
1
3.36667
1
3.4
1
3.43333
1
3.46667
1
3.5
1
3.53333
1
3.56667
1
3.6
1
3.63333
1
3.66667
1
3.7
1
3.73333
1
3.76667
1
3.8
1
3.83333
1
3.86667
1
3.9
1
3.93333
1
3.96667
1
4
1
4.03333
1
4.06667
1
4.1
1
4.13333
1
4.16667
1
4.2
1
4.23333
1
4.26667
1
4.3
1
4.33333
1
4.36667
1
4.4
1
4.43333
1
4.46667
1
4.5
1
4.53333
1
4.56667
1
4.6
1
4.63333
1
4.66667
1
4.7
1
4.73333
1
4.76667
1
4.8
1
4.83333
1
4.86667
1
4.9
1
4.93333
1
4.96667
1
5
1
5.03333
1
5.06667
1
5.1
1
5.13333
1
5.16667
1
5.2
1
5.23333
1
5.26667
1
5.3
1
5.33333
1
5.36667
1
5.4
1
5.43333
1
5.46667
1
5.5
2
5.53333
2
5.56667
2
5.6
2
5.63333
2
5.66667
2
5.7
2
5.73333
3
5.76667
3
5.8
3
5.83333
3
5.86667
3
5.9
3
5.93333
3
5.96667
3
6
3
6.03333
3
6.06667
3
6.1
3
6.13333
3
6.16667
3
6.2
4
6.23333
4
6.26667
4
6.3
4
6.33333
4
6.36667
4
6.4
4
6.43333
4
6.46667
4
6.5
4
6.53333
4
6.56667
4
6.6
4
6.63333
4
6.66667
4
6.7
4
6.73333
4
6.76667
4
6.8
4
6.83333
4
6.86667
4
6.9
4
6.93333
4
6.96667
4
7
4
7.03333
4
7.06667
4
7.1
4
7.13333
4
7.16667
4
7.2
4
7.23333
4
7.26667
4
7.3
4
7.33333
4
7.36667
4
7.4
4
7.43333
4
7.46667
4
7.5
4
7.53333
4
7.56667
4
7.6
4
7.63333
4
7.66667
4
7.7
4
7.73333
4
7.76667
4
7.8
4
7.83333
4
7.86667
5
7.9
5
7.93333
5
7.96667
5
8
5
8.03333
5
8.06667
5
8.1
5
8.13333
5
8.16667
5
8.2
5
8.23333
5
8.26667
5
8.3
5
8.33333
6
8.36667
6
8.4
8
8.43333
8
8.46667
8
8.5
10
8.53333
10
8.56667
11
8.6
12
8.63333
12
8.66667
12
8.7
12
8.73333
13
8.76667
14
8.8
14
8.83333
14
8.86667
14
8.9
16
8.93333
16
8.96667
17
9
17
9.03333
18
9.06667
18
9.1
18
9.13333
18
9.16667
18
9.2
18
9.23333
18
9.26667
18
9.3
18
9.33333
19
9.36667
19
9.4
19
9.43333
20
9.46667
21
9.5
21
9.53333
21
9.56667
21
9.6
21
9.63333
21
9.66667
21
9.7
21
9.73333
21
9.76667
21
9.8
21
9.83333
21
9.86667
22
9.9
22
9.93333
22
9.96667
24
10
25
10.0333
25
10.0667
25
10.1
25
10.1333
25
10.1667
25
10.2
26
10.2333
27
10.2667
27
10.3
27
10.3333
27
10.3667
27
10.4
27
10.4333
27
10.4667
27
10.5
28
10.5333
28
10.5667
28
10.6
28
10.6333
29
10.6667
29
10.7
29
10.7333
30
10.7667
31
10.8
32
10.8333
32
10.8667
33
10.9
34
10.9333
35
10.9667
37
11
37
11.0333
37
11.0667
37
11.1
37
11.1333
38
11.1667
38
11.2
39
11.2333
42
11.2667
42
11.3
43
11.3333
46
11.3667
46
11.4
46
11.4333
46
11.4667
46
11.5
46
11.5333
46
11.5667
46
11.6
46
11.6333
46
11.6667
46
11.7
46
11.7333
46
11.7667
46
11.8
46
11.8333
46
11.8667
46
11.9
46
11.9333
47
11.9667
47
12
47
12.0333
47
12.0667
48
12.1
49
12.1333
49
12.1667
49
12.2
49
12.2333
49
12.2667
49
12.3
49
12.3333
49
12.3667
49
12.4
49
12.4333
49
12.4667
49
12.5
49
12.5333
50
12.5667
50
12.6
50
12.6333
50
12.6667
50
12.7
50
12.7333
50
12.7667
50
12.8
50
12.8333
50
12.8667
50
12.9
50
12.9333
50
12.9667
50
13
50
13.0333
51
13.0667
51
13.1
51
13.1333
53
13.1667
53
13.2
53
13.2333
53
13.2667
53
13.3
54
13.3333
54
13.3667
54
13.4
54
13.4333
54
13.4667
54
13.5
54
13.5333
54
13.5667
54
13.6
55
13.6333
56
13.6667
56
13.7
56
13.7333
56
13.7667
56
13.8
56
13.8333
57
13.8667
57
13.9
57
13.9333
57
13.9667
57
14
57
14.0333
57
14.0667
57
14.1
57
14.1333
57
14.1667
57
14.2
57
14.2333
57
14.2667
57
14.3
57
14.3333
58
14.3667
58
14.4
58
14.4333
58
14.4667
58
14.5
58
14.5333
58
14.5667
58
14.6
58
14.6333
58
14.6667
58
14.7
58
14.7333
59
14.7667
59
14.8
60
14.8333
60
14.8667
60
14.9
61
14.9333
61
14.9667
61
15
61
15.0333
61
15.0667
61
15.1
61
15.1333
61
15.1667
62
15.2
63
15.2333
64
15.2667
64
15.3
64
15.3333
64
15.3667
64
15.4
64
15.4333
64
15.4667
65
15.5
65
15.5333
65
15.5667
65
15.6
65
15.6333
65
15.6667
65
15.7
65
15.7333
65
15.7667
65
15.8
65
15.8333
65
15.8667
65
15.9
65
15.9333
65
15.9667
65
16
65
16.0333
65
16.0667
65
16.1
65
16.1333
65
16.1667
65
16.2
65
16.2333
65
16.2667
65
16.3
65
16.3333
66
16.3667
66
16.4
66
16.4333
66
16.4667
66
16.5
66
16.5333
67
16.5667
68
16.6
68
16.6333
68
16.6667
68
16.7
68
16.7333
68
16.7667
69
16.8
69
16.8333
70
16.8667
70
16.9
70
16.9333
70
16.9667
70
17
70
17.0333
70
17.0667
70
17.1
70
17.1333
70
17.1667
70
17.2
70
17.2333
70
17.2667
70
17.3
71
17.3333
71
17.3667
72
17.4
72
17.4333
72
17.4667
73
17.5
73
17.5333
73
17.5667
73
17.6
74
17.6333
74
17.6667
74
17.7
74
17.7333
74
17.7667
74
17.8
74
17.8333
74
17.8667
74
17.9
74
17.9333
74
17.9667
74
18
74
18.0333
74
18.0667
74
18.1
74
18.1333
74
18.1667
77
18.2
77
18.2333
77
18.2667
77
18.3
77
18.3333
77
18.3667
77
18.4
78
18.4333
79
18.4667
79
18.5
79
18.5333
79
18.5667
79
18.6
80
18.6333
81
18.6667
81
18.7
81
18.7333
81
18.7667
82
18.8
82
18.8333
82
18.8667
82
18.9
82
18.9333
83
18.9667
83
19
83
19.0333
83
19.0667
83
19.1
83
19.1333
83
19.1667
83
19.2
83
19.2333
83
19.2667
83
19.3
83
19.3333
83
19.3667
83
19.4
83
19.4333
83
19.4667
84
19.5
84
19.5333
86
19.5667
86
19.6
86
19.6333
86
19.6667
86
19.7
86
19.7333
86
19.7667
86
19.8
86
19.8333
86
19.8667
86
19.9
86
19.9333
86
19.9667
86
20
86
20.0333
87
20.0667
87
20.1
87
20.1333
87
20.1667
87
20.2
87
20.2333
87
20.2667
87
20.3
87
20.3333
87
20.3667
87
20.4
87
20.4333
87
20.4667
87
20.5
87
20.5333
87
20.5667
87
20.6
87
20.6333
87
20.6667
87
20.7
87
20.7333
87
20.7667
87
20.8
87
20.8333
87
20.8667
87
20.9
87
20.9333
87
20.9667
87
21
87
21.0333
87
21.0667
87
21.1
87
21.1333
87
21.1667
87
21.2
87
21.2333
87
21.2667
87
21.3
87
21.3333
87
21.3667
87
21.4
87
21.4333
87
21.4667
87
21.5
87
21.5333
87
21.5667
87
21.6
87
21.6333
87
21.6667
87
21.7
87
21.7333
87
21.7667
87
21.8
87
21.8333
87
21.8667
87
21.9
87
21.9333
87
21.9667
87
22
87
22.0333
87
22.0667
87
22.1
87
22.1333
87
22.1667
87
22.2
87
22.2333
87
22.2667
87
22.3
87
22.3333
87
22.3667
87
22.4
87
22.4333
87
22.4667
87
22.5
87
22.5333
87
22.5667
87
22.6
87
22.6333
87
22.6667
87
22.7
87
22.7333
87
22.7667
87
22.8
87
22.8333
87
22.8667
87
22.9
87
22.9333
87
22.9667
87
23
87
23.0333
87
23.0667
87
23.1
87
23.1333
87
23.1667
87
23.2
87
23.2333
87
23.2667
87
23.3
87
23.3333
87
23.3667
87
23.4
87
23.4333
87
23.4667
87
23.5
87
23.5333
87
23.5667
87
23.6
87
23.6333
87
23.6667
87
23.7
87
23.7333
87
23.7667
87
23.8
87
23.8333
87
23.8667
87
23.9
87
23.9333
87
23.9667
87
24
87
24.0333
87
24.0667
87
24.1
87
24.1333
87
24.1667
87
24.2
88
24.2333
88
24.2667
88
24.3
88
24.3333
88
24.3667
88
24.4
88
24.4333
88
24.4667
88
24.5
88
24.5333
88
24.5667
88
24.6
88
24.6333
88
24.6667
88
24.7
88
24.7333
88
24.7667
88
24.8
88
24.8333
88
24.8667
88
24.9
88
24.9333
88
24.9667
89
25
89
25.0333
89
25.0667
89
25.1
89
25.1333
89
25.1667
89
25.2
89
25.2333
89
25.2667
89
25.3
89
25.3333
89
25.3667
89
25.4
89
25.4333
89
25.4667
89
25.5
89
25.5333
89
25.5667
89
25.6
89
25.6333
89
25.6667
89
25.7
89
25.7333
89
25.7667
89
25.8
89
25.8333
89
25.8667
89
25.9
90
25.9333
90
25.9667
90
26
90
26.0333
90
26.0667
90
26.1
90
26.1333
90
26.1667
90
26.2
90
26.2333
90
26.2667
90
26.3
90
26.3333
90
26.3667
90
26.4
90
26.4333
90
26.4667
90
26.5
90
26.5333
90
26.5667
90
26.6
90
26.6333
90
26.6667
90
26.7
90
26.7333
90
26.7667
90
26.8
90
26.8333
90
26.8667
90
26.9
90
26.9333
90
26.9667
90
27
90
27.0333
90
27.0667
90
27.1
90
27.1333
90
27.1667
90
27.2
90
27.2333
90
27.2667
90
27.3
90
27.3333
90
27.3667
90
27.4
90
27.4333
90
27.4667
90
27.5
90
27.5333
90
27.5667
90
27.6
90
27.6333
90
27.6667
90
27.7
90
27.7333
90
27.7667
90
27.8
90
27.8333
90
27.8667
90
27.9
90
27.9333
90
27.9667
90
28
90
28.0333
90
28.0667
90
28.1
90
28.1333
90
28.1667
90
28.2
90
28.2333
90
28.2667
90
28.3
90
28.3333
90
28.3667
90
28.4
90
28.4333
90
28.4667
90
28.5
90
28.5333
90
28.5667
90
28.6
90
28.6333
90
28.6667
90
28.7
90
28.7333
90
28.7667
90
28.8
90
28.8333
90
28.8667
90
28.9
90
28.9333
90
28.9667
90
29
90
29.0333
90
29.0667
90
29.1
90
29.1333
90
29.1667
90
29.2
90
29.2333
90
29.2667
90
29.3
90
29.3333
90
29.3667
90
29.4
90
29.4333
90
29.4667
90
29.5
90
29.5333
90
29.5667
90
29.6
90
29.6333
90
29.6667
90
29.7
90
29.7333
90
29.7667
90
29.8
90
29.8333
90
29.8667
90
29.9
90
29.9333
90
29.9667
90
30
90
30.0333
90
30.0667
90
30.1
90
30.1333
90
30.1667
90
30.2
90
30.2333
90
30.2667
90
30.3
90
30.3333
90
30.3667
90
30.4
90
30.4333
90
30.4667
90
30.5
90
30.5333
90
30.5667
90
30.6
90
30.6333
90
30.6667
90
30.7
90
30.7333
90
30.7667
90
30.8
90
30.8333
90
30.8667
90
30.9
90
30.9333
90
30.9667
90
31
90
31.0333
90
31.0667
90
31.1
90
31.1333
90
31.1667
90
31.2
90
31.2333
90
31.2667
90
31.3
90
31.3333
90
31.3667
90
31.4
90
31.4333
90
31.4667
90
31.5
90
31.5333
90
31.5667
90
31.6
90
31.6333
90
31.6667
90
31.7
90
31.7333
90
31.7667
90
31.8
90
31.8333
90
31.8667
90
31.9
90
31.9333
90
31.9667
90
32
90
32.0333
90
32.0667
90
32.1
90
32.1333
90
32.1667
90
32.2
90
32.2333
90
32.2667
90
32.3
90
32.3333
90
32.3667
90
32.4
90
32.4333
90
32.4667
90
32.5
90
32.5333
90
32.5667
90
32.6
90
32.6333
90
32.6667
90
32.7
90
32.7333
90
32.7667
90
32.8
90
32.8333
90
32.8667
90
32.9
90
32.9333
90
32.9667
90
33
90
33.0333
90
33.0667
90
33.1
90
33.1333
90
33.1667
90
33.2
90
33.2333
90
33.2667
90
33.3
90
33.3333
90
33.3667
90
33.4
90
33.4333
90
33.4667
90
33.5
90
33.5333
90
33.5667
90
33.6
90
33.6333
90
33.6667
90
33.7
90
33.7333
90
33.7667
90
33.8
90
33.8333
90
33.8667
90
33.9
90
33.9333
90
33.9667
90
34
90
34.0333
90
34.0667
90
34.1
90
34.1333
90
34.1667
90
34.2
90
34.2333
90
34.2667
90
34.3
90
34.3333
90
34.3667
90
34.4
90
34.4333
90
34.4667
90
34.5
90
34.5333
90
34.5667
90
34.6
90
34.6333
90
34.6667
90
34.7
90
34.7333
90
34.7667
90
34.8
90
34.8333
90
34.8667
90
34.9
90
34.9333
90
34.9667
90
35
90
35.0333
90
35.0667
90
35.1
90
35.1333
90
35.1667
90
35.2
90
35.2333
90
35.2667
90
35.3
90
35.3333
90
35.3667
90
35.4
90
35.4333
90
35.4667
90
35.5
90
35.5333
90
35.5667
90
35.6
90
35.6333
90
35.6667
90
35.7
90
35.7333
90
35.7667
90
35.8
90
35.8333
90
35.8667
90
35.9
90
35.9333
90
35.9667
90
36
90
36.0333
90
36.0667
90
36.1
90
36.1333
90
36.1667
90
36.2
90
36.2333
90
36.2667
90
36.3
90
36.3333
90
36.3667
90
36.4
90
36.4333
90
36.4667
90
36.5
90
36.5333
90
36.5667
90
36.6
90
36.6333
90
36.6667
90
36.7
90
36.7333
90
36.7667
90
36.8
90
36.8333
90
36.8667
90
36.9
90
36.9333
90
36.9667
90
37
90
37.0333
90
37.0667
90
37.1
90
37.1333
90
37.1667
90
37.2
90
37.2333
90
37.2667
90
37.3
90
37.3333
90
37.3667
90
37.4
90
37.4333
90
37.4667
90
37.5
90
37.5333
90
37.5667
90
37.6
90
37.6333
90
37.6667
90
37.7
90
37.7333
90
37.7667
90
37.8
90
37.8333
90
37.8667
90
37.9
90
37.9333
90
37.9667
90
38
90
38.0333
90
38.0667
90
38.1
90
38.1333
90
38.1667
90
38.2
90
38.2333
90
38.2667
90
38.3
90
38.3333
90
38.3667
90
38.4
90
38.4333
90
38.4667
90
38.5
90
38.5333
90
38.5667
90
38.6
90
38.6333
90
38.6667
90
38.7
90
38.7333
90
38.7667
90
38.8
90
38.8333
90
38.8667
90
38.9
90
38.9333
90
38.9667
90
39
90
39.0333
90
39.0667
90
39.1
90
39.1333
90
39.1667
90
39.2
90
39.2333
91
39.2667
91
39.3
91
39.3333
91
39.3667
91
39.4
91
39.4333
91
39.4667
91
39.5
91
39.5333
91
39.5667
91
39.6
91
39.6333
91
39.6667
91
39.7
91
39.7333
91
39.7667
91
39.8
91
39.8333
91
39.8667
91
39.9
91
39.9333
91
39.9667
91
40
91
40.0333
91
40.0667
91
40.1
91
40.1333
91
40.1667
91
40.2
91
40.2333
91
40.2667
91
40.3
91
40.3333
91
40.3667
91
40.4
91
40.4333
91
40.4667
91
40.5
91
40.5333
91
40.5667
91
40.6
91
40.6333
91
40.6667
91
40.7
91
40.7333
91
40.7667
91
40.8
91
40.8333
91
40.8667
91
40.9
91
40.9333
91
40.9667
91
41
91
41.0333
91
41.0667
91
41.1
91
41.1333
91
41.1667
91
41.2
91
41.2333
91
41.2667
91
41.3
91
41.3333
91
41.3667
91
41.4
91
41.4333
91
41.4667
91
41.5
91
41.5333
91
41.5667
91
41.6
91
41.6333
91
41.6667
91
41.7
91
41.7333
91
41.7667
91
41.8
91
41.8333
91
41.8667
91
41.9
91
41.9333
91
41.9667
91
42
91
42.0333
91
42.0667
91
42.1
91
42.1333
91
42.1667
91
42.2
91
42.2333
91
42.2667
91
42.3
91
42.3333
91
42.3667
91
42.4
91
42.4333
91
42.4667
91
42.5
91
42.5333
91
42.5667
91
42.6
91
42.6333
91
42.6667
91
42.7
91
42.7333
91
42.7667
91
42.8
91
42.8333
91
42.8667
91
42.9
91
42.9333
91
42.9667
91
43
91
43.0333
91
43.0667
91
43.1
91
43.1333
91
43.1667
91
43.2
91
43.2333
91
43.2667
91
43.3
91
43.3333
91
43.3667
92
43.4
92
43.4333
92
43.4667
92
43.5
92
43.5333
92
43.5667
92
43.6
92
43.6333
92
43.6667
92
43.7
92
43.7333
92
43.7667
92
43.8
92
43.8333
92
43.8667
92
43.9
92
43.9333
92
43.9667
92
44
92
44.0333
92
44.0667
92
44.1
92
44.1333
92
44.1667
92
44.2
92
44.2333
92
44.2667
92
44.3
92
44.3333
92
44.3667
92
44.4
92
44.4333
92
44.4667
92
44.5
92
44.5333
92
44.5667
92
44.6
92
44.6333
92
44.6667
92
44.7
92
44.7333
92
44.7667
92
44.8
92
44.8333
92
44.8667
92
44.9
92
44.9333
92
44.9667
92
45
92
45.0333
92
45.0667
92
45.1
92
45.1333
92
45.1667
92
45.2
92
45.2333
92
45.2667
92
45.3
92
45.3333
92
45.3667
92
45.4
92
45.4333
92
45.4667
92
45.5
92
45.5333
92
45.5667
92
45.6
92
45.6333
92
45.6667
92
45.7
92
45.7333
92
45.7667
92
45.8
93
45.8333
93
45.8667
93
45.9
93
45.9333
93
45.9667
93
46
93
46.0333
93
46.0667
93
46.1
93
46.1333
93
46.1667
93
46.2
93
46.2333
93
46.2667
93
46.3
93
46.3333
93
46.3667
93
46.4
93
46.4333
93
46.4667
93
46.5
93
46.5333
93
46.5667
93
46.6
93
46.6333
93
46.6667
93
46.7
93
46.7333
93
46.7667
93
46.8
93
46.8333
93
46.8667
93
46.9
93
46.9333
93
46.9667
93
47
93
47.0333
93
47.0667
93
47.1
93
47.1333
93
47.1667
93
47.2
93
47.2333
93
47.2667
93
47.3
93
47.3333
93
47.3667
93
47.4
93
47.4333
93
47.4667
93
47.5
93
47.5333
93
47.5667
93
47.6
93
47.6333
93
47.6667
93
47.7
93
47.7333
93
47.7667
93
47.8
93
47.8333
93
47.8667
93
47.9
93
47.9333
93
47.9667
93
48
93
48.0333
93
48.0667
93
48.1
93
48.1333
93
48.1667
93
48.2
93
48.2333
93
48.2667
93
48.3
93
48.3333
93
48.3667
93
48.4
93
48.4333
93
48.4667
93
48.5
93
48.5333
93
48.5667
93
48.6
93
48.6333
93
48.6667
93
48.7
93
48.7333
93
48.7667
93
48.8
93
48.8333
93
48.8667
93
48.9
93
48.9333
93
48.9667
93
49
93
49.0333
93
49.0667
93
49.1
93
49.1333
93
49.1667
93
49.2
93
49.2333
93
49.2667
93
49.3
93
49.3333
93
49.3667
93
49.4
93
49.4333
93
49.4667
93
49.5
93
49.5333
93
49.5667
93
49.6
93
49.6333
93
49.6667
93
49.7
93
49.7333
93
49.7667
93
49.8
93
49.8333
93
49.8667
93
49.9
93
49.9333
93
49.9667
93
50
93
50.0333
93
50.0667
93
50.1
93
50.1333
93
50.1667
93
50.2
93
50.2333
93
50.2667
93
50.3
93
50.3333
93
50.3667
93
50.4
93
50.4333
93
50.4667
93
50.5
93
50.5333
93
50.5667
93
50.6
93
50.6333
93
50.6667
93
50.7
93
50.7333
93
50.7667
93
50.8
93
50.8333
93
50.8667
93
50.9
93
50.9333
93
50.9667
93
51
93
51.0333
93
51.0667
93
51.1
93
51.1333
93
51.1667
93
51.2
93
51.2333
93
51.2667
93
51.3
93
51.3333
93
51.3667
93
51.4
93
51.4333
93
51.4667
93
51.5
93
51.5333
93
51.5667
93
51.6
93
51.6333
93
51.6667
93
51.7
93
51.7333
93
51.7667
93
51.8
93
51.8333
93
51.8667
93
51.9
93
51.9333
93
51.9667
93
52
93
52.0333
93
52.0667
93
52.1
93
52.1333
93
52.1667
93
52.2
94
52.2333
94
52.2667
94
52.3
94
52.3333
94
52.3667
94
52.4
94
52.4333
94
52.4667
94
52.5
94
52.5333
94
52.5667
94
52.6
94
52.6333
94
52.6667
94
52.7
94
52.7333
94
52.7667
94
52.8
94
52.8333
94
52.8667
94
52.9
94
52.9333
94
52.9667
94
53
94
53.0333
94
53.0667
94
53.1
94
53.1333
94
53.1667
94
53.2
94
53.2333
94
53.2667
94
53.3
94
53.3333
94
