0
1
0.0333333
1
0.0666667
1
0.1
1
0.133333
1
0.166667
1
0.2
1
0.233333
1
0.266667
1
0.3
1
0.333333
1
0.366667
1
0.4
1
0.433333
1
0.466667
1
0.5
1
0.533333
1
0.566667
1
0.6
1
0.633333
1
0.666667
1
0.7
1
0.733333
1
0.766667
1
0.8
1
0.833333
1
0.866667
1
0.9
1
0.933333
1
0.966667
1
1
1
1.03333
1
1.06667
1
1.1
1
1.13333
1
1.16667
1
1.2
1
1.23333
1
1.26667
1
1.3
1
1.33333
1
1.36667
1
1.4
1
1.43333
1
1.46667
1
1.5
1
1.53333
1
1.56667
1
1.6
1
1.63333
1
1.66667
1
1.7
1
1.73333
1
1.76667
1
1.8
1
1.83333
1
1.86667
1
1.9
1
1.93333
1
1.96667
1
2
1
2.03333
1
2.06667
1
2.1
1
2.13333
1
2.16667
1
2.2
1
2.23333
1
2.26667
1
2.3
1
2.33333
1
2.36667
1
2.4
1
2.43333
1
2.46667
1
2.5
1
2.53333
1
2.56667
1
2.6
1
2.63333
1
2.66667
1
2.7
1
2.73333
1
2.76667
1
2.8
1
2.83333
1
2.86667
1
2.9
1
2.93333
1
2.96667
1
3
1
3.03333
1
3.06667
1
3.1
1
3.13333
1
3.16667
1
3.2
1
3.23333
1
3.26667
1
3.3
1
3.33333
1
3.36667
1
3.4
1
3.43333
1
3.46667
1
3.5
1
3.53333
1
3.56667
1
3.6
1
3.63333
1
3.66667
1
3.7
1
3.73333
1
3.76667
1
3.8
1
3.83333
1
3.86667
1
3.9
1
3.93333
1
3.96667
1
4
1
4.03333
1
4.06667
1
4.1
1
4.13333
1
4.16667
1
4.2
1
4.23333
1
4.26667
1
4.3
1
4.33333
1
4.36667
1
4.4
1
4.43333
1
4.46667
1
4.5
1
4.53333
1
4.56667
1
4.6
1
4.63333
1
4.66667
1
4.7
1
4.73333
1
4.76667
1
4.8
1
4.83333
1
4.86667
1
4.9
1
4.93333
1
4.96667
1
5
2
5.03333
2
5.06667
2
5.1
2
5.13333
2
5.16667
3
5.2
3
5.23333
3
5.26667
4
5.3
5
5.33333
5
5.36667
5
5.4
5
5.43333
5
5.46667
5
5.5
5
5.53333
5
5.56667
5
5.6
6
5.63333
6
5.66667
6
5.7
7
5.73333
7
5.76667
7
5.8
8
5.83333
8
5.86667
8
5.9
9
5.93333
9
5.96667
9
6
10
6.03333
10
6.06667
10
6.1
10
6.13333
10
6.16667
10
6.2
11
6.23333
11
6.26667
11
6.3
11
6.33333
12
6.36667
12
6.4
12
6.43333
13
6.46667
13
6.5
13
6.53333
14
6.56667
14
6.6
14
6.63333
15
6.66667
16
6.7
16
6.73333
17
6.76667
17
6.8
17
6.83333
17
6.86667
17
6.9
17
6.93333
18
6.96667
19
7
19
7.03333
19
7.06667
19
7.1
19
7.13333
19
7.16667
19
7.2
20
7.23333
20
7.26667
23
7.3
23
7.33333
23
7.36667
23
7.4
23
7.43333
23
7.46667
23
7.5
24
7.53333
26
7.56667
26
7.6
26
7.63333
28
7.66667
30
7.7
30
7.73333
32
7.76667
32
7.8
34
7.83333
35
7.86667
35
7.9
37
7.93333
37
7.96667
38
8
39
8.03333
39
8.06667
40
8.1
41
8.13333
42
8.16667
42
8.2
43
8.23333
43
8.26667
45
8.3
47
8.33333
48
8.36667
51
8.4
52
8.43333
53
8.46667
54
8.5
55
8.53333
56
8.56667
58
8.6
58
8.63333
58
8.66667
58
8.7
58
8.73333
63
8.76667
64
8.8
66
8.83333
67
8.86667
68
8.9
68
8.93333
68
8.96667
69
9
69
9.03333
70
9.06667
72
9.1
72
9.13333
73
9.16667
75
9.2
75
9.23333
75
9.26667
75
9.3
76
9.33333
77
9.36667
77
9.4
78
9.43333
78
9.46667
79
9.5
79
9.53333
79
9.56667
80
9.6
80
9.63333
81
9.66667
84
9.7
85
9.73333
85
9.76667
89
9.8
90
9.83333
91
9.86667
92
9.9
93
9.93333
94
9.96667
94
10
94
10.0333
94
10.0667
94
10.1
95
10.1333
95
10.1667
95
10.2
95
10.2333
95
10.2667
96
10.3
96
10.3333
96
10.3667
96
10.4
98
10.4333
98
10.4667
99
10.5
100
10.5333
100
10.5667
101
10.6
102
10.6333
102
10.6667
103
10.7
103
10.7333
103
10.7667
103
10.8
103
10.8333
104
10.8667
104
10.9
104
10.9333
104
10.9667
105
11
106
11.0333
106
11.0667
106
11.1
108
11.1333
109
11.1667
109
11.2
109
11.2333
109
11.2667
109
11.3
109
11.3333
109
11.3667
110
11.4
111
11.4333
111
11.4667
113
11.5
113
11.5333
113
11.5667
113
11.6
113
11.6333
113
11.6667
113
11.7
113
11.7333
114
11.7667
114
11.8
116
11.8333
117
11.8667
118
11.9
119
11.9333
121
11.9667
121
12
122
12.0333
123
12.0667
123
12.1
125
12.1333
125
12.1667
128
12.2
129
12.2333
129
12.2667
130
12.3
131
12.3333
134
12.3667
137
12.4
137
12.4333
139
12.4667
140
12.5
141
12.5333
141
12.5667
141
12.6
142
12.6333
142
12.6667
142
12.7
142
12.7333
142
12.7667
144
12.8
144
12.8333
145
12.8667
145
12.9
147
12.9333
147
12.9667
148
13
148
13.0333
148
13.0667
150
13.1
151
13.1333
151
13.1667
151
13.2
152
13.2333
152
13.2667
154
13.3
154
13.3333
154
13.3667
154
13.4
154
13.4333
154
13.4667
155
13.5
155
13.5333
155
13.5667
159
13.6
159
13.6333
162
13.6667
162
13.7
162
13.7333
162
13.7667
162
13.8
162
13.8333
163
13.8667
163
13.9
163
13.9333
164
13.9667
164
14
164
14.0333
165
14.0667
165
14.1
165
14.1333
165
14.1667
165
14.2
165
14.2333
165
14.2667
165
14.3
165
14.3333
165
14.3667
165
14.4
165
14.4333
165
14.4667
165
14.5
165
14.5333
165
14.5667
165
14.6
165
14.6333
166
14.6667
167
14.7
168
14.7333
168
14.7667
168
14.8
168
14.8333
168
14.8667
169
14.9
169
14.9333
170
14.9667
170
15
171
15.0333
171
15.0667
172
15.1
172
15.1333
172
15.1667
172
15.2
173
15.2333
174
15.2667
174
15.3
174
15.3333
174
15.3667
175
15.4
175
15.4333
175
15.4667
175
15.5
175
15.5333
175
15.5667
175
15.6
175
15.6333
175
15.6667
175
15.7
175
15.7333
176
15.7667
176
15.8
177
15.8333
178
15.8667
178
15.9
178
15.9333
178
15.9667
179
16
180
16.0333
181
16.0667
181
16.1
181
16.1333
181
16.1667
183
16.2
184
16.2333
184
16.2667
184
16.3
184
16.3333
184
16.3667
184
16.4
184
16.4333
184
16.4667
184
16.5
184
16.5333
185
16.5667
185
16.6
185
16.6333
185
16.6667
185
16.7
185
16.7333
187
16.7667
187
16.8
187
16.8333
187
16.8667
187
16.9
187
16.9333
187
16.9667
187
17
187
17.0333
187
17.0667
187
17.1
187
17.1333
187
17.1667
187
17.2
187
17.2333
187
17.2667
187
17.3
187
17.3333
189
17.3667
189
17.4
191
17.4333
191
17.4667
191
17.5
191
17.5333
191
17.5667
191
17.6
193
17.6333
193
17.6667
194
17.7
194
17.7333
195
17.7667
195
17.8
196
17.8333
196
17.8667
196
17.9
196
17.9333
196
17.9667
197
18
197
18.0333
197
18.0667
197
18.1
198
18.1333
198
18.1667
198
18.2
198
18.2333
200
18.2667
201
18.3
203
18.3333
203
18.3667
204
18.4
204
18.4333
205
18.4667
205
18.5
206
18.5333
206
18.5667
207
18.6
207
18.6333
207
18.6667
207
18.7
207
18.7333
207
18.7667
207
18.8
207
18.8333
208
18.8667
208
18.9
209
18.9333
209
18.9667
209
19
210
19.0333
210
19.0667
210
19.1
210
19.1333
210
19.1667
210
19.2
210
19.2333
210
19.2667
210
19.3
211
19.3333
211
19.3667
211
19.4
212
19.4333
212
19.4667
213
19.5
213
19.5333
213
19.5667
213
19.6
213
19.6333
213
19.6667
214
19.7
215
19.7333
215
19.7667
215
19.8
215
19.8333
215
19.8667
215
19.9
215
19.9333
215
19.9667
215
20
215
20.0333
215
20.0667
215
20.1
215
20.1333
215
20.1667
215
20.2
216
20.2333
216
20.2667
216
20.3
216
20.3333
217
20.3667
217
20.4
217
20.4333
218
20.4667
218
20.5
218
20.5333
218
20.5667
218
20.6
218
20.6333
218
20.6667
218
20.7
218
20.7333
218
20.7667
218
20.8
218
20.8333
218
20.8667
218
20.9
218
20.9333
219
20.9667
219
21
219
21.0333
219
21.0667
219
21.1
219
21.1333
219
21.1667
219
21.2
219
21.2333
219
21.2667
219
21.3
219
21.3333
219
21.3667
219
21.4
219
21.4333
219
21.4667
219
21.5
219
21.5333
219
21.5667
219
21.6
219
21.6333
219
21.6667
219
21.7
219
21.7333
219
21.7667
219
21.8
219
21.8333
219
21.8667
219
21.9
219
21.9333
219
21.9667
219
22
219
22.0333
219
22.0667
219
22.1
219
22.1333
219
22.1667
219
22.2
219
22.2333
219
22.2667
219
22.3
219
22.3333
219
22.3667
219
22.4
219
22.4333
219
22.4667
219
22.5
219
22.5333
220
22.5667
220
22.6
221
22.6333
221
22.6667
221
22.7
221
22.7333
221
22.7667
221
22.8
221
22.8333
222
22.8667
222
22.9
222
22.9333
222
22.9667
222
23
222
23.0333
222
23.0667
222
23.1
222
23.1333
223
23.1667
223
23.2
223
23.2333
224
23.2667
224
23.3
224
23.3333
224
23.3667
224
23.4
224
23.4333
224
23.4667
224
23.5
224
23.5333
224
23.5667
224
23.6
224
23.6333
224
23.6667
224
23.7
224
23.7333
224
23.7667
224
23.8
224
23.8333
224
23.8667
224
23.9
224
23.9333
224
23.9667
224
24
224
24.0333
224
24.0667
224
24.1
224
24.1333
224
24.1667
224
24.2
224
24.2333
224
24.2667
225
24.3
225
24.3333
225
24.3667
225
24.4
225
24.4333
226
24.4667
226
24.5
226
24.5333
226
24.5667
226
24.6
226
24.6333
226
24.6667
226
24.7
226
24.7333
226
24.7667
226
24.8
226
24.8333
226
24.8667
226
24.9
226
24.9333
226
24.9667
226
25
226
25.0333
226
25.0667
226
25.1
226
25.1333
226
25.1667
226
25.2
226
25.2333
226
25.2667
226
25.3
226
25.3333
226
25.3667
226
25.4
226
25.4333
226
25.4667
226
25.5
226
25.5333
226
25.5667
226
25.6
226
25.6333
226
25.6667
226
25.7
226
25.7333
226
25.7667
226
25.8
226
25.8333
226
25.8667
227
25.9
228
25.9333
229
25.9667
230
26
230
26.0333
230
26.0667
230
26.1
230
26.1333
230
26.1667
230
26.2
230
26.2333
230
26.2667
230
26.3
230
26.3333
230
26.3667
230
26.4
230
26.4333
230
26.4667
230
26.5
230
26.5333
230
26.5667
230
26.6
230
26.6333
231
26.6667
232
26.7
233
26.7333
233
26.7667
233
26.8
234
26.8333
234
26.8667
234
26.9
234
26.9333
236
26.9667
236
27
236
27.0333
236
27.0667
237
27.1
237
27.1333
237
27.1667
237
27.2
237
27.2333
237
27.2667
237
27.3
237
27.3333
237
27.3667
237
27.4
237
27.4333
237
27.4667
237
27.5
237
27.5333
237
27.5667
237
27.6
237
27.6333
237
27.6667
237
27.7
237
27.7333
237
27.7667
237
27.8
237
27.8333
237
27.8667
237
27.9
237
27.9333
237
27.9667
237
28
237
28.0333
237
28.0667
237
28.1
238
28.1333
238
28.1667
238
28.2
238
28.2333
238
28.2667
238
28.3
238
28.3333
238
28.3667
238
28.4
238
28.4333
238
28.4667
238
28.5
238
28.5333
238
28.5667
238
28.6
238
28.6333
238
28.6667
238
28.7
238
28.7333
238
28.7667
238
28.8
238
28.8333
238
28.8667
238
28.9
238
28.9333
238
28.9667
238
29
238
29.0333
238
29.0667
238
29.1
238
29.1333
238
29.1667
238
29.2
238
29.2333
238
29.2667
238
29.3
238
29.3333
238
29.3667
238
29.4
238
29.4333
238
29.4667
238
29.5
238
29.5333
238
29.5667
238
29.6
238
29.6333
238
29.6667
238
29.7
238
29.7333
238
29.7667
238
29.8
238
29.8333
238
29.8667
238
29.9
239
29.9333
239
29.9667
239
30
239
30.0333
239
30.0667
239
30.1
239
30.1333
239
30.1667
239
30.2
239
30.2333
239
30.2667
239
30.3
240
30.3333
240
30.3667
240
30.4
240
30.4333
240
30.4667
240
30.5
240
30.5333
240
30.5667
240
30.6
240
30.6333
240
30.6667
240
30.7
240
30.7333
240
30.7667
240
30.8
240
30.8333
240
30.8667
240
30.9
240
30.9333
240
30.9667
240
31
240
31.0333
240
31.0667
240
31.1
240
31.1333
240
31.1667
240
31.2
240
31.2333
240
31.2667
240
31.3
240
31.3333
240
31.3667
240
31.4
240
31.4333
240
31.4667
240
31.5
240
31.5333
240
31.5667
240
31.6
240
31.6333
240
31.6667
240
31.7
240
31.7333
240
31.7667
240
31.8
240
31.8333
241
31.8667
241
31.9
241
31.9333
241
31.9667
241
32
241
32.0333
241
32.0667
241
32.1
241
32.1333
241
32.1667
241
32.2
241
32.2333
241
32.2667
241
32.3
241
32.3333
241
32.3667
241
32.4
241
32.4333
241
32.4667
241
32.5
241
32.5333
241
32.5667
241
32.6
241
32.6333
241
32.6667
241
32.7
241
32.7333
241
32.7667
241
32.8
242
32.8333
242
32.8667
242
32.9
242
32.9333
243
32.9667
243
33
243
33.0333
243
33.0667
243
33.1
243
33.1333
243
33.1667
243
33.2
243
33.2333
243
33.2667
243
33.3
243
33.3333
243
33.3667
244
33.4
244
33.4333
244
33.4667
244
33.5
244
33.5333
244
33.5667
245
33.6
245
33.6333
245
33.6667
245
33.7
245
33.7333
245
33.7667
245
33.8
245
33.8333
245
33.8667
245
33.9
245
33.9333
245
33.9667
245
34
245
34.0333
245
34.0667
245
34.1
245
34.1333
245
34.1667
245
34.2
245
34.2333
246
34.2667
246
34.3
246
34.3333
247
34.3667
247
34.4
247
34.4333
247
34.4667
247
34.5
247
34.5333
247
34.5667
247
34.6
247
34.6333
247
34.6667
247
34.7
247
34.7333
247
34.7667
247
34.8
247
34.8333
247
34.8667
247
34.9
247
34.9333
247
34.9667
247
35
247
35.0333
247
35.0667
247
35.1
247
35.1333
247
35.1667
247
35.2
247
35.2333
247
35.2667
247
35.3
247
35.3333
247
35.3667
248
35.4
248
35.4333
248
35.4667
248
35.5
249
35.5333
249
35.5667
249
35.6
249
35.6333
249
35.6667
249
35.7
249
35.7333
249
35.7667
249
35.8
249
35.8333
249
35.8667
249
35.9
249
35.9333
249
35.9667
249
36
249
36.0333
249
36.0667
249
36.1
249
36.1333
249
36.1667
249
36.2
249
36.2333
249
36.2667
249
36.3
249
36.3333
249
36.3667
249
36.4
249
36.4333
250
36.4667
250
36.5
250
36.5333
250
36.5667
250
36.6
250
36.6333
250
36.6667
250
36.7
250
36.7333
250
36.7667
250
36.8
250
36.8333
250
36.8667
250
36.9
250
36.9333
250
36.9667
250
37
250
37.0333
251
37.0667
251
37.1
251
37.1333
251
37.1667
251
37.2
251
37.2333
251
37.2667
251
37.3
251
37.3333
251
37.3667
252
37.4
252
37.4333
252
37.4667
252
37.5
252
37.5333
252
37.5667
252
37.6
252
37.6333
252
37.6667
252
37.7
252
37.7333
252
37.7667
252
37.8
252
37.8333
252
37.8667
252
37.9
252
37.9333
252
37.9667
252
38
252
38.0333
252
38.0667
252
38.1
252
38.1333
252
38.1667
252
38.2
252
38.2333
252
38.2667
252
38.3
252
38.3333
252
38.3667
252
38.4
252
38.4333
252
38.4667
252
38.5
252
38.5333
252
38.5667
252
38.6
252
38.6333
252
38.6667
252
38.7
252
38.7333
252
38.7667
252
38.8
252
38.8333
252
38.8667
252
38.9
252
38.9333
252
38.9667
252
39
252
39.0333
252
39.0667
252
39.1
252
39.1333
252
39.1667
252
39.2
252
39.2333
252
39.2667
252
39.3
252
39.3333
252
39.3667
252
39.4
252
39.4333
253
39.4667
253
39.5
253
39.5333
253
39.5667
253
39.6
254
39.6333
254
39.6667
254
39.7
254
39.7333
254
39.7667
254
39.8
254
39.8333
254
39.8667
254
39.9
254
39.9333
254
39.9667
254
40
254
40.0333
254
40.0667
254
40.1
254
40.1333
254
40.1667
254
40.2
254
40.2333
254
40.2667
254
40.3
254
40.3333
254
40.3667
254
40.4
254
40.4333
254
40.4667
254
40.5
254
40.5333
254
40.5667
254
40.6
254
40.6333
254
40.6667
254
40.7
254
40.7333
254
40.7667
254
40.8
254
40.8333
254
40.8667
254
40.9
254
40.9333
254
40.9667
254
41
254
41.0333
254
41.0667
254
41.1
254
41.1333
254
41.1667
254
41.2
254
41.2333
254
41.2667
254
41.3
254
41.3333
254
41.3667
254
41.4
254
41.4333
254
41.4667
254
41.5
254
41.5333
254
41.5667
254
41.6
254
41.6333
254
41.6667
254
41.7
254
41.7333
254
41.7667
254
41.8
254
41.8333
254
41.8667
254
41.9
254
41.9333
254
41.9667
254
42
254
42.0333
254
42.0667
254
42.1
254
42.1333
255
42.1667
255
42.2
255
42.2333
255
42.2667
255
42.3
255
42.3333
255
42.3667
255
42.4
255
42.4333
255
42.4667
255
42.5
255
42.5333
255
42.5667
255
42.6
255
42.6333
255
42.6667
255
42.7
255
42.7333
255
42.7667
255
42.8
255
42.8333
255
42.8667
255
42.9
255
42.9333
255
42.9667
255
43
255
43.0333
255
43.0667
255
43.1
255
43.1333
255
43.1667
255
43.2
255
43.2333
255
43.2667
255
43.3
255
43.3333
255
43.3667
255
43.4
255
43.4333
255
43.4667
255
43.5
255
43.5333
255
43.5667
255
43.6
255
43.6333
255
43.6667
255
43.7
255
43.7333
255
43.7667
255
43.8
255
43.8333
255
43.8667
255
43.9
255
43.9333
255
43.9667
255
44
255
44.0333
255
44.0667
255
44.1
255
44.1333
255
44.1667
255
44.2
255
44.2333
255
44.2667
255
44.3
255
44.3333
255
44.3667
255
44.4
255
44.4333
255
44.4667
255
44.5
255
44.5333
255
44.5667
255
44.6
255
44.6333
255
44.6667
255
44.7
255
44.7333
255
44.7667
255
44.8
255
44.8333
255
44.8667
255
44.9
255
44.9333
255
44.9667
255
45
255
45.0333
255
45.0667
255
45.1
255
45.1333
255
45.1667
255
45.2
255
45.2333
255
45.2667
255
45.3
255
45.3333
255
45.3667
255
45.4
255
45.4333
255
45.4667
255
45.5
255
45.5333
255
45.5667
255
45.6
255
45.6333
256
45.6667
256
45.7
256
45.7333
256
45.7667
256
45.8
256
45.8333
256
45.8667
256
45.9
256
45.9333
256
45.9667
256
46
256
46.0333
256
46.0667
256
46.1
256
46.1333
256
46.1667
256
46.2
256
46.2333
256
46.2667
256
46.3
256
46.3333
256
46.3667
256
46.4
256
46.4333
256
46.4667
256
46.5
256
46.5333
256
46.5667
256
46.6
256
46.6333
256
46.6667
256
46.7
256
46.7333
256
46.7667
256
46.8
256
46.8333
256
46.8667
256
46.9
256
46.9333
256
46.9667
256
47
256
47.0333
256
47.0667
256
47.1
256
47.1333
256
47.1667
256
47.2
256
47.2333
256
47.2667
256
47.3
256
47.3333
256
47.3667
256
47.4
256
47.4333
256
47.4667
256
47.5
256
47.5333
256
47.5667
256
47.6
256
47.6333
256
47.6667
256
47.7
256
47.7333
256
47.7667
256
47.8
256
47.8333
256
47.8667
256
47.9
256
47.9333
257
47.9667
257
48
257
48.0333
257
48.0667
257
48.1
257
48.1333
257
48.1667
257
48.2
257
48.2333
257
48.2667
257
48.3
257
48.3333
257
48.3667
257
48.4
257
48.4333
257
48.4667
257
48.5
257
48.5333
257
48.5667
257
48.6
257
48.6333
257
48.6667
257
48.7
257
48.7333
257
48.7667
257
48.8
257
48.8333
257
48.8667
257
48.9
257
48.9333
257
48.9667
257
49
257
49.0333
257
49.0667
258
49.1
258
49.1333
258
49.1667
258
49.2
258
49.2333
258
49.2667
258
49.3
258
49.3333
258
49.3667
258
49.4
258
49.4333
258
49.4667
258
49.5
258
49.5333
258
49.5667
258
49.6
258
49.6333
258
49.6667
258
49.7
258
49.7333
258
49.7667
258
49.8
258
49.8333
258
49.8667
258
49.9
258
49.9333
258
49.9667
258
50
258
50.0333
258
50.0667
258
50.1
258
50.1333
258
50.1667
258
50.2
258
50.2333
258
50.2667
258
50.3
258
50.3333
258
50.3667
258
50.4
258
50.4333
258
50.4667
258
50.5
258
50.5333
258
50.5667
258
50.6
258
50.6333
258
50.6667
258
50.7
258
50.7333
259
50.7667
259
50.8
259
50.8333
259
50.8667
259
50.9
259
50.9333
259
50.9667
259
51
259
51.0333
259
51.0667
259
51.1
259
51.1333
259
51.1667
259
51.2
259
51.2333
259
51.2667
259
51.3
259
51.3333
259
51.3667
259
51.4
259
51.4333
259
51.4667
259
51.5
259
51.5333
259
51.5667
259
51.6
259
51.6333
259
51.6667
259
51.7
259
51.7333
259
51.7667
259
51.8
259
51.8333
259
51.8667
259
51.9
259
51.9333
259
51.9667
259
52
259
52.0333
259
52.0667
259
52.1
259
52.1333
259
52.1667
259
52.2
259
52.2333
259
52.2667
259
52.3
259
52.3333
259
52.3667
259
52.4
259
52.4333
259
52.4667
260
52.5
260
52.5333
260
52.5667
260
52.6
260
52.6333
260
52.6667
260
52.7
260
52.7333
260
52.7667
260
52.8
260
52.8333
260
52.8667
260
52.9
260
52.9333
260
52.9667
260
53
260
53.0333
260
53.0667
260
53.1
260
53.1333
260
53.1667
260
53.2
260
53.2333
260
53.2667
260
53.3
260
53.3333
260
