0
1
0.0333333
1
0.0666667
1
0.1
1
0.133333
1
0.166667
1
0.2
1
0.233333
1
0.266667
1
0.3
1
0.333333
1
0.366667
1
0.4
1
0.433333
1
0.466667
1
0.5
1
0.533333
1
0.566667
1
0.6
1
0.633333
1
0.666667
1
0.7
1
0.733333
1
0.766667
1
0.8
1
0.833333
1
0.866667
1
0.9
1
0.933333
1
0.966667
1
1
1
1.03333
1
1.06667
1
1.1
1
1.13333
1
1.16667
1
1.2
1
1.23333
1
1.26667
1
1.3
1
1.33333
1
1.36667
1
1.4
1
1.43333
1
1.46667
1
1.5
1
1.53333
1
1.56667
1
1.6
1
1.63333
1
1.66667
1
1.7
1
1.73333
1
1.76667
1
1.8
1
1.83333
1
1.86667
1
1.9
1
1.93333
1
1.96667
1
2
1
2.03333
1
2.06667
1
2.1
1
2.13333
1
2.16667
1
2.2
1
2.23333
1
2.26667
1
2.3
1
2.33333
1
2.36667
1
2.4
1
2.43333
1
2.46667
1
2.5
1
2.53333
1
2.56667
1
2.6
1
2.63333
1
2.66667
1
2.7
1
2.73333
1
2.76667
1
2.8
1
2.83333
1
2.86667
1
2.9
1
2.93333
1
2.96667
1
3
1
3.03333
1
3.06667
1
3.1
1
3.13333
1
3.16667
1
3.2
1
3.23333
1
3.26667
1
3.3
1
3.33333
1
3.36667
1
3.4
1
3.43333
1
3.46667
1
3.5
1
3.53333
1
3.56667
1
3.6
1
3.63333
1
3.66667
1
3.7
1
3.73333
1
3.76667
1
3.8
1
3.83333
1
3.86667
1
3.9
1
3.93333
1
3.96667
1
4
1
4.03333
1
4.06667
1
4.1
1
4.13333
1
4.16667
1
4.2
1
4.23333
1
4.26667
1
4.3
1
4.33333
1
4.36667
1
4.4
1
4.43333
1
4.46667
1
4.5
1
4.53333
1
4.56667
1
4.6
1
4.63333
1
4.66667
1
4.7
1
4.73333
1
4.76667
1
4.8
1
4.83333
1
4.86667
2
4.9
2
4.93333
2
4.96667
2
5
2
5.03333
2
5.06667
2
5.1
2
5.13333
2
5.16667
2
5.2
2
5.23333
2
5.26667
2
5.3
3
5.33333
3
5.36667
3
5.4
3
5.43333
3
5.46667
3
5.5
3
5.53333
3
5.56667
3
5.6
3
5.63333
3
5.66667
3
5.7
3
5.73333
3
5.76667
3
5.8
3
5.83333
3
5.86667
4
5.9
6
5.93333
6
5.96667
6
6
6
6.03333
6
6.06667
6
6.1
6
6.13333
6
6.16667
6
6.2
6
6.23333
7
6.26667
7
6.3
7
6.33333
7
6.36667
7
6.4
8
6.43333
12
6.46667
14
6.5
14
6.53333
14
6.56667
15
6.6
15
6.63333
16
6.66667
16
6.7
17
6.73333
19
6.76667
20
6.8
20
6.83333
20
6.86667
20
6.9
20
6.93333
20
6.96667
21
7
21
7.03333
22
7.06667
22
7.1
24
7.13333
27
7.16667
28
7.2
28
7.23333
28
7.26667
28
7.3
28
7.33333
30
7.36667
30
7.4
30
7.43333
30
7.46667
30
7.5
31
7.53333
32
7.56667
32
7.6
32
7.63333
32
7.66667
33
7.7
36
7.73333
36
7.76667
36
7.8
39
7.83333
41
7.86667
42
7.9
44
7.93333
45
7.96667
50
8
50
8.03333
52
8.06667
54
8.1
55
8.13333
57
8.16667
57
8.2
57
8.23333
59
8.26667
59
8.3
60
8.33333
60
8.36667
61
8.4
62
8.43333
63
8.46667
63
8.5
63
8.53333
66
8.56667
67
8.6
68
8.63333
68
8.66667
68
8.7
69
8.73333
72
8.76667
73
8.8
73
8.83333
75
8.86667
76
8.9
76
8.93333
76
8.96667
79
9
81
9.03333
82
9.06667
82
9.1
82
9.13333
85
9.16667
85
9.2
86
9.23333
86
9.26667
86
9.3
86
9.33333
87
9.36667
89
9.4
89
9.43333
90
9.46667
93
9.5
94
9.53333
95
9.56667
95
9.6
96
9.63333
96
9.66667
97
9.7
98
9.73333
100
9.76667
102
9.8
104
9.83333
106
9.86667
106
9.9
106
9.93333
106
9.96667
107
10
108
10.0333
109
10.0667
109
10.1
109
10.1333
109
10.1667
109
10.2
110
10.2333
110
10.2667
112
10.3
112
10.3333
113
10.3667
114
10.4
114
10.4333
117
10.4667
118
10.5
118
10.5333
119
10.5667
119
10.6
119
10.6333
120
10.6667
120
10.7
122
10.7333
122
10.7667
123
10.8
123
10.8333
124
10.8667
126
10.9
127
10.9333
127
10.9667
127
11
127
11.0333
128
11.0667
128
11.1
128
11.1333
129
11.1667
129
11.2
129
11.2333
129
11.2667
129
11.3
130
11.3333
130
11.3667
130
11.4
130
11.4333
131
11.4667
131
11.5
131
11.5333
131
11.5667
131
11.6
132
11.6333
132
11.6667
132
11.7
132
11.7333
134
11.7667
134
11.8
134
11.8333
134
11.8667
135
11.9
135
11.9333
135
11.9667
135
12
135
12.0333
135
12.0667
136
12.1
136
12.1333
138
12.1667
138
12.2
138
12.2333
138
12.2667
140
12.3
140
12.3333
142
12.3667
142
12.4
142
12.4333
142
12.4667
142
12.5
142
12.5333
142
12.5667
142
12.6
142
12.6333
142
12.6667
142
12.7
143
12.7333
143
12.7667
143
12.8
144
12.8333
144
12.8667
144
12.9
144
12.9333
144
12.9667
145
13
145
13.0333
146
13.0667
147
13.1
147
13.1333
147
13.1667
147
13.2
149
13.2333
150
13.2667
150
13.3
151
13.3333
152
13.3667
155
13.4
155
13.4333
155
13.4667
157
13.5
157
13.5333
158
13.5667
159
13.6
160
13.6333
160
13.6667
160
13.7
160
13.7333
162
13.7667
162
13.8
162
13.8333
163
13.8667
164
13.9
166
13.9333
167
13.9667
169
14
171
14.0333
171
14.0667
171
14.1
171
14.1333
171
14.1667
171
14.2
171
14.2333
173
14.2667
173
14.3
173
14.3333
173
14.3667
173
14.4
173
14.4333
173
14.4667
173
14.5
173
14.5333
175
14.5667
176
14.6
178
14.6333
178
14.6667
178
14.7
178
14.7333
178
14.7667
178
14.8
178
14.8333
178
14.8667
179
14.9
179
14.9333
179
14.9667
179
15
179
15.0333
179
15.0667
179
15.1
179
15.1333
179
15.1667
180
15.2
180
15.2333
180
15.2667
180
15.3
180
15.3333
180
15.3667
180
15.4
180
15.4333
180
15.4667
180
15.5
180
15.5333
180
15.5667
180
15.6
180
15.6333
180
15.6667
181
15.7
181
15.7333
181
15.7667
181
15.8
181
15.8333
181
15.8667
181
15.9
181
15.9333
181
15.9667
182
16
182
16.0333
182
16.0667
182
16.1
183
16.1333
183
16.1667
183
16.2
183
16.2333
184
16.2667
184
16.3
184
16.3333
184
16.3667
184
16.4
184
16.4333
184
16.4667
187
16.5
188
16.5333
188
16.5667
189
16.6
190
16.6333
190
16.6667
190
16.7
191
16.7333
192
16.7667
192
16.8
193
16.8333
194
16.8667
194
16.9
194
16.9333
194
16.9667
195
17
197
17.0333
197
17.0667
197
17.1
197
17.1333
197
17.1667
198
17.2
199
17.2333
201
17.2667
201
17.3
201
17.3333
201
17.3667
201
17.4
201
17.4333
201
17.4667
201
17.5
201
17.5333
201
17.5667
201
17.6
201
17.6333
201
17.6667
201
17.7
201
17.7333
201
17.7667
202
17.8
202
17.8333
202
17.8667
202
17.9
202
17.9333
202
17.9667
202
18
202
18.0333
202
18.0667
202
18.1
202
18.1333
202
18.1667
205
18.2
207
18.2333
207
18.2667
207
18.3
208
18.3333
209
18.3667
209
18.4
209
18.4333
209
18.4667
209
18.5
209
18.5333
210
18.5667
210
18.6
211
18.6333
212
18.6667
213
18.7
214
18.7333
214
18.7667
215
18.8
216
18.8333
217
18.8667
217
18.9
217
18.9333
217
18.9667
217
19
218
19.0333
218
19.0667
219
19.1
219
19.1333
220
19.1667
220
19.2
220
19.2333
221
19.2667
222
19.3
223
19.3333
224
19.3667
224
19.4
224
19.4333
224
19.4667
225
19.5
225
19.5333
226
19.5667
226
19.6
227
19.6333
228
19.6667
228
19.7
229
19.7333
229
19.7667
229
19.8
229
19.8333
229
19.8667
229
19.9
229
19.9333
229
19.9667
229
20
229
20.0333
229
20.0667
229
20.1
229
20.1333
229
20.1667
229
20.2
229
20.2333
229
20.2667
229
20.3
229
20.3333
229
20.3667
230
20.4
230
20.4333
230
20.4667
231
20.5
233
20.5333
233
20.5667
233
20.6
233
20.6333
234
20.6667
234
20.7
234
20.7333
234
20.7667
235
20.8
236
20.8333
236
20.8667
236
20.9
236
20.9333
236
20.9667
236
21
236
21.0333
237
21.0667
237
21.1
237
21.1333
238
21.1667
239
21.2
240
21.2333
241
21.2667
241
21.3
242
21.3333
243
21.3667
244
21.4
244
21.4333
245
21.4667
247
21.5
248
21.5333
248
21.5667
248
21.6
248
21.6333
248
21.6667
248
21.7
248
21.7333
248
21.7667
248
21.8
248
21.8333
248
21.8667
249
21.9
250
21.9333
250
21.9667
251
22
251
22.0333
251
22.0667
251
22.1
251
22.1333
251
22.1667
252
22.2
252
22.2333
252
22.2667
252
22.3
252
22.3333
252
22.3667
252
22.4
252
22.4333
253
22.4667
254
22.5
255
22.5333
255
22.5667
255
22.6
255
22.6333
256
22.6667
257
22.7
257
22.7333
257
22.7667
257
22.8
259
22.8333
259
22.8667
260
22.9
260
22.9333
261
22.9667
261
23
261
23.0333
262
23.0667
262
23.1
262
23.1333
262
23.1667
262
23.2
262
23.2333
262
23.2667
262
23.3
262
23.3333
262
23.3667
262
23.4
262
23.4333
262
23.4667
262
23.5
262
23.5333
262
23.5667
262
23.6
262
23.6333
263
23.6667
263
23.7
263
23.7333
263
23.7667
263
23.8
263
23.8333
263
23.8667
263
23.9
263
23.9333
263
23.9667
263
24
263
24.0333
264
24.0667
265
24.1
265
24.1333
265
24.1667
265
24.2
265
24.2333
265
24.2667
265
24.3
265
24.3333
265
24.3667
265
24.4
265
24.4333
265
24.4667
265
24.5
265
24.5333
266
24.5667
266
24.6
266
24.6333
266
24.6667
266
24.7
266
24.7333
266
24.7667
266
24.8
266
24.8333
266
24.8667
266
24.9
266
24.9333
266
24.9667
266
25
266
25.0333
266
25.0667
266
25.1
266
25.1333
267
25.1667
267
25.2
267
25.2333
267
25.2667
267
25.3
267
25.3333
267
25.3667
267
25.4
267
25.4333
267
25.4667
267
25.5
267
25.5333
267
25.5667
267
25.6
267
25.6333
267
25.6667
268
25.7
268
25.7333
268
25.7667
268
25.8
268
25.8333
268
25.8667
268
25.9
268
25.9333
268
25.9667
268
26
268
26.0333
268
26.0667
268
26.1
268
26.1333
269
26.1667
270
26.2
270
26.2333
270
26.2667
270
26.3
271
26.3333
271
26.3667
271
26.4
271
26.4333
271
26.4667
271
26.5
271
26.5333
271
26.5667
271
26.6
271
26.6333
271
26.6667
271
26.7
271
26.7333
271
26.7667
271
26.8
271
26.8333
271
26.8667
271
26.9
271
26.9333
271
26.9667
271
27
271
27.0333
271
27.0667
271
27.1
271
27.1333
271
27.1667
271
27.2
272
27.2333
272
27.2667
272
27.3
272
27.3333
273
27.3667
273
27.4
273
27.4333
273
27.4667
273
27.5
273
27.5333
273
27.5667
273
27.6
273
27.6333
273
27.6667
273
27.7
273
27.7333
273
27.7667
274
27.8
274
27.8333
274
27.8667
274
27.9
275
27.9333
275
27.9667
275
28
276
28.0333
277
28.0667
278
28.1
278
28.1333
278
28.1667
278
28.2
278
28.2333
278
28.2667
278
28.3
278
28.3333
279
28.3667
280
28.4
280
28.4333
280
28.4667
280
28.5
281
28.5333
281
28.5667
281
28.6
282
28.6333
282
28.6667
282
28.7
283
28.7333
283
28.7667
284
28.8
284
28.8333
284
28.8667
284
28.9
284
28.9333
284
28.9667
285
29
285
29.0333
285
29.0667
286
29.1
286
29.1333
287
29.1667
287
29.2
287
29.2333
288
29.2667
288
29.3
288
29.3333
288
29.3667
288
29.4
288
29.4333
288
29.4667
288
29.5
289
29.5333
289
29.5667
289
29.6
291
29.6333
291
29.6667
292
29.7
292
29.7333
292
29.7667
293
29.8
293
29.8333
293
29.8667
293
29.9
293
29.9333
294
29.9667
294
30
294
30.0333
294
30.0667
294
30.1
295
30.1333
295
30.1667
295
30.2
295
30.2333
295
30.2667
295
30.3
295
30.3333
295
30.3667
296
30.4
296
30.4333
296
30.4667
296
30.5
296
30.5333
296
30.5667
297
30.6
298
30.6333
298
30.6667
298
30.7
298
30.7333
298
30.7667
298
30.8
298
30.8333
298
30.8667
298
30.9
298
30.9333
298
30.9667
298
31
298
31.0333
298
31.0667
298
31.1
298
31.1333
298
31.1667
298
31.2
298
31.2333
298
31.2667
298
31.3
298
31.3333
298
31.3667
298
31.4
298
31.4333
298
31.4667
298
31.5
299
31.5333
299
31.5667
299
31.6
299
31.6333
299
31.6667
299
31.7
299
31.7333
301
31.7667
301
31.8
301
31.8333
301
31.8667
301
31.9
301
31.9333
302
31.9667
302
32
302
32.0333
302
32.0667
303
32.1
303
32.1333
303
32.1667
303
32.2
303
32.2333
303
32.2667
303
32.3
303
32.3333
303
32.3667
303
32.4
303
32.4333
303
32.4667
303
32.5
303
32.5333
303
32.5667
303
32.6
303
32.6333
303
32.6667
303
32.7
303
32.7333
303
32.7667
303
32.8
303
32.8333
304
32.8667
304
32.9
304
32.9333
304
32.9667
304
33
304
33.0333
304
33.0667
304
33.1
304
33.1333
304
33.1667
304
33.2
304
33.2333
304
33.2667
304
33.3
304
33.3333
304
33.3667
304
33.4
304
33.4333
304
33.4667
305
33.5
305
33.5333
305
33.5667
305
33.6
305
33.6333
305
33.6667
305
33.7
305
33.7333
305
33.7667
305
33.8
306
33.8333
306
33.8667
306
33.9
306
33.9333
306
33.9667
306
34
306
34.0333
306
34.0667
306
34.1
306
34.1333
306
34.1667
306
34.2
307
34.2333
307
34.2667
307
34.3
307
34.3333
307
34.3667
307
34.4
307
34.4333
307
34.4667
307
34.5
307
34.5333
307
34.5667
307
34.6
307
34.6333
307
34.6667
307
34.7
307
34.7333
307
34.7667
307
34.8
307
34.8333
308
34.8667
308
34.9
308
34.9333
308
34.9667
308
35
309
35.0333
309
35.0667
309
35.1
309
35.1333
309
35.1667
309
35.2
309
35.2333
309
35.2667
309
35.3
309
35.3333
309
35.3667
309
35.4
309
35.4333
309
35.4667
310
35.5
310
35.5333
310
35.5667
310
35.6
310
35.6333
310
35.6667
310
35.7
310
35.7333
310
35.7667
310
35.8
310
35.8333
310
35.8667
310
35.9
311
35.9333
311
35.9667
311
36
311
36.0333
311
36.0667
311
36.1
312
36.1333
312
36.1667
312
36.2
312
36.2333
312
36.2667
312
36.3
312
36.3333
312
36.3667
312
36.4
312
36.4333
312
36.4667
312
36.5
312
36.5333
312
36.5667
312
36.6
312
36.6333
312
36.6667
312
36.7
312
36.7333
313
36.7667
313
36.8
313
36.8333
313
36.8667
313
36.9
313
36.9333
313
36.9667
313
37
313
37.0333
313
37.0667
313
37.1
313
37.1333
313
37.1667
313
37.2
313
37.2333
313
37.2667
313
37.3
314
37.3333
314
37.3667
314
37.4
314
37.4333
314
37.4667
314
37.5
314
37.5333
314
37.5667
314
37.6
314
37.6333
314
37.6667
314
37.7
314
37.7333
314
37.7667
314
37.8
314
37.8333
314
37.8667
314
37.9
314
37.9333
314
37.9667
314
38
314
38.0333
314
38.0667
314
38.1
314
38.1333
314
38.1667
315
38.2
315
38.2333
315
38.2667
315
38.3
315
38.3333
315
38.3667
315
38.4
315
38.4333
315
38.4667
315
38.5
315
38.5333
315
38.5667
315
38.6
315
38.6333
315
38.6667
315
38.7
315
38.7333
315
38.7667
315
38.8
315
38.8333
315
38.8667
315
38.9
315
38.9333
315
38.9667
315
39
315
39.0333
315
39.0667
316
39.1
316
39.1333
316
39.1667
316
39.2
316
39.2333
316
39.2667
316
39.3
316
39.3333
316
39.3667
316
39.4
316
39.4333
316
39.4667
316
39.5
316
39.5333
316
39.5667
316
39.6
316
39.6333
316
39.6667
316
39.7
316
39.7333
316
39.7667
316
39.8
316
39.8333
316
39.8667
316
39.9
316
39.9333
316
39.9667
316
40
316
40.0333
316
40.0667
316
40.1
316
40.1333
316
40.1667
316
40.2
317
40.2333
317
40.2667
317
40.3
317
40.3333
317
40.3667
317
40.4
317
40.4333
317
40.4667
317
40.5
317
40.5333
317
40.5667
317
40.6
317
40.6333
317
40.6667
317
40.7
317
40.7333
317
40.7667
317
40.8
317
40.8333
317
40.8667
317
40.9
317
40.9333
317
40.9667
317
41
317
41.0333
317
41.0667
318
41.1
318
41.1333
318
41.1667
318
41.2
318
41.2333
318
41.2667
318
41.3
318
41.3333
318
41.3667
318
41.4
318
41.4333
319
41.4667
319
41.5
319
41.5333
319
41.5667
319
41.6
319
41.6333
319
41.6667
319
41.7
319
41.7333
319
41.7667
319
41.8
319
41.8333
319
41.8667
319
41.9
319
41.9333
319
41.9667
321
42
321
42.0333
321
42.0667
321
42.1
321
42.1333
321
42.1667
321
42.2
321
42.2333
321
42.2667
321
42.3
321
42.3333
321
42.3667
322
42.4
322
42.4333
322
42.4667
322
42.5
322
42.5333
322
42.5667
322
42.6
322
42.6333
322
42.6667
322
42.7
322
42.7333
322
42.7667
322
42.8
322
42.8333
322
42.8667
322
42.9
322
42.9333
322
42.9667
322
43
322
43.0333
322
43.0667
322
43.1
322
43.1333
322
43.1667
322
43.2
322
43.2333
322
43.2667
322
43.3
322
43.3333
322
43.3667
322
43.4
322
43.4333
322
43.4667
322
43.5
322
43.5333
322
43.5667
322
43.6
322
43.6333
322
43.6667
322
43.7
322
43.7333
322
43.7667
322
43.8
322
43.8333
322
43.8667
322
43.9
322
43.9333
322
43.9667
323
44
323
44.0333
323
44.0667
323
44.1
323
44.1333
323
44.1667
323
44.2
323
44.2333
323
44.2667
323
44.3
323
44.3333
323
44.3667
323
44.4
323
44.4333
323
44.4667
323
44.5
323
44.5333
323
44.5667
323
44.6
323
44.6333
323
44.6667
323
44.7
323
44.7333
323
44.7667
323
44.8
323
44.8333
323
44.8667
323
44.9
323
44.9333
323
44.9667
323
45
323
45.0333
323
45.0667
323
45.1
323
45.1333
323
45.1667
323
45.2
323
45.2333
323
45.2667
323
45.3
323
45.3333
323
45.3667
323
45.4
323
45.4333
323
45.4667
323
45.5
324
45.5333
324
45.5667
324
45.6
324
45.6333
324
45.6667
324
45.7
324
45.7333
324
45.7667
324
45.8
325
45.8333
325
45.8667
325
45.9
325
45.9333
325
45.9667
325
46
325
46.0333
325
46.0667
325
46.1
325
46.1333
325
46.1667
325
46.2
325
46.2333
325
46.2667
325
46.3
325
46.3333
325
46.3667
325
46.4
325
46.4333
326
46.4667
326
46.5
326
46.5333
326
46.5667
326
46.6
326
46.6333
326
46.6667
326
46.7
326
46.7333
326
46.7667
326
46.8
326
46.8333
326
46.8667
326
46.9
326
46.9333
326
46.9667
326
47
326
47.0333
326
47.0667
326
47.1
326
47.1333
326
47.1667
326
47.2
326
47.2333
326
47.2667
326
47.3
326
47.3333
326
47.3667
326
47.4
326
47.4333
326
47.4667
326
47.5
326
47.5333
326
47.5667
326
47.6
326
47.6333
326
47.6667
326
47.7
326
47.7333
326
47.7667
326
47.8
326
47.8333
326
47.8667
326
47.9
326
47.9333
326
47.9667
326
48
326
48.0333
326
48.0667
326
48.1
326
48.1333
326
48.1667
326
48.2
326
48.2333
326
48.2667
326
48.3
326
48.3333
326
48.3667
326
48.4
326
48.4333
326
48.4667
326
48.5
326
48.5333
326
48.5667
326
48.6
326
48.6333
326
48.6667
326
48.7
326
48.7333
326
48.7667
326
48.8
326
48.8333
326
48.8667
326
48.9
326
48.9333
326
48.9667
326
49
326
49.0333
326
49.0667
326
49.1
326
49.1333
326
49.1667
326
49.2
326
49.2333
326
49.2667
326
49.3
326
49.3333
326
49.3667
326
49.4
326
49.4333
326
49.4667
326
49.5
326
49.5333
326
49.5667
326
49.6
326
49.6333
326
49.6667
326
49.7
326
49.7333
326
49.7667
326
49.8
326
49.8333
326
49.8667
326
49.9
326
49.9333
326
49.9667
326
50
326
50.0333
326
50.0667
326
50.1
326
50.1333
326
50.1667
326
50.2
326
50.2333
326
50.2667
327
50.3
327
50.3333
327
50.3667
327
50.4
328
50.4333
328
50.4667
328
50.5
328
50.5333
328
50.5667
328
50.6
328
50.6333
328
50.6667
328
50.7
328
50.7333
328
50.7667
328
50.8
328
50.8333
328
50.8667
328
50.9
328
50.9333
328
50.9667
328
51
328
51.0333
328
51.0667
328
51.1
328
51.1333
328
51.1667
328
51.2
328
51.2333
328
51.2667
328
51.3
328
51.3333
328
51.3667
328
51.4
328
51.4333
328
51.4667
328
51.5
328
51.5333
328
51.5667
328
51.6
328
51.6333
328
51.6667
328
51.7
329
51.7333
329
51.7667
329
51.8
329
51.8333
329
51.8667
329
51.9
329
51.9333
330
51.9667
330
52
330
52.0333
330
52.0667
330
52.1
330
52.1333
330
52.1667
330
52.2
330
52.2333
330
52.2667
330
52.3
330
52.3333
330
52.3667
330
52.4
330
52.4333
330
52.4667
330
52.5
330
52.5333
330
52.5667
330
52.6
330
52.6333
330
52.6667
330
52.7
331
52.7333
331
52.7667
331
52.8
331
52.8333
331
52.8667
331
52.9
331
52.9333
331
52.9667
331
53
331
53.0333
331
53.0667
331
53.1
331
53.1333
331
53.1667
331
53.2
331
53.2333
331
53.2667
331
53.3
331
53.3333
331
