0
1
0.0333333
1
0.0666667
1
0.1
1
0.133333
1
0.166667
1
0.2
1
0.233333
1
0.266667
1
0.3
1
0.333333
1
0.366667
1
0.4
1
0.433333
1
0.466667
1
0.5
1
0.533333
1
0.566667
1
0.6
1
0.633333
1
0.666667
1
0.7
1
0.733333
1
0.766667
1
0.8
1
0.833333
1
0.866667
1
0.9
1
0.933333
1
0.966667
1
1
1
1.03333
1
1.06667
1
1.1
1
1.13333
1
1.16667
1
1.2
1
1.23333
1
1.26667
1
1.3
1
1.33333
1
1.36667
1
1.4
1
1.43333
1
1.46667
1
1.5
1
1.53333
1
1.56667
1
1.6
1
1.63333
1
1.66667
1
1.7
1
1.73333
1
1.76667
1
1.8
1
1.83333
1
1.86667
1
1.9
1
1.93333
1
1.96667
1
2
1
2.03333
1
2.06667
1
2.1
1
2.13333
1
2.16667
1
2.2
1
2.23333
1
2.26667
1
2.3
1
2.33333
1
2.36667
1
2.4
1
2.43333
1
2.46667
1
2.5
1
2.53333
1
2.56667
1
2.6
1
2.63333
1
2.66667
1
2.7
1
2.73333
1
2.76667
1
2.8
1
2.83333
1
2.86667
1
2.9
1
2.93333
1
2.96667
1
3
1
3.03333
1
3.06667
1
3.1
1
3.13333
1
3.16667
1
3.2
1
3.23333
1
3.26667
1
3.3
1
3.33333
1
3.36667
1
3.4
1
3.43333
1
3.46667
1
3.5
1
3.53333
1
3.56667
1
3.6
1
3.63333
1
3.66667
1
3.7
1
3.73333
1
3.76667
1
3.8
1
3.83333
1
3.86667
1
3.9
1
3.93333
1
3.96667
1
4
1
4.03333
1
4.06667
1
4.1
1
4.13333
1
4.16667
1
4.2
1
4.23333
1
4.26667
1
4.3
1
4.33333
1
4.36667
1
4.4
1
4.43333
1
4.46667
1
4.5
1
4.53333
1
4.56667
1
4.6
1
4.63333
1
4.66667
1
4.7
1
4.73333
1
4.76667
1
4.8
1
4.83333
1
4.86667
1
4.9
1
4.93333
1
4.96667
1
5
1
5.03333
1
5.06667
1
5.1
1
5.13333
1
5.16667
1
5.2
1
5.23333
2
5.26667
2
5.3
2
5.33333
2
5.36667
2
5.4
2
5.43333
2
5.46667
2
5.5
2
5.53333
2
5.56667
2
5.6
2
5.63333
2
5.66667
2
5.7
2
5.73333
3
5.76667
3
5.8
3
5.83333
3
5.86667
3
5.9
4
5.93333
4
5.96667
4
6
5
6.03333
5
6.06667
5
6.1
5
6.13333
6
6.16667
6
6.2
6
6.23333
7
6.26667
7
6.3
8
6.33333
8
6.36667
8
6.4
8
6.43333
8
6.46667
9
6.5
9
6.53333
9
6.56667
9
6.6
9
6.63333
10
6.66667
10
6.7
10
6.73333
10
6.76667
10
6.8
10
6.83333
10
6.86667
10
6.9
10
6.93333
10
6.96667
10
7
10
7.03333
12
7.06667
12
7.1
12
7.13333
12
7.16667
12
7.2
12
7.23333
12
7.26667
12
7.3
12
7.33333
12
7.36667
12
7.4
12
7.43333
12
7.46667
12
7.5
13
7.53333
13
7.56667
13
7.6
13
7.63333
13
7.66667
13
7.7
13
7.73333
13
7.76667
13
7.8
13
7.83333
14
7.86667
14
7.9
15
7.93333
15
7.96667
15
8
15
8.03333
15
8.06667
16
8.1
16
8.13333
16
8.16667
16
8.2
16
8.23333
16
8.26667
16
8.3
16
8.33333
16
8.36667
16
8.4
16
8.43333
16
8.46667
16
8.5
19
8.53333
19
8.56667
20
8.6
24
8.63333
24
8.66667
24
8.7
24
8.73333
24
8.76667
24
8.8
24
8.83333
24
8.86667
26
8.9
26
8.93333
26
8.96667
26
9
26
9.03333
26
9.06667
27
9.1
28
9.13333
28
9.16667
29
9.2
30
9.23333
30
9.26667
31
9.3
31
9.33333
31
9.36667
32
9.4
32
9.43333
33
9.46667
33
9.5
33
9.53333
33
9.56667
33
9.6
35
9.63333
36
9.66667
37
9.7
37
9.73333
37
9.76667
40
9.8
41
9.83333
42
9.86667
43
9.9
43
9.93333
43
9.96667
43
10
44
10.0333
45
10.0667
45
10.1
49
10.1333
49
10.1667
49
10.2
50
10.2333
51
10.2667
53
10.3
54
10.3333
55
10.3667
56
10.4
58
10.4333
58
10.4667
59
10.5
60
10.5333
62
10.5667
63
10.6
63
10.6333
63
10.6667
65
10.7
65
10.7333
65
10.7667
67
10.8
68
10.8333
68
10.8667
70
10.9
70
10.9333
70
10.9667
70
11
70
11.0333
70
11.0667
70
11.1
70
11.1333
70
11.1667
70
11.2
70
11.2333
71
11.2667
72
11.3
72
11.3333
72
11.3667
72
11.4
72
11.4333
72
11.4667
72
11.5
72
11.5333
72
11.5667
73
11.6
74
11.6333
74
11.6667
74
11.7
75
11.7333
75
11.7667
75
11.8
76
11.8333
77
11.8667
78
11.9
78
11.9333
78
11.9667
78
12
78
12.0333
78
12.0667
78
12.1
78
12.1333
78
12.1667
79
12.2
79
12.2333
80
12.2667
80
12.3
81
12.3333
81
12.3667
81
12.4
81
12.4333
81
12.4667
81
12.5
81
12.5333
81
12.5667
83
12.6
84
12.6333
84
12.6667
84
12.7
85
12.7333
86
12.7667
86
12.8
86
12.8333
87
12.8667
87
12.9
87
12.9333
87
12.9667
87
13
87
13.0333
88
13.0667
91
13.1
91
13.1333
91
13.1667
92
13.2
94
13.2333
94
13.2667
94
13.3
94
13.3333
94
13.3667
94
13.4
94
13.4333
94
13.4667
94
13.5
94
13.5333
94
13.5667
94
13.6
94
13.6333
95
13.6667
95
13.7
95
13.7333
95
13.7667
95
13.8
95
13.8333
95
13.8667
95
13.9
95
13.9333
95
13.9667
95
14
95
14.0333
95
14.0667
95
14.1
96
14.1333
96
14.1667
97
14.2
97
14.2333
97
14.2667
97
14.3
97
14.3333
97
14.3667
97
14.4
97
14.4333
97
14.4667
97
14.5
97
14.5333
97
14.5667
97
14.6
98
14.6333
99
14.6667
99
14.7
99
14.7333
99
14.7667
99
14.8
99
14.8333
99
14.8667
99
14.9
99
14.9333
100
14.9667
100
15
100
15.0333
100
15.0667
100
15.1
100
15.1333
100
15.1667
100
15.2
101
15.2333
101
15.2667
101
15.3
101
15.3333
101
15.3667
101
15.4
101
15.4333
101
15.4667
101
15.5
101
15.5333
101
15.5667
103
15.6
103
15.6333
103
15.6667
103
15.7
103
15.7333
103
15.7667
103
15.8
103
15.8333
103
15.8667
104
15.9
104
15.9333
104
15.9667
104
16
104
16.0333
104
16.0667
104
16.1
104
16.1333
104
16.1667
104
16.2
104
16.2333
105
16.2667
105
16.3
105
16.3333
106
16.3667
107
16.4
108
16.4333
110
16.4667
110
16.5
110
16.5333
111
16.5667
111
16.6
111
16.6333
112
16.6667
112
16.7
112
16.7333
112
16.7667
112
16.8
112
16.8333
112
16.8667
112
16.9
113
16.9333
113
16.9667
113
17
113
17.0333
113
17.0667
115
17.1
115
17.1333
115
17.1667
115
17.2
116
17.2333
116
17.2667
116
17.3
116
17.3333
116
17.3667
116
17.4
116
17.4333
116
17.4667
116
17.5
116
17.5333
116
17.5667
116
17.6
116
17.6333
116
17.6667
117
17.7
118
17.7333
118
17.7667
118
17.8
118
17.8333
118
17.8667
118
17.9
118
17.9333
118
17.9667
119
18
119
18.0333
119
18.0667
119
18.1
119
18.1333
119
18.1667
119
18.2
119
18.2333
119
18.2667
119
18.3
120
18.3333
120
18.3667
120
18.4
120
18.4333
120
18.4667
120
18.5
120
18.5333
120
18.5667
121
18.6
121
18.6333
121
18.6667
121
18.7
121
18.7333
121
18.7667
121
18.8
121
18.8333
121
18.8667
121
18.9
121
18.9333
121
18.9667
122
19
122
19.0333
123
19.0667
123
19.1
124
19.1333
127
19.1667
127
19.2
127
19.2333
128
19.2667
128
19.3
129
19.3333
129
19.3667
129
19.4
130
19.4333
132
19.4667
132
19.5
133
19.5333
133
19.5667
133
19.6
133
19.6333
133
19.6667
134
19.7
137
19.7333
138
19.7667
138
19.8
139
19.8333
139
19.8667
140
19.9
140
19.9333
140
19.9667
140
20
140
20.0333
141
20.0667
143
20.1
143
20.1333
144
20.1667
146
20.2
146
20.2333
146
20.2667
146
20.3
146
20.3333
146
20.3667
146
20.4
146
20.4333
146
20.4667
146
20.5
146
20.5333
146
20.5667
146
20.6
146
20.6333
147
20.6667
147
20.7
147
20.7333
147
20.7667
147
20.8
147
20.8333
147
20.8667
147
20.9
147
20.9333
147
20.9667
147
21
147
21.0333
147
21.0667
147
21.1
147
21.1333
147
21.1667
147
21.2
147
21.2333
147
21.2667
147
21.3
147
21.3333
147
21.3667
147
21.4
147
21.4333
148
21.4667
148
21.5
148
21.5333
148
21.5667
148
21.6
148
21.6333
148
21.6667
148
21.7
148
21.7333
149
21.7667
149
21.8
149
21.8333
149
21.8667
150
21.9
150
21.9333
150
21.9667
150
22
150
22.0333
150
22.0667
150
22.1
150
22.1333
150
22.1667
150
22.2
150
22.2333
151
22.2667
151
22.3
151
22.3333
151
22.3667
151
22.4
151
22.4333
151
22.4667
151
22.5
151
22.5333
151
22.5667
151
22.6
151
22.6333
151
22.6667
151
22.7
151
22.7333
151
22.7667
151
22.8
151
22.8333
151
22.8667
151
22.9
152
22.9333
152
22.9667
152
23
152
23.0333
152
23.0667
152
23.1
152
23.1333
152
23.1667
152
23.2
152
23.2333
152
23.2667
152
23.3
152
23.3333
152
23.3667
152
23.4
152
23.4333
152
23.4667
152
23.5
152
23.5333
152
23.5667
152
23.6
152
23.6333
152
23.6667
152
23.7
152
23.7333
152
23.7667
152
23.8
152
23.8333
152
23.8667
152
23.9
152
23.9333
152
23.9667
152
24
152
24.0333
152
24.0667
152
24.1
152
24.1333
152
24.1667
152
24.2
152
24.2333
152
24.2667
152
24.3
152
24.3333
152
24.3667
152
24.4
152
24.4333
152
24.4667
152
24.5
152
24.5333
152
24.5667
153
24.6
153
24.6333
154
24.6667
154
24.7
154
24.7333
154
24.7667
154
24.8
154
24.8333
155
24.8667
155
24.9
155
24.9333
155
24.9667
155
25
155
25.0333
155
25.0667
155
25.1
155
25.1333
155
25.1667
155
25.2
155
25.2333
155
25.2667
155
25.3
155
25.3333
155
25.3667
155
25.4
155
25.4333
155
25.4667
155
25.5
155
25.5333
155
25.5667
155
25.6
155
25.6333
155
25.6667
155
25.7
155
25.7333
155
25.7667
155
25.8
155
25.8333
155
25.8667
155
25.9
155
25.9333
155
25.9667
156
26
156
26.0333
156
26.0667
156
26.1
156
26.1333
156
26.1667
156
26.2
156
26.2333
156
26.2667
156
26.3
156
26.3333
156
26.3667
156
26.4
156
26.4333
157
26.4667
157
26.5
157
26.5333
157
26.5667
158
26.6
158
26.6333
158
26.6667
158
26.7
158
26.7333
158
26.7667
158
26.8
158
26.8333
158
26.8667
158
26.9
158
26.9333
158
26.9667
158
27
158
27.0333
158
27.0667
158
27.1
158
27.1333
158
27.1667
158
27.2
159
27.2333
159
27.2667
159
27.3
159
27.3333
159
27.3667
160
27.4
161
27.4333
161
27.4667
161
27.5
161
27.5333
161
27.5667
161
27.6
161
27.6333
161
27.6667
161
27.7
161
27.7333
161
27.7667
162
27.8
162
27.8333
162
27.8667
162
27.9
162
27.9333
162
27.9667
162
28
162
28.0333
162
28.0667
163
28.1
163
28.1333
163
28.1667
163
28.2
163
28.2333
163
28.2667
163
28.3
163
28.3333
163
28.3667
163
28.4
163
28.4333
163
28.4667
163
28.5
164
28.5333
164
28.5667
164
28.6
164
28.6333
164
28.6667
164
28.7
165
28.7333
165
28.7667
166
28.8
166
28.8333
166
28.8667
166
28.9
166
28.9333
166
28.9667
166
29
166
29.0333
166
29.0667
166
29.1
166
29.1333
166
29.1667
166
29.2
166
29.2333
166
29.2667
166
29.3
166
29.3333
166
29.3667
166
29.4
166
29.4333
166
29.4667
166
29.5
166
29.5333
166
29.5667
166
29.6
166
29.6333
166
29.6667
166
29.7
166
29.7333
166
29.7667
166
29.8
166
29.8333
166
29.8667
166
29.9
166
29.9333
166
29.9667
166
30
166
30.0333
166
30.0667
166
30.1
166
30.1333
166
30.1667
166
30.2
166
30.2333
166
30.2667
166
30.3
166
30.3333
166
30.3667
166
30.4
166
30.4333
166
30.4667
166
30.5
166
30.5333
166
30.5667
166
30.6
166
30.6333
166
30.6667
166
30.7
166
30.7333
166
30.7667
166
30.8
166
30.8333
166
30.8667
166
30.9
166
30.9333
166
30.9667
166
31
166
31.0333
166
31.0667
166
31.1
166
31.1333
166
31.1667
166
31.2
166
31.2333
166
31.2667
166
31.3
166
31.3333
166
31.3667
166
31.4
166
31.4333
166
31.4667
166
31.5
166
31.5333
166
31.5667
166
31.6
166
31.6333
166
31.6667
167
31.7
167
31.7333
167
31.7667
167
31.8
167
31.8333
167
31.8667
167
31.9
167
31.9333
167
31.9667
167
32
167
32.0333
167
32.0667
167
32.1
167
32.1333
167
32.1667
167
32.2
167
32.2333
167
32.2667
167
32.3
167
32.3333
167
32.3667
167
32.4
167
32.4333
167
32.4667
167
32.5
167
32.5333
168
32.5667
168
32.6
168
32.6333
168
32.6667
168
32.7
168
32.7333
168
32.7667
168
32.8
168
32.8333
168
32.8667
168
32.9
168
32.9333
168
32.9667
168
33
168
33.0333
168
33.0667
168
33.1
168
33.1333
168
33.1667
168
33.2
168
33.2333
168
33.2667
168
33.3
168
33.3333
168
33.3667
168
33.4
168
33.4333
168
33.4667
168
33.5
168
33.5333
168
33.5667
168
33.6
168
33.6333
168
33.6667
168
33.7
168
33.7333
168
33.7667
168
33.8
168
33.8333
168
33.8667
168
33.9
168
33.9333
168
33.9667
168
34
168
34.0333
168
34.0667
168
34.1
168
34.1333
168
34.1667
168
34.2
168
34.2333
168
34.2667
168
34.3
168
34.3333
168
34.3667
168
34.4
168
34.4333
168
34.4667
168
34.5
168
34.5333
168
34.5667
168
34.6
168
34.6333
168
34.6667
168
34.7
168
34.7333
168
34.7667
168
34.8
168
34.8333
168
34.8667
168
34.9
168
34.9333
168
34.9667
168
35
168
35.0333
168
35.0667
168
35.1
168
35.1333
168
35.1667
168
35.2
168
35.2333
168
35.2667
168
35.3
168
35.3333
168
35.3667
168
35.4
168
35.4333
168
35.4667
168
35.5
168
35.5333
168
35.5667
168
35.6
168
35.6333
168
35.6667
168
35.7
168
35.7333
168
35.7667
168
35.8
168
35.8333
168
35.8667
168
35.9
168
35.9333
168
35.9667
168
36
168
36.0333
168
36.0667
168
36.1
168
36.1333
168
36.1667
168
36.2
168
36.2333
168
36.2667
168
36.3
168
36.3333
168
36.3667
168
36.4
168
36.4333
169
36.4667
169
36.5
169
36.5333
169
36.5667
169
36.6
169
36.6333
169
36.6667
169
36.7
169
36.7333
169
36.7667
169
36.8
169
36.8333
169
36.8667
169
36.9
169
36.9333
169
36.9667
169
37
169
37.0333
169
37.0667
169
37.1
169
37.1333
169
37.1667
169
37.2
169
37.2333
169
37.2667
169
37.3
169
37.3333
169
37.3667
169
37.4
169
37.4333
169
37.4667
169
37.5
169
37.5333
169
37.5667
169
37.6
169
37.6333
169
37.6667
169
37.7
169
37.7333
169
37.7667
169
37.8
169
37.8333
169
37.8667
169
37.9
169
37.9333
169
37.9667
169
38
169
38.0333
169
38.0667
169
38.1
169
38.1333
169
38.1667
169
38.2
169
38.2333
169
38.2667
169
38.3
169
38.3333
169
38.3667
169
38.4
169
38.4333
169
38.4667
169
38.5
169
38.5333
169
38.5667
169
38.6
169
38.6333
169
38.6667
169
38.7
169
38.7333
169
38.7667
169
38.8
169
38.8333
169
38.8667
169
38.9
169
38.9333
169
38.9667
169
39
169
39.0333
169
39.0667
169
39.1
169
39.1333
169
39.1667
169
39.2
169
39.2333
169
39.2667
169
39.3
169
39.3333
169
39.3667
169
39.4
169
39.4333
169
39.4667
169
39.5
169
39.5333
169
39.5667
169
39.6
169
39.6333
169
39.6667
169
39.7
169
39.7333
169
39.7667
170
39.8
170
39.8333
170
39.8667
170
39.9
170
39.9333
170
39.9667
170
40
170
40.0333
170
40.0667
170
40.1
170
40.1333
170
40.1667
170
40.2
170
40.2333
170
40.2667
170
40.3
170
40.3333
170
40.3667
170
40.4
171
40.4333
171
40.4667
171
40.5
171
40.5333
171
40.5667
171
40.6
171
40.6333
171
40.6667
171
40.7
171
40.7333
171
40.7667
171
40.8
171
40.8333
171
40.8667
171
40.9
171
40.9333
171
40.9667
171
41
171
41.0333
171
41.0667
171
41.1
171
41.1333
171
41.1667
171
41.2
171
41.2333
171
41.2667
171
41.3
171
41.3333
171
41.3667
171
41.4
171
41.4333
171
41.4667
171
41.5
171
41.5333
171
41.5667
171
41.6
171
41.6333
171
41.6667
171
41.7
171
41.7333
171
41.7667
171
41.8
171
41.8333
171
41.8667
171
41.9
171
41.9333
171
41.9667
171
42
171
42.0333
171
42.0667
171
42.1
171
42.1333
171
42.1667
171
42.2
172
42.2333
172
42.2667
172
42.3
172
42.3333
172
42.3667
172
42.4
172
42.4333
172
42.4667
172
42.5
172
42.5333
172
42.5667
172
42.6
172
42.6333
172
42.6667
172
42.7
172
42.7333
172
42.7667
172
42.8
172
42.8333
172
42.8667
172
42.9
172
42.9333
172
42.9667
172
43
172
43.0333
172
43.0667
172
43.1
172
43.1333
172
43.1667
172
43.2
172
43.2333
172
43.2667
172
43.3
172
43.3333
172
43.3667
172
43.4
172
43.4333
172
43.4667
172
43.5
172
43.5333
172
43.5667
172
43.6
172
43.6333
172
43.6667
172
43.7
172
43.7333
172
43.7667
172
43.8
172
43.8333
172
43.8667
172
43.9
172
43.9333
172
43.9667
172
44
172
44.0333
172
44.0667
172
44.1
172
44.1333
172
44.1667
172
44.2
172
44.2333
172
44.2667
172
44.3
172
44.3333
172
44.3667
172
44.4
172
44.4333
172
44.4667
172
44.5
172
44.5333
172
44.5667
172
44.6
172
44.6333
172
44.6667
172
44.7
172
44.7333
172
44.7667
172
44.8
172
44.8333
172
44.8667
172
44.9
172
44.9333
172
44.9667
172
45
172
45.0333
172
45.0667
172
45.1
172
45.1333
172
45.1667
172
45.2
172
45.2333
172
45.2667
172
45.3
172
45.3333
172
45.3667
172
45.4
172
45.4333
172
45.4667
172
45.5
172
45.5333
172
45.5667
172
45.6
172
45.6333
172
45.6667
172
45.7
172
45.7333
172
45.7667
172
45.8
172
45.8333
172
45.8667
172
45.9
172
45.9333
172
45.9667
172
46
172
46.0333
172
46.0667
172
46.1
172
46.1333
172
46.1667
172
46.2
172
46.2333
172
46.2667
172
46.3
172
46.3333
172
46.3667
172
46.4
172
46.4333
172
46.4667
172
46.5
172
46.5333
172
46.5667
172
46.6
172
46.6333
172
46.6667
172
46.7
172
46.7333
172
46.7667
172
46.8
172
46.8333
172
46.8667
172
46.9
172
46.9333
172
46.9667
172
47
172
47.0333
172
47.0667
172
47.1
172
47.1333
172
47.1667
172
47.2
172
47.2333
172
47.2667
172
47.3
172
47.3333
172
47.3667
172
47.4
172
47.4333
172
47.4667
172
47.5
172
47.5333
172
47.5667
172
47.6
172
47.6333
172
47.6667
172
47.7
172
47.7333
172
47.7667
172
47.8
172
47.8333
172
47.8667
172
47.9
172
47.9333
172
47.9667
172
48
172
48.0333
172
48.0667
172
48.1
172
48.1333
172
48.1667
172
48.2
172
48.2333
172
48.2667
172
48.3
172
48.3333
172
48.3667
172
48.4
172
48.4333
172
48.4667
172
48.5
172
48.5333
172
48.5667
172
48.6
172
48.6333
172
48.6667
172
48.7
172
48.7333
172
48.7667
172
48.8
172
48.8333
172
48.8667
172
48.9
172
48.9333
172
48.9667
172
49
172
49.0333
172
49.0667
172
49.1
172
49.1333
172
49.1667
172
49.2
172
49.2333
172
49.2667
172
49.3
172
49.3333
172
49.3667
172
49.4
172
49.4333
172
49.4667
172
49.5
172
49.5333
172
49.5667
172
49.6
172
49.6333
172
49.6667
172
49.7
172
49.7333
172
49.7667
172
49.8
172
49.8333
172
49.8667
172
49.9
172
49.9333
172
49.9667
172
50
172
50.0333
172
50.0667
172
50.1
172
50.1333
172
50.1667
172
50.2
172
50.2333
172
50.2667
172
50.3
172
50.3333
172
50.3667
172
50.4
172
50.4333
172
50.4667
172
50.5
172
50.5333
172
50.5667
172
50.6
172
50.6333
172
50.6667
172
50.7
172
50.7333
172
50.7667
172
50.8
172
50.8333
172
50.8667
172
50.9
172
50.9333
172
50.9667
172
51
172
51.0333
172
51.0667
172
51.1
172
51.1333
172
51.1667
172
51.2
172
51.2333
172
51.2667
172
51.3
172
51.3333
172
51.3667
172
51.4
172
51.4333
172
51.4667
172
51.5
172
51.5333
172
51.5667
172
51.6
172
51.6333
172
51.6667
172
51.7
172
51.7333
172
51.7667
172
51.8
172
51.8333
172
51.8667
172
51.9
172
51.9333
172
51.9667
172
52
172
52.0333
172
52.0667
172
52.1
172
52.1333
172
52.1667
172
52.2
172
52.2333
172
52.2667
172
52.3
172
52.3333
172
52.3667
172
52.4
172
52.4333
172
52.4667
172
52.5
172
52.5333
172
52.5667
172
52.6
172
52.6333
172
52.6667
172
52.7
172
52.7333
172
52.7667
172
52.8
172
52.8333
172
52.8667
172
52.9
172
52.9333
172
52.9667
172
53
172
53.0333
172
53.0667
172
53.1
172
53.1333
172
53.1667
172
53.2
172
53.2333
172
53.2667
172
53.3
172
53.3333
172
