0
1
0.0333333
1
0.0666667
1
0.1
1
0.133333
1
0.166667
1
0.2
1
0.233333
1
0.266667
1
0.3
1
0.333333
1
0.366667
1
0.4
1
0.433333
1
0.466667
1
0.5
1
0.533333
1
0.566667
1
0.6
1
0.633333
1
0.666667
1
0.7
1
0.733333
1
0.766667
1
0.8
1
0.833333
1
0.866667
1
0.9
1
0.933333
1
0.966667
1
1
1
1.03333
1
1.06667
1
1.1
1
1.13333
1
1.16667
1
1.2
1
1.23333
1
1.26667
1
1.3
1
1.33333
1
1.36667
1
1.4
1
1.43333
1
1.46667
1
1.5
1
1.53333
1
1.56667
1
1.6
1
1.63333
1
1.66667
1
1.7
1
1.73333
1
1.76667
1
1.8
1
1.83333
1
1.86667
1
1.9
1
1.93333
1
1.96667
1
2
1
2.03333
1
2.06667
1
2.1
1
2.13333
1
2.16667
1
2.2
1
2.23333
1
2.26667
1
2.3
1
2.33333
1
2.36667
1
2.4
1
2.43333
1
2.46667
1
2.5
1
2.53333
1
2.56667
1
2.6
1
2.63333
1
2.66667
1
2.7
1
2.73333
1
2.76667
1
2.8
1
2.83333
1
2.86667
1
2.9
1
2.93333
1
2.96667
1
3
1
3.03333
1
3.06667
1
3.1
1
3.13333
1
3.16667
1
3.2
1
3.23333
1
3.26667
1
3.3
1
3.33333
1
3.36667
1
3.4
1
3.43333
1
3.46667
1
3.5
1
3.53333
1
3.56667
1
3.6
1
3.63333
1
3.66667
1
3.7
1
3.73333
1
3.76667
1
3.8
1
3.83333
1
3.86667
1
3.9
1
3.93333
1
3.96667
1
4
1
4.03333
1
4.06667
1
4.1
1
4.13333
1
4.16667
1
4.2
1
4.23333
1
4.26667
1
4.3
1
4.33333
1
4.36667
1
4.4
1
4.43333
1
4.46667
1
4.5
1
4.53333
1
4.56667
1
4.6
1
4.63333
1
4.66667
1
4.7
1
4.73333
1
4.76667
1
4.8
1
4.83333
1
4.86667
1
4.9
1
4.93333
1
4.96667
1
5
1
5.03333
1
5.06667
1
5.1
1
5.13333
1
5.16667
1
5.2
1
5.23333
1
5.26667
1
5.3
1
5.33333
1
5.36667
1
5.4
1
5.43333
1
5.46667
1
5.5
1
5.53333
1
5.56667
1
5.6
1
5.63333
3
5.66667
4
5.7
4
5.73333
4
5.76667
4
5.8
4
5.83333
4
5.86667
4
5.9
4
5.93333
4
5.96667
4
6
4
6.03333
4
6.06667
4
6.1
4
6.13333
4
6.16667
4
6.2
4
6.23333
4
6.26667
4
6.3
4
6.33333
4
6.36667
4
6.4
5
6.43333
5
6.46667
5
6.5
5
6.53333
5
6.56667
5
6.6
5
6.63333
5
6.66667
5
6.7
6
6.73333
6
6.76667
6
6.8
7
6.83333
8
6.86667
8
6.9
8
6.93333
8
6.96667
8
7
9
7.03333
10
7.06667
11
7.1
11
7.13333
11
7.16667
12
7.2
12
7.23333
12
7.26667
13
7.3
13
7.33333
14
7.36667
16
7.4
16
7.43333
18
7.46667
18
7.5
20
7.53333
22
7.56667
22
7.6
22
7.63333
23
7.66667
25
7.7
25
7.73333
26
7.76667
26
7.8
26
7.83333
26
7.86667
26
7.9
28
7.93333
30
7.96667
30
8
32
8.03333
32
8.06667
33
8.1
34
8.13333
34
8.16667
35
8.2
38
8.23333
39
8.26667
40
8.3
40
8.33333
42
8.36667
43
8.4
44
8.43333
44
8.46667
46
8.5
46
8.53333
48
8.56667
49
8.6
49
8.63333
51
8.66667
51
8.7
51
8.73333
53
8.76667
54
8.8
54
8.83333
54
8.86667
55
8.9
55
8.93333
55
8.96667
55
9
55
9.03333
56
9.06667
57
9.1
58
9.13333
58
9.16667
58
9.2
58
9.23333
58
9.26667
59
9.3
59
9.33333
59
9.36667
59
9.4
59
9.43333
59
9.46667
59
9.5
59
9.53333
60
9.56667
60
9.6
60
9.63333
60
9.66667
60
9.7
61
9.73333
61
9.76667
61
9.8
61
9.83333
62
9.86667
62
9.9
62
9.93333
62
9.96667
64
10
64
10.0333
64
10.0667
64
10.1
65
10.1333
65
10.1667
66
10.2
66
10.2333
67
10.2667
69
10.3
69
10.3333
70
10.3667
70
10.4
70
10.4333
70
10.4667
70
10.5
70
10.5333
70
10.5667
70
10.6
70
10.6333
71
10.6667
71
10.7
71
10.7333
71
10.7667
71
10.8
71
10.8333
72
10.8667
72
10.9
72
10.9333
72
10.9667
72
11
72
11.0333
72
11.0667
72
11.1
72
11.1333
72
11.1667
73
11.2
73
11.2333
73
11.2667
73
11.3
73
11.3333
73
11.3667
75
11.4
75
11.4333
75
11.4667
75
11.5
75
11.5333
75
11.5667
75
11.6
75
11.6333
75
11.6667
75
11.7
75
11.7333
75
11.7667
75
11.8
75
11.8333
75
11.8667
76
11.9
77
11.9333
77
11.9667
78
12
78
12.0333
78
12.0667
78
12.1
79
12.1333
81
12.1667
82
12.2
82
12.2333
82
12.2667
83
12.3
83
12.3333
83
12.3667
83
12.4
83
12.4333
84
12.4667
84
12.5
86
12.5333
86
12.5667
86
12.6
87
12.6333
88
12.6667
90
12.7
90
12.7333
90
12.7667
90
12.8
90
12.8333
91
12.8667
91
12.9
93
12.9333
95
12.9667
95
13
96
13.0333
96
13.0667
97
13.1
98
13.1333
99
13.1667
99
13.2
99
13.2333
100
13.2667
100
13.3
101
13.3333
101
13.3667
101
13.4
101
13.4333
101
13.4667
101
13.5
101
13.5333
101
13.5667
101
13.6
102
13.6333
102
13.6667
103
13.7
104
13.7333
105
13.7667
105
13.8
105
13.8333
106
13.8667
107
13.9
107
13.9333
107
13.9667
107
14
108
14.0333
108
14.0667
108
14.1
108
14.1333
109
14.1667
110
14.2
111
14.2333
111
14.2667
111
14.3
111
14.3333
111
14.3667
111
14.4
111
14.4333
112
14.4667
112
14.5
112
14.5333
112
14.5667
112
14.6
112
14.6333
112
14.6667
112
14.7
112
14.7333
112
14.7667
112
14.8
112
14.8333
112
14.8667
112
14.9
112
14.9333
112
14.9667
112
15
112
15.0333
113
15.0667
113
15.1
113
15.1333
113
15.1667
113
15.2
113
15.2333
113
15.2667
113
15.3
113
15.3333
113
15.3667
113
15.4
114
15.4333
114
15.4667
114
15.5
114
15.5333
114
15.5667
115
15.6
115
15.6333
115
15.6667
115
15.7
115
15.7333
115
15.7667
115
15.8
115
15.8333
115
15.8667
116
15.9
116
15.9333
116
15.9667
116
16
116
16.0333
116
16.0667
116
16.1
116
16.1333
117
16.1667
117
16.2
117
16.2333
117
16.2667
117
16.3
117
16.3333
117
16.3667
117
16.4
117
16.4333
117
16.4667
119
16.5
119
16.5333
120
16.5667
120
16.6
120
16.6333
120
16.6667
120
16.7
120
16.7333
121
16.7667
121
16.8
121
16.8333
121
16.8667
121
16.9
121
16.9333
121
16.9667
122
17
122
17.0333
122
17.0667
122
17.1
122
17.1333
122
17.1667
122
17.2
122
17.2333
123
17.2667
123
17.3
123
17.3333
123
17.3667
123
17.4
123
17.4333
123
17.4667
123
17.5
124
17.5333
124
17.5667
125
17.6
126
17.6333
126
17.6667
126
17.7
126
17.7333
127
17.7667
127
17.8
127
17.8333
127
17.8667
127
17.9
128
17.9333
128
17.9667
129
18
129
18.0333
129
18.0667
129
18.1
129
18.1333
129
18.1667
129
18.2
130
18.2333
130
18.2667
130
18.3
130
18.3333
130
18.3667
131
18.4
131
18.4333
131
18.4667
131
18.5
132
18.5333
132
18.5667
132
18.6
134
18.6333
134
18.6667
136
18.7
137
18.7333
137
18.7667
137
18.8
138
18.8333
138
18.8667
138
18.9
138
18.9333
139
18.9667
139
19
139
19.0333
139
19.0667
140
19.1
141
19.1333
141
19.1667
141
19.2
141
19.2333
141
19.2667
141
19.3
141
19.3333
141
19.3667
141
19.4
141
19.4333
141
19.4667
141
19.5
141
19.5333
141
19.5667
141
19.6
141
19.6333
141
19.6667
141
19.7
141
19.7333
141
19.7667
141
19.8
142
19.8333
142
19.8667
143
19.9
143
19.9333
143
19.9667
143
20
143
20.0333
143
20.0667
143
20.1
143
20.1333
143
20.1667
143
20.2
143
20.2333
143
20.2667
143
20.3
143
20.3333
143
20.3667
143
20.4
143
20.4333
143
20.4667
143
20.5
143
20.5333
144
20.5667
144
20.6
144
20.6333
144
20.6667
145
20.7
145
20.7333
145
20.7667
145
20.8
145
20.8333
145
20.8667
145
20.9
145
20.9333
145
20.9667
145
21
145
21.0333
145
21.0667
145
21.1
145
21.1333
145
21.1667
145
21.2
145
21.2333
146
21.2667
146
21.3
146
21.3333
146
21.3667
146
21.4
146
21.4333
146
21.4667
146
21.5
146
21.5333
146
21.5667
146
21.6
146
21.6333
146
21.6667
146
21.7
146
21.7333
146
21.7667
146
21.8
146
21.8333
146
21.8667
147
21.9
147
21.9333
147
21.9667
147
22
147
22.0333
147
22.0667
147
22.1
147
22.1333
147
22.1667
147
22.2
147
22.2333
147
22.2667
147
22.3
147
22.3333
147
22.3667
147
22.4
147
22.4333
147
22.4667
147
22.5
147
22.5333
147
22.5667
147
22.6
147
22.6333
147
22.6667
147
22.7
147
22.7333
147
22.7667
147
22.8
147
22.8333
147
22.8667
147
22.9
147
22.9333
148
22.9667
148
23
148
23.0333
148
23.0667
148
23.1
148
23.1333
148
23.1667
148
23.2
148
23.2333
148
23.2667
148
23.3
148
23.3333
148
23.3667
148
23.4
148
23.4333
148
23.4667
148
23.5
148
23.5333
148
23.5667
148
23.6
148
23.6333
148
23.6667
148
23.7
148
23.7333
148
23.7667
148
23.8
148
23.8333
148
23.8667
148
23.9
148
23.9333
148
23.9667
148
24
148
24.0333
148
24.0667
148
24.1
148
24.1333
148
24.1667
148
24.2
148
24.2333
148
24.2667
148
24.3
148
24.3333
148
24.3667
148
24.4
148
24.4333
148
24.4667
148
24.5
148
24.5333
148
24.5667
148
24.6
148
24.6333
148
24.6667
148
24.7
148
24.7333
148
24.7667
148
24.8
148
24.8333
148
24.8667
148
24.9
148
24.9333
148
24.9667
148
25
148
25.0333
148
25.0667
148
25.1
148
25.1333
148
25.1667
148
25.2
148
25.2333
148
25.2667
148
25.3
148
25.3333
148
25.3667
148
25.4
148
25.4333
148
25.4667
148
25.5
148
25.5333
148
25.5667
148
25.6
148
25.6333
148
25.6667
148
25.7
148
25.7333
148
25.7667
148
25.8
148
25.8333
149
25.8667
149
25.9
149
25.9333
149
25.9667
149
26
149
26.0333
150
26.0667
150
26.1
150
26.1333
150
26.1667
150
26.2
150
26.2333
150
26.2667
150
26.3
150
26.3333
150
26.3667
150
26.4
150
26.4333
150
26.4667
150
26.5
150
26.5333
150
26.5667
150
26.6
150
26.6333
150
26.6667
150
26.7
150
26.7333
150
26.7667
150
26.8
150
26.8333
150
26.8667
150
26.9
150
26.9333
150
26.9667
151
27
151
27.0333
151
27.0667
151
27.1
151
27.1333
151
27.1667
151
27.2
151
27.2333
151
27.2667
151
27.3
151
27.3333
151
27.3667
152
27.4
152
27.4333
153
27.4667
153
27.5
153
27.5333
153
27.5667
153
27.6
153
27.6333
154
27.6667
154
27.7
155
27.7333
155
27.7667
155
27.8
155
27.8333
155
27.8667
155
27.9
155
27.9333
155
27.9667
156
28
157
28.0333
157
28.0667
157
28.1
157
28.1333
157
28.1667
158
28.2
159
28.2333
159
28.2667
159
28.3
160
28.3333
160
28.3667
160
28.4
160
28.4333
160
28.4667
160
28.5
160
28.5333
160
28.5667
160
28.6
161
28.6333
161
28.6667
161
28.7
161
28.7333
161
28.7667
161
28.8
161
28.8333
161
28.8667
161
28.9
161
28.9333
161
28.9667
161
29
161
29.0333
161
29.0667
161
29.1
161
29.1333
161
29.1667
161
29.2
161
29.2333
162
29.2667
162
29.3
162
29.3333
162
29.3667
162
29.4
162
29.4333
162
29.4667
163
29.5
163
29.5333
163
29.5667
163
29.6
163
29.6333
163
29.6667
163
29.7
163
29.7333
163
29.7667
163
29.8
163
29.8333
163
29.8667
163
29.9
163
29.9333
163
29.9667
163
30
163
30.0333
163
30.0667
163
30.1
163
30.1333
163
30.1667
163
30.2
163
30.2333
163
30.2667
163
30.3
163
30.3333
163
30.3667
163
30.4
163
30.4333
163
30.4667
163
30.5
163
30.5333
163
30.5667
163
30.6
163
30.6333
164
30.6667
164
30.7
164
30.7333
164
30.7667
164
30.8
164
30.8333
164
30.8667
164
30.9
165
30.9333
165
30.9667
165
31
165
31.0333
165
31.0667
165
31.1
165
31.1333
165
31.1667
165
31.2
165
31.2333
165
31.2667
165
31.3
165
31.3333
165
31.3667
165
31.4
165
31.4333
165
31.4667
165
31.5
165
31.5333
165
31.5667
165
31.6
165
31.6333
165
31.6667
165
31.7
165
31.7333
165
31.7667
165
31.8
165
31.8333
165
31.8667
165
31.9
165
31.9333
165
31.9667
165
32
165
32.0333
165
32.0667
165
32.1
165
32.1333
165
32.1667
165
32.2
165
32.2333
165
32.2667
165
32.3
165
32.3333
165
32.3667
165
32.4
165
32.4333
165
32.4667
165
32.5
165
32.5333
165
32.5667
165
32.6
165
32.6333
165
32.6667
165
32.7
165
32.7333
166
32.7667
166
32.8
166
32.8333
166
32.8667
166
32.9
166
32.9333
166
32.9667
166
33
167
33.0333
167
33.0667
167
33.1
167
33.1333
167
33.1667
167
33.2
167
33.2333
167
33.2667
167
33.3
167
33.3333
167
33.3667
167
33.4
167
33.4333
167
33.4667
167
33.5
167
33.5333
167
33.5667
167
33.6
167
33.6333
167
33.6667
167
33.7
167
33.7333
167
33.7667
167
33.8
167
33.8333
167
33.8667
167
33.9
167
33.9333
167
33.9667
167
34
167
34.0333
167
34.0667
167
34.1
167
34.1333
167
34.1667
167
34.2
167
34.2333
167
34.2667
167
34.3
167
34.3333
167
34.3667
167
34.4
167
34.4333
167
34.4667
167
34.5
167
34.5333
167
34.5667
167
34.6
167
34.6333
168
34.6667
168
34.7
168
34.7333
168
34.7667
168
34.8
168
34.8333
168
34.8667
168
34.9
168
34.9333
168
34.9667
168
35
168
35.0333
168
35.0667
168
35.1
168
35.1333
168
35.1667
168
35.2
168
35.2333
168
35.2667
168
35.3
168
35.3333
168
35.3667
168
35.4
168
35.4333
168
35.4667
168
35.5
168
35.5333
168
35.5667
168
35.6
168
35.6333
168
35.6667
168
35.7
168
35.7333
168
35.7667
168
35.8
168
35.8333
168
35.8667
168
35.9
168
35.9333
168
35.9667
168
36
168
36.0333
168
36.0667
168
36.1
168
36.1333
168
36.1667
168
36.2
168
36.2333
168
36.2667
168
36.3
168
36.3333
168
36.3667
168
36.4
168
36.4333
168
36.4667
168
36.5
168
36.5333
168
36.5667
168
36.6
168
36.6333
168
36.6667
168
36.7
168
36.7333
168
36.7667
168
36.8
168
36.8333
168
36.8667
168
36.9
168
36.9333
168
36.9667
168
37
168
37.0333
168
37.0667
168
37.1
168
37.1333
168
37.1667
168
37.2
168
37.2333
168
37.2667
168
37.3
169
37.3333
169
37.3667
169
37.4
169
37.4333
169
37.4667
169
37.5
170
37.5333
170
37.5667
170
37.6
170
37.6333
170
37.6667
170
37.7
170
37.7333
170
37.7667
170
37.8
170
37.8333
170
37.8667
170
37.9
170
37.9333
170
37.9667
170
38
170
38.0333
170
38.0667
170
38.1
170
38.1333
170
38.1667
170
38.2
170
38.2333
170
38.2667
170
38.3
170
38.3333
170
38.3667
170
38.4
170
38.4333
170
38.4667
170
38.5
170
38.5333
170
38.5667
170
38.6
170
38.6333
170
38.6667
170
38.7
170
38.7333
170
38.7667
170
38.8
170
38.8333
170
38.8667
170
38.9
170
38.9333
170
38.9667
170
39
171
39.0333
171
39.0667
171
39.1
171
39.1333
172
39.1667
172
39.2
172
39.2333
173
39.2667
173
39.3
173
39.3333
173
39.3667
173
39.4
173
39.4333
173
39.4667
173
39.5
173
39.5333
174
39.5667
174
39.6
174
39.6333
174
39.6667
174
39.7
174
39.7333
174
39.7667
174
39.8
174
39.8333
174
39.8667
174
39.9
175
39.9333
175
39.9667
175
40
175
40.0333
175
40.0667
175
40.1
175
40.1333
175
40.1667
175
40.2
175
40.2333
175
40.2667
175
40.3
175
40.3333
175
40.3667
176
40.4
176
40.4333
176
40.4667
176
40.5
176
40.5333
176
40.5667
176
40.6
176
40.6333
176
40.6667
176
40.7
176
40.7333
176
40.7667
176
40.8
176
40.8333
176
40.8667
176
40.9
176
40.9333
176
40.9667
177
41
178
41.0333
178
41.0667
178
41.1
178
41.1333
178
41.1667
178
41.2
179
41.2333
179
41.2667
179
41.3
179
41.3333
179
41.3667
179
41.4
179
41.4333
179
41.4667
179
41.5
179
41.5333
179
41.5667
179
41.6
179
41.6333
179
41.6667
179
41.7
179
41.7333
179
41.7667
179
41.8
179
41.8333
179
41.8667
179
41.9
179
41.9333
179
41.9667
179
42
179
42.0333
179
42.0667
179
42.1
179
42.1333
179
42.1667
179
42.2
179
42.2333
179
42.2667
179
42.3
179
42.3333
179
42.3667
179
42.4
179
42.4333
179
42.4667
179
42.5
179
42.5333
179
42.5667
179
42.6
179
42.6333
179
42.6667
179
42.7
179
42.7333
179
42.7667
179
42.8
179
42.8333
179
42.8667
179
42.9
179
42.9333
179
42.9667
179
43
179
43.0333
179
43.0667
179
43.1
179
43.1333
179
43.1667
179
43.2
179
43.2333
179
43.2667
179
43.3
179
43.3333
179
43.3667
179
43.4
179
43.4333
179
43.4667
179
43.5
179
43.5333
179
43.5667
179
43.6
179
43.6333
179
43.6667
179
43.7
179
43.7333
179
43.7667
179
43.8
179
43.8333
179
43.8667
179
43.9
179
43.9333
179
43.9667
179
44
179
44.0333
179
44.0667
179
44.1
179
44.1333
179
44.1667
179
44.2
179
44.2333
179
44.2667
179
44.3
179
44.3333
179
44.3667
179
44.4
179
44.4333
179
44.4667
179
44.5
179
44.5333
179
44.5667
179
44.6
179
44.6333
179
44.6667
179
44.7
179
44.7333
179
44.7667
179
44.8
179
44.8333
179
44.8667
179
44.9
179
44.9333
179
44.9667
179
45
179
45.0333
179
45.0667
179
45.1
179
45.1333
179
45.1667
179
45.2
179
45.2333
179
45.2667
179
45.3
179
45.3333
179
45.3667
179
45.4
179
45.4333
179
45.4667
179
45.5
179
45.5333
179
45.5667
179
45.6
179
45.6333
179
45.6667
179
45.7
179
45.7333
179
45.7667
179
45.8
179
45.8333
179
45.8667
179
45.9
179
45.9333
179
45.9667
179
46
179
46.0333
179
46.0667
179
46.1
179
46.1333
179
46.1667
179
46.2
179
46.2333
179
46.2667
179
46.3
179
46.3333
179
46.3667
179
46.4
179
46.4333
179
46.4667
179
46.5
179
46.5333
179
46.5667
179
46.6
179
46.6333
179
46.6667
179
46.7
179
46.7333
179
46.7667
179
46.8
179
46.8333
179
46.8667
179
46.9
179
46.9333
179
46.9667
179
47
179
47.0333
179
47.0667
179
47.1
179
47.1333
179
47.1667
179
47.2
179
47.2333
179
47.2667
179
47.3
179
47.3333
179
47.3667
179
47.4
179
47.4333
179
47.4667
179
47.5
179
47.5333
179
47.5667
179
47.6
179
47.6333
179
47.6667
179
47.7
179
47.7333
179
47.7667
179
47.8
179
47.8333
179
47.8667
179
47.9
179
47.9333
179
47.9667
179
48
179
48.0333
179
48.0667
179
48.1
179
48.1333
179
48.1667
179
48.2
179
48.2333
179
48.2667
179
48.3
179
48.3333
179
48.3667
179
48.4
179
48.4333
179
48.4667
179
48.5
179
48.5333
179
48.5667
179
48.6
179
48.6333
179
48.6667
179
48.7
179
48.7333
179
48.7667
179
48.8
179
48.8333
179
48.8667
179
48.9
179
48.9333
179
48.9667
179
49
179
49.0333
179
49.0667
179
49.1
179
49.1333
179
49.1667
179
49.2
179
49.2333
179
49.2667
179
49.3
179
49.3333
179
49.3667
179
49.4
179
49.4333
179
49.4667
179
49.5
179
49.5333
179
49.5667
179
49.6
179
49.6333
179
49.6667
179
49.7
179
49.7333
179
49.7667
179
49.8
179
49.8333
179
49.8667
179
49.9
179
49.9333
179
49.9667
179
50
179
50.0333
179
50.0667
179
50.1
179
50.1333
179
50.1667
179
50.2
179
50.2333
179
50.2667
179
50.3
179
50.3333
179
50.3667
179
50.4
179
50.4333
179
50.4667
179
50.5
179
50.5333
179
50.5667
179
50.6
179
50.6333
179
50.6667
179
50.7
179
50.7333
179
50.7667
179
50.8
179
50.8333
179
50.8667
179
50.9
179
50.9333
179
50.9667
179
51
179
51.0333
179
51.0667
179
51.1
179
51.1333
179
51.1667
179
51.2
179
51.2333
179
51.2667
179
51.3
179
51.3333
179
51.3667
179
51.4
179
51.4333
179
51.4667
179
51.5
179
51.5333
179
51.5667
179
51.6
179
51.6333
179
51.6667
179
51.7
179
51.7333
179
51.7667
179
51.8
179
51.8333
179
51.8667
179
51.9
179
51.9333
179
51.9667
179
52
179
52.0333
179
52.0667
179
52.1
179
52.1333
179
52.1667
179
52.2
179
52.2333
179
52.2667
179
52.3
179
52.3333
179
52.3667
179
52.4
179
52.4333
179
52.4667
179
52.5
179
52.5333
179
52.5667
179
52.6
179
52.6333
179
52.6667
179
52.7
179
52.7333
179
52.7667
179
52.8
179
52.8333
179
52.8667
179
52.9
179
52.9333
179
52.9667
179
53
179
53.0333
179
53.0667
179
53.1
179
53.1333
179
53.1667
179
53.2
179
53.2333
179
53.2667
179
53.3
179
53.3333
179
