0
1
0.0333333
1
0.0666667
1
0.1
1
0.133333
1
0.166667
1
0.2
1
0.233333
1
0.266667
1
0.3
1
0.333333
1
0.366667
1
0.4
1
0.433333
1
0.466667
1
0.5
1
0.533333
1
0.566667
1
0.6
1
0.633333
1
0.666667
1
0.7
1
0.733333
1
0.766667
1
0.8
1
0.833333
1
0.866667
1
0.9
1
0.933333
1
0.966667
1
1
1
1.03333
1
1.06667
1
1.1
1
1.13333
1
1.16667
1
1.2
1
1.23333
1
1.26667
1
1.3
1
1.33333
1
1.36667
1
1.4
1
1.43333
1
1.46667
1
1.5
1
1.53333
1
1.56667
1
1.6
1
1.63333
1
1.66667
1
1.7
1
1.73333
1
1.76667
1
1.8
1
1.83333
1
1.86667
1
1.9
1
1.93333
1
1.96667
1
2
1
2.03333
1
2.06667
1
2.1
1
2.13333
1
2.16667
1
2.2
1
2.23333
1
2.26667
1
2.3
1
2.33333
1
2.36667
1
2.4
1
2.43333
1
2.46667
1
2.5
1
2.53333
1
2.56667
1
2.6
1
2.63333
1
2.66667
1
2.7
1
2.73333
1
2.76667
1
2.8
1
2.83333
1
2.86667
1
2.9
1
2.93333
1
2.96667
1
3
1
3.03333
1
3.06667
1
3.1
1
3.13333
1
3.16667
1
3.2
1
3.23333
1
3.26667
1
3.3
1
3.33333
1
3.36667
1
3.4
1
3.43333
1
3.46667
1
3.5
1
3.53333
1
3.56667
1
3.6
1
3.63333
1
3.66667
1
3.7
1
3.73333
1
3.76667
1
3.8
1
3.83333
1
3.86667
1
3.9
1
3.93333
1
3.96667
1
4
1
4.03333
1
4.06667
1
4.1
1
4.13333
1
4.16667
1
4.2
1
4.23333
1
4.26667
1
4.3
1
4.33333
1
4.36667
1
4.4
2
4.43333
2
4.46667
2
4.5
2
4.53333
2
4.56667
2
4.6
2
4.63333
2
4.66667
2
4.7
3
4.73333
3
4.76667
3
4.8
3
4.83333
3
4.86667
3
4.9
4
4.93333
4
4.96667
4
5
4
5.03333
4
5.06667
4
5.1
4
5.13333
4
5.16667
4
5.2
5
5.23333
5
5.26667
6
5.3
7
5.33333
7
5.36667
7
5.4
7
5.43333
7
5.46667
8
5.5
9
5.53333
10
5.56667
10
5.6
10
5.63333
10
5.66667
10
5.7
12
5.73333
12
5.76667
12
5.8
12
5.83333
15
5.86667
16
5.9
16
5.93333
17
5.96667
17
6
17
6.03333
17
6.06667
17
6.1
18
6.13333
19
6.16667
19
6.2
20
6.23333
20
6.26667
23
6.3
23
6.33333
23
6.36667
24
6.4
24
6.43333
24
6.46667
25
6.5
26
6.53333
26
6.56667
28
6.6
30
6.63333
30
6.66667
31
6.7
32
6.73333
34
6.76667
35
6.8
35
6.83333
35
6.86667
36
6.9
36
6.93333
37
6.96667
37
7
38
7.03333
38
7.06667
39
7.1
39
7.13333
40
7.16667
41
7.2
41
7.23333
41
7.26667
41
7.3
41
7.33333
41
7.36667
42
7.4
42
7.43333
43
7.46667
44
7.5
44
7.53333
46
7.56667
46
7.6
46
7.63333
46
7.66667
47
7.7
48
7.73333
48
7.76667
48
7.8
49
7.83333
49
7.86667
50
7.9
50
7.93333
50
7.96667
50
8
51
8.03333
51
8.06667
51
8.1
51
8.13333
53
8.16667
53
8.2
53
8.23333
53
8.26667
53
8.3
53
8.33333
53
8.36667
53
8.4
53
8.43333
56
8.46667
58
8.5
58
8.53333
59
8.56667
60
8.6
60
8.63333
62
8.66667
63
8.7
64
8.73333
64
8.76667
64
8.8
65
8.83333
66
8.86667
67
8.9
67
8.93333
68
8.96667
68
9
70
9.03333
70
9.06667
70
9.1
71
9.13333
72
9.16667
74
9.2
74
9.23333
74
9.26667
75
9.3
75
9.33333
75
9.36667
76
9.4
77
9.43333
77
9.46667
78
9.5
79
9.53333
79
9.56667
79
9.6
81
9.63333
81
9.66667
82
9.7
82
9.73333
83
9.76667
84
9.8
86
9.83333
87
9.86667
88
9.9
90
9.93333
92
9.96667
92
10
94
10.0333
95
10.0667
96
10.1
97
10.1333
100
10.1667
101
10.2
103
10.2333
103
10.2667
103
10.3
104
10.3333
104
10.3667
104
10.4
104
10.4333
105
10.4667
106
10.5
108
10.5333
109
10.5667
110
10.6
112
10.6333
112
10.6667
112
10.7
112
10.7333
113
10.7667
117
10.8
117
10.8333
119
10.8667
120
10.9
120
10.9333
120
10.9667
120
11
121
11.0333
123
11.0667
124
11.1
125
11.1333
126
11.1667
129
11.2
130
11.2333
131
11.2667
131
11.3
132
11.3333
133
11.3667
133
11.4
135
11.4333
136
11.4667
138
11.5
139
11.5333
140
11.5667
141
11.6
143
11.6333
145
11.6667
146
11.7
147
11.7333
147
11.7667
149
11.8
149
11.8333
149
11.8667
150
11.9
150
11.9333
150
11.9667
151
12
151
12.0333
151
12.0667
152
12.1
153
12.1333
153
12.1667
154
12.2
155
12.2333
156
12.2667
156
12.3
157
12.3333
157
12.3667
157
12.4
161
12.4333
163
12.4667
163
12.5
164
12.5333
166
12.5667
166
12.6
167
12.6333
168
12.6667
169
12.7
170
12.7333
171
12.7667
171
12.8
171
12.8333
172
12.8667
172
12.9
172
12.9333
172
12.9667
173
13
174
13.0333
174
13.0667
175
13.1
175
13.1333
177
13.1667
178
13.2
178
13.2333
178
13.2667
179
13.3
179
13.3333
180
13.3667
182
13.4
182
13.4333
182
13.4667
182
13.5
183
13.5333
185
13.5667
186
13.6
186
13.6333
189
13.6667
191
13.7
192
13.7333
192
13.7667
192
13.8
194
13.8333
196
13.8667
198
13.9
202
13.9333
206
13.9667
209
14
210
14.0333
211
14.0667
211
14.1
212
14.1333
212
14.1667
213
14.2
213
14.2333
213
14.2667
217
14.3
218
14.3333
218
14.3667
218
14.4
221
14.4333
221
14.4667
224
14.5
225
14.5333
226
14.5667
226
14.6
228
14.6333
229
14.6667
230
14.7
230
14.7333
231
14.7667
231
14.8
231
14.8333
231
14.8667
233
14.9
233
14.9333
234
14.9667
237
15
238
15.0333
238
15.0667
238
15.1
239
15.1333
242
15.1667
245
15.2
247
15.2333
247
15.2667
247
15.3
247
15.3333
247
15.3667
248
15.4
249
15.4333
249
15.4667
250
15.5
252
15.5333
254
15.5667
255
15.6
255
15.6333
256
15.6667
257
15.7
257
15.7333
258
15.7667
260
15.8
262
15.8333
264
15.8667
266
15.9
267
15.9333
268
15.9667
270
16
272
16.0333
274
16.0667
275
16.1
276
16.1333
276
16.1667
277
16.2
280
16.2333
282
16.2667
285
16.3
285
16.3333
287
16.3667
287
16.4
287
16.4333
287
16.4667
289
16.5
290
16.5333
290
16.5667
291
16.6
292
16.6333
292
16.6667
293
16.7
293
16.7333
293
16.7667
294
16.8
294
16.8333
296
16.8667
296
16.9
297
16.9333
298
16.9667
298
17
298
17.0333
299
17.0667
299
17.1
300
17.1333
302
17.1667
302
17.2
303
17.2333
303
17.2667
304
17.3
305
17.3333
305
17.3667
307
17.4
307
17.4333
307
17.4667
307
17.5
307
17.5333
308
17.5667
309
17.6
309
17.6333
309
17.6667
309
17.7
309
17.7333
309
17.7667
309
17.8
312
17.8333
313
17.8667
315
17.9
315
17.9333
315
17.9667
315
18
315
18.0333
316
18.0667
317
18.1
317
18.1333
317
18.1667
317
18.2
317
18.2333
317
18.2667
318
18.3
319
18.3333
319
18.3667
320
18.4
320
18.4333
321
18.4667
321
18.5
321
18.5333
321
18.5667
321
18.6
321
18.6333
321
18.6667
322
18.7
322
18.7333
322
18.7667
322
18.8
322
18.8333
322
18.8667
322
18.9
323
18.9333
324
18.9667
325
19
325
19.0333
325
19.0667
326
19.1
326
19.1333
326
19.1667
326
19.2
327
19.2333
327
19.2667
327
19.3
329
19.3333
331
19.3667
331
19.4
331
19.4333
331
19.4667
331
19.5
331
19.5333
331
19.5667
331
19.6
332
19.6333
332
19.6667
332
19.7
333
19.7333
333
19.7667
334
19.8
334
19.8333
336
19.8667
336
19.9
336
19.9333
336
19.9667
336
20
336
20.0333
336
20.0667
336
20.1
336
20.1333
336
20.1667
337
20.2
337
20.2333
337
20.2667
337
20.3
338
20.3333
338
20.3667
338
20.4
338
20.4333
338
20.4667
338
20.5
338
20.5333
338
20.5667
338
20.6
338
20.6333
338
20.6667
338
20.7
338
20.7333
338
20.7667
339
20.8
339
20.8333
339
20.8667
339
20.9
339
20.9333
341
20.9667
341
21
341
21.0333
341
21.0667
341
21.1
341
21.1333
341
21.1667
341
21.2
341
21.2333
342
21.2667
343
21.3
343
21.3333
343
21.3667
343
21.4
343
21.4333
343
21.4667
343
21.5
343
21.5333
344
21.5667
344
21.6
344
21.6333
344
21.6667
344
21.7
344
21.7333
344
21.7667
344
21.8
345
21.8333
346
21.8667
346
21.9
347
21.9333
347
21.9667
347
22
348
22.0333
348
22.0667
348
22.1
348
22.1333
348
22.1667
348
22.2
348
22.2333
348
22.2667
349
22.3
350
22.3333
350
22.3667
352
22.4
352
22.4333
353
22.4667
354
22.5
354
22.5333
354
22.5667
354
22.6
356
22.6333
356
22.6667
357
22.7
357
22.7333
358
22.7667
358
22.8
359
22.8333
359
22.8667
359
22.9
360
22.9333
360
22.9667
361
23
361
23.0333
361
23.0667
361
23.1
361
23.1333
361
23.1667
361
23.2
362
23.2333
362
23.2667
362
23.3
362
23.3333
362
23.3667
362
23.4
362
23.4333
362
23.4667
362
23.5
362
23.5333
362
23.5667
362
23.6
363
23.6333
364
23.6667
364
23.7
364
23.7333
364
23.7667
364
23.8
365
23.8333
366
23.8667
366
23.9
366
23.9333
368
23.9667
369
24
370
24.0333
370
24.0667
370
24.1
370
24.1333
370
24.1667
370
24.2
370
24.2333
370
24.2667
370
24.3
370
24.3333
370
24.3667
370
24.4
370
24.4333
370
24.4667
371
24.5
371
24.5333
371
24.5667
372
24.6
372
24.6333
372
24.6667
372
24.7
372
24.7333
374
24.7667
374
24.8
374
24.8333
374
24.8667
374
24.9
374
24.9333
374
24.9667
374
25
374
25.0333
375
25.0667
376
25.1
376
25.1333
376
25.1667
376
25.2
376
25.2333
376
25.2667
376
25.3
376
25.3333
376
25.3667
376
25.4
376
25.4333
376
25.4667
376
25.5
376
25.5333
376
25.5667
376
25.6
376
25.6333
376
25.6667
376
25.7
376
25.7333
376
25.7667
376
25.8
376
25.8333
376
25.8667
376
25.9
376
25.9333
376
25.9667
376
26
377
26.0333
377
26.0667
377
26.1
377
26.1333
377
26.1667
377
26.2
377
26.2333
377
26.2667
378
26.3
378
26.3333
378
26.3667
379
26.4
379
26.4333
379
26.4667
379
26.5
379
26.5333
379
26.5667
379
26.6
379
26.6333
379
26.6667
379
26.7
379
26.7333
380
26.7667
380
26.8
380
26.8333
380
26.8667
381
26.9
381
26.9333
381
26.9667
381
27
381
27.0333
381
27.0667
382
27.1
382
27.1333
382
27.1667
382
27.2
382
27.2333
382
27.2667
383
27.3
384
27.3333
384
27.3667
384
27.4
384
27.4333
384
27.4667
384
27.5
384
27.5333
384
27.5667
384
27.6
384
27.6333
384
27.6667
384
27.7
384
27.7333
384
27.7667
384
27.8
384
27.8333
384
27.8667
385
27.9
386
27.9333
386
27.9667
386
28
387
28.0333
387
28.0667
388
28.1
388
28.1333
389
28.1667
389
28.2
389
28.2333
389
28.2667
389
28.3
389
28.3333
389
28.3667
389
28.4
390
28.4333
390
28.4667
390
28.5
390
28.5333
390
28.5667
390
28.6
390
28.6333
390
28.6667
390
28.7
390
28.7333
390
28.7667
391
28.8
392
28.8333
392
28.8667
393
28.9
393
28.9333
393
28.9667
393
29
393
29.0333
393
29.0667
393
29.1
393
29.1333
393
29.1667
393
29.2
393
29.2333
393
29.2667
393
29.3
393
29.3333
394
29.3667
395
29.4
395
29.4333
395
29.4667
395
29.5
395
29.5333
396
29.5667
396
29.6
396
29.6333
396
29.6667
397
29.7
397
29.7333
397
29.7667
397
29.8
397
29.8333
397
29.8667
397
29.9
397
29.9333
397
29.9667
397
30
397
30.0333
399
30.0667
400
30.1
400
30.1333
400
30.1667
400
30.2
400
30.2333
400
30.2667
400
30.3
401
30.3333
402
30.3667
403
30.4
403
30.4333
403
30.4667
403
30.5
403
30.5333
405
30.5667
406
30.6
407
30.6333
407
30.6667
407
30.7
407
30.7333
409
30.7667
409
30.8
409
30.8333
410
30.8667
411
30.9
411
30.9333
411
30.9667
412
31
412
31.0333
412
31.0667
412
31.1
412
31.1333
412
31.1667
413
31.2
413
31.2333
413
31.2667
413
31.3
413
31.3333
413
31.3667
413
31.4
414
31.4333
414
31.4667
414
31.5
414
31.5333
414
31.5667
414
31.6
415
31.6333
415
31.6667
415
31.7
415
31.7333
415
31.7667
415
31.8
415
31.8333
415
31.8667
415
31.9
415
31.9333
415
31.9667
415
32
416
32.0333
416
32.0667
416
32.1
416
32.1333
416
32.1667
416
32.2
416
32.2333
416
32.2667
416
32.3
416
32.3333
416
32.3667
416
32.4
417
32.4333
417
32.4667
418
32.5
418
32.5333
418
32.5667
418
32.6
418
32.6333
418
32.6667
418
32.7
418
32.7333
418
32.7667
418
32.8
418
32.8333
419
32.8667
419
32.9
419
32.9333
419
32.9667
420
33
420
33.0333
420
33.0667
420
33.1
420
33.1333
420
33.1667
420
33.2
420
33.2333
420
33.2667
421
33.3
421
33.3333
421
33.3667
421
33.4
421
33.4333
421
33.4667
421
33.5
421
33.5333
421
33.5667
421
33.6
421
33.6333
421
33.6667
421
33.7
421
33.7333
421
33.7667
421
33.8
424
33.8333
424
33.8667
424
33.9
424
33.9333
424
33.9667
425
34
425
34.0333
425
34.0667
425
34.1
426
34.1333
427
34.1667
428
34.2
428
34.2333
428
34.2667
428
34.3
428
34.3333
428
34.3667
428
34.4
428
34.4333
428
34.4667
428
34.5
428
34.5333
428
34.5667
428
34.6
428
34.6333
428
34.6667
428
34.7
428
34.7333
428
34.7667
428
34.8
428
34.8333
428
34.8667
428
34.9
428
34.9333
428
34.9667
429
35
429
35.0333
429
35.0667
429
35.1
429
35.1333
430
35.1667
430
35.2
430
35.2333
430
35.2667
430
35.3
430
35.3333
430
35.3667
430
35.4
430
35.4333
430
35.4667
430
35.5
430
35.5333
430
35.5667
430
35.6
430
35.6333
430
35.6667
430
35.7
430
35.7333
430
35.7667
430
35.8
430
35.8333
430
35.8667
430
35.9
430
35.9333
431
35.9667
431
36
433
36.0333
434
36.0667
435
36.1
436
36.1333
436
36.1667
437
36.2
437
36.2333
437
36.2667
437
36.3
437
36.3333
437
36.3667
437
36.4
437
36.4333
438
36.4667
438
36.5
438
36.5333
438
36.5667
439
36.6
439
36.6333
439
36.6667
439
36.7
439
36.7333
439
36.7667
439
36.8
439
36.8333
439
36.8667
439
36.9
439
36.9333
439
36.9667
439
37
441
37.0333
441
37.0667
441
37.1
441
37.1333
441
37.1667
441
37.2
442
37.2333
442
37.2667
442
37.3
442
37.3333
442
37.3667
442
37.4
442
37.4333
442
37.4667
442
37.5
442
37.5333
442
37.5667
442
37.6
442
37.6333
442
37.6667
442
37.7
442
37.7333
442
37.7667
442
37.8
442
37.8333
442
37.8667
442
37.9
442
37.9333
442
37.9667
442
38
443
38.0333
444
38.0667
444
38.1
444
38.1333
444
38.1667
444
38.2
444
38.2333
444
38.2667
444
38.3
444
38.3333
444
38.3667
444
38.4
444
38.4333
444
38.4667
444
38.5
444
38.5333
444
38.5667
444
38.6
444
38.6333
444
38.6667
444
38.7
444
38.7333
444
38.7667
445
38.8
445
38.8333
445
38.8667
445
38.9
445
38.9333
445
38.9667
445
39
445
39.0333
446
39.0667
446
39.1
446
39.1333
446
39.1667
446
39.2
446
39.2333
446
39.2667
446
39.3
446
39.3333
446
39.3667
446
39.4
446
39.4333
446
39.4667
446
39.5
446
39.5333
446
39.5667
446
39.6
446
39.6333
446
39.6667
446
39.7
447
39.7333
447
39.7667
447
39.8
447
39.8333
447
39.8667
447
39.9
447
39.9333
447
39.9667
447
40
447
40.0333
447
40.0667
447
40.1
447
40.1333
447
40.1667
447
40.2
447
40.2333
447
40.2667
448
40.3
448
40.3333
448
40.3667
448
40.4
448
40.4333
448
40.4667
448
40.5
448
40.5333
448
40.5667
448
40.6
448
40.6333
448
40.6667
448
40.7
448
40.7333
448
40.7667
448
40.8
448
40.8333
448
40.8667
448
40.9
448
40.9333
448
40.9667
448
41
448
41.0333
448
41.0667
448
41.1
448
41.1333
448
41.1667
448
41.2
448
41.2333
448
41.2667
448
41.3
448
41.3333
448
41.3667
448
41.4
448
41.4333
448
41.4667
448
41.5
448
41.5333
448
41.5667
448
41.6
448
41.6333
448
41.6667
448
41.7
449
41.7333
449
41.7667
449
41.8
449
41.8333
449
41.8667
450
41.9
450
41.9333
450
41.9667
450
42
450
42.0333
450
42.0667
450
42.1
450
42.1333
450
42.1667
451
42.2
451
42.2333
451
42.2667
451
42.3
451
42.3333
451
42.3667
451
42.4
451
42.4333
451
42.4667
451
42.5
451
42.5333
451
42.5667
451
42.6
451
42.6333
451
42.6667
451
42.7
451
42.7333
451
42.7667
452
42.8
452
42.8333
452
42.8667
453
42.9
453
42.9333
453
42.9667
453
43
453
43.0333
453
43.0667
455
43.1
455
43.1333
455
43.1667
455
43.2
455
43.2333
456
43.2667
456
43.3
456
43.3333
456
43.3667
456
43.4
456
43.4333
456
43.4667
457
43.5
457
43.5333
458
43.5667
458
43.6
458
43.6333
459
43.6667
459
43.7
459
43.7333
459
43.7667
459
43.8
459
43.8333
459
43.8667
459
43.9
459
43.9333
459
43.9667
459
44
459
44.0333
459
44.0667
459
44.1
459
44.1333
459
44.1667
459
44.2
459
44.2333
459
44.2667
459
44.3
459
44.3333
459
44.3667
459
44.4
459
44.4333
459
44.4667
459
44.5
459
44.5333
459
44.5667
459
44.6
459
44.6333
459
44.6667
459
44.7
459
44.7333
459
44.7667
459
44.8
459
44.8333
459
44.8667
459
44.9
459
44.9333
459
44.9667
459
45
459
45.0333
459
45.0667
459
45.1
459
45.1333
459
45.1667
459
45.2
459
45.2333
459
45.2667
459
45.3
459
45.3333
459
45.3667
459
45.4
459
45.4333
459
45.4667
459
45.5
459
45.5333
459
45.5667
459
45.6
459
45.6333
459
45.6667
459
45.7
459
45.7333
459
45.7667
459
45.8
459
45.8333
459
45.8667
459
45.9
459
45.9333
459
45.9667
459
46
459
46.0333
459
46.0667
459
46.1
459
46.1333
459
46.1667
459
46.2
459
46.2333
459
46.2667
459
46.3
459
46.3333
459
46.3667
459
46.4
459
46.4333
459
46.4667
459
46.5
459
46.5333
459
46.5667
459
46.6
459
46.6333
459
46.6667
459
46.7
459
46.7333
459
46.7667
459
46.8
459
46.8333
459
46.8667
459
46.9
459
46.9333
459
46.9667
459
47
459
47.0333
459
47.0667
459
47.1
459
47.1333
459
47.1667
459
47.2
459
47.2333
459
47.2667
459
47.3
459
47.3333
459
47.3667
459
47.4
459
47.4333
459
47.4667
459
47.5
459
47.5333
459
47.5667
459
47.6
459
47.6333
459
47.6667
459
47.7
459
47.7333
459
47.7667
459
47.8
459
47.8333
460
47.8667
460
47.9
460
47.9333
460
47.9667
460
48
460
48.0333
460
48.0667
460
48.1
460
48.1333
460
48.1667
460
48.2
460
48.2333
460
48.2667
460
48.3
460
48.3333
460
48.3667
460
48.4
460
48.4333
460
48.4667
460
48.5
460
48.5333
460
48.5667
460
48.6
460
48.6333
460
48.6667
460
48.7
460
48.7333
460
48.7667
460
48.8
460
48.8333
460
48.8667
460
48.9
460
48.9333
460
48.9667
460
49
460
49.0333
460
49.0667
460
49.1
460
49.1333
460
49.1667
460
49.2
460
49.2333
460
49.2667
460
49.3
460
49.3333
460
49.3667
460
49.4
460
49.4333
460
49.4667
460
49.5
460
49.5333
460
49.5667
460
49.6
460
49.6333
460
49.6667
460
49.7
460
49.7333
460
49.7667
460
49.8
460
49.8333
460
49.8667
460
49.9
460
49.9333
460
49.9667
460
50
460
50.0333
460
50.0667
461
50.1
461
50.1333
461
50.1667
461
50.2
461
50.2333
461
50.2667
461
50.3
461
50.3333
461
50.3667
461
50.4
461
50.4333
461
50.4667
461
50.5
462
50.5333
462
50.5667
462
50.6
462
50.6333
462
50.6667
462
50.7
462
50.7333
462
50.7667
463
50.8
463
50.8333
463
50.8667
463
50.9
463
50.9333
463
50.9667
463
51
463
51.0333
463
51.0667
463
51.1
463
51.1333
463
51.1667
463
51.2
463
51.2333
463
51.2667
463
51.3
463
51.3333
463
51.3667
463
51.4
463
51.4333
463
51.4667
463
51.5
463
51.5333
463
51.5667
463
51.6
463
51.6333
463
51.6667
463
51.7
463
51.7333
463
51.7667
463
51.8
463
51.8333
463
51.8667
463
51.9
463
51.9333
463
51.9667
463
52
463
52.0333
464
52.0667
464
52.1
464
52.1333
464
52.1667
464
52.2
464
52.2333
464
52.2667
464
52.3
464
52.3333
464
52.3667
464
52.4
464
52.4333
464
52.4667
464
52.5
464
52.5333
464
52.5667
464
52.6
464
52.6333
464
52.6667
464
52.7
464
52.7333
464
52.7667
464
52.8
464
52.8333
464
52.8667
464
52.9
464
52.9333
464
52.9667
464
53
464
53.0333
464
53.0667
464
53.1
464
53.1333
464
53.1667
464
53.2
464
53.2333
464
53.2667
464
53.3
464
53.3333
464
