0
1
0.0333333
1
0.0666667
1
0.1
1
0.133333
1
0.166667
1
0.2
1
0.233333
1
0.266667
1
0.3
1
0.333333
1
0.366667
1
0.4
1
0.433333
1
0.466667
1
0.5
1
0.533333
1
0.566667
1
0.6
1
0.633333
1
0.666667
1
0.7
1
0.733333
1
0.766667
1
0.8
1
0.833333
1
0.866667
1
0.9
1
0.933333
1
0.966667
1
1
1
1.03333
1
1.06667
1
1.1
1
1.13333
1
1.16667
1
1.2
1
1.23333
1
1.26667
1
1.3
1
1.33333
1
1.36667
1
1.4
1
1.43333
1
1.46667
1
1.5
1
1.53333
1
1.56667
1
1.6
1
1.63333
1
1.66667
1
1.7
1
1.73333
1
1.76667
1
1.8
1
1.83333
1
1.86667
1
1.9
1
1.93333
1
1.96667
1
2
1
2.03333
1
2.06667
1
2.1
1
2.13333
1
2.16667
1
2.2
1
2.23333
1
2.26667
1
2.3
1
2.33333
1
2.36667
1
2.4
1
2.43333
1
2.46667
1
2.5
1
2.53333
1
2.56667
1
2.6
1
2.63333
1
2.66667
1
2.7
1
2.73333
1
2.76667
1
2.8
1
2.83333
1
2.86667
1
2.9
1
2.93333
1
2.96667
1
3
1
3.03333
1
3.06667
1
3.1
1
3.13333
1
3.16667
1
3.2
1
3.23333
1
3.26667
1
3.3
1
3.33333
1
3.36667
1
3.4
1
3.43333
1
3.46667
1
3.5
1
3.53333
1
3.56667
1
3.6
1
3.63333
1
3.66667
1
3.7
1
3.73333
1
3.76667
1
3.8
1
3.83333
1
3.86667
1
3.9
1
3.93333
1
3.96667
1
4
1
4.03333
1
4.06667
1
4.1
1
4.13333
1
4.16667
1
4.2
1
4.23333
1
4.26667
1
4.3
1
4.33333
1
4.36667
1
4.4
1
4.43333
1
4.46667
1
4.5
1
4.53333
1
4.56667
1
4.6
1
4.63333
1
4.66667
1
4.7
1
4.73333
1
4.76667
1
4.8
1
4.83333
1
4.86667
1
4.9
1
4.93333
1
4.96667
1
5
1
5.03333
1
5.06667
1
5.1
1
5.13333
1
5.16667
1
5.2
1
5.23333
1
5.26667
2
5.3
2
5.33333
2
5.36667
2
5.4
2
5.43333
2
5.46667
2
5.5
2
5.53333
2
5.56667
2
5.6
2
5.63333
2
5.66667
2
5.7
5
5.73333
5
5.76667
6
5.8
7
5.83333
8
5.86667
9
5.9
11
5.93333
12
5.96667
12
6
13
6.03333
14
6.06667
15
6.1
16
6.13333
16
6.16667
19
6.2
20
6.23333
22
6.26667
25
6.3
28
6.33333
28
6.36667
30
6.4
32
6.43333
36
6.46667
38
6.5
41
6.53333
41
6.56667
43
6.6
46
6.63333
47
6.66667
51
6.7
52
6.73333
56
6.76667
59
6.8
60
6.83333
65
6.86667
65
6.9
67
6.93333
68
6.96667
72
7
72
7.03333
74
7.06667
74
7.1
75
7.13333
75
7.16667
75
7.2
79
7.23333
80
7.26667
81
7.3
82
7.33333
82
7.36667
84
7.4
87
7.43333
87
7.46667
87
7.5
88
7.53333
88
7.56667
89
7.6
91
7.63333
92
7.66667
92
7.7
93
7.73333
93
7.76667
94
7.8
94
7.83333
95
7.86667
97
7.9
97
7.93333
98
7.96667
98
8
99
8.03333
99
8.06667
99
8.1
100
8.13333
102
8.16667
103
8.2
105
8.23333
105
8.26667
105
8.3
105
8.33333
107
8.36667
107
8.4
107
8.43333
109
8.46667
110
8.5
112
8.53333
112
8.56667
114
8.6
114
8.63333
114
8.66667
114
8.7
116
8.73333
117
8.76667
118
8.8
120
8.83333
120
8.86667
120
8.9
120
8.93333
120
8.96667
122
9
124
9.03333
125
9.06667
125
9.1
126
9.13333
129
9.16667
131
9.2
135
9.23333
136
9.26667
136
9.3
136
9.33333
138
9.36667
142
9.4
143
9.43333
144
9.46667
144
9.5
145
9.53333
145
9.56667
145
9.6
145
9.63333
146
9.66667
148
9.7
149
9.73333
151
9.76667
152
9.8
156
9.83333
159
9.86667
160
9.9
162
9.93333
167
9.96667
169
10
171
10.0333
171
10.0667
171
10.1
172
10.1333
173
10.1667
173
10.2
177
10.2333
178
10.2667
179
10.3
180
10.3333
182
10.3667
183
10.4
185
10.4333
185
10.4667
185
10.5
186
10.5333
191
10.5667
194
10.6
194
10.6333
195
10.6667
195
10.7
196
10.7333
197
10.7667
200
10.8
203
10.8333
203
10.8667
203
10.9
204
10.9333
205
10.9667
208
11
208
11.0333
209
11.0667
210
11.1
210
11.1333
211
11.1667
212
11.2
212
11.2333
212
11.2667
213
11.3
213
11.3333
213
11.3667
213
11.4
213
11.4333
214
11.4667
216
11.5
218
11.5333
219
11.5667
219
11.6
219
11.6333
219
11.6667
219
11.7
219
11.7333
219
11.7667
219
11.8
220
11.8333
220
11.8667
221
11.9
221
11.9333
221
11.9667
221
12
221
12.0333
224
12.0667
224
12.1
224
12.1333
225
12.1667
226
12.2
227
12.2333
227
12.2667
229
12.3
230
12.3333
230
12.3667
230
12.4
230
12.4333
231
12.4667
232
12.5
232
12.5333
232
12.5667
232
12.6
233
12.6333
233
12.6667
234
12.7
234
12.7333
235
12.7667
235
12.8
235
12.8333
237
12.8667
237
12.9
237
12.9333
237
12.9667
239
13
240
13.0333
241
13.0667
241
13.1
243
13.1333
243
13.1667
243
13.2
243
13.2333
244
13.2667
244
13.3
244
13.3333
245
13.3667
246
13.4
246
13.4333
246
13.4667
248
13.5
249
13.5333
250
13.5667
251
13.6
252
13.6333
252
13.6667
252
13.7
253
13.7333
253
13.7667
255
13.8
256
13.8333
256
13.8667
259
13.9
260
13.9333
261
13.9667
262
14
262
14.0333
262
14.0667
262
14.1
263
14.1333
265
14.1667
266
14.2
267
14.2333
267
14.2667
270
14.3
270
14.3333
270
14.3667
271
14.4
271
14.4333
272
14.4667
272
14.5
272
14.5333
272
14.5667
272
14.6
272
14.6333
272
14.6667
272
14.7
273
14.7333
273
14.7667
273
14.8
274
14.8333
275
14.8667
275
14.9
275
14.9333
275
14.9667
275
15
275
15.0333
275
15.0667
275
15.1
275
15.1333
275
15.1667
276
15.2
277
15.2333
277
15.2667
277
15.3
277
15.3333
278
15.3667
278
15.4
280
15.4333
280
15.4667
280
15.5
280
15.5333
280
15.5667
281
15.6
283
15.6333
284
15.6667
285
15.7
285
15.7333
285
15.7667
286
15.8
287
15.8333
287
15.8667
287
15.9
288
15.9333
288
15.9667
288
16
290
16.0333
290
16.0667
291
16.1
291
16.1333
291
16.1667
291
16.2
291
16.2333
291
16.2667
292
16.3
292
16.3333
292
16.3667
292
16.4
293
16.4333
293
16.4667
293
16.5
293
16.5333
293
16.5667
293
16.6
294
16.6333
294
16.6667
294
16.7
294
16.7333
294
16.7667
294
16.8
294
16.8333
294
16.8667
294
16.9
294
16.9333
295
16.9667
295
17
297
17.0333
297
17.0667
297
17.1
297
17.1333
297
17.1667
297
17.2
298
17.2333
298
17.2667
298
17.3
298
17.3333
299
17.3667
299
17.4
299
17.4333
299
17.4667
299
17.5
299
17.5333
300
17.5667
300
17.6
301
17.6333
301
17.6667
301
17.7
301
17.7333
301
17.7667
301
17.8
301
17.8333
301
17.8667
301
17.9
301
17.9333
301
17.9667
301
18
301
18.0333
301
18.0667
302
18.1
302
18.1333
303
18.1667
305
18.2
305
18.2333
305
18.2667
305
18.3
305
18.3333
305
18.3667
305
18.4
305
18.4333
305
18.4667
305
18.5
305
18.5333
305
18.5667
305
18.6
305
18.6333
307
18.6667
308
18.7
309
18.7333
309
18.7667
310
18.8
310
18.8333
310
18.8667
311
18.9
311
18.9333
311
18.9667
311
19
311
19.0333
311
19.0667
311
19.1
311
19.1333
313
19.1667
313
19.2
313
19.2333
314
19.2667
314
19.3
315
19.3333
316
19.3667
317
19.4
317
19.4333
317
19.4667
317
19.5
318
19.5333
318
19.5667
318
19.6
318
19.6333
318
19.6667
318
19.7
318
19.7333
319
19.7667
319
19.8
319
19.8333
319
19.8667
319
19.9
319
19.9333
319
19.9667
320
20
320
20.0333
320
20.0667
320
20.1
321
20.1333
321
20.1667
322
20.2
323
20.2333
323
20.2667
323
20.3
324
20.3333
325
20.3667
325
20.4
327
20.4333
327
20.4667
327
20.5
328
20.5333
328
20.5667
330
20.6
331
20.6333
332
20.6667
332
20.7
332
20.7333
332
20.7667
332
20.8
332
20.8333
332
20.8667
333
20.9
333
20.9333
333
20.9667
334
21
335
21.0333
335
21.0667
335
21.1
335
21.1333
335
21.1667
335
21.2
336
21.2333
336
21.2667
336
21.3
337
21.3333
337
21.3667
337
21.4
337
21.4333
337
21.4667
337
21.5
338
21.5333
338
21.5667
338
21.6
339
21.6333
340
21.6667
340
21.7
340
21.7333
340
21.7667
340
21.8
340
21.8333
340
21.8667
340
21.9
340
21.9333
340
21.9667
340
22
340
22.0333
340
22.0667
340
22.1
340
22.1333
340
22.1667
341
22.2
341
22.2333
341
22.2667
341
22.3
342
22.3333
342
22.3667
343
22.4
343
22.4333
343
22.4667
343
22.5
343
22.5333
343
22.5667
343
22.6
343
22.6333
343
22.6667
343
22.7
343
22.7333
344
22.7667
344
22.8
344
22.8333
344
22.8667
345
22.9
345
22.9333
345
22.9667
345
23
345
23.0333
345
23.0667
345
23.1
345
23.1333
345
23.1667
346
23.2
346
23.2333
347
23.2667
347
23.3
347
23.3333
347
23.3667
347
23.4
348
23.4333
348
23.4667
348
23.5
349
23.5333
349
23.5667
349
23.6
349
23.6333
349
23.6667
349
23.7
349
23.7333
349
23.7667
349
23.8
349
23.8333
350
23.8667
351
23.9
351
23.9333
351
23.9667
351
24
351
24.0333
351
24.0667
353
24.1
353
24.1333
353
24.1667
353
24.2
353
24.2333
353
24.2667
354
24.3
354
24.3333
354
24.3667
355
24.4
355
24.4333
355
24.4667
356
24.5
356
24.5333
358
24.5667
358
24.6
358
24.6333
358
24.6667
358
24.7
358
24.7333
358
24.7667
358
24.8
358
24.8333
359
24.8667
359
24.9
359
24.9333
359
24.9667
359
25
359
25.0333
359
25.0667
359
25.1
359
25.1333
359
25.1667
359
25.2
359
25.2333
359
25.2667
359
25.3
359
25.3333
359
25.3667
359
25.4
359
25.4333
359
25.4667
359
25.5
359
25.5333
359
25.5667
359
25.6
360
25.6333
360
25.6667
360
25.7
360
25.7333
360
25.7667
360
25.8
360
25.8333
360
25.8667
361
25.9
361
25.9333
361
25.9667
361
26
362
26.0333
363
26.0667
363
26.1
363
26.1333
363
26.1667
363
26.2
365
26.2333
365
26.2667
365
26.3
365
26.3333
365
26.3667
366
26.4
368
26.4333
368
26.4667
369
26.5
370
26.5333
370
26.5667
371
26.6
371
26.6333
372
26.6667
372
26.7
372
26.7333
373
26.7667
373
26.8
373
26.8333
373
26.8667
373
26.9
373
26.9333
373
26.9667
373
27
373
27.0333
374
27.0667
375
27.1
375
27.1333
377
27.1667
378
27.2
378
27.2333
378
27.2667
378
27.3
379
27.3333
379
27.3667
379
27.4
379
27.4333
379
27.4667
379
27.5
379
27.5333
379
27.5667
379
27.6
382
27.6333
382
27.6667
382
27.7
382
27.7333
382
27.7667
383
27.8
384
27.8333
384
27.8667
384
27.9
384
27.9333
384
27.9667
384
28
384
28.0333
384
28.0667
384
28.1
384
28.1333
385
28.1667
386
28.2
386
28.2333
387
28.2667
388
28.3
388
28.3333
388
28.3667
388
28.4
388
28.4333
388
28.4667
388
28.5
388
28.5333
388
28.5667
388
28.6
389
28.6333
389
28.6667
390
28.7
390
28.7333
390
28.7667
390
28.8
390
28.8333
390
28.8667
390
28.9
390
28.9333
391
28.9667
391
29
391
29.0333
391
29.0667
391
29.1
391
29.1333
391
29.1667
391
29.2
391
29.2333
391
29.2667
391
29.3
391
29.3333
391
29.3667
391
29.4
391
29.4333
391
29.4667
391
29.5
391
29.5333
392
29.5667
392
29.6
392
29.6333
392
29.6667
392
29.7
392
29.7333
394
29.7667
394
29.8
394
29.8333
394
29.8667
394
29.9
394
29.9333
394
29.9667
394
30
394
30.0333
394
30.0667
395
30.1
395
30.1333
395
30.1667
395
30.2
395
30.2333
396
30.2667
396
30.3
396
30.3333
396
30.3667
396
30.4
396
30.4333
396
30.4667
396
30.5
396
30.5333
396
30.5667
396
30.6
396
30.6333
396
30.6667
396
30.7
396
30.7333
396
30.7667
396
30.8
396
30.8333
396
30.8667
396
30.9
396
30.9333
396
30.9667
396
31
396
31.0333
396
31.0667
396
31.1
396
31.1333
396
31.1667
396
31.2
396
31.2333
396
31.2667
396
31.3
396
31.3333
396
31.3667
396
31.4
396
31.4333
396
31.4667
396
31.5
396
31.5333
396
31.5667
396
31.6
396
31.6333
396
31.6667
396
31.7
396
31.7333
397
31.7667
397
31.8
397
31.8333
397
31.8667
397
31.9
397
31.9333
397
31.9667
397
32
397
32.0333
397
32.0667
397
32.1
397
32.1333
397
32.1667
397
32.2
397
32.2333
398
32.2667
399
32.3
400
32.3333
400
32.3667
400
32.4
400
32.4333
400
32.4667
400
32.5
400
32.5333
400
32.5667
400
32.6
400
32.6333
400
32.6667
400
32.7
400
32.7333
400
32.7667
400
32.8
400
32.8333
400
32.8667
400
32.9
400
32.9333
400
32.9667
400
33
400
33.0333
400
33.0667
400
33.1
400
33.1333
400
33.1667
400
33.2
400
33.2333
400
33.2667
400
33.3
400
33.3333
400
33.3667
400
33.4
400
33.4333
400
33.4667
400
33.5
400
33.5333
400
33.5667
400
33.6
400
33.6333
400
33.6667
400
33.7
400
33.7333
400
33.7667
400
33.8
401
33.8333
401
33.8667
402
33.9
402
33.9333
402
33.9667
402
34
403
34.0333
403
34.0667
403
34.1
403
34.1333
403
34.1667
403
34.2
404
34.2333
404
34.2667
404
34.3
405
34.3333
405
34.3667
405
34.4
405
34.4333
405
34.4667
405
34.5
405
34.5333
405
34.5667
405
34.6
405
34.6333
405
34.6667
405
34.7
405
34.7333
405
34.7667
405
34.8
405
34.8333
405
34.8667
405
34.9
405
34.9333
405
34.9667
405
35
405
35.0333
405
35.0667
405
35.1
405
35.1333
405
35.1667
405
35.2
405
35.2333
405
35.2667
405
35.3
405
35.3333
405
35.3667
405
35.4
405
35.4333
405
35.4667
405
35.5
405
35.5333
406
35.5667
407
35.6
407
35.6333
407
35.6667
407
35.7
407
35.7333
407
35.7667
408
35.8
408
35.8333
409
35.8667
409
35.9
409
35.9333
409
35.9667
409
36
409
36.0333
409
36.0667
409
36.1
409
36.1333
409
36.1667
409
36.2
409
36.2333
409
36.2667
409
36.3
409
36.3333
409
36.3667
409
36.4
409
36.4333
409
36.4667
409
36.5
409
36.5333
409
36.5667
409
36.6
409
36.6333
409
36.6667
409
36.7
409
36.7333
409
36.7667
409
36.8
409
36.8333
409
36.8667
410
36.9
410
36.9333
410
36.9667
410
37
410
37.0333
411
37.0667
411
37.1
411
37.1333
411
37.1667
411
37.2
411
37.2333
411
37.2667
411
37.3
411
37.3333
411
37.3667
411
37.4
411
37.4333
411
37.4667
411
37.5
411
37.5333
411
37.5667
411
37.6
411
37.6333
411
37.6667
411
37.7
411
37.7333
411
37.7667
411
37.8
411
37.8333
411
37.8667
411
37.9
411
37.9333
411
37.9667
411
38
411
38.0333
411
38.0667
412
38.1
412
38.1333
412
38.1667
412
38.2
412
38.2333
412
38.2667
412
38.3
412
38.3333
412
38.3667
412
38.4
412
38.4333
412
38.4667
412
38.5
412
38.5333
412
38.5667
412
38.6
412
38.6333
412
38.6667
412
38.7
412
38.7333
412
38.7667
412
38.8
412
38.8333
412
38.8667
412
38.9
412
38.9333
412
38.9667
412
39
412
39.0333
412
39.0667
412
39.1
412
39.1333
412
39.1667
412
39.2
412
39.2333
414
39.2667
414
39.3
414
39.3333
414
39.3667
414
39.4
414
39.4333
414
39.4667
414
39.5
414
39.5333
414
39.5667
414
39.6
414
39.6333
414
39.6667
414
39.7
414
39.7333
414
39.7667
414
39.8
414
39.8333
414
39.8667
414
39.9
414
39.9333
414
39.9667
414
40
414
40.0333
414
40.0667
414
40.1
414
40.1333
414
40.1667
414
40.2
415
40.2333
415
40.2667
415
40.3
415
40.3333
415
40.3667
416
40.4
416
40.4333
416
40.4667
416
40.5
416
40.5333
416
40.5667
416
40.6
417
40.6333
417
40.6667
417
40.7
417
40.7333
417
40.7667
417
40.8
417
40.8333
417
40.8667
417
40.9
417
40.9333
417
40.9667
417
41
417
41.0333
417
41.0667
417
41.1
417
41.1333
418
41.1667
418
41.2
418
41.2333
418
41.2667
418
41.3
418
41.3333
418
41.3667
418
41.4
418
41.4333
418
41.4667
418
41.5
418
41.5333
418
41.5667
418
41.6
418
41.6333
418
41.6667
418
41.7
418
41.7333
418
41.7667
418
41.8
418
41.8333
418
41.8667
418
41.9
418
41.9333
418
41.9667
418
42
418
42.0333
418
42.0667
418
42.1
418
42.1333
418
42.1667
418
42.2
419
42.2333
419
42.2667
419
42.3
419
42.3333
419
42.3667
419
42.4
419
42.4333
419
42.4667
420
42.5
420
42.5333
420
42.5667
420
42.6
420
42.6333
420
42.6667
420
42.7
420
42.7333
420
42.7667
420
42.8
420
42.8333
420
42.8667
420
42.9
420
42.9333
420
42.9667
420
43
420
43.0333
420
43.0667
420
43.1
420
43.1333
420
43.1667
420
43.2
420
43.2333
420
43.2667
420
43.3
420
43.3333
421
43.3667
421
43.4
421
43.4333
421
43.4667
421
43.5
421
43.5333
421
43.5667
421
43.6
421
43.6333
421
43.6667
421
43.7
421
43.7333
421
43.7667
421
43.8
421
43.8333
421
43.8667
421
43.9
421
43.9333
421
43.9667
421
44
421
44.0333
421
44.0667
421
44.1
422
44.1333
422
44.1667
422
44.2
422
44.2333
422
44.2667
422
44.3
422
44.3333
422
44.3667
422
44.4
422
44.4333
422
44.4667
422
44.5
422
44.5333
422
44.5667
422
44.6
422
44.6333
422
44.6667
422
44.7
422
44.7333
422
44.7667
422
44.8
423
44.8333
423
44.8667
423
44.9
423
44.9333
423
44.9667
424
45
424
45.0333
424
45.0667
424
45.1
424
45.1333
424
45.1667
424
45.2
424
45.2333
424
45.2667
424
45.3
424
45.3333
424
45.3667
424
45.4
424
45.4333
424
45.4667
424
45.5
424
45.5333
424
45.5667
424
45.6
425
45.6333
425
45.6667
425
45.7
425
45.7333
426
45.7667
426
45.8
426
45.8333
426
45.8667
426
45.9
427
45.9333
427
45.9667
427
46
427
46.0333
427
46.0667
427
46.1
427
46.1333
427
46.1667
427
46.2
427
46.2333
428
46.2667
428
46.3
428
46.3333
428
46.3667
428
46.4
428
46.4333
428
46.4667
428
46.5
428
46.5333
428
46.5667
428
46.6
428
46.6333
428
46.6667
428
46.7
428
46.7333
428
46.7667
428
46.8
428
46.8333
428
46.8667
428
46.9
428
46.9333
428
46.9667
428
47
428
47.0333
428
47.0667
428
47.1
428
47.1333
428
47.1667
428
47.2
428
47.2333
428
47.2667
428
47.3
428
47.3333
429
47.3667
429
47.4
429
47.4333
430
47.4667
431
47.5
431
47.5333
431
47.5667
431
47.6
431
47.6333
431
47.6667
431
47.7
431
47.7333
431
47.7667
431
47.8
431
47.8333
431
47.8667
431
47.9
431
47.9333
431
47.9667
431
48
431
48.0333
431
48.0667
431
48.1
431
48.1333
431
48.1667
431
48.2
431
48.2333
431
48.2667
431
48.3
432
48.3333
433
48.3667
433
48.4
433
48.4333
433
48.4667
433
48.5
433
48.5333
433
48.5667
433
48.6
433
48.6333
433
48.6667
433
48.7
433
48.7333
433
48.7667
433
48.8
433
48.8333
433
48.8667
433
48.9
433
48.9333
433
48.9667
433
49
433
49.0333
433
49.0667
433
49.1
433
49.1333
434
49.1667
434
49.2
434
49.2333
435
49.2667
435
49.3
435
49.3333
435
49.3667
435
49.4
435
49.4333
435
49.4667
435
49.5
435
49.5333
436
49.5667
436
49.6
436
49.6333
436
49.6667
436
49.7
436
49.7333
436
49.7667
436
49.8
436
49.8333
436
49.8667
436
49.9
437
49.9333
437
49.9667
437
50
437
50.0333
437
50.0667
437
50.1
437
50.1333
437
50.1667
437
50.2
437
50.2333
437
50.2667
437
50.3
437
50.3333
437
50.3667
437
50.4
437
50.4333
437
50.4667
437
50.5
437
50.5333
437
50.5667
437
50.6
437
50.6333
437
50.6667
437
50.7
437
50.7333
437
50.7667
437
50.8
437
50.8333
437
50.8667
437
50.9
437
50.9333
437
50.9667
437
51
437
51.0333
437
51.0667
437
51.1
437
51.1333
437
51.1667
437
51.2
437
51.2333
437
51.2667
437
51.3
437
51.3333
437
51.3667
437
51.4
437
51.4333
437
51.4667
437
51.5
437
51.5333
437
51.5667
437
51.6
437
51.6333
437
51.6667
437
51.7
437
51.7333
437
51.7667
437
51.8
437
51.8333
437
51.8667
437
51.9
437
51.9333
437
51.9667
437
52
438
52.0333
438
52.0667
438
52.1
438
52.1333
438
52.1667
438
52.2
438
52.2333
438
52.2667
438
52.3
438
52.3333
438
52.3667
438
52.4
438
52.4333
438
52.4667
438
52.5
438
52.5333
438
52.5667
438
52.6
438
52.6333
438
52.6667
438
52.7
438
52.7333
438
52.7667
438
52.8
439
52.8333
439
52.8667
439
52.9
439
52.9333
439
52.9667
439
53
439
53.0333
439
53.0667
439
53.1
439
53.1333
439
53.1667
439
53.2
439
53.2333
439
53.2667
439
53.3
439
53.3333
439
