0
1
0.0333333
1
0.0666667
1
0.1
1
0.133333
1
0.166667
1
0.2
1
0.233333
1
0.266667
1
0.3
1
0.333333
1
0.366667
1
0.4
1
0.433333
1
0.466667
1
0.5
1
0.533333
1
0.566667
1
0.6
1
0.633333
1
0.666667
1
0.7
1
0.733333
1
0.766667
1
0.8
1
0.833333
1
0.866667
1
0.9
1
0.933333
1
0.966667
1
1
1
1.03333
1
1.06667
1
1.1
1
1.13333
1
1.16667
1
1.2
1
1.23333
1
1.26667
1
1.3
1
1.33333
1
1.36667
1
1.4
1
1.43333
1
1.46667
1
1.5
1
1.53333
1
1.56667
1
1.6
1
1.63333
1
1.66667
1
1.7
1
1.73333
1
1.76667
1
1.8
1
1.83333
1
1.86667
1
1.9
1
1.93333
1
1.96667
1
2
1
2.03333
1
2.06667
1
2.1
1
2.13333
1
2.16667
1
2.2
1
2.23333
1
2.26667
1
2.3
1
2.33333
1
2.36667
1
2.4
1
2.43333
1
2.46667
1
2.5
1
2.53333
1
2.56667
1
2.6
1
2.63333
1
2.66667
1
2.7
1
2.73333
1
2.76667
1
2.8
1
2.83333
1
2.86667
1
2.9
1
2.93333
1
2.96667
1
3
1
3.03333
1
3.06667
1
3.1
1
3.13333
1
3.16667
1
3.2
1
3.23333
1
3.26667
1
3.3
1
3.33333
1
3.36667
1
3.4
1
3.43333
1
3.46667
1
3.5
1
3.53333
1
3.56667
1
3.6
1
3.63333
1
3.66667
1
3.7
1
3.73333
1
3.76667
1
3.8
1
3.83333
1
3.86667
1
3.9
1
3.93333
1
3.96667
1
4
1
4.03333
1
4.06667
1
4.1
1
4.13333
1
4.16667
1
4.2
1
4.23333
1
4.26667
1
4.3
1
4.33333
1
4.36667
1
4.4
1
4.43333
1
4.46667
1
4.5
1
4.53333
1
4.56667
1
4.6
1
4.63333
1
4.66667
1
4.7
1
4.73333
1
4.76667
1
4.8
1
4.83333
1
4.86667
1
4.9
1
4.93333
1
4.96667
1
5
1
5.03333
1
5.06667
1
5.1
1
5.13333
1
5.16667
1
5.2
1
5.23333
1
5.26667
1
5.3
1
5.33333
1
5.36667
1
5.4
1
5.43333
2
5.46667
4
5.5
4
5.53333
5
5.56667
7
5.6
7
5.63333
8
5.66667
8
5.7
8
5.73333
8
5.76667
8
5.8
8
5.83333
8
5.86667
8
5.9
9
5.93333
9
5.96667
9
6
9
6.03333
9
6.06667
9
6.1
9
6.13333
9
6.16667
9
6.2
9
6.23333
10
6.26667
10
6.3
10
6.33333
11
6.36667
12
6.4
12
6.43333
13
6.46667
13
6.5
13
6.53333
13
6.56667
13
6.6
13
6.63333
13
6.66667
13
6.7
13
6.73333
15
6.76667
15
6.8
15
6.83333
16
6.86667
17
6.9
18
6.93333
18
6.96667
18
7
18
7.03333
18
7.06667
19
7.1
19
7.13333
19
7.16667
19
7.2
23
7.23333
23
7.26667
23
7.3
25
7.33333
26
7.36667
26
7.4
27
7.43333
28
7.46667
28
7.5
28
7.53333
28
7.56667
28
7.6
28
7.63333
28
7.66667
28
7.7
29
7.73333
30
7.76667
32
7.8
32
7.83333
33
7.86667
33
7.9
34
7.93333
34
7.96667
34
8
34
8.03333
34
8.06667
34
8.1
34
8.13333
34
8.16667
34
8.2
34
8.23333
34
8.26667
34
8.3
34
8.33333
34
8.36667
34
8.4
34
8.43333
34
8.46667
34
8.5
34
8.53333
34
8.56667
34
8.6
35
8.63333
35
8.66667
35
8.7
36
8.73333
36
8.76667
36
8.8
38
8.83333
38
8.86667
38
8.9
38
8.93333
38
8.96667
38
9
38
9.03333
39
9.06667
39
9.1
39
9.13333
39
9.16667
39
9.2
39
9.23333
39
9.26667
41
9.3
41
9.33333
41
9.36667
41
9.4
42
9.43333
43
9.46667
43
9.5
45
9.53333
45
9.56667
45
9.6
45
9.63333
45
9.66667
47
9.7
47
9.73333
49
9.76667
50
9.8
52
9.83333
53
9.86667
53
9.9
54
9.93333
54
9.96667
54
10
55
10.0333
55
10.0667
56
10.1
56
10.1333
58
10.1667
60
10.2
63
10.2333
63
10.2667
64
10.3
65
10.3333
65
10.3667
65
10.4
66
10.4333
69
10.4667
70
10.5
71
10.5333
71
10.5667
72
10.6
73
10.6333
73
10.6667
74
10.7
75
10.7333
75
10.7667
76
10.8
77
10.8333
77
10.8667
77
10.9
78
10.9333
79
10.9667
80
11
81
11.0333
82
11.0667
84
11.1
84
11.1333
87
11.1667
87
11.2
88
11.2333
89
11.2667
90
11.3
91
11.3333
92
11.3667
92
11.4
92
11.4333
92
11.4667
92
11.5
92
11.5333
93
11.5667
93
11.6
94
11.6333
95
11.6667
95
11.7
97
11.7333
97
11.7667
97
11.8
97
11.8333
97
11.8667
97
11.9
97
11.9333
98
11.9667
98
12
99
12.0333
100
12.0667
101
12.1
101
12.1333
102
12.1667
102
12.2
105
12.2333
106
12.2667
106
12.3
107
12.3333
107
12.3667
107
12.4
107
12.4333
107
12.4667
107
12.5
107
12.5333
107
12.5667
108
12.6
108
12.6333
108
12.6667
109
12.7
109
12.7333
110
12.7667
110
12.8
111
12.8333
111
12.8667
111
12.9
111
12.9333
111
12.9667
112
13
113
13.0333
114
13.0667
114
13.1
114
13.1333
114
13.1667
114
13.2
115
13.2333
115
13.2667
116
13.3
117
13.3333
117
13.3667
117
13.4
117
13.4333
117
13.4667
117
13.5
117
13.5333
117
13.5667
117
13.6
117
13.6333
117
13.6667
118
13.7
118
13.7333
118
13.7667
118
13.8
118
13.8333
119
13.8667
119
13.9
119
13.9333
119
13.9667
120
14
120
14.0333
120
14.0667
120
14.1
120
14.1333
120
14.1667
121
14.2
121
14.2333
121
14.2667
121
14.3
122
14.3333
122
14.3667
122
14.4
122
14.4333
122
14.4667
122
14.5
122
14.5333
122
14.5667
122
14.6
122
14.6333
123
14.6667
123
14.7
123
14.7333
125
14.7667
125
14.8
125
14.8333
125
14.8667
125
14.9
125
14.9333
125
14.9667
125
15
127
15.0333
127
15.0667
127
15.1
127
15.1333
127
15.1667
128
15.2
128
15.2333
128
15.2667
128
15.3
128
15.3333
129
15.3667
129
15.4
129
15.4333
129
15.4667
130
15.5
130
15.5333
130
15.5667
130
15.6
130
15.6333
130
15.6667
131
15.7
131
15.7333
131
15.7667
131
15.8
131
15.8333
131
15.8667
131
15.9
131
15.9333
132
15.9667
132
16
132
16.0333
133
16.0667
133
16.1
133
16.1333
133
16.1667
133
16.2
133
16.2333
133
16.2667
133
16.3
133
16.3333
134
16.3667
134
16.4
134
16.4333
134
16.4667
134
16.5
134
16.5333
134
16.5667
135
16.6
135
16.6333
135
16.6667
136
16.7
136
16.7333
136
16.7667
136
16.8
136
16.8333
136
16.8667
137
16.9
137
16.9333
137
16.9667
137
17
137
17.0333
137
17.0667
137
17.1
137
17.1333
137
17.1667
137
17.2
138
17.2333
138
17.2667
138
17.3
138
17.3333
138
17.3667
139
17.4
139
17.4333
140
17.4667
142
17.5
142
17.5333
142
17.5667
142
17.6
142
17.6333
142
17.6667
142
17.7
142
17.7333
142
17.7667
142
17.8
142
17.8333
142
17.8667
142
17.9
142
17.9333
142
17.9667
143
18
143
18.0333
143
18.0667
143
18.1
143
18.1333
143
18.1667
143
18.2
143
18.2333
144
18.2667
144
18.3
144
18.3333
144
18.3667
144
18.4
144
18.4333
144
18.4667
145
18.5
145
18.5333
145
18.5667
145
18.6
145
18.6333
146
18.6667
146
18.7
146
18.7333
146
18.7667
146
18.8
147
18.8333
147
18.8667
148
18.9
148
18.9333
148
18.9667
148
19
148
19.0333
149
19.0667
149
19.1
149
19.1333
150
19.1667
150
19.2
150
19.2333
151
19.2667
151
19.3
151
19.3333
151
19.3667
153
19.4
153
19.4333
153
19.4667
153
19.5
153
19.5333
154
19.5667
154
19.6
154
19.6333
154
19.6667
154
19.7
154
19.7333
154
19.7667
155
19.8
155
19.8333
155
19.8667
157
19.9
157
19.9333
157
19.9667
157
20
159
20.0333
159
20.0667
159
20.1
160
20.1333
160
20.1667
161
20.2
161
20.2333
162
20.2667
163
20.3
163
20.3333
163
20.3667
163
20.4
164
20.4333
165
20.4667
165
20.5
165
20.5333
165
20.5667
165
20.6
165
20.6333
167
20.6667
167
20.7
167
20.7333
167
20.7667
167
20.8
167
20.8333
167
20.8667
168
20.9
168
20.9333
168
20.9667
168
21
168
21.0333
168
21.0667
168
21.1
169
21.1333
169
21.1667
169
21.2
169
21.2333
169
21.2667
169
21.3
169
21.3333
169
21.3667
169
21.4
169
21.4333
169
21.4667
169
21.5
169
21.5333
169
21.5667
169
21.6
169
21.6333
169
21.6667
169
21.7
169
21.7333
169
21.7667
169
21.8
169
21.8333
169
21.8667
170
21.9
170
21.9333
170
21.9667
170
22
171
22.0333
171
22.0667
171
22.1
171
22.1333
171
22.1667
171
22.2
171
22.2333
171
22.2667
171
22.3
171
22.3333
171
22.3667
172
22.4
172
22.4333
172
22.4667
172
22.5
172
22.5333
173
22.5667
173
22.6
173
22.6333
173
22.6667
173
22.7
173
22.7333
173
22.7667
173
22.8
173
22.8333
173
22.8667
173
22.9
173
22.9333
173
22.9667
173
23
173
23.0333
173
23.0667
173
23.1
173
23.1333
173
23.1667
173
23.2
173
23.2333
173
23.2667
173
23.3
174
23.3333
174
23.3667
174
23.4
174
23.4333
174
23.4667
174
23.5
174
23.5333
174
23.5667
174
23.6
174
23.6333
174
23.6667
174
23.7
174
23.7333
174
23.7667
174
23.8
174
23.8333
174
23.8667
174
23.9
174
23.9333
174
23.9667
174
24
174
24.0333
174
24.0667
174
24.1
174
24.1333
174
24.1667
174
24.2
175
24.2333
175
24.2667
175
24.3
175
24.3333
175
24.3667
175
24.4
176
24.4333
176
24.4667
176
24.5
176
24.5333
177
24.5667
177
24.6
177
24.6333
177
24.6667
177
24.7
177
24.7333
177
24.7667
177
24.8
177
24.8333
177
24.8667
177
24.9
178
24.9333
178
24.9667
178
25
178
25.0333
178
25.0667
178
25.1
178
25.1333
178
25.1667
178
25.2
178
25.2333
178
25.2667
178
25.3
178
25.3333
178
25.3667
179
25.4
179
25.4333
179
25.4667
179
25.5
179
25.5333
179
25.5667
179
25.6
179
25.6333
179
25.6667
179
25.7
179
25.7333
179
25.7667
179
25.8
179
25.8333
179
25.8667
179
25.9
179
25.9333
180
25.9667
180
26
180
26.0333
182
26.0667
183
26.1
185
26.1333
186
26.1667
187
26.2
187
26.2333
187
26.2667
189
26.3
190
26.3333
191
26.3667
193
26.4
193
26.4333
193
26.4667
193
26.5
193
26.5333
195
26.5667
195
26.6
195
26.6333
196
26.6667
196
26.7
196
26.7333
196
26.7667
196
26.8
196
26.8333
196
26.8667
196
26.9
196
26.9333
196
26.9667
197
27
197
27.0333
198
27.0667
198
27.1
198
27.1333
198
27.1667
198
27.2
198
27.2333
198
27.2667
198
27.3
199
27.3333
199
27.3667
199
27.4
199
27.4333
199
27.4667
199
27.5
199
27.5333
199
27.5667
199
27.6
199
27.6333
199
27.6667
199
27.7
199
27.7333
199
27.7667
199
27.8
199
27.8333
199
27.8667
199
27.9
199
27.9333
199
27.9667
199
28
199
28.0333
199
28.0667
199
28.1
199
28.1333
199
28.1667
200
28.2
200
28.2333
200
28.2667
200
28.3
200
28.3333
200
28.3667
200
28.4
200
28.4333
200
28.4667
200
28.5
200
28.5333
200
28.5667
200
28.6
200
28.6333
200
28.6667
200
28.7
200
28.7333
200
28.7667
200
28.8
200
28.8333
200
28.8667
200
28.9
200
28.9333
200
28.9667
200
29
200
29.0333
200
29.0667
200
29.1
200
29.1333
200
29.1667
200
29.2
200
29.2333
200
29.2667
200
29.3
200
29.3333
200
29.3667
200
29.4
200
29.4333
200
29.4667
200
29.5
200
29.5333
200
29.5667
200
29.6
200
29.6333
200
29.6667
200
29.7
200
29.7333
200
29.7667
200
29.8
200
29.8333
201
29.8667
201
29.9
201
29.9333
201
29.9667
201
30
201
30.0333
201
30.0667
201
30.1
201
30.1333
201
30.1667
201
30.2
201
30.2333
201
30.2667
201
30.3
202
30.3333
202
30.3667
202
30.4
202
30.4333
202
30.4667
202
30.5
202
30.5333
202
30.5667
202
30.6
202
30.6333
202
30.6667
202
30.7
202
30.7333
202
30.7667
202
30.8
202
30.8333
202
30.8667
202
30.9
202
30.9333
202
30.9667
202
31
202
31.0333
202
31.0667
202
31.1
202
31.1333
203
31.1667
203
31.2
203
31.2333
203
31.2667
203
31.3
203
31.3333
203
31.3667
203
31.4
203
31.4333
203
31.4667
203
31.5
203
31.5333
203
31.5667
203
31.6
203
31.6333
203
31.6667
203
31.7
203
31.7333
203
31.7667
203
31.8
203
31.8333
203
31.8667
203
31.9
203
31.9333
205
31.9667
205
32
206
32.0333
206
32.0667
206
32.1
206
32.1333
208
32.1667
208
32.2
208
32.2333
208
32.2667
208
32.3
208
32.3333
208
32.3667
208
32.4
208
32.4333
208
32.4667
208
32.5
209
32.5333
209
32.5667
209
32.6
209
32.6333
210
32.6667
211
32.7
211
32.7333
211
32.7667
211
32.8
211
32.8333
211
32.8667
211
32.9
211
32.9333
211
32.9667
211
33
211
33.0333
211
33.0667
211
33.1
211
33.1333
211
33.1667
211
33.2
211
33.2333
212
33.2667
212
33.3
212
33.3333
212
33.3667
212
33.4
212
33.4333
212
33.4667
212
33.5
212
33.5333
212
33.5667
212
33.6
212
33.6333
212
33.6667
212
33.7
212
33.7333
212
33.7667
212
33.8
212
33.8333
212
33.8667
212
33.9
212
33.9333
212
33.9667
212
34
212
34.0333
212
34.0667
212
34.1
212
34.1333
212
34.1667
212
34.2
212
34.2333
212
34.2667
212
34.3
212
34.3333
212
34.3667
213
34.4
213
34.4333
213
34.4667
213
34.5
213
34.5333
213
34.5667
213
34.6
215
34.6333
215
34.6667
215
34.7
215
34.7333
215
34.7667
215
34.8
216
34.8333
216
34.8667
216
34.9
216
34.9333
216
34.9667
216
35
216
35.0333
216
35.0667
216
35.1
216
35.1333
216
35.1667
217
35.2
217
35.2333
218
35.2667
218
35.3
218
35.3333
218
35.3667
219
35.4
219
35.4333
219
35.4667
219
35.5
219
35.5333
219
35.5667
219
35.6
219
35.6333
220
35.6667
220
35.7
220
35.7333
220
35.7667
220
35.8
220
35.8333
220
35.8667
220
35.9
220
35.9333
220
35.9667
221
36
221
36.0333
221
36.0667
221
36.1
221
36.1333
221
36.1667
221
36.2
221
36.2333
221
36.2667
222
36.3
222
36.3333
222
36.3667
223
36.4
223
36.4333
223
36.4667
223
36.5
223
36.5333
223
36.5667
223
36.6
223
36.6333
223
36.6667
223
36.7
223
36.7333
223
36.7667
223
36.8
223
36.8333
223
36.8667
223
36.9
223
36.9333
223
36.9667
223
37
223
37.0333
223
37.0667
223
37.1
223
37.1333
224
37.1667
224
37.2
224
37.2333
224
37.2667
224
37.3
224
37.3333
224
37.3667
224
37.4
224
37.4333
224
37.4667
224
37.5
224
37.5333
224
37.5667
224
37.6
224
37.6333
224
37.6667
224
37.7
224
37.7333
224
37.7667
224
37.8
224
37.8333
224
37.8667
224
37.9
224
37.9333
224
37.9667
224
38
224
38.0333
224
38.0667
225
38.1
225
38.1333
225
38.1667
225
38.2
225
38.2333
225
38.2667
225
38.3
225
38.3333
225
38.3667
225
38.4
225
38.4333
225
38.4667
225
38.5
225
38.5333
225
38.5667
225
38.6
225
38.6333
225
38.6667
225
38.7
225
38.7333
225
38.7667
225
38.8
225
38.8333
225
38.8667
226
38.9
226
38.9333
226
38.9667
226
39
226
39.0333
226
39.0667
226
39.1
226
39.1333
226
39.1667
226
39.2
226
39.2333
226
39.2667
226
39.3
226
39.3333
226
39.3667
226
39.4
226
39.4333
226
39.4667
226
39.5
226
39.5333
226
39.5667
226
39.6
227
39.6333
227
39.6667
227
39.7
227
39.7333
227
39.7667
227
39.8
227
39.8333
227
39.8667
227
39.9
227
39.9333
227
39.9667
227
40
227
40.0333
227
40.0667
227
40.1
227
40.1333
227
40.1667
227
40.2
227
40.2333
227
40.2667
227
40.3
227
40.3333
227
40.3667
227
40.4
227
40.4333
227
40.4667
227
40.5
227
40.5333
227
40.5667
227
40.6
227
40.6333
227
40.6667
227
40.7
227
40.7333
227
40.7667
227
40.8
227
40.8333
227
40.8667
227
40.9
227
40.9333
227
40.9667
227
41
227
41.0333
227
41.0667
227
41.1
227
41.1333
228
41.1667
228
41.2
228
41.2333
228
41.2667
228
41.3
229
41.3333
229
41.3667
229
41.4
229
41.4333
229
41.4667
229
41.5
229
41.5333
229
41.5667
229
41.6
229
41.6333
229
41.6667
229
41.7
229
41.7333
229
41.7667
229
41.8
229
41.8333
229
41.8667
229
41.9
229
41.9333
229
41.9667
229
42
229
42.0333
229
42.0667
229
42.1
229
42.1333
229
42.1667
229
42.2
229
42.2333
229
42.2667
229
42.3
229
42.3333
229
42.3667
229
42.4
229
42.4333
229
42.4667
229
42.5
229
42.5333
229
42.5667
229
42.6
229
42.6333
229
42.6667
229
42.7
229
42.7333
229
42.7667
229
42.8
229
42.8333
229
42.8667
229
42.9
229
42.9333
229
42.9667
229
43
229
43.0333
229
43.0667
229
43.1
230
43.1333
230
43.1667
230
43.2
230
43.2333
231
43.2667
231
43.3
231
43.3333
231
43.3667
231
43.4
231
43.4333
231
43.4667
231
43.5
231
43.5333
231
43.5667
231
43.6
231
43.6333
232
43.6667
232
43.7
232
43.7333
232
43.7667
232
43.8
232
43.8333
232
43.8667
232
43.9
232
43.9333
232
43.9667
232
44
232
44.0333
232
44.0667
232
44.1
232
44.1333
232
44.1667
232
44.2
232
44.2333
232
44.2667
232
44.3
232
44.3333
232
44.3667
232
44.4
232
44.4333
232
44.4667
232
44.5
232
44.5333
232
44.5667
232
44.6
232
44.6333
232
44.6667
232
44.7
232
44.7333
232
44.7667
232
44.8
232
44.8333
232
44.8667
232
44.9
232
44.9333
232
44.9667
232
45
232
45.0333
232
45.0667
232
45.1
232
45.1333
232
45.1667
232
45.2
232
45.2333
232
45.2667
232
45.3
232
45.3333
232
45.3667
232
45.4
232
45.4333
232
45.4667
232
45.5
232
45.5333
232
45.5667
232
45.6
232
45.6333
232
45.6667
232
45.7
232
45.7333
232
45.7667
232
45.8
232
45.8333
232
45.8667
232
45.9
232
45.9333
232
45.9667
232
46
232
46.0333
232
46.0667
232
46.1
232
46.1333
232
46.1667
232
46.2
232
46.2333
232
46.2667
232
46.3
232
46.3333
232
46.3667
232
46.4
232
46.4333
232
46.4667
232
46.5
232
46.5333
232
46.5667
232
46.6
232
46.6333
232
46.6667
232
46.7
232
46.7333
232
46.7667
232
46.8
232
46.8333
232
46.8667
232
46.9
232
46.9333
232
46.9667
232
47
232
47.0333
232
47.0667
232
47.1
232
47.1333
232
47.1667
232
47.2
232
47.2333
232
47.2667
232
47.3
232
47.3333
232
47.3667
232
47.4
232
47.4333
233
47.4667
233
47.5
233
47.5333
233
47.5667
233
47.6
233
47.6333
233
47.6667
233
47.7
233
47.7333
233
47.7667
233
47.8
233
47.8333
233
47.8667
233
47.9
233
47.9333
233
47.9667
233
48
233
48.0333
233
48.0667
233
48.1
233
48.1333
233
48.1667
233
48.2
233
48.2333
233
48.2667
233
48.3
233
48.3333
233
48.3667
233
48.4
233
48.4333
233
48.4667
233
48.5
233
48.5333
233
48.5667
233
48.6
233
48.6333
233
48.6667
233
48.7
233
48.7333
233
48.7667
233
48.8
233
48.8333
233
48.8667
233
48.9
233
48.9333
233
48.9667
233
49
233
49.0333
233
49.0667
233
49.1
233
49.1333
233
49.1667
233
49.2
233
49.2333
233
49.2667
233
49.3
233
49.3333
233
49.3667
233
49.4
233
49.4333
233
49.4667
233
49.5
233
49.5333
233
49.5667
233
49.6
233
49.6333
233
49.6667
233
49.7
233
49.7333
233
49.7667
233
49.8
233
49.8333
233
49.8667
233
49.9
233
49.9333
233
49.9667
234
50
234
50.0333
234
50.0667
234
50.1
234
50.1333
234
50.1667
234
50.2
234
50.2333
234
50.2667
234
50.3
234
50.3333
234
50.3667
234
50.4
234
50.4333
234
50.4667
235
50.5
235
50.5333
235
50.5667
235
50.6
235
50.6333
235
50.6667
235
50.7
235
50.7333
235
50.7667
235
50.8
235
50.8333
235
50.8667
235
50.9
235
50.9333
235
50.9667
235
51
235
51.0333
235
51.0667
235
51.1
235
51.1333
235
51.1667
235
51.2
235
51.2333
235
51.2667
235
51.3
235
51.3333
235
51.3667
235
51.4
235
51.4333
235
51.4667
235
51.5
235
51.5333
235
51.5667
236
51.6
236
51.6333
236
51.6667
236
51.7
236
51.7333
236
51.7667
236
51.8
236
51.8333
236
51.8667
236
51.9
236
51.9333
236
51.9667
236
52
236
52.0333
236
52.0667
236
52.1
236
52.1333
236
52.1667
236
52.2
236
52.2333
236
52.2667
236
52.3
236
52.3333
236
52.3667
236
52.4
236
52.4333
236
52.4667
236
52.5
236
52.5333
236
52.5667
236
52.6
236
52.6333
236
52.6667
236
52.7
236
52.7333
236
52.7667
236
52.8
236
52.8333
236
52.8667
236
52.9
236
52.9333
236
52.9667
236
53
236
53.0333
236
53.0667
236
53.1
236
53.1333
236
53.1667
236
53.2
236
53.2333
236
53.2667
236
53.3
236
53.3333
236
