0
1
0.0333333
1
0.0666667
1
0.1
1
0.133333
1
0.166667
1
0.2
1
0.233333
1
0.266667
1
0.3
1
0.333333
1
0.366667
1
0.4
1
0.433333
1
0.466667
1
0.5
1
0.533333
1
0.566667
1
0.6
1
0.633333
1
0.666667
1
0.7
1
0.733333
1
0.766667
1
0.8
1
0.833333
1
0.866667
1
0.9
1
0.933333
1
0.966667
1
1
1
1.03333
1
1.06667
1
1.1
1
1.13333
1
1.16667
1
1.2
1
1.23333
1
1.26667
1
1.3
1
1.33333
1
1.36667
1
1.4
1
1.43333
1
1.46667
1
1.5
1
1.53333
1
1.56667
1
1.6
1
1.63333
1
1.66667
1
1.7
1
1.73333
1
1.76667
1
1.8
1
1.83333
1
1.86667
1
1.9
1
1.93333
1
1.96667
1
2
1
2.03333
1
2.06667
1
2.1
1
2.13333
1
2.16667
1
2.2
1
2.23333
1
2.26667
1
2.3
1
2.33333
1
2.36667
1
2.4
1
2.43333
1
2.46667
1
2.5
1
2.53333
1
2.56667
1
2.6
1
2.63333
1
2.66667
1
2.7
1
2.73333
1
2.76667
1
2.8
1
2.83333
1
2.86667
1
2.9
1
2.93333
1
2.96667
1
3
1
3.03333
1
3.06667
1
3.1
1
3.13333
1
3.16667
1
3.2
1
3.23333
1
3.26667
1
3.3
1
3.33333
1
3.36667
1
3.4
1
3.43333
1
3.46667
1
3.5
1
3.53333
1
3.56667
1
3.6
1
3.63333
1
3.66667
1
3.7
1
3.73333
1
3.76667
1
3.8
1
3.83333
1
3.86667
1
3.9
1
3.93333
1
3.96667
1
4
1
4.03333
1
4.06667
1
4.1
1
4.13333
1
4.16667
1
4.2
1
4.23333
1
4.26667
1
4.3
1
4.33333
1
4.36667
1
4.4
1
4.43333
1
4.46667
1
4.5
1
4.53333
1
4.56667
1
4.6
1
4.63333
1
4.66667
1
4.7
1
4.73333
1
4.76667
1
4.8
1
4.83333
1
4.86667
1
4.9
1
4.93333
1
4.96667
1
5
1
5.03333
1
5.06667
1
5.1
1
5.13333
1
5.16667
1
5.2
1
5.23333
1
5.26667
1
5.3
1
5.33333
1
5.36667
1
5.4
1
5.43333
2
5.46667
2
5.5
2
5.53333
2
5.56667
2
5.6
2
5.63333
2
5.66667
2
5.7
2
5.73333
2
5.76667
2
5.8
2
5.83333
2
5.86667
2
5.9
2
5.93333
2
5.96667
2
6
2
6.03333
2
6.06667
2
6.1
2
6.13333
3
6.16667
3
6.2
3
6.23333
3
6.26667
4
6.3
6
6.33333
6
6.36667
6
6.4
6
6.43333
6
6.46667
6
6.5
6
6.53333
6
6.56667
6
6.6
6
6.63333
6
6.66667
6
6.7
6
6.73333
6
6.76667
8
6.8
8
6.83333
8
6.86667
8
6.9
8
6.93333
8
6.96667
8
7
8
7.03333
8
7.06667
8
7.1
9
7.13333
10
7.16667
10
7.2
11
7.23333
11
7.26667
11
7.3
12
7.33333
12
7.36667
13
7.4
14
7.43333
14
7.46667
15
7.5
16
7.53333
20
7.56667
20
7.6
20
7.63333
20
7.66667
20
7.7
20
7.73333
20
7.76667
21
7.8
23
7.83333
23
7.86667
24
7.9
24
7.93333
26
7.96667
27
8
31
8.03333
32
8.06667
33
8.1
33
8.13333
33
8.16667
33
8.2
33
8.23333
34
8.26667
36
8.3
36
8.33333
36
8.36667
37
8.4
38
8.43333
39
8.46667
40
8.5
41
8.53333
41
8.56667
41
8.6
42
8.63333
42
8.66667
42
8.7
42
8.73333
43
8.76667
45
8.8
45
8.83333
46
8.86667
46
8.9
47
8.93333
47
8.96667
48
9
48
9.03333
49
9.06667
49
9.1
49
9.13333
49
9.16667
49
9.2
49
9.23333
49
9.26667
49
9.3
49
9.33333
50
9.36667
50
9.4
50
9.43333
50
9.46667
50
9.5
50
9.53333
51
9.56667
51
9.6
53
9.63333
54
9.66667
55
9.7
56
9.73333
57
9.76667
57
9.8
57
9.83333
57
9.86667
58
9.9
58
9.93333
59
9.96667
60
10
60
10.0333
60
10.0667
62
10.1
63
10.1333
63
10.1667
65
10.2
65
10.2333
66
10.2667
66
10.3
67
10.3333
67
10.3667
67
10.4
68
10.4333
69
10.4667
71
10.5
72
10.5333
72
10.5667
73
10.6
73
10.6333
74
10.6667
74
10.7
75
10.7333
75
10.7667
75
10.8
76
10.8333
77
10.8667
77
10.9
77
10.9333
77
10.9667
77
11
77
11.0333
78
11.0667
78
11.1
78
11.1333
78
11.1667
78
11.2
79
11.2333
80
11.2667
80
11.3
80
11.3333
80
11.3667
80
11.4
80
11.4333
81
11.4667
81
11.5
81
11.5333
82
11.5667
82
11.6
82
11.6333
82
11.6667
83
11.7
83
11.7333
83
11.7667
83
11.8
83
11.8333
83
11.8667
83
11.9
83
11.9333
84
11.9667
86
12
86
12.0333
86
12.0667
86
12.1
86
12.1333
87
12.1667
87
12.2
87
12.2333
88
12.2667
88
12.3
88
12.3333
90
12.3667
90
12.4
90
12.4333
90
12.4667
90
12.5
90
12.5333
90
12.5667
90
12.6
90
12.6333
90
12.6667
91
12.7
91
12.7333
91
12.7667
91
12.8
91
12.8333
91
12.8667
91
12.9
91
12.9333
91
12.9667
91
13
92
13.0333
92
13.0667
92
13.1
92
13.1333
92
13.1667
92
13.2
92
13.2333
92
13.2667
92
13.3
92
13.3333
93
13.3667
93
13.4
93
13.4333
93
13.4667
93
13.5
93
13.5333
93
13.5667
93
13.6
93
13.6333
93
13.6667
93
13.7
93
13.7333
93
13.7667
93
13.8
93
13.8333
93
13.8667
93
13.9
94
13.9333
95
13.9667
96
14
97
14.0333
97
14.0667
97
14.1
98
14.1333
98
14.1667
99
14.2
100
14.2333
100
14.2667
100
14.3
100
14.3333
100
14.3667
100
14.4
101
14.4333
101
14.4667
103
14.5
105
14.5333
105
14.5667
105
14.6
105
14.6333
107
14.6667
107
14.7
107
14.7333
107
14.7667
107
14.8
107
14.8333
108
14.8667
108
14.9
109
14.9333
109
14.9667
109
15
110
15.0333
110
15.0667
111
15.1
111
15.1333
111
15.1667
111
15.2
111
15.2333
111
15.2667
111
15.3
111
15.3333
111
15.3667
111
15.4
111
15.4333
111
15.4667
111
15.5
111
15.5333
111
15.5667
111
15.6
111
15.6333
111
15.6667
111
15.7
111
15.7333
111
15.7667
111
15.8
111
15.8333
112
15.8667
112
15.9
112
15.9333
112
15.9667
113
16
113
16.0333
113
16.0667
113
16.1
113
16.1333
113
16.1667
113
16.2
113
16.2333
113
16.2667
113
16.3
113
16.3333
113
16.3667
113
16.4
113
16.4333
113
16.4667
113
16.5
113
16.5333
113
16.5667
113
16.6
114
16.6333
114
16.6667
114
16.7
114
16.7333
114
16.7667
114
16.8
114
16.8333
114
16.8667
114
16.9
114
16.9333
114
16.9667
114
17
114
17.0333
114
17.0667
114
17.1
114
17.1333
114
17.1667
114
17.2
114
17.2333
114
17.2667
114
17.3
114
17.3333
114
17.3667
114
17.4
114
17.4333
114
17.4667
115
17.5
115
17.5333
115
17.5667
115
17.6
115
17.6333
115
17.6667
116
17.7
116
17.7333
116
17.7667
116
17.8
116
17.8333
116
17.8667
117
17.9
118
17.9333
118
17.9667
118
18
118
18.0333
119
18.0667
119
18.1
119
18.1333
119
18.1667
119
18.2
119
18.2333
120
18.2667
120
18.3
120
18.3333
120
18.3667
120
18.4
120
18.4333
120
18.4667
120
18.5
120
18.5333
121
18.5667
121
18.6
121
18.6333
121
18.6667
121
18.7
121
18.7333
121
18.7667
121
18.8
121
18.8333
121
18.8667
121
18.9
121
18.9333
121
18.9667
121
19
121
19.0333
121
19.0667
121
19.1
121
19.1333
121
19.1667
121
19.2
121
19.2333
121
19.2667
121
19.3
121
19.3333
121
19.3667
121
19.4
121
19.4333
121
19.4667
121
19.5
121
19.5333
121
19.5667
121
19.6
121
19.6333
121
19.6667
121
19.7
121
19.7333
121
19.7667
121
19.8
121
19.8333
121
19.8667
121
19.9
121
19.9333
121
19.9667
121
20
121
20.0333
121
20.0667
121
20.1
121
20.1333
121
20.1667
121
20.2
121
20.2333
121
20.2667
122
20.3
122
20.3333
122
20.3667
122
20.4
122
20.4333
122
20.4667
122
20.5
122
20.5333
122
20.5667
122
20.6
122
20.6333
122
20.6667
122
20.7
122
20.7333
122
20.7667
122
20.8
122
20.8333
122
20.8667
122
20.9
122
20.9333
122
20.9667
122
21
122
21.0333
122
21.0667
122
21.1
122
21.1333
122
21.1667
122
21.2
122
21.2333
122
21.2667
122
21.3
122
21.3333
122
21.3667
122
21.4
122
21.4333
122
21.4667
122
21.5
122
21.5333
122
21.5667
122
21.6
122
21.6333
122
21.6667
122
21.7
122
21.7333
122
21.7667
122
21.8
122
21.8333
122
21.8667
122
21.9
122
21.9333
122
21.9667
122
22
122
22.0333
122
22.0667
122
22.1
122
22.1333
122
22.1667
122
22.2
122
22.2333
123
22.2667
123
22.3
123
22.3333
123
22.3667
123
22.4
123
22.4333
123
22.4667
123
22.5
123
22.5333
123
22.5667
123
22.6
124
22.6333
124
22.6667
124
22.7
125
22.7333
125
22.7667
125
22.8
125
22.8333
125
22.8667
125
22.9
125
22.9333
125
22.9667
125
23
125
23.0333
125
23.0667
125
23.1
126
23.1333
126
23.1667
126
23.2
126
23.2333
126
23.2667
126
23.3
126
23.3333
126
23.3667
126
23.4
126
23.4333
126
23.4667
126
23.5
126
23.5333
126
23.5667
127
23.6
127
23.6333
128
23.6667
128
23.7
128
23.7333
128
23.7667
128
23.8
128
23.8333
128
23.8667
128
23.9
128
23.9333
128
23.9667
128
24
128
24.0333
128
24.0667
128
24.1
128
24.1333
128
24.1667
128
24.2
128
24.2333
128
24.2667
128
24.3
128
24.3333
128
24.3667
128
24.4
128
24.4333
128
24.4667
128
24.5
128
24.5333
128
24.5667
128
24.6
128
24.6333
128
24.6667
128
24.7
128
24.7333
128
24.7667
128
24.8
128
24.8333
128
24.8667
128
24.9
129
24.9333
129
24.9667
129
25
130
25.0333
130
25.0667
130
25.1
130
25.1333
130
25.1667
130
25.2
130
25.2333
130
25.2667
130
25.3
131
25.3333
132
25.3667
132
25.4
132
25.4333
132
25.4667
132
25.5
132
25.5333
132
25.5667
132
25.6
132
25.6333
132
25.6667
132
25.7
132
25.7333
132
25.7667
132
25.8
132
25.8333
132
25.8667
132
25.9
132
25.9333
132
25.9667
132
26
132
26.0333
132
26.0667
132
26.1
132
26.1333
132
26.1667
132
26.2
132
26.2333
132
26.2667
132
26.3
132
26.3333
132
26.3667
132
26.4
132
26.4333
133
26.4667
133
26.5
133
26.5333
133
26.5667
133
26.6
133
26.6333
133
26.6667
133
26.7
133
26.7333
133
26.7667
133
26.8
133
26.8333
133
26.8667
133
26.9
133
26.9333
133
26.9667
133
27
133
27.0333
133
27.0667
133
27.1
133
27.1333
133
27.1667
133
27.2
133
27.2333
133
27.2667
133
27.3
133
27.3333
133
27.3667
133
27.4
133
27.4333
133
27.4667
133
27.5
133
27.5333
133
27.5667
133
27.6
133
27.6333
133
27.6667
133
27.7
133
27.7333
133
27.7667
133
27.8
133
27.8333
133
27.8667
133
27.9
133
27.9333
133
27.9667
133
28
133
28.0333
133
28.0667
133
28.1
133
28.1333
134
28.1667
134
28.2
134
28.2333
134
28.2667
134
28.3
134
28.3333
134
28.3667
134
28.4
134
28.4333
134
28.4667
135
28.5
135
28.5333
135
28.5667
135
28.6
135
28.6333
135
28.6667
135
28.7
135
28.7333
135
28.7667
135
28.8
135
28.8333
135
28.8667
135
28.9
135
28.9333
135
28.9667
135
29
135
29.0333
135
29.0667
135
29.1
135
29.1333
135
29.1667
135
29.2
135
29.2333
135
29.2667
135
29.3
135
29.3333
135
29.3667
135
29.4
135
29.4333
135
29.4667
135
29.5
135
29.5333
135
29.5667
135
29.6
135
29.6333
135
29.6667
136
29.7
136
29.7333
136
29.7667
136
29.8
136
29.8333
136
29.8667
137
29.9
137
29.9333
137
29.9667
137
30
137
30.0333
137
30.0667
137
30.1
137
30.1333
137
30.1667
137
30.2
137
30.2333
137
30.2667
137
30.3
138
30.3333
138
30.3667
138
30.4
138
30.4333
138
30.4667
138
30.5
138
30.5333
138
30.5667
138
30.6
138
30.6333
138
30.6667
138
30.7
138
30.7333
138
30.7667
138
30.8
138
30.8333
138
30.8667
138
30.9
138
30.9333
138
30.9667
138
31
138
31.0333
138
31.0667
138
31.1
138
31.1333
138
31.1667
138
31.2
138
31.2333
138
31.2667
138
31.3
138
31.3333
138
31.3667
138
31.4
138
31.4333
138
31.4667
138
31.5
138
31.5333
138
31.5667
138
31.6
139
31.6333
140
31.6667
140
31.7
140
31.7333
140
31.7667
140
31.8
141
31.8333
141
31.8667
141
31.9
141
31.9333
141
31.9667
141
32
141
32.0333
141
32.0667
141
32.1
141
32.1333
141
32.1667
141
32.2
141
32.2333
141
32.2667
141
32.3
141
32.3333
141
32.3667
141
32.4
141
32.4333
141
32.4667
141
32.5
141
32.5333
141
32.5667
141
32.6
141
32.6333
141
32.6667
141
32.7
141
32.7333
142
32.7667
142
32.8
142
32.8333
142
32.8667
142
32.9
142
32.9333
142
32.9667
142
33
142
33.0333
142
33.0667
142
33.1
142
33.1333
142
33.1667
142
33.2
142
33.2333
142
33.2667
142
33.3
142
33.3333
142
33.3667
142
33.4
142
33.4333
143
33.4667
143
33.5
143
33.5333
143
33.5667
143
33.6
143
33.6333
143
33.6667
143
33.7
143
33.7333
143
33.7667
143
33.8
143
33.8333
143
33.8667
143
33.9
143
33.9333
143
33.9667
143
34
143
34.0333
143
34.0667
143
34.1
144
34.1333
144
34.1667
144
34.2
144
34.2333
144
34.2667
144
34.3
144
34.3333
144
34.3667
145
34.4
145
34.4333
145
34.4667
145
34.5
145
34.5333
145
34.5667
145
34.6
145
34.6333
145
34.6667
145
34.7
145
34.7333
145
34.7667
145
34.8
145
34.8333
145
34.8667
145
34.9
145
34.9333
145
34.9667
145
35
145
35.0333
145
35.0667
145
35.1
145
35.1333
145
35.1667
145
35.2
145
35.2333
145
35.2667
145
35.3
145
35.3333
145
35.3667
145
35.4
145
35.4333
145
35.4667
145
35.5
145
35.5333
145
35.5667
145
35.6
145
35.6333
145
35.6667
145
35.7
145
35.7333
145
35.7667
145
35.8
145
35.8333
145
35.8667
145
35.9
145
35.9333
145
35.9667
145
36
145
36.0333
145
36.0667
145
36.1
146
36.1333
146
36.1667
146
36.2
146
36.2333
146
36.2667
146
36.3
146
36.3333
146
36.3667
146
36.4
146
36.4333
146
36.4667
146
36.5
146
36.5333
146
36.5667
146
36.6
146
36.6333
146
36.6667
146
36.7
146
36.7333
146
36.7667
146
36.8
146
36.8333
146
36.8667
146
36.9
146
36.9333
146
36.9667
146
37
146
37.0333
146
37.0667
146
37.1
146
37.1333
146
37.1667
146
37.2
146
37.2333
146
37.2667
146
37.3
146
37.3333
146
37.3667
146
37.4
146
37.4333
146
37.4667
146
37.5
146
37.5333
146
37.5667
146
37.6
146
37.6333
146
37.6667
146
37.7
146
37.7333
146
37.7667
146
37.8
146
37.8333
146
37.8667
146
37.9
146
37.9333
146
37.9667
146
38
146
38.0333
146
38.0667
146
38.1
146
38.1333
146
38.1667
146
38.2
147
38.2333
147
38.2667
147
38.3
147
38.3333
147
38.3667
147
38.4
147
38.4333
147
38.4667
147
38.5
148
38.5333
148
38.5667
148
38.6
148
38.6333
148
38.6667
148
38.7
148
38.7333
148
38.7667
148
38.8
148
38.8333
148
38.8667
148
38.9
148
38.9333
148
38.9667
148
39
148
39.0333
148
39.0667
148
39.1
148
39.1333
148
39.1667
148
39.2
148
39.2333
148
39.2667
148
39.3
148
39.3333
148
39.3667
148
39.4
148
39.4333
148
39.4667
148
39.5
148
39.5333
148
39.5667
148
39.6
148
39.6333
148
39.6667
148
39.7
148
39.7333
148
39.7667
148
39.8
148
39.8333
148
39.8667
148
39.9
148
39.9333
148
39.9667
148
40
148
40.0333
148
40.0667
148
40.1
148
40.1333
148
40.1667
148
40.2
148
40.2333
148
40.2667
148
40.3
148
40.3333
148
40.3667
148
40.4
148
40.4333
148
40.4667
148
40.5
148
40.5333
148
40.5667
148
40.6
148
40.6333
148
40.6667
148
40.7
148
40.7333
148
40.7667
148
40.8
148
40.8333
148
40.8667
148
40.9
148
40.9333
148
40.9667
148
41
148
41.0333
148
41.0667
148
41.1
148
41.1333
148
41.1667
148
41.2
148
41.2333
148
41.2667
148
41.3
148
41.3333
148
41.3667
148
41.4
148
41.4333
148
41.4667
148
41.5
148
41.5333
148
41.5667
148
41.6
148
41.6333
148
41.6667
148
41.7
148
41.7333
148
41.7667
148
41.8
148
41.8333
148
41.8667
148
41.9
148
41.9333
148
41.9667
148
42
148
42.0333
148
42.0667
148
42.1
148
42.1333
148
42.1667
148
42.2
148
42.2333
148
42.2667
148
42.3
148
42.3333
148
42.3667
148
42.4
148
42.4333
148
42.4667
148
42.5
148
42.5333
148
42.5667
148
42.6
148
42.6333
148
42.6667
148
42.7
148
42.7333
148
42.7667
148
42.8
148
42.8333
148
42.8667
148
42.9
148
42.9333
148
42.9667
148
43
148
43.0333
148
43.0667
148
43.1
148
43.1333
148
43.1667
148
43.2
148
43.2333
148
43.2667
148
43.3
148
43.3333
148
43.3667
148
43.4
148
43.4333
148
43.4667
148
43.5
148
43.5333
148
43.5667
148
43.6
148
43.6333
148
43.6667
148
43.7
148
43.7333
148
43.7667
148
43.8
148
43.8333
148
43.8667
148
43.9
148
43.9333
148
43.9667
148
44
149
44.0333
149
44.0667
149
44.1
149
44.1333
149
44.1667
149
44.2
149
44.2333
149
44.2667
149
44.3
149
44.3333
149
44.3667
149
44.4
149
44.4333
149
44.4667
149
44.5
149
44.5333
149
44.5667
149
44.6
149
44.6333
149
44.6667
149
44.7
149
44.7333
149
44.7667
149
44.8
149
44.8333
149
44.8667
150
44.9
150
44.9333
150
44.9667
151
45
151
45.0333
151
45.0667
151
45.1
151
45.1333
151
45.1667
151
45.2
151
45.2333
151
45.2667
151
45.3
151
45.3333
151
45.3667
151
45.4
151
45.4333
151
45.4667
151
45.5
151
45.5333
151
45.5667
151
45.6
151
45.6333
151
45.6667
151
45.7
151
45.7333
151
45.7667
151
45.8
151
45.8333
151
45.8667
151
45.9
151
45.9333
151
45.9667
151
46
151
46.0333
151
46.0667
151
46.1
151
46.1333
151
46.1667
151
46.2
151
46.2333
151
46.2667
151
46.3
151
46.3333
151
46.3667
151
46.4
151
46.4333
151
46.4667
151
46.5
151
46.5333
151
46.5667
151
46.6
151
46.6333
151
46.6667
151
46.7
151
46.7333
151
46.7667
151
46.8
151
46.8333
151
46.8667
151
46.9
151
46.9333
151
46.9667
151
47
151
47.0333
151
47.0667
151
47.1
151
47.1333
151
47.1667
151
47.2
151
47.2333
151
47.2667
151
47.3
151
47.3333
151
47.3667
151
47.4
151
47.4333
151
47.4667
151
47.5
151
47.5333
151
47.5667
151
47.6
151
47.6333
151
47.6667
151
47.7
151
47.7333
151
47.7667
151
47.8
151
47.8333
151
47.8667
151
47.9
151
47.9333
151
47.9667
151
48
151
48.0333
151
48.0667
151
48.1
151
48.1333
151
48.1667
151
48.2
151
48.2333
151
48.2667
151
48.3
151
48.3333
151
48.3667
151
48.4
151
48.4333
151
48.4667
151
48.5
151
48.5333
151
48.5667
151
48.6
151
48.6333
151
48.6667
151
48.7
151
48.7333
151
48.7667
151
48.8
151
48.8333
151
48.8667
151
48.9
151
48.9333
151
48.9667
151
49
151
49.0333
151
49.0667
151
49.1
151
49.1333
151
49.1667
151
49.2
151
49.2333
151
49.2667
151
49.3
151
49.3333
151
49.3667
151
49.4
151
49.4333
151
49.4667
151
49.5
151
49.5333
151
49.5667
151
49.6
151
49.6333
151
49.6667
151
49.7
151
49.7333
151
49.7667
151
49.8
151
49.8333
151
49.8667
151
49.9
151
49.9333
151
49.9667
151
50
151
50.0333
151
50.0667
151
50.1
151
50.1333
151
50.1667
151
50.2
152
50.2333
152
50.2667
152
50.3
152
50.3333
152
50.3667
152
50.4
152
50.4333
152
50.4667
152
50.5
152
50.5333
152
50.5667
152
50.6
152
50.6333
152
50.6667
152
50.7
152
50.7333
152
50.7667
152
50.8
152
50.8333
152
50.8667
152
50.9
152
50.9333
152
50.9667
152
51
152
51.0333
152
51.0667
152
51.1
152
51.1333
152
51.1667
152
51.2
152
51.2333
152
51.2667
152
51.3
152
51.3333
152
51.3667
152
51.4
152
51.4333
152
51.4667
152
51.5
152
51.5333
152
51.5667
152
51.6
152
51.6333
152
51.6667
152
51.7
152
51.7333
152
51.7667
152
51.8
152
51.8333
152
51.8667
152
51.9
152
51.9333
152
51.9667
152
52
152
52.0333
152
52.0667
152
52.1
152
52.1333
152
52.1667
152
52.2
152
52.2333
152
52.2667
152
52.3
152
52.3333
152
52.3667
152
52.4
152
52.4333
152
52.4667
152
52.5
152
52.5333
152
52.5667
152
52.6
152
52.6333
152
52.6667
152
52.7
152
52.7333
152
52.7667
152
52.8
152
52.8333
152
52.8667
152
52.9
152
52.9333
152
52.9667
152
53
152
53.0333
152
53.0667
152
53.1
153
53.1333
153
53.1667
153
53.2
153
53.2333
153
53.2667
153
53.3
153
53.3333
153
