0
1
0.0333333
1
0.0666667
1
0.1
1
0.133333
1
0.166667
1
0.2
1
0.233333
1
0.266667
1
0.3
1
0.333333
1
0.366667
1
0.4
1
0.433333
1
0.466667
1
0.5
1
0.533333
1
0.566667
1
0.6
1
0.633333
1
0.666667
1
0.7
1
0.733333
1
0.766667
1
0.8
1
0.833333
1
0.866667
1
0.9
1
0.933333
1
0.966667
1
1
1
1.03333
1
1.06667
1
1.1
1
1.13333
1
1.16667
1
1.2
1
1.23333
1
1.26667
1
1.3
1
1.33333
1
1.36667
1
1.4
1
1.43333
1
1.46667
1
1.5
1
1.53333
1
1.56667
1
1.6
1
1.63333
1
1.66667
1
1.7
1
1.73333
1
1.76667
1
1.8
1
1.83333
1
1.86667
1
1.9
1
1.93333
1
1.96667
1
2
1
2.03333
1
2.06667
1
2.1
1
2.13333
1
2.16667
1
2.2
1
2.23333
1
2.26667
1
2.3
1
2.33333
1
2.36667
1
2.4
1
2.43333
1
2.46667
1
2.5
1
2.53333
1
2.56667
1
2.6
1
2.63333
1
2.66667
1
2.7
1
2.73333
1
2.76667
1
2.8
1
2.83333
1
2.86667
1
2.9
1
2.93333
1
2.96667
1
3
1
3.03333
1
3.06667
1
3.1
1
3.13333
1
3.16667
1
3.2
1
3.23333
1
3.26667
1
3.3
1
3.33333
1
3.36667
1
3.4
1
3.43333
1
3.46667
1
3.5
1
3.53333
1
3.56667
1
3.6
1
3.63333
1
3.66667
1
3.7
1
3.73333
1
3.76667
1
3.8
1
3.83333
1
3.86667
1
3.9
1
3.93333
1
3.96667
1
4
1
4.03333
1
4.06667
1
4.1
1
4.13333
1
4.16667
1
4.2
1
4.23333
1
4.26667
1
4.3
1
4.33333
1
4.36667
1
4.4
1
4.43333
1
4.46667
1
4.5
1
4.53333
1
4.56667
1
4.6
1
4.63333
1
4.66667
1
4.7
1
4.73333
1
4.76667
1
4.8
1
4.83333
1
4.86667
1
4.9
1
4.93333
1
4.96667
1
5
1
5.03333
1
5.06667
1
5.1
1
5.13333
1
5.16667
1
5.2
1
5.23333
1
5.26667
1
5.3
3
5.33333
3
5.36667
3
5.4
3
5.43333
3
5.46667
3
5.5
3
5.53333
3
5.56667
3
5.6
3
5.63333
3
5.66667
3
5.7
6
5.73333
7
5.76667
7
5.8
8
5.83333
8
5.86667
8
5.9
8
5.93333
8
5.96667
8
6
8
6.03333
9
6.06667
11
6.1
11
6.13333
12
6.16667
12
6.2
12
6.23333
13
6.26667
13
6.3
13
6.33333
13
6.36667
14
6.4
14
6.43333
14
6.46667
14
6.5
16
6.53333
16
6.56667
16
6.6
18
6.63333
18
6.66667
20
6.7
21
6.73333
23
6.76667
23
6.8
23
6.83333
24
6.86667
24
6.9
24
6.93333
25
6.96667
25
7
25
7.03333
26
7.06667
26
7.1
26
7.13333
27
7.16667
28
7.2
28
7.23333
28
7.26667
28
7.3
28
7.33333
28
7.36667
28
7.4
28
7.43333
28
7.46667
28
7.5
28
7.53333
28
7.56667
29
7.6
29
7.63333
29
7.66667
29
7.7
29
7.73333
29
7.76667
29
7.8
29
7.83333
29
7.86667
29
7.9
29
7.93333
29
7.96667
29
8
29
8.03333
29
8.06667
29
8.1
29
8.13333
30
8.16667
30
8.2
30
8.23333
30
8.26667
30
8.3
30
8.33333
31
8.36667
32
8.4
32
8.43333
33
8.46667
33
8.5
33
8.53333
34
8.56667
34
8.6
35
8.63333
36
8.66667
36
8.7
37
8.73333
38
8.76667
39
8.8
39
8.83333
39
8.86667
39
8.9
40
8.93333
41
8.96667
41
9
41
9.03333
41
9.06667
42
9.1
42
9.13333
43
9.16667
43
9.2
43
9.23333
43
9.26667
44
9.3
44
9.33333
44
9.36667
44
9.4
44
9.43333
44
9.46667
44
9.5
45
9.53333
47
9.56667
47
9.6
47
9.63333
47
9.66667
48
9.7
48
9.73333
49
9.76667
51
9.8
53
9.83333
53
9.86667
55
9.9
55
9.93333
57
9.96667
57
10
58
10.0333
60
10.0667
63
10.1
63
10.1333
64
10.1667
65
10.2
66
10.2333
67
10.2667
67
10.3
67
10.3333
68
10.3667
71
10.4
72
10.4333
74
10.4667
75
10.5
75
10.5333
76
10.5667
76
10.6
76
10.6333
76
10.6667
77
10.7
78
10.7333
79
10.7667
80
10.8
80
10.8333
80
10.8667
80
10.9
82
10.9333
83
10.9667
83
11
85
11.0333
85
11.0667
87
11.1
89
11.1333
89
11.1667
90
11.2
92
11.2333
93
11.2667
96
11.3
96
11.3333
96
11.3667
96
11.4
96
11.4333
96
11.4667
96
11.5
97
11.5333
97
11.5667
97
11.6
98
11.6333
98
11.6667
98
11.7
98
11.7333
99
11.7667
101
11.8
101
11.8333
102
11.8667
102
11.9
103
11.9333
103
11.9667
103
12
104
12.0333
106
12.0667
108
12.1
108
12.1333
108
12.1667
108
12.2
109
12.2333
109
12.2667
110
12.3
111
12.3333
113
12.3667
115
12.4
115
12.4333
115
12.4667
115
12.5
115
12.5333
115
12.5667
115
12.6
115
12.6333
115
12.6667
115
12.7
115
12.7333
116
12.7667
116
12.8
116
12.8333
116
12.8667
116
12.9
116
12.9333
116
12.9667
117
13
117
13.0333
117
13.0667
118
13.1
118
13.1333
118
13.1667
118
13.2
118
13.2333
119
13.2667
119
13.3
119
13.3333
120
13.3667
120
13.4
120
13.4333
120
13.4667
120
13.5
120
13.5333
120
13.5667
120
13.6
121
13.6333
121
13.6667
121
13.7
121
13.7333
121
13.7667
122
13.8
122
13.8333
122
13.8667
122
13.9
122
13.9333
122
13.9667
122
14
122
14.0333
122
14.0667
122
14.1
122
14.1333
122
14.1667
122
14.2
122
14.2333
122
14.2667
123
14.3
123
14.3333
123
14.3667
123
14.4
123
14.4333
123
14.4667
123
14.5
123
14.5333
123
14.5667
123
14.6
124
14.6333
124
14.6667
124
14.7
124
14.7333
124
14.7667
124
14.8
124
14.8333
125
14.8667
125
14.9
126
14.9333
126
14.9667
126
15
126
15.0333
126
15.0667
126
15.1
128
15.1333
128
15.1667
128
15.2
128
15.2333
128
15.2667
128
15.3
128
15.3333
128
15.3667
128
15.4
128
15.4333
128
15.4667
128
15.5
128
15.5333
128
15.5667
129
15.6
129
15.6333
129
15.6667
129
15.7
130
15.7333
130
15.7667
130
15.8
130
15.8333
130
15.8667
130
15.9
130
15.9333
130
15.9667
131
16
131
16.0333
131
16.0667
131
16.1
132
16.1333
132
16.1667
132
16.2
132
16.2333
132
16.2667
132
16.3
132
16.3333
132
16.3667
132
16.4
132
16.4333
133
16.4667
134
16.5
134
16.5333
134
16.5667
135
16.6
135
16.6333
135
16.6667
135
16.7
135
16.7333
135
16.7667
135
16.8
135
16.8333
135
16.8667
135
16.9
137
16.9333
137
16.9667
137
17
137
17.0333
137
17.0667
138
17.1
138
17.1333
138
17.1667
138
17.2
138
17.2333
138
17.2667
138
17.3
138
17.3333
139
17.3667
139
17.4
140
17.4333
140
17.4667
140
17.5
140
17.5333
140
17.5667
140
17.6
140
17.6333
140
17.6667
140
17.7
140
17.7333
140
17.7667
140
17.8
140
17.8333
140
17.8667
140
17.9
140
17.9333
140
17.9667
140
18
140
18.0333
141
18.0667
141
18.1
141
18.1333
141
18.1667
142
18.2
143
18.2333
143
18.2667
143
18.3
144
18.3333
144
18.3667
144
18.4
145
18.4333
145
18.4667
145
18.5
145
18.5333
145
18.5667
145
18.6
145
18.6333
145
18.6667
145
18.7
145
18.7333
145
18.7667
145
18.8
145
18.8333
145
18.8667
145
18.9
145
18.9333
145
18.9667
145
19
145
19.0333
146
19.0667
146
19.1
146
19.1333
146
19.1667
146
19.2
146
19.2333
147
19.2667
147
19.3
148
19.3333
148
19.3667
148
19.4
148
19.4333
149
19.4667
149
19.5
149
19.5333
149
19.5667
150
19.6
150
19.6333
151
19.6667
151
19.7
151
19.7333
151
19.7667
151
19.8
152
19.8333
153
19.8667
153
19.9
153
19.9333
154
19.9667
154
20
155
20.0333
156
20.0667
157
20.1
158
20.1333
158
20.1667
159
20.2
159
20.2333
159
20.2667
159
20.3
159
20.3333
159
20.3667
160
20.4
160
20.4333
162
20.4667
163
20.5
164
20.5333
166
20.5667
166
20.6
166
20.6333
166
20.6667
166
20.7
166
20.7333
167
20.7667
167
20.8
167
20.8333
167
20.8667
167
20.9
170
20.9333
170
20.9667
170
21
170
21.0333
172
21.0667
173
21.1
174
21.1333
174
21.1667
175
21.2
177
21.2333
177
21.2667
177
21.3
178
21.3333
179
21.3667
179
21.4
180
21.4333
180
21.4667
180
21.5
180
21.5333
180
21.5667
180
21.6
181
21.6333
181
21.6667
183
21.7
184
21.7333
185
21.7667
185
21.8
185
21.8333
187
21.8667
187
21.9
188
21.9333
188
21.9667
188
22
188
22.0333
188
22.0667
188
22.1
189
22.1333
189
22.1667
190
22.2
191
22.2333
191
22.2667
191
22.3
191
22.3333
191
22.3667
191
22.4
191
22.4333
192
22.4667
192
22.5
192
22.5333
192
22.5667
192
22.6
192
22.6333
192
22.6667
192
22.7
192
22.7333
192
22.7667
192
22.8
192
22.8333
192
22.8667
192
22.9
192
22.9333
192
22.9667
193
23
193
23.0333
193
23.0667
193
23.1
193
23.1333
193
23.1667
193
23.2
193
23.2333
193
23.2667
193
23.3
193
23.3333
193
23.3667
194
23.4
194
23.4333
194
23.4667
194
23.5
194
23.5333
194
23.5667
194
23.6
194
23.6333
195
23.6667
195
23.7
195
23.7333
195
23.7667
195
23.8
195
23.8333
195
23.8667
195
23.9
195
23.9333
195
23.9667
195
24
195
24.0333
195
24.0667
195
24.1
195
24.1333
195
24.1667
195
24.2
196
24.2333
196
24.2667
196
24.3
196
24.3333
197
24.3667
197
24.4
197
24.4333
197
24.4667
197
24.5
197
24.5333
197
24.5667
197
24.6
197
24.6333
198
24.6667
198
24.7
198
24.7333
198
24.7667
198
24.8
198
24.8333
198
24.8667
198
24.9
199
24.9333
199
24.9667
199
25
201
25.0333
201
25.0667
201
25.1
201
25.1333
202
25.1667
202
25.2
202
25.2333
202
25.2667
202
25.3
202
25.3333
202
25.3667
202
25.4
202
25.4333
202
25.4667
203
25.5
203
25.5333
203
25.5667
203
25.6
203
25.6333
203
25.6667
203
25.7
203
25.7333
203
25.7667
203
25.8
203
25.8333
203
25.8667
203
25.9
203
25.9333
203
25.9667
203
26
203
26.0333
203
26.0667
203
26.1
203
26.1333
203
26.1667
203
26.2
203
26.2333
203
26.2667
204
26.3
204
26.3333
204
26.3667
204
26.4
204
26.4333
204
26.4667
204
26.5
204
26.5333
204
26.5667
204
26.6
204
26.6333
205
26.6667
205
26.7
205
26.7333
205
26.7667
205
26.8
206
26.8333
207
26.8667
207
26.9
207
26.9333
207
26.9667
207
27
207
27.0333
207
27.0667
207
27.1
207
27.1333
207
27.1667
207
27.2
207
27.2333
207
27.2667
207
27.3
207
27.3333
207
27.3667
208
27.4
208
27.4333
208
27.4667
208
27.5
208
27.5333
208
27.5667
208
27.6
209
27.6333
209
27.6667
209
27.7
209
27.7333
209
27.7667
209
27.8
209
27.8333
209
27.8667
209
27.9
209
27.9333
209
27.9667
209
28
210
28.0333
210
28.0667
210
28.1
210
28.1333
210
28.1667
210
28.2
210
28.2333
210
28.2667
210
28.3
211
28.3333
211
28.3667
211
28.4
211
28.4333
211
28.4667
211
28.5
211
28.5333
211
28.5667
211
28.6
211
28.6333
211
28.6667
212
28.7
212
28.7333
212
28.7667
212
28.8
212
28.8333
212
28.8667
212
28.9
212
28.9333
212
28.9667
212
29
212
29.0333
212
29.0667
212
29.1
212
29.1333
212
29.1667
212
29.2
212
29.2333
212
29.2667
212
29.3
212
29.3333
212
29.3667
212
29.4
212
29.4333
212
29.4667
212
29.5
212
29.5333
212
29.5667
212
29.6
212
29.6333
212
29.6667
212
29.7
212
29.7333
212
29.7667
212
29.8
212
29.8333
212
29.8667
212
29.9
212
29.9333
212
29.9667
212
30
212
30.0333
212
30.0667
212
30.1
212
30.1333
212
30.1667
212
30.2
212
30.2333
212
30.2667
212
30.3
212
30.3333
212
30.3667
212
30.4
212
30.4333
212
30.4667
212
30.5
212
30.5333
212
30.5667
212
30.6
212
30.6333
212
30.6667
212
30.7
212
30.7333
213
30.7667
213
30.8
213
30.8333
213
30.8667
213
30.9
213
30.9333
213
30.9667
213
31
213
31.0333
213
31.0667
213
31.1
213
31.1333
213
31.1667
213
31.2
213
31.2333
213
31.2667
213
31.3
213
31.3333
213
31.3667
213
31.4
213
31.4333
213
31.4667
213
31.5
213
31.5333
213
31.5667
213
31.6
213
31.6333
213
31.6667
213
31.7
213
31.7333
213
31.7667
213
31.8
213
31.8333
213
31.8667
213
31.9
213
31.9333
213
31.9667
213
32
214
32.0333
214
32.0667
214
32.1
214
32.1333
214
32.1667
215
32.2
215
32.2333
215
32.2667
215
32.3
215
32.3333
215
32.3667
215
32.4
215
32.4333
215
32.4667
215
32.5
215
32.5333
215
32.5667
215
32.6
215
32.6333
215
32.6667
215
32.7
215
32.7333
215
32.7667
215
32.8
215
32.8333
215
32.8667
215
32.9
215
32.9333
215
32.9667
215
33
215
33.0333
215
33.0667
215
33.1
215
33.1333
215
33.1667
215
33.2
215
33.2333
215
33.2667
215
33.3
215
33.3333
215
33.3667
215
33.4
215
33.4333
215
33.4667
215
33.5
215
33.5333
215
33.5667
215
33.6
215
33.6333
215
33.6667
215
33.7
215
33.7333
215
33.7667
215
33.8
215
33.8333
215
33.8667
215
33.9
215
33.9333
215
33.9667
215
34
215
34.0333
215
34.0667
215
34.1
215
34.1333
215
34.1667
215
34.2
215
34.2333
215
34.2667
215
34.3
215
34.3333
215
34.3667
215
34.4
215
34.4333
215
34.4667
215
34.5
215
34.5333
216
34.5667
216
34.6
216
34.6333
216
34.6667
216
34.7
216
34.7333
216
34.7667
216
34.8
216
34.8333
216
34.8667
216
34.9
216
34.9333
216
34.9667
216
35
216
35.0333
216
35.0667
216
35.1
216
35.1333
216
35.1667
216
35.2
216
35.2333
216
35.2667
216
35.3
216
35.3333
216
35.3667
216
35.4
216
35.4333
216
35.4667
216
35.5
216
35.5333
216
35.5667
216
35.6
216
35.6333
216
35.6667
216
35.7
216
35.7333
217
35.7667
217
35.8
217
35.8333
217
35.8667
217
35.9
217
35.9333
217
35.9667
217
36
217
36.0333
217
36.0667
217
36.1
217
36.1333
217
36.1667
217
36.2
217
36.2333
218
36.2667
218
36.3
218
36.3333
218
36.3667
218
36.4
218
36.4333
218
36.4667
218
36.5
218
36.5333
218
36.5667
218
36.6
218
36.6333
218
36.6667
218
36.7
218
36.7333
218
36.7667
218
36.8
218
36.8333
218
36.8667
218
36.9
218
36.9333
218
36.9667
218
37
218
37.0333
218
37.0667
218
37.1
218
37.1333
218
37.1667
219
37.2
219
37.2333
219
37.2667
219
37.3
219
37.3333
219
37.3667
219
37.4
219
37.4333
219
37.4667
219
37.5
219
37.5333
219
37.5667
219
37.6
219
37.6333
219
37.6667
219
37.7
219
37.7333
219
37.7667
219
37.8
219
37.8333
219
37.8667
219
37.9
219
37.9333
219
37.9667
219
38
219
38.0333
219
38.0667
219
38.1
219
38.1333
219
38.1667
219
38.2
219
38.2333
219
38.2667
219
38.3
219
38.3333
219
38.3667
219
38.4
219
38.4333
219
38.4667
219
38.5
219
38.5333
219
38.5667
219
38.6
219
38.6333
219
38.6667
219
38.7
219
38.7333
219
38.7667
219
38.8
219
38.8333
219
38.8667
219
38.9
219
38.9333
219
38.9667
219
39
219
39.0333
219
39.0667
219
39.1
219
39.1333
219
39.1667
219
39.2
219
39.2333
219
39.2667
219
39.3
219
39.3333
219
39.3667
219
39.4
220
39.4333
220
39.4667
220
39.5
220
39.5333
220
39.5667
220
39.6
220
39.6333
220
39.6667
220
39.7
220
39.7333
220
39.7667
220
39.8
220
39.8333
220
39.8667
220
39.9
220
39.9333
220
39.9667
220
40
220
40.0333
220
40.0667
220
40.1
220
40.1333
220
40.1667
220
40.2
220
40.2333
220
40.2667
220
40.3
220
40.3333
220
40.3667
220
40.4
220
40.4333
220
40.4667
220
40.5
220
40.5333
220
40.5667
220
40.6
220
40.6333
220
40.6667
220
40.7
220
40.7333
220
40.7667
220
40.8
220
40.8333
220
40.8667
220
40.9
220
40.9333
220
40.9667
220
41
220
41.0333
220
41.0667
220
41.1
220
41.1333
220
41.1667
221
41.2
221
41.2333
221
41.2667
221
41.3
221
41.3333
221
41.3667
221
41.4
221
41.4333
221
41.4667
221
41.5
221
41.5333
222
41.5667
222
41.6
222
41.6333
222
41.6667
222
41.7
222
41.7333
222
41.7667
222
41.8
222
41.8333
222
41.8667
222
41.9
222
41.9333
222
41.9667
222
42
222
42.0333
222
42.0667
222
42.1
222
42.1333
222
42.1667
222
42.2
222
42.2333
223
42.2667
223
42.3
223
42.3333
223
42.3667
223
42.4
223
42.4333
225
42.4667
225
42.5
225
42.5333
225
42.5667
225
42.6
225
42.6333
225
42.6667
225
42.7
226
42.7333
226
42.7667
226
42.8
226
42.8333
226
42.8667
226
42.9
226
42.9333
226
42.9667
226
43
227
43.0333
227
43.0667
227
43.1
227
43.1333
227
43.1667
227
43.2
227
43.2333
227
43.2667
227
43.3
227
43.3333
227
43.3667
227
43.4
227
43.4333
227
43.4667
227
43.5
227
43.5333
227
43.5667
227
43.6
227
43.6333
228
43.6667
228
43.7
228
43.7333
228
43.7667
228
43.8
228
43.8333
228
43.8667
228
43.9
228
43.9333
228
43.9667
228
44
228
44.0333
228
44.0667
228
44.1
228
44.1333
228
44.1667
228
44.2
228
44.2333
228
44.2667
229
44.3
229
44.3333
229
44.3667
229
44.4
229
44.4333
229
44.4667
229
44.5
229
44.5333
229
44.5667
229
44.6
229
44.6333
229
44.6667
229
44.7
229
44.7333
229
44.7667
229
44.8
229
44.8333
229
44.8667
229
44.9
229
44.9333
229
44.9667
229
45
229
45.0333
229
45.0667
229
45.1
229
45.1333
229
45.1667
229
45.2
229
45.2333
229
45.2667
229
45.3
229
45.3333
229
45.3667
229
45.4
229
45.4333
229
45.4667
229
45.5
229
45.5333
229
45.5667
229
45.6
229
45.6333
229
45.6667
229
45.7
229
45.7333
229
45.7667
229
45.8
229
45.8333
229
45.8667
229
45.9
229
45.9333
229
45.9667
229
46
229
46.0333
229
46.0667
229
46.1
229
46.1333
229
46.1667
229
46.2
229
46.2333
229
46.2667
229
46.3
229
46.3333
229
46.3667
229
46.4
229
46.4333
229
46.4667
229
46.5
229
46.5333
229
46.5667
229
46.6
229
46.6333
229
46.6667
229
46.7
229
46.7333
229
46.7667
229
46.8
229
46.8333
229
46.8667
229
46.9
229
46.9333
229
46.9667
229
47
229
47.0333
229
47.0667
229
47.1
229
47.1333
229
47.1667
229
47.2
229
47.2333
229
47.2667
229
47.3
229
47.3333
229
47.3667
229
47.4
229
47.4333
229
47.4667
229
47.5
229
47.5333
229
47.5667
229
47.6
229
47.6333
229
47.6667
229
47.7
229
47.7333
229
47.7667
230
47.8
230
47.8333
230
47.8667
230
47.9
230
47.9333
230
47.9667
230
48
230
48.0333
230
48.0667
230
48.1
230
48.1333
230
48.1667
230
48.2
230
48.2333
230
48.2667
230
48.3
230
48.3333
230
48.3667
230
48.4
230
48.4333
230
48.4667
230
48.5
230
48.5333
230
48.5667
230
48.6
230
48.6333
230
48.6667
230
48.7
230
48.7333
230
48.7667
230
48.8
230
48.8333
230
48.8667
230
48.9
230
48.9333
230
48.9667
230
49
230
49.0333
230
49.0667
230
49.1
230
49.1333
230
49.1667
230
49.2
230
49.2333
230
49.2667
230
49.3
230
49.3333
230
49.3667
230
49.4
230
49.4333
230
49.4667
230
49.5
230
49.5333
230
49.5667
230
49.6
230
49.6333
230
49.6667
230
49.7
230
49.7333
230
49.7667
230
49.8
230
49.8333
230
49.8667
230
49.9
230
49.9333
230
49.9667
230
50
230
50.0333
230
50.0667
230
50.1
230
50.1333
230
50.1667
230
50.2
230
50.2333
230
50.2667
230
50.3
230
50.3333
230
50.3667
230
50.4
230
50.4333
230
50.4667
230
50.5
230
50.5333
230
50.5667
230
50.6
230
50.6333
230
50.6667
230
50.7
230
50.7333
230
50.7667
230
50.8
230
50.8333
230
50.8667
230
50.9
230
50.9333
230
50.9667
230
51
230
51.0333
230
51.0667
230
51.1
230
51.1333
230
51.1667
230
51.2
230
51.2333
230
51.2667
230
51.3
230
51.3333
230
51.3667
230
51.4
230
51.4333
230
51.4667
230
51.5
230
51.5333
230
51.5667
230
51.6
230
51.6333
230
51.6667
230
51.7
231
51.7333
231
51.7667
231
51.8
231
51.8333
231
51.8667
231
51.9
231
51.9333
231
51.9667
231
52
231
52.0333
231
52.0667
231
52.1
231
52.1333
231
52.1667
231
52.2
231
52.2333
231
52.2667
231
52.3
231
52.3333
231
52.3667
231
52.4
231
52.4333
231
52.4667
231
52.5
231
52.5333
231
52.5667
231
52.6
231
52.6333
231
52.6667
231
52.7
231
52.7333
231
52.7667
231
52.8
231
52.8333
231
52.8667
231
52.9
231
52.9333
231
52.9667
231
53
231
53.0333
231
53.0667
231
53.1
231
53.1333
231
53.1667
231
53.2
231
53.2333
231
53.2667
231
53.3
231
53.3333
231
