0
1
0.0333333
1
0.0666667
1
0.1
1
0.133333
1
0.166667
1
0.2
1
0.233333
1
0.266667
1
0.3
1
0.333333
1
0.366667
1
0.4
1
0.433333
1
0.466667
1
0.5
1
0.533333
1
0.566667
1
0.6
1
0.633333
1
0.666667
1
0.7
1
0.733333
1
0.766667
1
0.8
1
0.833333
1
0.866667
1
0.9
1
0.933333
1
0.966667
1
1
1
1.03333
1
1.06667
1
1.1
1
1.13333
1
1.16667
1
1.2
1
1.23333
1
1.26667
1
1.3
1
1.33333
1
1.36667
1
1.4
1
1.43333
1
1.46667
1
1.5
1
1.53333
1
1.56667
1
1.6
1
1.63333
1
1.66667
1
1.7
1
1.73333
1
1.76667
1
1.8
1
1.83333
1
1.86667
1
1.9
1
1.93333
1
1.96667
1
2
1
2.03333
1
2.06667
1
2.1
1
2.13333
1
2.16667
1
2.2
1
2.23333
1
2.26667
1
2.3
1
2.33333
1
2.36667
1
2.4
1
2.43333
1
2.46667
1
2.5
1
2.53333
1
2.56667
1
2.6
1
2.63333
1
2.66667
1
2.7
1
2.73333
1
2.76667
1
2.8
1
2.83333
1
2.86667
1
2.9
1
2.93333
1
2.96667
1
3
1
3.03333
1
3.06667
1
3.1
1
3.13333
1
3.16667
1
3.2
1
3.23333
1
3.26667
1
3.3
1
3.33333
1
3.36667
1
3.4
1
3.43333
1
3.46667
1
3.5
1
3.53333
1
3.56667
1
3.6
1
3.63333
1
3.66667
1
3.7
1
3.73333
1
3.76667
1
3.8
1
3.83333
1
3.86667
1
3.9
1
3.93333
1
3.96667
1
4
1
4.03333
1
4.06667
1
4.1
1
4.13333
1
4.16667
1
4.2
1
4.23333
1
4.26667
1
4.3
1
4.33333
1
4.36667
1
4.4
1
4.43333
1
4.46667
1
4.5
1
4.53333
1
4.56667
1
4.6
1
4.63333
1
4.66667
1
4.7
1
4.73333
1
4.76667
1
4.8
1
4.83333
1
4.86667
1
4.9
1
4.93333
1
4.96667
1
5
1
5.03333
1
5.06667
1
5.1
1
5.13333
1
5.16667
1
5.2
1
5.23333
3
5.26667
3
5.3
3
5.33333
4
5.36667
4
5.4
4
5.43333
5
5.46667
5
5.5
5
5.53333
5
5.56667
5
5.6
6
5.63333
6
5.66667
7
5.7
9
5.73333
11
5.76667
11
5.8
12
5.83333
14
5.86667
14
5.9
16
5.93333
18
5.96667
18
6
18
6.03333
21
6.06667
22
6.1
23
6.13333
26
6.16667
27
6.2
27
6.23333
29
6.26667
29
6.3
31
6.33333
32
6.36667
34
6.4
35
6.43333
42
6.46667
43
6.5
43
6.53333
45
6.56667
48
6.6
51
6.63333
55
6.66667
59
6.7
59
6.73333
62
6.76667
69
6.8
75
6.83333
75
6.86667
78
6.9
82
6.93333
84
6.96667
91
7
97
7.03333
98
7.06667
101
7.1
105
7.13333
108
7.16667
110
7.2
111
7.23333
117
7.26667
126
7.3
132
7.33333
132
7.36667
133
7.4
135
7.43333
138
7.46667
143
7.5
147
7.53333
149
7.56667
152
7.6
153
7.63333
159
7.66667
163
7.7
165
7.73333
168
7.76667
168
7.8
171
7.83333
171
7.86667
172
7.9
173
7.93333
176
7.96667
177
8
180
8.03333
182
8.06667
184
8.1
186
8.13333
190
8.16667
195
8.2
197
8.23333
198
8.26667
201
8.3
202
8.33333
202
8.36667
202
8.4
205
8.43333
208
8.46667
208
8.5
209
8.53333
209
8.56667
209
8.6
211
8.63333
211
8.66667
211
8.7
211
8.73333
212
8.76667
213
8.8
215
8.83333
218
8.86667
220
8.9
222
8.93333
225
8.96667
230
9
232
9.03333
232
9.06667
232
9.1
232
9.13333
232
9.16667
232
9.2
232
9.23333
234
9.26667
235
9.3
237
9.33333
237
9.36667
237
9.4
237
9.43333
239
9.46667
241
9.5
241
9.53333
245
9.56667
246
9.6
246
9.63333
247
9.66667
248
9.7
248
9.73333
249
9.76667
250
9.8
251
9.83333
251
9.86667
252
9.9
253
9.93333
254
9.96667
257
10
258
10.0333
260
10.0667
260
10.1
261
10.1333
262
10.1667
265
10.2
265
10.2333
266
10.2667
267
10.3
267
10.3333
270
10.3667
276
10.4
279
10.4333
279
10.4667
279
10.5
279
10.5333
279
10.5667
279
10.6
279
10.6333
282
10.6667
286
10.7
288
10.7333
288
10.7667
289
10.8
290
10.8333
290
10.8667
292
10.9
292
10.9333
295
10.9667
296
11
297
11.0333
297
11.0667
298
11.1
299
11.1333
300
11.1667
301
11.2
302
11.2333
305
11.2667
307
11.3
307
11.3333
309
11.3667
310
11.4
311
11.4333
312
11.4667
313
11.5
313
11.5333
313
11.5667
314
11.6
315
11.6333
316
11.6667
317
11.7
317
11.7333
317
11.7667
319
11.8
322
11.8333
323
11.8667
324
11.9
324
11.9333
326
11.9667
326
12
327
12.0333
331
12.0667
333
12.1
339
12.1333
339
12.1667
341
12.2
341
12.2333
342
12.2667
342
12.3
343
12.3333
345
12.3667
346
12.4
350
12.4333
353
12.4667
354
12.5
355
12.5333
355
12.5667
359
12.6
361
12.6333
362
12.6667
365
12.7
366
12.7333
368
12.7667
368
12.8
369
12.8333
370
12.8667
371
12.9
373
12.9333
374
12.9667
374
13
375
13.0333
375
13.0667
378
13.1
380
13.1333
382
13.1667
384
13.2
387
13.2333
387
13.2667
390
13.3
391
13.3333
392
13.3667
395
13.4
395
13.4333
397
13.4667
399
13.5
399
13.5333
400
13.5667
400
13.6
400
13.6333
401
13.6667
403
13.7
403
13.7333
403
13.7667
406
13.8
408
13.8333
408
13.8667
409
13.9
411
13.9333
413
13.9667
415
14
417
14.0333
419
14.0667
420
14.1
421
14.1333
423
14.1667
423
14.2
424
14.2333
424
14.2667
425
14.3
427
14.3333
428
14.3667
430
14.4
431
14.4333
431
14.4667
433
14.5
434
14.5333
435
14.5667
435
14.6
437
14.6333
437
14.6667
437
14.7
438
14.7333
440
14.7667
440
14.8
443
14.8333
445
14.8667
446
14.9
448
14.9333
449
14.9667
450
15
450
15.0333
452
15.0667
453
15.1
454
15.1333
454
15.1667
457
15.2
458
15.2333
460
15.2667
461
15.3
463
15.3333
464
15.3667
464
15.4
466
15.4333
468
15.4667
468
15.5
468
15.5333
471
15.5667
471
15.6
472
15.6333
473
15.6667
475
15.7
475
15.7333
475
15.7667
478
15.8
478
15.8333
480
15.8667
482
15.9
483
15.9333
483
15.9667
484
16
485
16.0333
485
16.0667
486
16.1
486
16.1333
487
16.1667
487
16.2
488
16.2333
488
16.2667
490
16.3
491
16.3333
492
16.3667
492
16.4
493
16.4333
494
16.4667
495
16.5
496
16.5333
496
16.5667
498
16.6
498
16.6333
499
16.6667
501
16.7
502
16.7333
503
16.7667
503
16.8
504
16.8333
506
16.8667
507
16.9
509
16.9333
509
16.9667
509
17
510
17.0333
512
17.0667
513
17.1
514
17.1333
515
17.1667
516
17.2
517
17.2333
517
17.2667
517
17.3
517
17.3333
517
17.3667
517
17.4
517
17.4333
517
17.4667
519
17.5
520
17.5333
521
17.5667
522
17.6
523
17.6333
523
17.6667
524
17.7
525
17.7333
525
17.7667
526
17.8
526
17.8333
526
17.8667
526
17.9
529
17.9333
531
17.9667
532
18
532
18.0333
533
18.0667
534
18.1
534
18.1333
536
18.1667
536
18.2
537
18.2333
540
18.2667
540
18.3
540
18.3333
543
18.3667
546
18.4
546
18.4333
546
18.4667
547
18.5
548
18.5333
548
18.5667
550
18.6
550
18.6333
551
18.6667
551
18.7
551
18.7333
551
18.7667
551
18.8
552
18.8333
553
18.8667
556
18.9
556
18.9333
558
18.9667
559
19
561
19.0333
561
19.0667
563
19.1
564
19.1333
564
19.1667
566
19.2
566
19.2333
568
19.2667
569
19.3
569
19.3333
569
19.3667
570
19.4
570
19.4333
570
19.4667
570
19.5
571
19.5333
572
19.5667
573
19.6
574
19.6333
574
19.6667
574
19.7
574
19.7333
575
19.7667
577
19.8
577
19.8333
577
19.8667
577
19.9
578
19.9333
579
19.9667
579
20
580
20.0333
580
20.0667
580
20.1
583
20.1333
584
20.1667
584
20.2
585
20.2333
585
20.2667
585
20.3
585
20.3333
585
20.3667
586
20.4
586
20.4333
587
20.4667
587
20.5
587
20.5333
587
20.5667
588
20.6
591
20.6333
591
20.6667
591
20.7
592
20.7333
592
20.7667
595
20.8
595
20.8333
595
20.8667
596
20.9
596
20.9333
597
20.9667
597
21
597
21.0333
599
21.0667
599
21.1
599
21.1333
600
21.1667
600
21.2
601
21.2333
601
21.2667
601
21.3
601
21.3333
601
21.3667
601
21.4
602
21.4333
602
21.4667
602
21.5
602
21.5333
602
21.5667
603
21.6
604
21.6333
604
21.6667
604
21.7
606
21.7333
607
21.7667
607
21.8
607
21.8333
607
21.8667
607
21.9
607
21.9333
607
21.9667
609
22
609
22.0333
609
22.0667
609
22.1
610
22.1333
610
22.1667
610
22.2
610
22.2333
612
22.2667
612
22.3
612
22.3333
613
22.3667
614
22.4
614
22.4333
615
22.4667
615
22.5
615
22.5333
615
22.5667
615
22.6
615
22.6333
615
22.6667
615
22.7
615
22.7333
616
22.7667
617
22.8
617
22.8333
617
22.8667
617
22.9
617
22.9333
617
22.9667
617
23
617
23.0333
621
23.0667
621
23.1
623
23.1333
623
23.1667
624
23.2
624
23.2333
624
23.2667
624
23.3
625
23.3333
626
23.3667
627
23.4
628
23.4333
628
23.4667
628
23.5
628
23.5333
629
23.5667
629
23.6
629
23.6333
629
23.6667
629
23.7
629
23.7333
629
23.7667
629
23.8
629
23.8333
629
23.8667
629
23.9
631
23.9333
631
23.9667
631
24
631
24.0333
633
24.0667
633
24.1
633
24.1333
633
24.1667
634
24.2
634
24.2333
634
24.2667
634
24.3
634
24.3333
634
24.3667
634
24.4
634
24.4333
634
24.4667
634
24.5
634
24.5333
635
24.5667
635
24.6
635
24.6333
635
24.6667
635
24.7
636
24.7333
636
24.7667
636
24.8
636
24.8333
637
24.8667
637
24.9
637
24.9333
638
24.9667
638
25
639
25.0333
639
25.0667
639
25.1
640
25.1333
640
25.1667
641
25.2
642
25.2333
643
25.2667
643
25.3
644
25.3333
644
25.3667
644
25.4
644
25.4333
644
25.4667
644
25.5
644
25.5333
644
25.5667
645
25.6
645
25.6333
646
25.6667
647
25.7
647
25.7333
648
25.7667
648
25.8
648
25.8333
651
25.8667
651
25.9
652
25.9333
652
25.9667
652
26
652
26.0333
652
26.0667
652
26.1
652
26.1333
654
26.1667
654
26.2
656
26.2333
656
26.2667
656
26.3
658
26.3333
658
26.3667
658
26.4
659
26.4333
659
26.4667
661
26.5
661
26.5333
661
26.5667
662
26.6
662
26.6333
662
26.6667
663
26.7
663
26.7333
664
26.7667
664
26.8
664
26.8333
664
26.8667
664
26.9
664
26.9333
665
26.9667
666
27
667
27.0333
667
27.0667
667
27.1
668
27.1333
668
27.1667
668
27.2
669
27.2333
669
27.2667
670
27.3
670
27.3333
670
27.3667
670
27.4
670
27.4333
670
27.4667
672
27.5
672
27.5333
672
27.5667
672
27.6
672
27.6333
673
27.6667
674
27.7
674
27.7333
677
27.7667
678
27.8
678
27.8333
678
27.8667
678
27.9
678
27.9333
679
27.9667
679
28
680
28.0333
681
28.0667
681
28.1
681
28.1333
681
28.1667
681
28.2
682
28.2333
683
28.2667
683
28.3
683
28.3333
683
28.3667
683
28.4
683
28.4333
683
28.4667
683
28.5
686
28.5333
687
28.5667
687
28.6
687
28.6333
687
28.6667
687
28.7
687
28.7333
687
28.7667
688
28.8
688
28.8333
690
28.8667
690
28.9
690
28.9333
691
28.9667
694
29
694
29.0333
694
29.0667
694
29.1
694
29.1333
696
29.1667
696
29.2
697
29.2333
698
29.2667
698
29.3
698
29.3333
698
29.3667
699
29.4
699
29.4333
699
29.4667
699
29.5
699
29.5333
699
29.5667
700
29.6
700
29.6333
701
29.6667
701
29.7
701
29.7333
701
29.7667
701
29.8
701
29.8333
701
29.8667
702
29.9
702
29.9333
702
29.9667
703
30
703
30.0333
704
30.0667
705
30.1
705
30.1333
705
30.1667
705
30.2
707
30.2333
708
30.2667
708
30.3
709
30.3333
709
30.3667
709
30.4
710
30.4333
711
30.4667
711
30.5
711
30.5333
711
30.5667
712
30.6
712
30.6333
713
30.6667
713
30.7
714
30.7333
716
30.7667
717
30.8
718
30.8333
719
30.8667
719
30.9
719
30.9333
719
30.9667
719
31
720
31.0333
720
31.0667
722
31.1
723
31.1333
724
31.1667
724
31.2
724
31.2333
724
31.2667
724
31.3
727
31.3333
727
31.3667
728
31.4
728
31.4333
728
31.4667
729
31.5
729
31.5333
731
31.5667
731
31.6
731
31.6333
731
31.6667
731
31.7
731
31.7333
731
31.7667
731
31.8
731
31.8333
732
31.8667
732
31.9
732
31.9333
732
31.9667
733
32
733
32.0333
733
32.0667
733
32.1
733
32.1333
733
32.1667
733
32.2
733
32.2333
733
32.2667
733
32.3
733
32.3333
733
32.3667
733
32.4
734
32.4333
734
32.4667
734
32.5
734
32.5333
734
32.5667
734
32.6
734
32.6333
734
32.6667
735
32.7
735
32.7333
735
32.7667
735
32.8
735
32.8333
735
32.8667
736
32.9
737
32.9333
737
32.9667
737
33
737
33.0333
737
33.0667
737
33.1
737
33.1333
737
33.1667
737
33.2
737
33.2333
738
33.2667
738
33.3
738
33.3333
739
33.3667
739
33.4
739
33.4333
740
33.4667
740
33.5
740
33.5333
740
33.5667
740
33.6
740
33.6333
741
33.6667
741
33.7
741
33.7333
741
33.7667
742
33.8
742
33.8333
742
33.8667
743
33.9
743
33.9333
743
33.9667
743
34
744
34.0333
744
34.0667
744
34.1
744
34.1333
744
34.1667
744
34.2
744
34.2333
745
34.2667
745
34.3
746
34.3333
746
34.3667
747
34.4
747
34.4333
747
34.4667
747
34.5
747
34.5333
748
34.5667
748
34.6
748
34.6333
749
34.6667
749
34.7
749
34.7333
749
34.7667
750
34.8
750
34.8333
750
34.8667
750
34.9
750
34.9333
750
34.9667
750
35
750
35.0333
750
35.0667
750
35.1
751
35.1333
751
35.1667
751
35.2
751
35.2333
752
35.2667
752
35.3
753
35.3333
753
35.3667
753
35.4
754
35.4333
754
35.4667
754
35.5
755
35.5333
756
35.5667
756
35.6
756
35.6333
756
35.6667
756
35.7
757
35.7333
758
35.7667
758
35.8
758
35.8333
759
35.8667
759
35.9
759
35.9333
759
35.9667
759
36
759
36.0333
759
36.0667
759
36.1
759
36.1333
759
36.1667
760
36.2
760
36.2333
760
36.2667
760
36.3
760
36.3333
760
36.3667
760
36.4
760
36.4333
760
36.4667
760
36.5
760
36.5333
761
36.5667
762
36.6
762
36.6333
763
36.6667
764
36.7
764
36.7333
764
36.7667
765
36.8
765
36.8333
765
36.8667
765
36.9
767
36.9333
767
36.9667
767
37
767
37.0333
767
37.0667
767
37.1
767
37.1333
768
37.1667
768
37.2
768
37.2333
768
37.2667
768
37.3
768
37.3333
768
37.3667
768
37.4
768
37.4333
768
37.4667
768
37.5
768
37.5333
768
37.5667
768
37.6
768
37.6333
768
37.6667
768
37.7
768
37.7333
769
37.7667
769
37.8
769
37.8333
769
37.8667
769
37.9
769
37.9333
769
37.9667
771
38
771
38.0333
771
38.0667
771
38.1
771
38.1333
771
38.1667
771
38.2
771
38.2333
771
38.2667
771
38.3
771
38.3333
771
38.3667
771
38.4
771
38.4333
772
38.4667
772
38.5
772
38.5333
772
38.5667
773
38.6
773
38.6333
774
38.6667
775
38.7
775
38.7333
776
38.7667
776
38.8
776
38.8333
779
38.8667
780
38.9
782
38.9333
782
38.9667
784
39
784
39.0333
784
39.0667
784
39.1
784
39.1333
784
39.1667
785
39.2
786
39.2333
786
39.2667
786
39.3
786
39.3333
786
39.3667
786
39.4
786
39.4333
788
39.4667
789
39.5
789
39.5333
790
39.5667
791
39.6
791
39.6333
792
39.6667
793
39.7
793
39.7333
793
39.7667
793
39.8
793
39.8333
793
39.8667
793
39.9
794
39.9333
794
39.9667
794
40
794
40.0333
794
40.0667
794
40.1
794
40.1333
794
40.1667
794
40.2
796
40.2333
797
40.2667
797
40.3
797
40.3333
798
40.3667
798
40.4
798
40.4333
798
40.4667
798
40.5
798
40.5333
798
40.5667
799
40.6
799
40.6333
800
40.6667
800
40.7
800
40.7333
801
40.7667
801
40.8
801
40.8333
801
40.8667
801
40.9
801
40.9333
801
40.9667
801
41
801
41.0333
801
41.0667
801
41.1
801
41.1333
801
41.1667
801
41.2
801
41.2333
801
41.2667
801
41.3
801
41.3333
802
41.3667
802
41.4
802
41.4333
802
41.4667
802
41.5
802
41.5333
802
41.5667
802
41.6
802
41.6333
802
41.6667
802
41.7
802
41.7333
803
41.7667
803
41.8
803
41.8333
803
41.8667
803
41.9
803
41.9333
803
41.9667
803
42
804
42.0333
804
42.0667
804
42.1
804
42.1333
804
42.1667
805
42.2
805
42.2333
805
42.2667
805
42.3
805
42.3333
805
42.3667
805
42.4
805
42.4333
805
42.4667
806
42.5
806
42.5333
807
42.5667
807
42.6
807
42.6333
807
42.6667
807
42.7
807
42.7333
807
42.7667
807
42.8
807
42.8333
807
42.8667
807
42.9
807
42.9333
807
42.9667
807
43
807
43.0333
807
43.0667
807
43.1
807
43.1333
807
43.1667
807
43.2
807
43.2333
807
43.2667
807
43.3
807
43.3333
808
43.3667
808
43.4
808
43.4333
808
43.4667
808
43.5
809
43.5333
809
43.5667
809
43.6
809
43.6333
809
43.6667
810
43.7
810
43.7333
810
43.7667
810
43.8
810
43.8333
810
43.8667
810
43.9
811
43.9333
811
43.9667
811
44
811
44.0333
811
44.0667
811
44.1
811
44.1333
811
44.1667
811
44.2
811
44.2333
812
44.2667
812
44.3
812
44.3333
812
44.3667
813
44.4
813
44.4333
813
44.4667
813
44.5
813
44.5333
813
44.5667
813
44.6
813
44.6333
813
44.6667
813
44.7
813
44.7333
813
44.7667
814
44.8
814
44.8333
814
44.8667
814
44.9
814
44.9333
814
44.9667
814
45
814
45.0333
814
45.0667
814
45.1
815
45.1333
815
45.1667
815
45.2
815
45.2333
815
45.2667
816
45.3
816
45.3333
816
45.3667
816
45.4
816
45.4333
816
45.4667
817
45.5
817
45.5333
817
45.5667
817
45.6
817
45.6333
817
45.6667
817
45.7
818
45.7333
818
45.7667
818
45.8
819
45.8333
819
45.8667
819
45.9
819
45.9333
819
45.9667
819
46
819
46.0333
819
46.0667
820
46.1
820
46.1333
820
46.1667
820
46.2
820
46.2333
821
46.2667
821
46.3
821
46.3333
821
46.3667
821
46.4
821
46.4333
821
46.4667
821
46.5
821
46.5333
821
46.5667
822
46.6
822
46.6333
822
46.6667
822
46.7
822
46.7333
822
46.7667
822
46.8
822
46.8333
823
46.8667
823
46.9
823
46.9333
823
46.9667
823
47
823
47.0333
823
47.0667
824
47.1
824
47.1333
825
47.1667
825
47.2
825
47.2333
828
47.2667
828
47.3
828
47.3333
828
47.3667
828
47.4
828
47.4333
828
47.4667
828
47.5
829
47.5333
829
47.5667
829
47.6
829
47.6333
831
47.6667
831
47.7
831
47.7333
832
47.7667
833
47.8
833
47.8333
833
47.8667
833
47.9
833
47.9333
833
47.9667
833
48
833
48.0333
833
48.0667
834
48.1
835
48.1333
835
48.1667
835
48.2
835
48.2333
835
48.2667
835
48.3
838
48.3333
839
48.3667
840
48.4
840
48.4333
841
48.4667
841
48.5
841
48.5333
841
48.5667
841
48.6
841
48.6333
841
48.6667
841
48.7
841
48.7333
841
48.7667
841
48.8
841
48.8333
841
48.8667
841
48.9
841
48.9333
841
48.9667
841
49
841
49.0333
841
49.0667
841
49.1
841
49.1333
841
49.1667
842
49.2
842
49.2333
842
49.2667
842
49.3
843
49.3333
843
49.3667
843
49.4
843
49.4333
843
49.4667
844
49.5
844
49.5333
844
49.5667
844
49.6
844
49.6333
844
49.6667
844
49.7
844
49.7333
844
49.7667
845
49.8
845
49.8333
845
49.8667
845
49.9
845
49.9333
845
49.9667
845
50
845
50.0333
845
50.0667
846
50.1
846
50.1333
847
50.1667
847
50.2
847
50.2333
847
50.2667
847
50.3
847
50.3333
847
50.3667
847
50.4
847
50.4333
847
50.4667
847
50.5
847
50.5333
847
50.5667
847
50.6
847
50.6333
848
50.6667
848
50.7
848
50.7333
848
50.7667
848
50.8
848
50.8333
848
50.8667
848
50.9
848
50.9333
848
50.9667
848
51
848
51.0333
848
51.0667
849
51.1
850
51.1333
850
51.1667
850
51.2
850
51.2333
850
51.2667
850
51.3
850
51.3333
850
51.3667
850
51.4
851
51.4333
851
51.4667
851
51.5
851
51.5333
851
51.5667
851
51.6
851
51.6333
851
51.6667
851
51.7
851
51.7333
851
51.7667
851
51.8
851
51.8333
851
51.8667
851
51.9
851
51.9333
851
51.9667
852
52
852
52.0333
852
52.0667
852
52.1
853
52.1333
853
52.1667
853
52.2
853
52.2333
853
52.2667
853
52.3
853
52.3333
854
52.3667
854
52.4
854
52.4333
854
52.4667
854
52.5
855
52.5333
855
52.5667
855
52.6
855
52.6333
855
52.6667
856
52.7
856
52.7333
856
52.7667
856
52.8
857
52.8333
857
52.8667
857
52.9
858
52.9333
858
52.9667
858
53
858
53.0333
858
53.0667
858
53.1
858
53.1333
858
53.1667
858
53.2
858
53.2333
858
53.2667
858
53.3
858
53.3333
858
