0
1
0.0333333
1
0.0666667
1
0.1
1
0.133333
1
0.166667
1
0.2
1
0.233333
1
0.266667
1
0.3
1
0.333333
1
0.366667
1
0.4
1
0.433333
1
0.466667
1
0.5
1
0.533333
1
0.566667
1
0.6
1
0.633333
1
0.666667
1
0.7
1
0.733333
1
0.766667
1
0.8
1
0.833333
1
0.866667
1
0.9
1
0.933333
1
0.966667
1
1
1
1.03333
1
1.06667
1
1.1
1
1.13333
1
1.16667
1
1.2
1
1.23333
1
1.26667
1
1.3
1
1.33333
1
1.36667
1
1.4
1
1.43333
1
1.46667
1
1.5
1
1.53333
1
1.56667
1
1.6
1
1.63333
1
1.66667
1
1.7
1
1.73333
1
1.76667
1
1.8
1
1.83333
1
1.86667
1
1.9
1
1.93333
1
1.96667
1
2
1
2.03333
1
2.06667
1
2.1
1
2.13333
1
2.16667
1
2.2
1
2.23333
1
2.26667
1
2.3
1
2.33333
1
2.36667
1
2.4
1
2.43333
1
2.46667
1
2.5
1
2.53333
1
2.56667
1
2.6
1
2.63333
1
2.66667
1
2.7
1
2.73333
1
2.76667
1
2.8
1
2.83333
1
2.86667
1
2.9
1
2.93333
1
2.96667
1
3
1
3.03333
1
3.06667
1
3.1
1
3.13333
1
3.16667
1
3.2
1
3.23333
1
3.26667
1
3.3
1
3.33333
1
3.36667
1
3.4
1
3.43333
1
3.46667
1
3.5
1
3.53333
1
3.56667
1
3.6
1
3.63333
1
3.66667
1
3.7
1
3.73333
1
3.76667
1
3.8
1
3.83333
1
3.86667
1
3.9
1
3.93333
1
3.96667
1
4
1
4.03333
1
4.06667
1
4.1
1
4.13333
1
4.16667
1
4.2
1
4.23333
1
4.26667
1
4.3
1
4.33333
1
4.36667
1
4.4
1
4.43333
1
4.46667
1
4.5
1
4.53333
1
4.56667
1
4.6
1
4.63333
1
4.66667
1
4.7
1
4.73333
1
4.76667
1
4.8
1
4.83333
1
4.86667
2
4.9
2
4.93333
2
4.96667
2
5
2
5.03333
2
5.06667
2
5.1
2
5.13333
2
5.16667
3
5.2
3
5.23333
3
5.26667
3
5.3
3
5.33333
3
5.36667
3
5.4
4
5.43333
5
5.46667
5
5.5
7
5.53333
7
5.56667
7
5.6
8
5.63333
8
5.66667
8
5.7
9
5.73333
9
5.76667
10
5.8
11
5.83333
12
5.86667
12
5.9
13
5.93333
14
5.96667
15
6
17
6.03333
19
6.06667
20
6.1
20
6.13333
23
6.16667
24
6.2
25
6.23333
26
6.26667
29
6.3
32
6.33333
34
6.36667
34
6.4
35
6.43333
36
6.46667
36
6.5
37
6.53333
39
6.56667
40
6.6
40
6.63333
41
6.66667
43
6.7
43
6.73333
45
6.76667
45
6.8
47
6.83333
49
6.86667
54
6.9
56
6.93333
56
6.96667
57
7
60
7.03333
60
7.06667
62
7.1
65
7.13333
66
7.16667
67
7.2
69
7.23333
69
7.26667
70
7.3
71
7.33333
71
7.36667
71
7.4
72
7.43333
72
7.46667
73
7.5
75
7.53333
75
7.56667
76
7.6
76
7.63333
77
7.66667
79
7.7
81
7.73333
81
7.76667
82
7.8
83
7.83333
85
7.86667
85
7.9
85
7.93333
86
7.96667
86
8
87
8.03333
87
8.06667
88
8.1
88
8.13333
88
8.16667
88
8.2
88
8.23333
88
8.26667
88
8.3
90
8.33333
91
8.36667
92
8.4
93
8.43333
94
8.46667
95
8.5
95
8.53333
96
8.56667
97
8.6
97
8.63333
99
8.66667
101
8.7
102
8.73333
102
8.76667
102
8.8
103
8.83333
103
8.86667
108
8.9
108
8.93333
108
8.96667
108
9
109
9.03333
109
9.06667
109
9.1
109
9.13333
109
9.16667
110
9.2
110
9.23333
110
9.26667
111
9.3
111
9.33333
111
9.36667
113
9.4
114
9.43333
114
9.46667
114
9.5
114
9.53333
115
9.56667
115
9.6
116
9.63333
117
9.66667
118
9.7
118
9.73333
119
9.76667
122
9.8
124
9.83333
125
9.86667
126
9.9
128
9.93333
130
9.96667
133
10
133
10.0333
134
10.0667
136
10.1
138
10.1333
139
10.1667
139
10.2
142
10.2333
144
10.2667
147
10.3
148
10.3333
149
10.3667
149
10.4
151
10.4333
153
10.4667
155
10.5
157
10.5333
158
10.5667
158
10.6
161
10.6333
162
10.6667
164
10.7
164
10.7333
164
10.7667
168
10.8
171
10.8333
173
10.8667
175
10.9
175
10.9333
178
10.9667
179
11
180
11.0333
184
11.0667
187
11.1
188
11.1333
190
11.1667
192
11.2
194
11.2333
194
11.2667
194
11.3
195
11.3333
196
11.3667
197
11.4
198
11.4333
200
11.4667
200
11.5
201
11.5333
206
11.5667
206
11.6
207
11.6333
207
11.6667
208
11.7
209
11.7333
209
11.7667
210
11.8
210
11.8333
212
11.8667
213
11.9
215
11.9333
216
11.9667
216
12
217
12.0333
217
12.0667
217
12.1
217
12.1333
217
12.1667
217
12.2
218
12.2333
219
12.2667
219
12.3
220
12.3333
220
12.3667
221
12.4
224
12.4333
224
12.4667
224
12.5
224
12.5333
225
12.5667
226
12.6
226
12.6333
226
12.6667
226
12.7
227
12.7333
228
12.7667
229
12.8
230
12.8333
232
12.8667
235
12.9
235
12.9333
235
12.9667
237
13
238
13.0333
238
13.0667
239
13.1
239
13.1333
240
13.1667
240
13.2
240
13.2333
240
13.2667
243
13.3
244
13.3333
245
13.3667
245
13.4
246
13.4333
248
13.4667
249
13.5
251
13.5333
252
13.5667
253
13.6
253
13.6333
253
13.6667
254
13.7
254
13.7333
255
13.7667
255
13.8
255
13.8333
255
13.8667
256
13.9
256
13.9333
256
13.9667
256
14
256
14.0333
256
14.0667
258
14.1
259
14.1333
260
14.1667
261
14.2
261
14.2333
263
14.2667
265
14.3
267
14.3333
267
14.3667
267
14.4
267
14.4333
268
14.4667
269
14.5
269
14.5333
270
14.5667
270
14.6
272
14.6333
273
14.6667
274
14.7
274
14.7333
274
14.7667
275
14.8
275
14.8333
275
14.8667
275
14.9
276
14.9333
276
14.9667
277
15
277
15.0333
277
15.0667
277
15.1
277
15.1333
277
15.1667
277
15.2
279
15.2333
280
15.2667
280
15.3
280
15.3333
280
15.3667
281
15.4
283
15.4333
283
15.4667
284
15.5
284
15.5333
284
15.5667
284
15.6
284
15.6333
285
15.6667
287
15.7
287
15.7333
287
15.7667
287
15.8
288
15.8333
288
15.8667
288
15.9
289
15.9333
289
15.9667
292
16
293
16.0333
293
16.0667
294
16.1
297
16.1333
297
16.1667
299
16.2
301
16.2333
301
16.2667
303
16.3
303
16.3333
305
16.3667
306
16.4
307
16.4333
307
16.4667
309
16.5
309
16.5333
309
16.5667
311
16.6
312
16.6333
312
16.6667
315
16.7
317
16.7333
319
16.7667
320
16.8
321
16.8333
322
16.8667
324
16.9
324
16.9333
324
16.9667
327
17
330
17.0333
331
17.0667
331
17.1
332
17.1333
334
17.1667
335
17.2
337
17.2333
337
17.2667
337
17.3
338
17.3333
339
17.3667
341
17.4
341
17.4333
341
17.4667
342
17.5
342
17.5333
342
17.5667
343
17.6
343
17.6333
343
17.6667
343
17.7
345
17.7333
346
17.7667
347
17.8
347
17.8333
348
17.8667
349
17.9
350
17.9333
350
17.9667
350
18
351
18.0333
352
18.0667
353
18.1
354
18.1333
354
18.1667
354
18.2
354
18.2333
354
18.2667
354
18.3
354
18.3333
356
18.3667
357
18.4
358
18.4333
358
18.4667
358
18.5
358
18.5333
358
18.5667
358
18.6
359
18.6333
360
18.6667
360
18.7
360
18.7333
361
18.7667
361
18.8
361
18.8333
362
18.8667
363
18.9
364
18.9333
364
18.9667
364
19
365
19.0333
365
19.0667
365
19.1
368
19.1333
368
19.1667
368
19.2
370
19.2333
370
19.2667
370
19.3
371
19.3333
373
19.3667
375
19.4
375
19.4333
376
19.4667
376
19.5
376
19.5333
376
19.5667
376
19.6
377
19.6333
377
19.6667
377
19.7
377
19.7333
377
19.7667
377
19.8
378
19.8333
379
19.8667
379
19.9
379
19.9333
379
19.9667
379
20
379
20.0333
379
20.0667
379
20.1
380
20.1333
381
20.1667
381
20.2
382
20.2333
382
20.2667
382
20.3
383
20.3333
384
20.3667
385
20.4
385
20.4333
385
20.4667
385
20.5
387
20.5333
387
20.5667
388
20.6
389
20.6333
389
20.6667
390
20.7
390
20.7333
390
20.7667
390
20.8
391
20.8333
391
20.8667
391
20.9
391
20.9333
391
20.9667
392
21
392
21.0333
392
21.0667
392
21.1
393
21.1333
394
21.1667
395
21.2
395
21.2333
396
21.2667
397
21.3
399
21.3333
399
21.3667
399
21.4
399
21.4333
399
21.4667
399
21.5
399
21.5333
399
21.5667
399
21.6
399
21.6333
400
21.6667
401
21.7
401
21.7333
401
21.7667
404
21.8
405
21.8333
405
21.8667
405
21.9
405
21.9333
406
21.9667
406
22
409
22.0333
409
22.0667
409
22.1
410
22.1333
410
22.1667
411
22.2
411
22.2333
411
22.2667
411
22.3
412
22.3333
412
22.3667
412
22.4
412
22.4333
412
22.4667
412
22.5
414
22.5333
415
22.5667
415
22.6
416
22.6333
417
22.6667
419
22.7
420
22.7333
421
22.7667
422
22.8
423
22.8333
424
22.8667
424
22.9
424
22.9333
424
22.9667
424
23
424
23.0333
424
23.0667
424
23.1
425
23.1333
425
23.1667
425
23.2
426
23.2333
426
23.2667
426
23.3
426
23.3333
427
23.3667
427
23.4
427
23.4333
428
23.4667
428
23.5
428
23.5333
430
23.5667
431
23.6
431
23.6333
431
23.6667
431
23.7
432
23.7333
432
23.7667
432
23.8
433
23.8333
433
23.8667
434
23.9
437
23.9333
437
23.9667
438
24
439
24.0333
441
24.0667
441
24.1
441
24.1333
442
24.1667
443
24.2
443
24.2333
443
24.2667
443
24.3
443
24.3333
443
24.3667
444
24.4
444
24.4333
445
24.4667
445
24.5
446
24.5333
446
24.5667
446
24.6
446
24.6333
446
24.6667
446
24.7
446
24.7333
446
24.7667
446
24.8
446
24.8333
446
24.8667
446
24.9
446
24.9333
446
24.9667
446
25
446
25.0333
446
25.0667
446
25.1
446
25.1333
446
25.1667
446
25.2
446
25.2333
446
25.2667
447
25.3
447
25.3333
447
25.3667
447
25.4
447
25.4333
447
25.4667
447
25.5
447
25.5333
447
25.5667
447
25.6
447
25.6333
448
25.6667
448
25.7
448
25.7333
449
25.7667
449
25.8
449
25.8333
450
25.8667
450
25.9
451
25.9333
452
25.9667
452
26
452
26.0333
452
26.0667
452
26.1
452
26.1333
452
26.1667
452
26.2
452
26.2333
453
26.2667
454
26.3
454
26.3333
454
26.3667
454
26.4
454
26.4333
455
26.4667
456
26.5
456
26.5333
456
26.5667
456
26.6
456
26.6333
456
26.6667
457
26.7
457
26.7333
457
26.7667
457
26.8
457
26.8333
457
26.8667
457
26.9
458
26.9333
458
26.9667
458
27
458
27.0333
458
27.0667
458
27.1
458
27.1333
459
27.1667
459
27.2
459
27.2333
459
27.2667
460
27.3
460
27.3333
460
27.3667
460
27.4
460
27.4333
461
27.4667
461
27.5
462
27.5333
462
27.5667
462
27.6
462
27.6333
463
27.6667
463
27.7
463
27.7333
463
27.7667
463
27.8
464
27.8333
464
27.8667
464
27.9
464
27.9333
464
27.9667
464
28
464
28.0333
466
28.0667
466
28.1
466
28.1333
466
28.1667
466
28.2
466
28.2333
466
28.2667
466
28.3
466
28.3333
466
28.3667
466
28.4
466
28.4333
467
28.4667
467
28.5
467
28.5333
467
28.5667
469
28.6
469
28.6333
470
28.6667
471
28.7
471
28.7333
471
28.7667
471
28.8
472
28.8333
472
28.8667
472
28.9
472
28.9333
474
28.9667
474
29
474
29.0333
476
29.0667
476
29.1
476
29.1333
476
29.1667
476
29.2
476
29.2333
477
29.2667
477
29.3
477
29.3333
477
29.3667
477
29.4
477
29.4333
478
29.4667
478
29.5
478
29.5333
478
29.5667
478
29.6
480
29.6333
480
29.6667
480
29.7
480
29.7333
480
29.7667
481
29.8
481
29.8333
481
29.8667
481
29.9
481
29.9333
481
29.9667
481
30
481
30.0333
482
30.0667
482
30.1
482
30.1333
483
30.1667
485
30.2
485
30.2333
485
30.2667
485
30.3
485
30.3333
485
30.3667
485
30.4
485
30.4333
485
30.4667
485
30.5
486
30.5333
486
30.5667
486
30.6
486
30.6333
486
30.6667
487
30.7
487
30.7333
488
30.7667
488
30.8
488
30.8333
488
30.8667
488
30.9
488
30.9333
488
30.9667
488
31
488
31.0333
488
31.0667
488
31.1
488
31.1333
488
31.1667
488
31.2
488
31.2333
488
31.2667
488
31.3
488
31.3333
488
31.3667
488
31.4
488
31.4333
488
31.4667
488
31.5
488
31.5333
489
31.5667
489
31.6
489
31.6333
489
31.6667
489
31.7
489
31.7333
490
31.7667
490
31.8
490
31.8333
490
31.8667
490
31.9
490
31.9333
490
31.9667
490
32
492
32.0333
492
32.0667
492
32.1
492
32.1333
492
32.1667
492
32.2
492
32.2333
492
32.2667
492
32.3
493
32.3333
493
32.3667
493
32.4
493
32.4333
493
32.4667
493
32.5
493
32.5333
493
32.5667
493
32.6
493
32.6333
493
32.6667
493
32.7
493
32.7333
494
32.7667
494
32.8
494
32.8333
494
32.8667
494
32.9
494
32.9333
494
32.9667
494
33
494
33.0333
494
33.0667
494
33.1
494
33.1333
494
33.1667
496
33.2
496
33.2333
496
33.2667
496
33.3
496
33.3333
496
33.3667
497
33.4
497
33.4333
497
33.4667
497
33.5
497
33.5333
497
33.5667
497
33.6
497
33.6333
497
33.6667
497
33.7
497
33.7333
497
33.7667
497
33.8
497
33.8333
497
33.8667
497
33.9
497
33.9333
497
33.9667
497
34
497
34.0333
497
34.0667
497
34.1
497
34.1333
497
34.1667
497
34.2
497
34.2333
497
34.2667
497
34.3
497
34.3333
497
34.3667
497
34.4
497
34.4333
497
34.4667
497
34.5
497
34.5333
497
34.5667
497
34.6
498
34.6333
499
34.6667
499
34.7
499
34.7333
499
34.7667
499
34.8
500
34.8333
501
34.8667
501
34.9
501
34.9333
501
34.9667
501
35
501
35.0333
501
35.0667
501
35.1
501
35.1333
501
35.1667
501
35.2
501
35.2333
501
35.2667
501
35.3
501
35.3333
501
35.3667
501
35.4
501
35.4333
501
35.4667
501
35.5
501
35.5333
502
35.5667
502
35.6
502
35.6333
502
35.6667
502
35.7
502
35.7333
502
35.7667
502
35.8
502
35.8333
502
35.8667
502
35.9
502
35.9333
502
35.9667
503
36
503
36.0333
503
36.0667
503
36.1
503
36.1333
503
36.1667
503
36.2
503
36.2333
503
36.2667
503
36.3
503
36.3333
504
36.3667
504
36.4
504
36.4333
504
36.4667
504
36.5
505
36.5333
505
36.5667
505
36.6
505
36.6333
505
36.6667
505
36.7
505
36.7333
505
36.7667
505
36.8
505
36.8333
505
36.8667
505
36.9
505
36.9333
505
36.9667
505
37
505
37.0333
505
37.0667
505
37.1
506
37.1333
506
37.1667
506
37.2
506
37.2333
506
37.2667
506
37.3
506
37.3333
506
37.3667
506
37.4
506
37.4333
506
37.4667
507
37.5
507
37.5333
507
37.5667
510
37.6
510
37.6333
510
37.6667
510
37.7
511
37.7333
511
37.7667
511
37.8
511
37.8333
511
37.8667
511
37.9
511
37.9333
511
37.9667
511
38
511
38.0333
511
38.0667
512
38.1
512
38.1333
512
38.1667
512
38.2
512
38.2333
512
38.2667
512
38.3
512
38.3333
512
38.3667
512
38.4
512
38.4333
512
38.4667
512
38.5
512
38.5333
512
38.5667
512
38.6
512
38.6333
512
38.6667
512
38.7
512
38.7333
512
38.7667
512
38.8
512
38.8333
512
38.8667
512
38.9
512
38.9333
512
38.9667
512
39
512
39.0333
513
39.0667
513
39.1
514
39.1333
514
39.1667
514
39.2
514
39.2333
515
39.2667
515
39.3
515
39.3333
515
39.3667
515
39.4
515
39.4333
515
39.4667
515
39.5
515
39.5333
515
39.5667
515
39.6
515
39.6333
515
39.6667
515
39.7
515
39.7333
515
39.7667
515
39.8
515
39.8333
516
39.8667
516
39.9
516
39.9333
516
39.9667
516
40
516
40.0333
516
40.0667
516
40.1
516
40.1333
516
40.1667
516
40.2
516
40.2333
516
40.2667
516
40.3
516
40.3333
516
40.3667
516
40.4
516
40.4333
516
40.4667
516
40.5
517
40.5333
517
40.5667
517
40.6
517
40.6333
517
40.6667
518
40.7
518
40.7333
518
40.7667
518
40.8
518
40.8333
519
40.8667
519
40.9
519
40.9333
519
40.9667
519
41
519
41.0333
519
41.0667
519
41.1
519
41.1333
519
41.1667
519
41.2
519
41.2333
519
41.2667
519
41.3
519
41.3333
519
41.3667
519
41.4
519
41.4333
519
41.4667
519
41.5
519
41.5333
519
41.5667
519
41.6
519
41.6333
519
41.6667
519
41.7
519
41.7333
519
41.7667
519
41.8
519
41.8333
519
41.8667
519
41.9
519
41.9333
519
41.9667
519
42
519
42.0333
520
42.0667
520
42.1
520
42.1333
520
42.1667
520
42.2
520
42.2333
520
42.2667
520
42.3
520
42.3333
520
42.3667
520
42.4
520
42.4333
520
42.4667
520
42.5
520
42.5333
520
42.5667
520
42.6
521
42.6333
521
42.6667
521
42.7
521
42.7333
521
42.7667
521
42.8
521
42.8333
521
42.8667
521
42.9
521
42.9333
521
42.9667
521
43
521
43.0333
521
43.0667
521
43.1
521
43.1333
521
43.1667
521
43.2
521
43.2333
521
43.2667
521
43.3
521
43.3333
521
43.3667
521
43.4
521
43.4333
521
43.4667
521
43.5
521
43.5333
521
43.5667
522
43.6
522
43.6333
522
43.6667
522
43.7
522
43.7333
522
43.7667
522
43.8
522
43.8333
522
43.8667
522
43.9
522
43.9333
522
43.9667
522
44
522
44.0333
522
44.0667
522
44.1
522
44.1333
522
44.1667
522
44.2
522
44.2333
523
44.2667
523
44.3
523
44.3333
523
44.3667
523
44.4
523
44.4333
523
44.4667
523
44.5
523
44.5333
523
44.5667
522
44.6
522
44.6333
522
44.6667
522
44.7
522
44.7333
522
44.7667
522
44.8
522
44.8333
522
44.8667
522
44.9
522
44.9333
523
44.9667
523
45
523
45.0333
523
45.0667
523
45.1
523
45.1333
523
45.1667
523
45.2
524
45.2333
524
45.2667
524
45.3
524
45.3333
524
45.3667
524
45.4
524
45.4333
524
45.4667
524
45.5
524
45.5333
524
45.5667
524
45.6
524
45.6333
524
45.6667
524
45.7
524
45.7333
524
45.7667
524
45.8
524
45.8333
524
45.8667
524
45.9
524
45.9333
524
45.9667
524
46
524
46.0333
524
46.0667
524
46.1
524
46.1333
524
46.1667
524
46.2
524
46.2333
524
46.2667
524
46.3
524
46.3333
524
46.3667
524
46.4
524
46.4333
524
46.4667
524
46.5
524
46.5333
524
46.5667
524
46.6
524
46.6333
524
46.6667
524
46.7
524
46.7333
524
46.7667
525
46.8
525
46.8333
525
46.8667
525
46.9
525
46.9333
525
46.9667
525
47
525
47.0333
525
47.0667
526
47.1
526
47.1333
526
47.1667
526
47.2
526
47.2333
527
47.2667
527
47.3
527
47.3333
527
47.3667
527
47.4
527
47.4333
527
47.4667
527
47.5
527
47.5333
527
47.5667
527
47.6
528
47.6333
529
47.6667
529
47.7
529
47.7333
529
47.7667
529
47.8
529
47.8333
529
47.8667
529
47.9
529
47.9333
529
47.9667
529
48
529
48.0333
529
48.0667
529
48.1
529
48.1333
529
48.1667
529
48.2
530
48.2333
530
48.2667
530
48.3
530
48.3333
530
48.3667
530
48.4
530
48.4333
530
48.4667
530
48.5
530
48.5333
530
48.5667
530
48.6
530
48.6333
530
48.6667
531
48.7
531
48.7333
531
48.7667
531
48.8
531
48.8333
531
48.8667
531
48.9
531
48.9333
531
48.9667
532
49
533
49.0333
533
49.0667
533
49.1
533
49.1333
533
49.1667
533
49.2
533
49.2333
533
49.2667
533
49.3
533
49.3333
533
49.3667
534
49.4
534
49.4333
534
49.4667
534
49.5
534
49.5333
534
49.5667
534
49.6
534
49.6333
534
49.6667
534
49.7
534
49.7333
534
49.7667
534
49.8
534
49.8333
534
49.8667
534
49.9
534
49.9333
534
49.9667
534
50
534
50.0333
534
50.0667
534
50.1
534
50.1333
534
50.1667
534
50.2
534
50.2333
534
50.2667
534
50.3
534
50.3333
534
50.3667
534
50.4
534
50.4333
534
50.4667
534
50.5
534
50.5333
534
50.5667
534
50.6
534
50.6333
534
50.6667
534
50.7
534
50.7333
534
50.7667
534
50.8
534
50.8333
534
50.8667
534
50.9
534
50.9333
534
50.9667
534
51
534
51.0333
534
51.0667
534
51.1
535
51.1333
535
51.1667
535
51.2
535
51.2333
535
51.2667
535
51.3
535
51.3333
535
51.3667
535
51.4
536
51.4333
536
51.4667
536
51.5
536
51.5333
536
51.5667
536
51.6
536
51.6333
536
51.6667
536
51.7
536
51.7333
536
51.7667
536
51.8
536
51.8333
536
51.8667
536
51.9
536
51.9333
536
51.9667
536
52
536
52.0333
536
52.0667
536
52.1
537
52.1333
537
52.1667
537
52.2
537
52.2333
537
52.2667
537
52.3
537
52.3333
537
52.3667
537
52.4
537
52.4333
537
52.4667
537
52.5
537
52.5333
537
52.5667
538
52.6
538
52.6333
538
52.6667
538
52.7
538
52.7333
538
52.7667
538
52.8
538
52.8333
538
52.8667
538
52.9
538
52.9333
538
52.9667
538
53
538
53.0333
538
53.0667
538
53.1
539
53.1333
539
53.1667
539
53.2
539
53.2333
539
53.2667
539
53.3
539
53.3333
539
