0
1
0.0333333
1
0.0666667
1
0.1
1
0.133333
1
0.166667
1
0.2
1
0.233333
1
0.266667
1
0.3
1
0.333333
1
0.366667
1
0.4
1
0.433333
1
0.466667
1
0.5
1
0.533333
1
0.566667
1
0.6
1
0.633333
1
0.666667
1
0.7
1
0.733333
1
0.766667
1
0.8
1
0.833333
1
0.866667
1
0.9
1
0.933333
1
0.966667
1
1
1
1.03333
1
1.06667
1
1.1
1
1.13333
1
1.16667
1
1.2
1
1.23333
1
1.26667
1
1.3
1
1.33333
1
1.36667
1
1.4
1
1.43333
1
1.46667
1
1.5
1
1.53333
1
1.56667
1
1.6
1
1.63333
1
1.66667
1
1.7
1
1.73333
1
1.76667
1
1.8
1
1.83333
1
1.86667
1
1.9
1
1.93333
1
1.96667
1
2
1
2.03333
1
2.06667
1
2.1
1
2.13333
1
2.16667
1
2.2
1
2.23333
1
2.26667
1
2.3
1
2.33333
1
2.36667
1
2.4
1
2.43333
1
2.46667
1
2.5
1
2.53333
1
2.56667
1
2.6
1
2.63333
1
2.66667
1
2.7
1
2.73333
1
2.76667
1
2.8
1
2.83333
1
2.86667
1
2.9
1
2.93333
1
2.96667
1
3
1
3.03333
1
3.06667
1
3.1
1
3.13333
1
3.16667
1
3.2
1
3.23333
1
3.26667
1
3.3
1
3.33333
1
3.36667
1
3.4
1
3.43333
1
3.46667
1
3.5
1
3.53333
1
3.56667
1
3.6
1
3.63333
1
3.66667
1
3.7
1
3.73333
1
3.76667
1
3.8
1
3.83333
1
3.86667
1
3.9
1
3.93333
1
3.96667
1
4
1
4.03333
1
4.06667
1
4.1
1
4.13333
1
4.16667
1
4.2
1
4.23333
1
4.26667
1
4.3
1
4.33333
1
4.36667
1
4.4
1
4.43333
1
4.46667
1
4.5
1
4.53333
1
4.56667
1
4.6
1
4.63333
1
4.66667
1
4.7
1
4.73333
2
4.76667
2
4.8
2
4.83333
2
4.86667
2
4.9
2
4.93333
2
4.96667
2
5
2
5.03333
2
5.06667
2
5.1
2
5.13333
2
5.16667
2
5.2
2
5.23333
2
5.26667
2
5.3
2
5.33333
2
5.36667
2
5.4
2
5.43333
2
5.46667
2
5.5
3
5.53333
4
5.56667
4
5.6
5
5.63333
5
5.66667
6
5.7
7
5.73333
8
5.76667
9
5.8
10
5.83333
11
5.86667
11
5.9
12
5.93333
14
5.96667
14
6
14
6.03333
16
6.06667
17
6.1
18
6.13333
18
6.16667
18
6.2
18
6.23333
20
6.26667
21
6.3
22
6.33333
22
6.36667
23
6.4
25
6.43333
26
6.46667
26
6.5
28
6.53333
29
6.56667
29
6.6
29
6.63333
33
6.66667
34
6.7
38
6.73333
39
6.76667
39
6.8
39
6.83333
39
6.86667
41
6.9
42
6.93333
42
6.96667
43
7
43
7.03333
44
7.06667
45
7.1
45
7.13333
46
7.16667
48
7.2
48
7.23333
49
7.26667
50
7.3
50
7.33333
50
7.36667
51
7.4
52
7.43333
52
7.46667
53
7.5
54
7.53333
54
7.56667
54
7.6
55
7.63333
55
7.66667
57
7.7
57
7.73333
58
7.76667
58
7.8
59
7.83333
60
7.86667
61
7.9
61
7.93333
63
7.96667
65
8
65
8.03333
65
8.06667
66
8.1
66
8.13333
66
8.16667
68
8.2
68
8.23333
68
8.26667
68
8.3
68
8.33333
70
8.36667
73
8.4
74
8.43333
74
8.46667
76
8.5
76
8.53333
76
8.56667
77
8.6
78
8.63333
78
8.66667
79
8.7
80
8.73333
80
8.76667
81
8.8
83
8.83333
85
8.86667
86
8.9
86
8.93333
87
8.96667
87
9
87
9.03333
89
9.06667
90
9.1
90
9.13333
91
9.16667
91
9.2
91
9.23333
91
9.26667
93
9.3
97
9.33333
97
9.36667
100
9.4
100
9.43333
101
9.46667
101
9.5
103
9.53333
103
9.56667
103
9.6
103
9.63333
105
9.66667
105
9.7
106
9.73333
107
9.76667
107
9.8
108
9.83333
108
9.86667
108
9.9
109
9.93333
110
9.96667
110
10
111
10.0333
111
10.0667
112
10.1
114
10.1333
114
10.1667
114
10.2
115
10.2333
116
10.2667
116
10.3
116
10.3333
116
10.3667
117
10.4
118
10.4333
119
10.4667
121
10.5
121
10.5333
121
10.5667
121
10.6
122
10.6333
126
10.6667
127
10.7
127
10.7333
130
10.7667
133
10.8
133
10.8333
134
10.8667
134
10.9
134
10.9333
134
10.9667
135
11
136
11.0333
137
11.0667
139
11.1
140
11.1333
142
11.1667
143
11.2
145
11.2333
146
11.2667
146
11.3
146
11.3333
147
11.3667
147
11.4
147
11.4333
148
11.4667
149
11.5
150
11.5333
151
11.5667
151
11.6
153
11.6333
153
11.6667
156
11.7
156
11.7333
156
11.7667
156
11.8
156
11.8333
156
11.8667
157
11.9
157
11.9333
157
11.9667
157
12
158
12.0333
158
12.0667
159
12.1
159
12.1333
159
12.1667
159
12.2
159
12.2333
160
12.2667
161
12.3
162
12.3333
162
12.3667
162
12.4
162
12.4333
162
12.4667
162
12.5
162
12.5333
163
12.5667
163
12.6
163
12.6333
164
12.6667
164
12.7
164
12.7333
165
12.7667
165
12.8
165
12.8333
165
12.8667
165
12.9
166
12.9333
166
12.9667
167
13
167
13.0333
167
13.0667
167
13.1
168
13.1333
168
13.1667
168
13.2
168
13.2333
169
13.2667
169
13.3
169
13.3333
169
13.3667
170
13.4
170
13.4333
170
13.4667
172
13.5
172
13.5333
173
13.5667
174
13.6
175
13.6333
175
13.6667
175
13.7
175
13.7333
175
13.7667
175
13.8
175
13.8333
179
13.8667
179
13.9
179
13.9333
180
13.9667
180
14
180
14.0333
181
14.0667
181
14.1
181
14.1333
181
14.1667
182
14.2
182
14.2333
182
14.2667
182
14.3
182
14.3333
182
14.3667
182
14.4
184
14.4333
184
14.4667
184
14.5
186
14.5333
186
14.5667
186
14.6
186
14.6333
186
14.6667
186
14.7
188
14.7333
188
14.7667
188
14.8
188
14.8333
189
14.8667
189
14.9
189
14.9333
189
14.9667
190
15
190
15.0333
190
15.0667
190
15.1
190
15.1333
190
15.1667
190
15.2
190
15.2333
191
15.2667
191
15.3
191
15.3333
191
15.3667
192
15.4
192
15.4333
194
15.4667
194
15.5
196
15.5333
196
15.5667
196
15.6
198
15.6333
198
15.6667
198
15.7
198
15.7333
199
15.7667
199
15.8
199
15.8333
199
15.8667
200
15.9
201
15.9333
201
15.9667
202
16
202
16.0333
202
16.0667
202
16.1
202
16.1333
202
16.1667
204
16.2
204
16.2333
204
16.2667
204
16.3
204
16.3333
204
16.3667
204
16.4
204
16.4333
204
16.4667
205
16.5
205
16.5333
205
16.5667
206
16.6
206
16.6333
206
16.6667
206
16.7
206
16.7333
206
16.7667
206
16.8
206
16.8333
206
16.8667
206
16.9
206
16.9333
207
16.9667
207
17
207
17.0333
209
17.0667
210
17.1
211
17.1333
211
17.1667
211
17.2
212
17.2333
212
17.2667
212
17.3
212
17.3333
212
17.3667
212
17.4
212
17.4333
212
17.4667
212
17.5
212
17.5333
212
17.5667
212
17.6
212
17.6333
212
17.6667
212
17.7
212
17.7333
213
17.7667
213
17.8
214
17.8333
215
17.8667
216
17.9
217
17.9333
217
17.9667
217
18
217
18.0333
217
18.0667
217
18.1
217
18.1333
217
18.1667
217
18.2
217
18.2333
217
18.2667
218
18.3
218
18.3333
218
18.3667
219
18.4
219
18.4333
219
18.4667
219
18.5
220
18.5333
221
18.5667
221
18.6
221
18.6333
222
18.6667
222
18.7
223
18.7333
223
18.7667
223
18.8
224
18.8333
224
18.8667
224
18.9
225
18.9333
225
18.9667
226
19
226
19.0333
226
19.0667
227
19.1
228
19.1333
229
19.1667
229
19.2
231
19.2333
231
19.2667
232
19.3
232
19.3333
232
19.3667
232
19.4
232
19.4333
232
19.4667
232
19.5
233
19.5333
234
19.5667
234
19.6
235
19.6333
235
19.6667
235
19.7
235
19.7333
235
19.7667
235
19.8
236
19.8333
236
19.8667
236
19.9
236
19.9333
236
19.9667
236
20
236
20.0333
236
20.0667
236
20.1
236
20.1333
236
20.1667
236
20.2
236
20.2333
236
20.2667
236
20.3
236
20.3333
237
20.3667
238
20.4
239
20.4333
239
20.4667
239
20.5
239
20.5333
239
20.5667
239
20.6
239
20.6333
239
20.6667
239
20.7
239
20.7333
239
20.7667
239
20.8
239
20.8333
239
20.8667
239
20.9
239
20.9333
240
20.9667
242
21
243
21.0333
243
21.0667
243
21.1
244
21.1333
244
21.1667
245
21.2
245
21.2333
245
21.2667
245
21.3
245
21.3333
245
21.3667
245
21.4
245
21.4333
245
21.4667
246
21.5
246
21.5333
246
21.5667
247
21.6
247
21.6333
249
21.6667
249
21.7
249
21.7333
249
21.7667
249
21.8
249
21.8333
249
21.8667
249
21.9
249
21.9333
249
21.9667
251
22
251
22.0333
251
22.0667
251
22.1
252
22.1333
255
22.1667
255
22.2
255
22.2333
256
22.2667
256
22.3
257
22.3333
257
22.3667
258
22.4
260
22.4333
260
22.4667
261
22.5
261
22.5333
261
22.5667
261
22.6
261
22.6333
263
22.6667
263
22.7
263
22.7333
263
22.7667
263
22.8
263
22.8333
263
22.8667
263
22.9
263
22.9333
263
22.9667
263
23
264
23.0333
264
23.0667
264
23.1
264
23.1333
264
23.1667
264
23.2
264
23.2333
264
23.2667
264
23.3
264
23.3333
264
23.3667
264
23.4
264
23.4333
265
23.4667
266
23.5
266
23.5333
266
23.5667
266
23.6
267
23.6333
267
23.6667
267
23.7
267
23.7333
267
23.7667
267
23.8
267
23.8333
268
23.8667
268
23.9
268
23.9333
270
23.9667
270
24
270
24.0333
270
24.0667
270
24.1
270
24.1333
270
24.1667
270
24.2
270
24.2333
270
24.2667
270
24.3
270
24.3333
270
24.3667
270
24.4
270
24.4333
271
24.4667
272
24.5
272
24.5333
272
24.5667
272
24.6
272
24.6333
273
24.6667
273
24.7
273
24.7333
273
24.7667
273
24.8
273
24.8333
273
24.8667
273
24.9
273
24.9333
273
24.9667
273
25
273
25.0333
274
25.0667
274
25.1
274
25.1333
274
25.1667
275
25.2
275
25.2333
276
25.2667
276
25.3
276
25.3333
276
25.3667
276
25.4
276
25.4333
276
25.4667
276
25.5
276
25.5333
276
25.5667
276
25.6
276
25.6333
277
25.6667
277
25.7
277
25.7333
277
25.7667
277
25.8
277
25.8333
277
25.8667
277
25.9
277
25.9333
277
25.9667
277
26
277
26.0333
277
26.0667
277
26.1
277
26.1333
277
26.1667
277
26.2
277
26.2333
277
26.2667
277
26.3
278
26.3333
278
26.3667
278
26.4
279
26.4333
279
26.4667
279
26.5
280
26.5333
280
26.5667
280
26.6
280
26.6333
281
26.6667
281
26.7
281
26.7333
281
26.7667
281
26.8
283
26.8333
283
26.8667
283
26.9
283
26.9333
285
26.9667
286
27
286
27.0333
287
27.0667
287
27.1
287
27.1333
287
27.1667
287
27.2
288
27.2333
288
27.2667
288
27.3
288
27.3333
288
27.3667
288
27.4
289
27.4333
289
27.4667
289
27.5
289
27.5333
289
27.5667
289
27.6
289
27.6333
289
27.6667
289
27.7
289
27.7333
289
27.7667
289
27.8
289
27.8333
289
27.8667
289
27.9
289
27.9333
289
27.9667
289
28
289
28.0333
290
28.0667
290
28.1
290
28.1333
290
28.1667
290
28.2
290
28.2333
290
28.2667
290
28.3
290
28.3333
290
28.3667
291
28.4
291
28.4333
293
28.4667
293
28.5
294
28.5333
294
28.5667
294
28.6
295
28.6333
295
28.6667
295
28.7
295
28.7333
295
28.7667
295
28.8
295
28.8333
295
28.8667
295
28.9
295
28.9333
295
28.9667
296
29
297
29.0333
297
29.0667
298
29.1
298
29.1333
298
29.1667
299
29.2
299
29.2333
299
29.2667
299
29.3
299
29.3333
299
29.3667
299
29.4
299
29.4333
299
29.4667
301
29.5
301
29.5333
301
29.5667
301
29.6
305
29.6333
306
29.6667
306
29.7
306
29.7333
306
29.7667
306
29.8
307
29.8333
307
29.8667
307
29.9
307
29.9333
307
29.9667
307
30
308
30.0333
308
30.0667
309
30.1
309
30.1333
309
30.1667
310
30.2
310
30.2333
310
30.2667
310
30.3
311
30.3333
311
30.3667
311
30.4
311
30.4333
312
30.4667
312
30.5
312
30.5333
312
30.5667
312
30.6
312
30.6333
312
30.6667
312
30.7
312
30.7333
312
30.7667
313
30.8
314
30.8333
314
30.8667
314
30.9
314
30.9333
315
30.9667
315
31
315
31.0333
315
31.0667
316
31.1
316
31.1333
316
31.1667
316
31.2
316
31.2333
316
31.2667
316
31.3
316
31.3333
316
31.3667
317
31.4
317
31.4333
317
31.4667
318
31.5
318
31.5333
318
31.5667
318
31.6
318
31.6333
318
31.6667
318
31.7
319
31.7333
319
31.7667
319
31.8
319
31.8333
320
31.8667
320
31.9
320
31.9333
320
31.9667
320
32
320
32.0333
321
32.0667
321
32.1
322
32.1333
322
32.1667
322
32.2
322
32.2333
322
32.2667
322
32.3
322
32.3333
322
32.3667
322
32.4
322
32.4333
323
32.4667
323
32.5
323
32.5333
323
32.5667
323
32.6
323
32.6333
324
32.6667
324
32.7
324
32.7333
324
32.7667
324
32.8
326
32.8333
326
32.8667
326
32.9
326
32.9333
327
32.9667
327
33
327
33.0333
327
33.0667
327
33.1
327
33.1333
327
33.1667
327
33.2
328
33.2333
328
33.2667
328
33.3
328
33.3333
329
33.3667
329
33.4
329
33.4333
329
33.4667
329
33.5
330
33.5333
331
33.5667
332
33.6
332
33.6333
332
33.6667
332
33.7
332
33.7333
332
33.7667
332
33.8
332
33.8333
332
33.8667
332
33.9
332
33.9333
332
33.9667
332
34
332
34.0333
332
34.0667
333
34.1
333
34.1333
333
34.1667
333
34.2
333
34.2333
333
34.2667
333
34.3
333
34.3333
333
34.3667
333
34.4
333
34.4333
333
34.4667
334
34.5
334
34.5333
334
34.5667
334
34.6
334
34.6333
334
34.6667
334
34.7
334
34.7333
334
34.7667
334
34.8
334
34.8333
334
34.8667
334
34.9
334
34.9333
334
34.9667
334
35
334
35.0333
334
35.0667
334
35.1
334
35.1333
334
35.1667
334
35.2
334
35.2333
334
35.2667
334
35.3
334
35.3333
334
35.3667
334
35.4
334
35.4333
334
35.4667
334
35.5
334
35.5333
335
35.5667
335
35.6
335
35.6333
335
35.6667
335
35.7
335
35.7333
335
35.7667
335
35.8
337
35.8333
338
35.8667
338
35.9
338
35.9333
338
35.9667
338
36
338
36.0333
338
36.0667
339
36.1
339
36.1333
339
36.1667
340
36.2
341
36.2333
341
36.2667
342
36.3
342
36.3333
343
36.3667
343
36.4
343
36.4333
343
36.4667
343
36.5
343
36.5333
343
36.5667
343
36.6
343
36.6333
344
36.6667
344
36.7
344
36.7333
344
36.7667
344
36.8
344
36.8333
344
36.8667
344
36.9
344
36.9333
344
36.9667
344
37
345
37.0333
345
37.0667
345
37.1
345
37.1333
345
37.1667
345
37.2
345
37.2333
346
37.2667
347
37.3
347
37.3333
347
37.3667
347
37.4
347
37.4333
348
37.4667
348
37.5
349
37.5333
350
37.5667
350
37.6
350
37.6333
350
37.6667
350
37.7
350
37.7333
350
37.7667
350
37.8
350
37.8333
350
37.8667
350
37.9
350
37.9333
350
37.9667
350
38
350
38.0333
350
38.0667
350
38.1
350
38.1333
350
38.1667
350
38.2
350
38.2333
350
38.2667
350
38.3
350
38.3333
350
38.3667
350
38.4
350
38.4333
350
38.4667
350
38.5
350
38.5333
350
38.5667
350
38.6
350
38.6333
350
38.6667
350
38.7
350
38.7333
351
38.7667
351
38.8
351
38.8333
351
38.8667
351
38.9
351
38.9333
351
38.9667
351
39
351
39.0333
351
39.0667
351
39.1
351
39.1333
351
39.1667
351
39.2
351
39.2333
351
39.2667
351
39.3
351
39.3333
352
39.3667
352
39.4
352
39.4333
352
39.4667
352
39.5
353
39.5333
354
39.5667
354
39.6
354
39.6333
354
39.6667
354
39.7
355
39.7333
355
39.7667
355
39.8
355
39.8333
355
39.8667
355
39.9
355
39.9333
355
39.9667
355
40
355
40.0333
355
40.0667
355
40.1
355
40.1333
355
40.1667
355
40.2
355
40.2333
355
40.2667
355
40.3
355
40.3333
355
40.3667
356
40.4
356
40.4333
356
40.4667
356
40.5
356
40.5333
356
40.5667
356
40.6
356
40.6333
356
40.6667
356
40.7
356
40.7333
356
40.7667
356
40.8
357
40.8333
357
40.8667
357
40.9
357
40.9333
357
40.9667
357
41
357
41.0333
357
41.0667
357
41.1
357
41.1333
357
41.1667
358
41.2
358
41.2333
358
41.2667
358
41.3
358
41.3333
358
41.3667
358
41.4
358
41.4333
358
41.4667
358
41.5
358
41.5333
358
41.5667
358
41.6
358
41.6333
358
41.6667
358
41.7
358
41.7333
358
41.7667
358
41.8
358
41.8333
358
41.8667
358
41.9
358
41.9333
358
41.9667
358
42
358
42.0333
358
42.0667
359
42.1
359
42.1333
359
42.1667
359
42.2
359
42.2333
359
42.2667
359
42.3
359
42.3333
359
42.3667
359
42.4
359
42.4333
359
42.4667
359
42.5
360
42.5333
361
42.5667
361
42.6
361
42.6333
361
42.6667
361
42.7
361
42.7333
363
42.7667
364
42.8
364
42.8333
364
42.8667
364
42.9
364
42.9333
364
42.9667
364
43
364
43.0333
364
43.0667
364
43.1
364
43.1333
364
43.1667
364
43.2
364
43.2333
364
43.2667
364
43.3
364
43.3333
364
43.3667
364
43.4
364
43.4333
364
43.4667
364
43.5
364
43.5333
364
43.5667
364
43.6
364
43.6333
364
43.6667
364
43.7
364
43.7333
364
43.7667
364
43.8
364
43.8333
364
43.8667
364
43.9
364
43.9333
364
43.9667
364
44
364
44.0333
364
44.0667
364
44.1
364
44.1333
364
44.1667
364
44.2
364
44.2333
364
44.2667
364
44.3
364
44.3333
364
44.3667
364
44.4
364
44.4333
364
44.4667
364
44.5
364
44.5333
364
44.5667
364
44.6
364
44.6333
364
44.6667
364
44.7
364
44.7333
364
44.7667
364
44.8
364
44.8333
364
44.8667
364
44.9
364
44.9333
364
44.9667
364
45
364
45.0333
364
45.0667
364
45.1
364
45.1333
364
45.1667
364
45.2
364
45.2333
364
45.2667
364
45.3
364
45.3333
364
45.3667
364
45.4
364
45.4333
364
45.4667
364
45.5
364
45.5333
364
45.5667
364
45.6
364
45.6333
364
45.6667
364
45.7
364
45.7333
364
45.7667
364
45.8
364
45.8333
364
45.8667
364
45.9
364
45.9333
364
45.9667
364
46
364
46.0333
364
46.0667
364
46.1
364
46.1333
364
46.1667
364
46.2
364
46.2333
364
46.2667
364
46.3
364
46.3333
364
46.3667
364
46.4
364
46.4333
364
46.4667
364
46.5
364
46.5333
364
46.5667
364
46.6
364
46.6333
364
46.6667
365
46.7
365
46.7333
365
46.7667
365
46.8
365
46.8333
365
46.8667
365
46.9
365
46.9333
365
46.9667
365
47
365
47.0333
365
47.0667
365
47.1
365
47.1333
365
47.1667
365
47.2
365
47.2333
365
47.2667
365
47.3
365
47.3333
365
47.3667
366
47.4
366
47.4333
366
47.4667
366
47.5
366
47.5333
366
47.5667
366
47.6
366
47.6333
366
47.6667
366
47.7
366
47.7333
366
47.7667
367
47.8
367
47.8333
368
47.8667
368
47.9
368
47.9333
368
47.9667
368
48
368
48.0333
368
48.0667
368
48.1
368
48.1333
368
48.1667
368
48.2
369
48.2333
369
48.2667
369
48.3
369
48.3333
370
48.3667
371
48.4
372
48.4333
372
48.4667
372
48.5
373
48.5333
373
48.5667
373
48.6
374
48.6333
374
48.6667
375
48.7
376
48.7333
376
48.7667
376
48.8
376
48.8333
376
48.8667
377
48.9
378
48.9333
378
48.9667
378
49
378
49.0333
378
49.0667
378
49.1
378
49.1333
378
49.1667
378
49.2
378
49.2333
379
49.2667
379
49.3
379
49.3333
379
49.3667
379
49.4
379
49.4333
379
49.4667
379
49.5
379
49.5333
379
49.5667
379
49.6
379
49.6333
379
49.6667
379
49.7
379
49.7333
379
49.7667
379
49.8
379
49.8333
379
49.8667
379
49.9
379
49.9333
379
49.9667
379
50
379
50.0333
379
50.0667
380
50.1
380
50.1333
380
50.1667
380
50.2
380
50.2333
380
50.2667
380
50.3
380
50.3333
380
50.3667
380
50.4
380
50.4333
380
50.4667
380
50.5
380
50.5333
380
50.5667
380
50.6
380
50.6333
380
50.6667
380
50.7
380
50.7333
380
50.7667
380
50.8
380
50.8333
380
50.8667
380
50.9
380
50.9333
380
50.9667
380
51
380
51.0333
380
51.0667
380
51.1
380
51.1333
380
51.1667
380
51.2
380
51.2333
380
51.2667
380
51.3
380
51.3333
380
51.3667
380
51.4
380
51.4333
380
51.4667
380
51.5
380
51.5333
380
51.5667
380
51.6
380
51.6333
380
51.6667
380
51.7
380
51.7333
380
51.7667
380
51.8
380
51.8333
380
51.8667
380
51.9
380
51.9333
380
51.9667
380
52
380
52.0333
380
52.0667
380
52.1
380
52.1333
380
52.1667
380
52.2
380
52.2333
380
52.2667
380
52.3
381
52.3333
381
52.3667
381
52.4
381
52.4333
381
52.4667
381
52.5
381
52.5333
381
52.5667
381
52.6
381
52.6333
381
52.6667
381
52.7
381
52.7333
381
52.7667
381
52.8
381
52.8333
381
52.8667
381
52.9
381
52.9333
381
52.9667
381
53
381
53.0333
381
53.0667
381
53.1
381
53.1333
381
53.1667
381
53.2
381
53.2333
381
53.2667
381
53.3
381
53.3333
381
