0
1
0.0333333
1
0.0666667
1
0.1
1
0.133333
1
0.166667
1
0.2
1
0.233333
1
0.266667
1
0.3
1
0.333333
1
0.366667
1
0.4
1
0.433333
1
0.466667
1
0.5
1
0.533333
1
0.566667
1
0.6
1
0.633333
1
0.666667
1
0.7
1
0.733333
1
0.766667
1
0.8
1
0.833333
1
0.866667
1
0.9
1
0.933333
1
0.966667
1
1
1
1.03333
1
1.06667
1
1.1
1
1.13333
1
1.16667
1
1.2
1
1.23333
1
1.26667
1
1.3
1
1.33333
1
1.36667
1
1.4
1
1.43333
1
1.46667
1
1.5
1
1.53333
1
1.56667
1
1.6
1
1.63333
1
1.66667
1
1.7
1
1.73333
1
1.76667
1
1.8
1
1.83333
1
1.86667
1
1.9
1
1.93333
1
1.96667
1
2
1
2.03333
1
2.06667
1
2.1
1
2.13333
1
2.16667
1
2.2
1
2.23333
1
2.26667
1
2.3
1
2.33333
1
2.36667
1
2.4
1
2.43333
1
2.46667
1
2.5
1
2.53333
1
2.56667
1
2.6
1
2.63333
1
2.66667
1
2.7
1
2.73333
1
2.76667
1
2.8
1
2.83333
1
2.86667
1
2.9
1
2.93333
1
2.96667
1
3
1
3.03333
1
3.06667
1
3.1
1
3.13333
1
3.16667
1
3.2
1
3.23333
1
3.26667
1
3.3
1
3.33333
1
3.36667
1
3.4
1
3.43333
1
3.46667
1
3.5
1
3.53333
1
3.56667
1
3.6
1
3.63333
1
3.66667
1
3.7
1
3.73333
1
3.76667
1
3.8
1
3.83333
1
3.86667
1
3.9
1
3.93333
1
3.96667
1
4
1
4.03333
1
4.06667
1
4.1
1
4.13333
1
4.16667
1
4.2
1
4.23333
1
4.26667
1
4.3
1
4.33333
1
4.36667
1
4.4
1
4.43333
1
4.46667
1
4.5
1
4.53333
1
4.56667
1
4.6
1
4.63333
1
4.66667
1
4.7
1
4.73333
1
4.76667
1
4.8
1
4.83333
1
4.86667
1
4.9
1
4.93333
1
4.96667
1
5
1
5.03333
1
5.06667
1
5.1
2
5.13333
2
5.16667
2
5.2
2
5.23333
2
5.26667
2
5.3
2
5.33333
2
5.36667
3
5.4
3
5.43333
3
5.46667
3
5.5
3
5.53333
4
5.56667
4
5.6
4
5.63333
4
5.66667
4
5.7
5
5.73333
5
5.76667
5
5.8
5
5.83333
7
5.86667
7
5.9
7
5.93333
8
5.96667
8
6
9
6.03333
9
6.06667
10
6.1
12
6.13333
15
6.16667
16
6.2
19
6.23333
20
6.26667
23
6.3
23
6.33333
23
6.36667
24
6.4
27
6.43333
28
6.46667
29
6.5
30
6.53333
32
6.56667
35
6.6
38
6.63333
39
6.66667
41
6.7
42
6.73333
44
6.76667
45
6.8
47
6.83333
50
6.86667
55
6.9
58
6.93333
59
6.96667
60
7
62
7.03333
65
7.06667
69
7.1
72
7.13333
75
7.16667
79
7.2
85
7.23333
91
7.26667
92
7.3
95
7.33333
96
7.36667
97
7.4
99
7.43333
102
7.46667
103
7.5
103
7.53333
105
7.56667
105
7.6
106
7.63333
108
7.66667
108
7.7
113
7.73333
114
7.76667
115
7.8
116
7.83333
116
7.86667
117
7.9
117
7.93333
120
7.96667
122
8
124
8.03333
126
8.06667
127
8.1
129
8.13333
132
8.16667
138
8.2
140
8.23333
144
8.26667
145
8.3
147
8.33333
150
8.36667
151
8.4
151
8.43333
151
8.46667
152
8.5
155
8.53333
156
8.56667
157
8.6
159
8.63333
159
8.66667
162
8.7
163
8.73333
164
8.76667
165
8.8
166
8.83333
167
8.86667
167
8.9
168
8.93333
171
8.96667
171
9
173
9.03333
174
9.06667
178
9.1
178
9.13333
181
9.16667
184
9.2
185
9.23333
187
9.26667
188
9.3
190
9.33333
190
9.36667
192
9.4
194
9.43333
196
9.46667
198
9.5
200
9.53333
203
9.56667
205
9.6
206
9.63333
207
9.66667
214
9.7
217
9.73333
219
9.76667
220
9.8
221
9.83333
221
9.86667
225
9.9
229
9.93333
229
9.96667
231
10
232
10.0333
234
10.0667
234
10.1
236
10.1333
240
10.1667
242
10.2
243
10.2333
244
10.2667
244
10.3
247
10.3333
247
10.3667
249
10.4
250
10.4333
252
10.4667
255
10.5
257
10.5333
260
10.5667
261
10.6
262
10.6333
262
10.6667
264
10.7
264
10.7333
265
10.7667
268
10.8
269
10.8333
269
10.8667
271
10.9
273
10.9333
275
10.9667
276
11
277
11.0333
281
11.0667
281
11.1
285
11.1333
288
11.1667
289
11.2
292
11.2333
292
11.2667
296
11.3
298
11.3333
300
11.3667
301
11.4
304
11.4333
306
11.4667
308
11.5
308
11.5333
311
11.5667
311
11.6
311
11.6333
312
11.6667
313
11.7
316
11.7333
316
11.7667
317
11.8
317
11.8333
318
11.8667
318
11.9
319
11.9333
320
11.9667
321
12
323
12.0333
324
12.0667
326
12.1
328
12.1333
329
12.1667
332
12.2
333
12.2333
333
12.2667
334
12.3
336
12.3333
339
12.3667
340
12.4
344
12.4333
344
12.4667
344
12.5
344
12.5333
345
12.5667
346
12.6
348
12.6333
349
12.6667
353
12.7
354
12.7333
355
12.7667
356
12.8
357
12.8333
358
12.8667
360
12.9
362
12.9333
365
12.9667
366
13
367
13.0333
367
13.0667
368
13.1
368
13.1333
370
13.1667
373
13.2
376
13.2333
376
13.2667
377
13.3
378
13.3333
379
13.3667
381
13.4
384
13.4333
384
13.4667
385
13.5
386
13.5333
387
13.5667
387
13.6
389
13.6333
390
13.6667
393
13.7
394
13.7333
394
13.7667
394
13.8
394
13.8333
394
13.8667
394
13.9
395
13.9333
396
13.9667
396
14
396
14.0333
399
14.0667
399
14.1
400
14.1333
401
14.1667
402
14.2
404
14.2333
405
14.2667
406
14.3
407
14.3333
408
14.3667
408
14.4
409
14.4333
409
14.4667
410
14.5
410
14.5333
410
14.5667
414
14.6
414
14.6333
415
14.6667
415
14.7
415
14.7333
416
14.7667
416
14.8
416
14.8333
416
14.8667
416
14.9
416
14.9333
416
14.9667
416
15
416
15.0333
417
15.0667
418
15.1
419
15.1333
420
15.1667
420
15.2
421
15.2333
422
15.2667
423
15.3
425
15.3333
425
15.3667
427
15.4
428
15.4333
428
15.4667
429
15.5
429
15.5333
430
15.5667
431
15.6
433
15.6333
435
15.6667
436
15.7
437
15.7333
438
15.7667
438
15.8
440
15.8333
441
15.8667
442
15.9
442
15.9333
444
15.9667
445
16
445
16.0333
445
16.0667
445
16.1
447
16.1333
447
16.1667
447
16.2
447
16.2333
449
16.2667
450
16.3
450
16.3333
450
16.3667
451
16.4
451
16.4333
453
16.4667
454
16.5
454
16.5333
454
16.5667
454
16.6
454
16.6333
455
16.6667
455
16.7
455
16.7333
455
16.7667
455
16.8
455
16.8333
455
16.8667
456
16.9
457
16.9333
457
16.9667
457
17
458
17.0333
458
17.0667
459
17.1
459
17.1333
459
17.1667
459
17.2
459
17.2333
459
17.2667
459
17.3
459
17.3333
459
17.3667
459
17.4
459
17.4333
459
17.4667
459
17.5
459
17.5333
459
17.5667
459
17.6
459
17.6333
460
17.6667
461
17.7
461
17.7333
462
17.7667
462
17.8
462
17.8333
462
17.8667
462
17.9
462
17.9333
462
17.9667
462
18
462
18.0333
462
18.0667
462
18.1
462
18.1333
462
18.1667
462
18.2
465
18.2333
465
18.2667
465
18.3
466
18.3333
466
18.3667
466
18.4
466
18.4333
466
18.4667
467
18.5
467
18.5333
467
18.5667
469
18.6
469
18.6333
469
18.6667
470
18.7
471
18.7333
472
18.7667
473
18.8
475
18.8333
475
18.8667
475
18.9
476
18.9333
476
18.9667
476
19
478
19.0333
479
19.0667
480
19.1
481
19.1333
481
19.1667
481
19.2
482
19.2333
484
19.2667
484
19.3
485
19.3333
485
19.3667
486
19.4
487
19.4333
488
19.4667
490
19.5
490
19.5333
490
19.5667
491
19.6
491
19.6333
491
19.6667
492
19.7
492
19.7333
492
19.7667
495
19.8
496
19.8333
496
19.8667
498
19.9
499
19.9333
500
19.9667
504
20
505
20.0333
505
20.0667
505
20.1
506
20.1333
509
20.1667
510
20.2
510
20.2333
510
20.2667
512
20.3
513
20.3333
515
20.3667
515
20.4
516
20.4333
516
20.4667
517
20.5
517
20.5333
519
20.5667
519
20.6
520
20.6333
520
20.6667
520
20.7
521
20.7333
521
20.7667
522
20.8
523
20.8333
524
20.8667
524
20.9
524
20.9333
525
20.9667
525
21
526
21.0333
526
21.0667
526
21.1
527
21.1333
527
21.1667
527
21.2
527
21.2333
527
21.2667
527
21.3
528
21.3333
529
21.3667
529
21.4
529
21.4333
529
21.4667
529
21.5
529
21.5333
529
21.5667
529
21.6
529
21.6333
529
21.6667
529
21.7
529
21.7333
529
21.7667
529
21.8
529
21.8333
530
21.8667
530
21.9
530
21.9333
531
21.9667
531
22
531
22.0333
532
22.0667
532
22.1
532
22.1333
533
22.1667
533
22.2
533
22.2333
534
22.2667
535
22.3
536
22.3333
536
22.3667
537
22.4
537
22.4333
537
22.4667
539
22.5
539
22.5333
539
22.5667
540
22.6
541
22.6333
541
22.6667
542
22.7
542
22.7333
542
22.7667
542
22.8
542
22.8333
542
22.8667
543
22.9
543
22.9333
543
22.9667
543
23
543
23.0333
543
23.0667
543
23.1
544
23.1333
544
23.1667
544
23.2
544
23.2333
545
23.2667
545
23.3
546
23.3333
546
23.3667
546
23.4
547
23.4333
548
23.4667
548
23.5
548
23.5333
549
23.5667
549
23.6
550
23.6333
551
23.6667
551
23.7
552
23.7333
552
23.7667
552
23.8
552
23.8333
553
23.8667
554
23.9
555
23.9333
556
23.9667
556
24
556
24.0333
557
24.0667
557
24.1
558
24.1333
558
24.1667
558
24.2
558
24.2333
558
24.2667
558
24.3
559
24.3333
559
24.3667
560
24.4
560
24.4333
560
24.4667
560
24.5
562
24.5333
562
24.5667
563
24.6
564
24.6333
565
24.6667
565
24.7
566
24.7333
566
24.7667
566
24.8
566
24.8333
566
24.8667
566
24.9
567
24.9333
567
24.9667
568
25
568
25.0333
568
25.0667
568
25.1
568
25.1333
568
25.1667
568
25.2
569
25.2333
569
25.2667
569
25.3
569
25.3333
571
25.3667
571
25.4
572
25.4333
572
25.4667
572
25.5
573
25.5333
574
25.5667
575
25.6
575
25.6333
575
25.6667
575
25.7
575
25.7333
575
25.7667
576
25.8
576
25.8333
576
25.8667
576
25.9
576
25.9333
576
25.9667
576
26
576
26.0333
576
26.0667
576
26.1
576
26.1333
576
26.1667
577
26.2
578
26.2333
578
26.2667
578
26.3
579
26.3333
579
26.3667
579
26.4
579
26.4333
579
26.4667
579
26.5
579
26.5333
579
26.5667
579
26.6
580
26.6333
580
26.6667
580
26.7
580
26.7333
580
26.7667
580
26.8
580
26.8333
581
26.8667
583
26.9
583
26.9333
584
26.9667
585
27
586
27.0333
586
27.0667
587
27.1
588
27.1333
588
27.1667
588
27.2
589
27.2333
589
27.2667
590
27.3
590
27.3333
591
27.3667
591
27.4
591
27.4333
592
27.4667
592
27.5
592
27.5333
592
27.5667
593
27.6
593
27.6333
593
27.6667
593
27.7
593
27.7333
594
27.7667
594
27.8
594
27.8333
594
27.8667
594
27.9
594
27.9333
594
27.9667
594
28
594
28.0333
594
28.0667
594
28.1
594
28.1333
594
28.1667
595
28.2
595
28.2333
595
28.2667
595
28.3
595
28.3333
596
28.3667
596
28.4
596
28.4333
597
28.4667
597
28.5
598
28.5333
598
28.5667
599
28.6
599
28.6333
599
28.6667
600
28.7
600
28.7333
600
28.7667
600
28.8
600
28.8333
601
28.8667
601
28.9
601
28.9333
601
28.9667
602
29
602
29.0333
603
29.0667
603
29.1
603
29.1333
604
29.1667
604
29.2
605
29.2333
605
29.2667
606
29.3
606
29.3333
606
29.3667
606
29.4
606
29.4333
606
29.4667
606
29.5
606
29.5333
607
29.5667
608
29.6
608
29.6333
609
29.6667
610
29.7
610
29.7333
610
29.7667
611
29.8
612
29.8333
612
29.8667
612
29.9
612
29.9333
612
29.9667
613
30
613
30.0333
613
30.0667
613
30.1
613
30.1333
613
30.1667
613
30.2
613
30.2333
614
30.2667
614
30.3
616
30.3333
616
30.3667
616
30.4
617
30.4333
617
30.4667
617
30.5
618
30.5333
618
30.5667
618
30.6
619
30.6333
619
30.6667
619
30.7
620
30.7333
620
30.7667
620
30.8
620
30.8333
620
30.8667
620
30.9
620
30.9333
621
30.9667
621
31
621
31.0333
622
31.0667
622
31.1
623
31.1333
623
31.1667
623
31.2
623
31.2333
623
31.2667
624
31.3
624
31.3333
624
31.3667
624
31.4
624
31.4333
624
31.4667
624
31.5
624
31.5333
624
31.5667
624
31.6
624
31.6333
625
31.6667
625
31.7
625
31.7333
625
31.7667
625
31.8
625
31.8333
625
31.8667
625
31.9
625
31.9333
625
31.9667
625
32
625
32.0333
625
32.0667
625
32.1
625
32.1333
626
32.1667
626
32.2
626
32.2333
626
32.2667
626
32.3
626
32.3333
626
32.3667
627
32.4
627
32.4333
627
32.4667
628
32.5
628
32.5333
628
32.5667
628
32.6
628
32.6333
629
32.6667
629
32.7
629
32.7333
629
32.7667
629
32.8
630
32.8333
630
32.8667
630
32.9
630
32.9333
631
32.9667
632
33
632
33.0333
633
33.0667
633
33.1
633
33.1333
633
33.1667
633
33.2
633
33.2333
633
33.2667
633
33.3
633
33.3333
634
33.3667
634
33.4
634
33.4333
634
33.4667
635
33.5
635
33.5333
635
33.5667
635
33.6
635
33.6333
635
33.6667
635
33.7
635
33.7333
635
33.7667
635
33.8
635
33.8333
635
33.8667
635
33.9
635
33.9333
635
33.9667
635
34
635
34.0333
635
34.0667
635
34.1
636
34.1333
636
34.1667
636
34.2
636
34.2333
636
34.2667
636
34.3
636
34.3333
636
34.3667
636
34.4
636
34.4333
636
34.4667
636
34.5
636
34.5333
636
34.5667
636
34.6
636
34.6333
636
34.6667
636
34.7
638
34.7333
638
34.7667
639
34.8
639
34.8333
639
34.8667
640
34.9
640
34.9333
640
34.9667
640
35
640
35.0333
640
35.0667
640
35.1
641
35.1333
641
35.1667
641
35.2
643
35.2333
643
35.2667
644
35.3
644
35.3333
644
35.3667
644
35.4
644
35.4333
644
35.4667
644
35.5
644
35.5333
646
35.5667
647
35.6
647
35.6333
647
35.6667
647
35.7
647
35.7333
647
35.7667
647
35.8
647
35.8333
647
35.8667
647
35.9
647
35.9333
648
35.9667
649
36
649
36.0333
649
36.0667
649
36.1
649
36.1333
649
36.1667
649
36.2
649
36.2333
649
36.2667
649
36.3
649
36.3333
649
36.3667
650
36.4
650
36.4333
650
36.4667
650
36.5
650
36.5333
650
36.5667
650
36.6
650
36.6333
650
36.6667
650
36.7
650
36.7333
651
36.7667
651
36.8
651
36.8333
652
36.8667
652
36.9
652
36.9333
652
36.9667
652
37
652
37.0333
652
37.0667
652
37.1
652
37.1333
652
37.1667
652
37.2
652
37.2333
652
37.2667
652
37.3
652
37.3333
653
37.3667
653
37.4
653
37.4333
653
37.4667
653
37.5
653
37.5333
654
37.5667
654
37.6
654
37.6333
654
37.6667
654
37.7
654
37.7333
654
37.7667
654
37.8
654
37.8333
655
37.8667
655
37.9
655
37.9333
655
37.9667
655
38
655
38.0333
655
38.0667
655
38.1
655
38.1333
655
38.1667
655
38.2
655
38.2333
655
38.2667
655
38.3
655
38.3333
655
38.3667
655
38.4
655
38.4333
656
38.4667
656
38.5
656
38.5333
656
38.5667
656
38.6
656
38.6333
656
38.6667
656
38.7
656
38.7333
656
38.7667
656
38.8
656
38.8333
656
38.8667
656
38.9
656
38.9333
656
38.9667
656
39
656
39.0333
657
39.0667
657
39.1
657
39.1333
657
39.1667
657
39.2
657
39.2333
657
39.2667
657
39.3
657
39.3333
657
39.3667
657
39.4
657
39.4333
657
39.4667
657
39.5
657
39.5333
657
39.5667
657
39.6
657
39.6333
657
39.6667
657
39.7
657
39.7333
657
39.7667
657
39.8
658
39.8333
658
39.8667
658
39.9
658
39.9333
658
39.9667
659
40
659
40.0333
659
40.0667
659
40.1
659
40.1333
659
40.1667
660
40.2
660
40.2333
660
40.2667
660
40.3
660
40.3333
660
40.3667
660
40.4
660
40.4333
660
40.4667
660
40.5
660
40.5333
660
40.5667
660
40.6
660
40.6333
660
40.6667
660
40.7
660
40.7333
660
40.7667
660
40.8
660
40.8333
661
40.8667
661
40.9
661
40.9333
661
40.9667
661
41
661
41.0333
661
41.0667
661
41.1
661
41.1333
662
41.1667
662
41.2
662
41.2333
662
41.2667
663
41.3
664
41.3333
665
41.3667
666
41.4
666
41.4333
666
41.4667
666
41.5
666
41.5333
666
41.5667
666
41.6
666
41.6333
666
41.6667
666
41.7
666
41.7333
666
41.7667
666
41.8
666
41.8333
666
41.8667
666
41.9
666
41.9333
666
41.9667
666
42
666
42.0333
667
42.0667
667
42.1
667
42.1333
667
42.1667
667
42.2
667
42.2333
667
42.2667
667
42.3
667
42.3333
667
42.3667
667
42.4
667
42.4333
667
42.4667
667
42.5
667
42.5333
667
42.5667
667
42.6
668
42.6333
668
42.6667
668
42.7
668
42.7333
669
42.7667
669
42.8
669
42.8333
669
42.8667
669
42.9
669
42.9333
669
42.9667
669
43
669
43.0333
669
43.0667
669
43.1
669
43.1333
669
43.1667
669
43.2
669
43.2333
669
43.2667
669
43.3
670
43.3333
670
43.3667
670
43.4
670
43.4333
670
43.4667
670
43.5
670
43.5333
670
43.5667
670
43.6
670
43.6333
671
43.6667
671
43.7
672
43.7333
672
43.7667
672
43.8
672
43.8333
672
43.8667
672
43.9
672
43.9333
672
43.9667
672
44
672
44.0333
672
44.0667
672
44.1
672
44.1333
673
44.1667
673
44.2
673
44.2333
673
44.2667
673
44.3
673
44.3333
674
44.3667
674
44.4
674
44.4333
675
44.4667
675
44.5
675
44.5333
675
44.5667
676
44.6
676
44.6333
676
44.6667
676
44.7
676
44.7333
676
44.7667
676
44.8
676
44.8333
676
44.8667
676
44.9
676
44.9333
676
44.9667
676
45
676
45.0333
677
45.0667
677
45.1
677
45.1333
677
45.1667
677
45.2
678
45.2333
678
45.2667
678
45.3
678
45.3333
679
45.3667
679
45.4
680
45.4333
680
45.4667
680
45.5
680
45.5333
680
45.5667
680
45.6
680
45.6333
680
45.6667
680
45.7
680
45.7333
680
45.7667
680
45.8
680
45.8333
680
45.8667
680
45.9
680
45.9333
680
45.9667
680
46
680
46.0333
680
46.0667
680
46.1
680
46.1333
680
46.1667
680
46.2
680
46.2333
680
46.2667
680
46.3
680
46.3333
680
46.3667
680
46.4
680
46.4333
680
46.4667
680
46.5
680
46.5333
680
46.5667
680
46.6
680
46.6333
681
46.6667
681
46.7
681
46.7333
681
46.7667
681
46.8
682
46.8333
682
46.8667
682
46.9
682
46.9333
682
46.9667
682
47
682
47.0333
682
47.0667
682
47.1
682
47.1333
682
47.1667
682
47.2
682
47.2333
682
47.2667
682
47.3
682
47.3333
682
47.3667
682
47.4
682
47.4333
682
47.4667
682
47.5
682
47.5333
682
47.5667
682
47.6
682
47.6333
682
47.6667
682
47.7
682
47.7333
682
47.7667
682
47.8
682
47.8333
682
47.8667
682
47.9
682
47.9333
682
47.9667
682
48
683
48.0333
683
48.0667
683
48.1
683
48.1333
683
48.1667
683
48.2
683
48.2333
684
48.2667
684
48.3
684
48.3333
685
48.3667
685
48.4
685
48.4333
685
48.4667
685
48.5
685
48.5333
685
48.5667
685
48.6
685
48.6333
685
48.6667
685
48.7
685
48.7333
685
48.7667
685
48.8
685
48.8333
685
48.8667
685
48.9
685
48.9333
685
48.9667
685
49
685
49.0333
685
49.0667
685
49.1
685
49.1333
686
49.1667
686
49.2
686
49.2333
686
49.2667
686
49.3
686
49.3333
686
49.3667
686
49.4
686
49.4333
686
49.4667
686
49.5
686
49.5333
686
49.5667
686
49.6
686
49.6333
687
49.6667
687
49.7
687
49.7333
687
49.7667
687
49.8
687
49.8333
687
49.8667
687
49.9
687
49.9333
687
49.9667
687
50
687
50.0333
687
50.0667
687
50.1
687
50.1333
688
50.1667
688
50.2
688
50.2333
688
50.2667
688
50.3
688
50.3333
688
50.3667
688
50.4
688
50.4333
688
50.4667
688
50.5
688
50.5333
688
50.5667
688
50.6
688
50.6333
689
50.6667
689
50.7
689
50.7333
689
50.7667
690
50.8
690
50.8333
690
50.8667
690
50.9
690
50.9333
691
50.9667
691
51
691
51.0333
691
51.0667
691
51.1
691
51.1333
691
51.1667
691
51.2
691
51.2333
691
51.2667
691
51.3
691
51.3333
691
51.3667
691
51.4
691
51.4333
691
51.4667
691
51.5
691
51.5333
691
51.5667
691
51.6
691
51.6333
691
51.6667
691
51.7
691
51.7333
691
51.7667
691
51.8
691
51.8333
691
51.8667
691
51.9
691
51.9333
691
51.9667
691
52
691
52.0333
691
52.0667
691
52.1
691
52.1333
691
52.1667
691
52.2
691
52.2333
691
52.2667
691
52.3
691
52.3333
691
52.3667
691
52.4
691
52.4333
691
52.4667
691
52.5
691
52.5333
691
52.5667
691
52.6
691
52.6333
691
52.6667
691
52.7
691
52.7333
691
52.7667
691
52.8
691
52.8333
691
52.8667
691
52.9
691
52.9333
691
52.9667
691
53
691
53.0333
691
53.0667
691
53.1
691
53.1333
691
53.1667
691
53.2
691
53.2333
691
53.2667
691
53.3
691
53.3333
692
