0
1
0.0333333
1
0.0666667
1
0.1
1
0.133333
1
0.166667
1
0.2
1
0.233333
1
0.266667
1
0.3
1
0.333333
1
0.366667
1
0.4
1
0.433333
1
0.466667
1
0.5
1
0.533333
1
0.566667
1
0.6
1
0.633333
1
0.666667
1
0.7
1
0.733333
1
0.766667
1
0.8
1
0.833333
1
0.866667
1
0.9
1
0.933333
1
0.966667
1
1
1
1.03333
1
1.06667
1
1.1
1
1.13333
1
1.16667
1
1.2
1
1.23333
1
1.26667
1
1.3
1
1.33333
1
1.36667
1
1.4
1
1.43333
1
1.46667
1
1.5
1
1.53333
1
1.56667
1
1.6
1
1.63333
1
1.66667
1
1.7
1
1.73333
1
1.76667
1
1.8
1
1.83333
1
1.86667
1
1.9
1
1.93333
1
1.96667
1
2
1
2.03333
1
2.06667
1
2.1
1
2.13333
1
2.16667
1
2.2
1
2.23333
1
2.26667
1
2.3
1
2.33333
1
2.36667
1
2.4
1
2.43333
1
2.46667
1
2.5
1
2.53333
1
2.56667
1
2.6
1
2.63333
1
2.66667
1
2.7
1
2.73333
1
2.76667
1
2.8
1
2.83333
1
2.86667
1
2.9
1
2.93333
1
2.96667
1
3
1
3.03333
1
3.06667
1
3.1
1
3.13333
1
3.16667
1
3.2
1
3.23333
1
3.26667
1
3.3
1
3.33333
1
3.36667
1
3.4
1
3.43333
1
3.46667
1
3.5
1
3.53333
1
3.56667
1
3.6
1
3.63333
1
3.66667
1
3.7
1
3.73333
1
3.76667
1
3.8
1
3.83333
1
3.86667
1
3.9
1
3.93333
1
3.96667
1
4
1
4.03333
1
4.06667
1
4.1
1
4.13333
1
4.16667
1
4.2
1
4.23333
1
4.26667
1
4.3
1
4.33333
1
4.36667
1
4.4
1
4.43333
1
4.46667
1
4.5
1
4.53333
1
4.56667
1
4.6
1
4.63333
1
4.66667
1
4.7
1
4.73333
1
4.76667
1
4.8
1
4.83333
1
4.86667
1
4.9
1
4.93333
1
4.96667
1
5
1
5.03333
1
5.06667
1
5.1
1
5.13333
1
5.16667
1
5.2
1
5.23333
1
5.26667
1
5.3
1
5.33333
1
5.36667
1
5.4
1
5.43333
1
5.46667
1
5.5
1
5.53333
1
5.56667
1
5.6
1
5.63333
1
5.66667
1
5.7
1
5.73333
1
5.76667
1
5.8
1
5.83333
2
5.86667
2
5.9
2
5.93333
2
5.96667
2
6
2
6.03333
2
6.06667
3
6.1
3
6.13333
3
6.16667
3
6.2
3
6.23333
3
6.26667
3
6.3
3
6.33333
3
6.36667
3
6.4
3
6.43333
3
6.46667
3
6.5
3
6.53333
3
6.56667
3
6.6
4
6.63333
4
6.66667
4
6.7
4
6.73333
4
6.76667
4
6.8
4
6.83333
5
6.86667
5
6.9
5
6.93333
6
6.96667
6
7
6
7.03333
6
7.06667
6
7.1
6
7.13333
6
7.16667
7
7.2
8
7.23333
10
7.26667
10
7.3
12
7.33333
13
7.36667
14
7.4
14
7.43333
14
7.46667
14
7.5
14
7.53333
14
7.56667
15
7.6
15
7.63333
16
7.66667
16
7.7
17
7.73333
18
7.76667
18
7.8
18
7.83333
21
7.86667
22
7.9
22
7.93333
23
7.96667
23
8
25
8.03333
25
8.06667
26
8.1
26
8.13333
26
8.16667
26
8.2
26
8.23333
27
8.26667
27
8.3
27
8.33333
27
8.36667
27
8.4
27
8.43333
27
8.46667
27
8.5
28
8.53333
29
8.56667
31
8.6
31
8.63333
31
8.66667
31
8.7
31
8.73333
31
8.76667
31
8.8
31
8.83333
31
8.86667
31
8.9
31
8.93333
31
8.96667
31
9
31
9.03333
31
9.06667
31
9.1
31
9.13333
31
9.16667
31
9.2
31
9.23333
31
9.26667
31
9.3
31
9.33333
32
9.36667
32
9.4
32
9.43333
32
9.46667
32
9.5
32
9.53333
32
9.56667
32
9.6
32
9.63333
32
9.66667
32
9.7
32
9.73333
32
9.76667
33
9.8
34
9.83333
34
9.86667
35
9.9
35
9.93333
35
9.96667
35
10
35
10.0333
35
10.0667
36
10.1
36
10.1333
36
10.1667
36
10.2
36
10.2333
36
10.2667
37
10.3
38
10.3333
38
10.3667
38
10.4
38
10.4333
38
10.4667
38
10.5
39
10.5333
39
10.5667
39
10.6
39
10.6333
39
10.6667
39
10.7
40
10.7333
40
10.7667
40
10.8
41
10.8333
41
10.8667
41
10.9
41
10.9333
41
10.9667
41
11
41
11.0333
41
11.0667
41
11.1
41
11.1333
41
11.1667
41
11.2
42
11.2333
42
11.2667
42
11.3
42
11.3333
42
11.3667
42
11.4
42
11.4333
43
11.4667
43
11.5
43
11.5333
43
11.5667
43
11.6
45
11.6333
45
11.6667
45
11.7
45
11.7333
45
11.7667
45
11.8
45
11.8333
45
11.8667
45
11.9
45
11.9333
45
11.9667
45
12
45
12.0333
45
12.0667
45
12.1
46
12.1333
46
12.1667
46
12.2
46
12.2333
46
12.2667
46
12.3
46
12.3333
46
12.3667
46
12.4
46
12.4333
46
12.4667
46
12.5
46
12.5333
46
12.5667
46
12.6
46
12.6333
46
12.6667
47
12.7
47
12.7333
47
12.7667
47
12.8
47
12.8333
47
12.8667
47
12.9
47
12.9333
47
12.9667
47
13
47
13.0333
47
13.0667
47
13.1
47
13.1333
47
13.1667
47
13.2
47
13.2333
47
13.2667
47
13.3
47
13.3333
47
13.3667
47
13.4
47
13.4333
47
13.4667
47
13.5
47
13.5333
47
13.5667
47
13.6
47
13.6333
47
13.6667
47
13.7
47
13.7333
47
13.7667
47
13.8
48
13.8333
48
13.8667
48
13.9
48
13.9333
48
13.9667
48
14
48
14.0333
48
14.0667
48
14.1
48
14.1333
48
14.1667
48
14.2
48
14.2333
48
14.2667
48
14.3
48
14.3333
48
14.3667
48
14.4
48
14.4333
48
14.4667
48
14.5
48
14.5333
48
14.5667
48
14.6
48
14.6333
48
14.6667
48
14.7
48
14.7333
48
14.7667
48
14.8
48
14.8333
48
14.8667
48
14.9
48
14.9333
48
14.9667
48
15
48
15.0333
48
15.0667
48
15.1
48
15.1333
48
15.1667
48
15.2
48
15.2333
48
15.2667
48
15.3
48
15.3333
48
15.3667
48
15.4
48
15.4333
48
15.4667
48
15.5
48
15.5333
48
15.5667
48
15.6
48
15.6333
48
15.6667
48
15.7
48
15.7333
48
15.7667
48
15.8
48
15.8333
48
15.8667
48
15.9
48
15.9333
48
15.9667
48
16
48
16.0333
48
16.0667
48
16.1
48
16.1333
48
16.1667
48
16.2
48
16.2333
48
16.2667
48
16.3
48
16.3333
48
16.3667
48
16.4
49
16.4333
49
16.4667
49
16.5
49
16.5333
49
16.5667
49
16.6
50
16.6333
50
16.6667
50
16.7
50
16.7333
50
16.7667
50
16.8
50
16.8333
50
16.8667
50
16.9
50
16.9333
50
16.9667
50
17
50
17.0333
50
17.0667
50
17.1
50
17.1333
50
17.1667
50
17.2
50
17.2333
50
17.2667
50
17.3
50
17.3333
51
17.3667
51
17.4
51
17.4333
51
17.4667
52
17.5
52
17.5333
52
17.5667
52
17.6
52
17.6333
52
17.6667
52
17.7
52
17.7333
52
17.7667
52
17.8
52
17.8333
52
17.8667
52
17.9
52
17.9333
52
17.9667
52
18
52
18.0333
52
18.0667
52
18.1
52
18.1333
52
18.1667
52
18.2
52
18.2333
52
18.2667
52
18.3
52
18.3333
52
18.3667
52
18.4
52
18.4333
52
18.4667
52
18.5
52
18.5333
52
18.5667
52
18.6
52
18.6333
52
18.6667
52
18.7
52
18.7333
52
18.7667
52
18.8
52
18.8333
52
18.8667
52
18.9
52
18.9333
52
18.9667
52
19
52
19.0333
52
19.0667
52
19.1
52
19.1333
52
19.1667
52
19.2
52
19.2333
52
19.2667
52
19.3
52
19.3333
52
19.3667
52
19.4
52
19.4333
52
19.4667
52
19.5
52
19.5333
53
19.5667
53
19.6
53
19.6333
53
19.6667
53
19.7
53
19.7333
53
19.7667
53
19.8
53
19.8333
53
19.8667
53
19.9
53
19.9333
53
19.9667
53
20
53
20.0333
53
20.0667
53
20.1
53
20.1333
53
20.1667
53
20.2
53
20.2333
53
20.2667
53
20.3
53
20.3333
53
20.3667
53
20.4
53
20.4333
53
20.4667
53
20.5
53
20.5333
53
20.5667
53
20.6
53
20.6333
53
20.6667
53
20.7
53
20.7333
53
20.7667
53
20.8
53
20.8333
53
20.8667
53
20.9
53
20.9333
53
20.9667
53
21
53
21.0333
53
21.0667
53
21.1
53
21.1333
53
21.1667
53
21.2
53
21.2333
53
21.2667
53
21.3
53
21.3333
53
21.3667
53
21.4
53
21.4333
53
21.4667
53
21.5
53
21.5333
54
21.5667
54
21.6
54
21.6333
54
21.6667
54
21.7
54
21.7333
54
21.7667
54
21.8
54
21.8333
54
21.8667
54
21.9
54
21.9333
54
21.9667
54
22
54
22.0333
54
22.0667
54
22.1
54
22.1333
54
22.1667
54
22.2
54
22.2333
54
22.2667
54
22.3
54
22.3333
54
22.3667
54
22.4
54
22.4333
54
22.4667
54
22.5
55
22.5333
55
22.5667
55
22.6
55
22.6333
55
22.6667
55
22.7
55
22.7333
55
22.7667
55
22.8
55
22.8333
55
22.8667
55
22.9
55
22.9333
55
22.9667
55
23
55
23.0333
55
23.0667
55
23.1
55
23.1333
55
23.1667
55
23.2
55
23.2333
55
23.2667
55
23.3
55
23.3333
55
23.3667
55
23.4
55
23.4333
55
23.4667
55
23.5
55
23.5333
55
23.5667
55
23.6
55
23.6333
55
23.6667
55
23.7
55
23.7333
55
23.7667
55
23.8
55
23.8333
55
23.8667
55
23.9
55
23.9333
55
23.9667
55
24
55
24.0333
55
24.0667
55
24.1
55
24.1333
55
24.1667
55
24.2
55
24.2333
55
24.2667
55
24.3
55
24.3333
55
24.3667
55
24.4
55
24.4333
55
24.4667
55
24.5
55
24.5333
55
24.5667
55
24.6
55
24.6333
55
24.6667
55
24.7
55
24.7333
55
24.7667
55
24.8
55
24.8333
55
24.8667
55
24.9
55
24.9333
55
24.9667
55
25
55
25.0333
55
25.0667
55
25.1
55
25.1333
55
25.1667
55
25.2
55
25.2333
55
25.2667
55
25.3
55
25.3333
55
25.3667
55
25.4
55
25.4333
55
25.4667
55
25.5
55
25.5333
55
25.5667
55
25.6
55
25.6333
55
25.6667
55
25.7
55
25.7333
55
25.7667
55
25.8
55
25.8333
55
25.8667
55
25.9
55
25.9333
55
25.9667
55
26
55
26.0333
55
26.0667
55
26.1
55
26.1333
55
26.1667
55
26.2
55
26.2333
55
26.2667
55
26.3
55
26.3333
55
26.3667
55
26.4
55
26.4333
55
26.4667
55
26.5
56
26.5333
56
26.5667
56
26.6
56
26.6333
56
26.6667
56
26.7
56
26.7333
56
26.7667
56
26.8
56
26.8333
56
26.8667
56
26.9
56
26.9333
56
26.9667
56
27
56
27.0333
56
27.0667
56
27.1
56
27.1333
56
27.1667
56
27.2
56
27.2333
56
27.2667
56
27.3
56
27.3333
56
27.3667
56
27.4
56
27.4333
56
27.4667
56
27.5
56
27.5333
56
27.5667
56
27.6
56
27.6333
56
27.6667
56
27.7
56
27.7333
56
27.7667
56
27.8
56
27.8333
56
27.8667
56
27.9
56
27.9333
56
27.9667
56
28
56
28.0333
56
28.0667
56
28.1
56
28.1333
56
28.1667
56
28.2
56
28.2333
56
28.2667
56
28.3
56
28.3333
56
28.3667
56
28.4
56
28.4333
56
28.4667
56
28.5
56
28.5333
56
28.5667
56
28.6
56
28.6333
56
28.6667
56
28.7
56
28.7333
56
28.7667
56
28.8
56
28.8333
56
28.8667
56
28.9
56
28.9333
56
28.9667
56
29
56
29.0333
56
29.0667
56
29.1
56
29.1333
56
29.1667
56
29.2
56
29.2333
56
29.2667
56
29.3
56
29.3333
56
29.3667
56
29.4
56
29.4333
56
29.4667
56
29.5
56
29.5333
56
29.5667
56
29.6
56
29.6333
56
29.6667
56
29.7
56
29.7333
56
29.7667
56
29.8
56
29.8333
56
29.8667
56
29.9
56
29.9333
56
29.9667
56
30
56
30.0333
56
30.0667
56
30.1
56
30.1333
56
30.1667
56
30.2
56
30.2333
56
30.2667
56
30.3
56
30.3333
56
30.3667
56
30.4
56
30.4333
56
30.4667
56
30.5
56
30.5333
56
30.5667
56
30.6
56
30.6333
56
30.6667
56
30.7
56
30.7333
56
30.7667
56
30.8
56
30.8333
56
30.8667
56
30.9
56
30.9333
56
30.9667
56
31
56
31.0333
56
31.0667
56
31.1
56
31.1333
56
31.1667
56
31.2
56
31.2333
56
31.2667
56
31.3
56
31.3333
56
31.3667
56
31.4
56
31.4333
56
31.4667
56
31.5
56
31.5333
56
31.5667
56
31.6
56
31.6333
56
31.6667
56
31.7
56
31.7333
56
31.7667
56
31.8
56
31.8333
56
31.8667
56
31.9
56
31.9333
56
31.9667
56
32
56
32.0333
56
32.0667
56
32.1
56
32.1333
56
32.1667
56
32.2
56
32.2333
56
32.2667
56
32.3
56
32.3333
56
32.3667
56
32.4
56
32.4333
56
32.4667
56
32.5
56
32.5333
56
32.5667
56
32.6
56
32.6333
56
32.6667
56
32.7
56
32.7333
56
32.7667
56
32.8
56
32.8333
56
32.8667
56
32.9
56
32.9333
56
32.9667
56
33
56
33.0333
56
33.0667
56
33.1
56
33.1333
56
33.1667
56
33.2
56
33.2333
56
33.2667
56
33.3
56
33.3333
56
33.3667
56
33.4
56
33.4333
56
33.4667
56
33.5
56
33.5333
56
33.5667
56
33.6
56
33.6333
56
33.6667
56
33.7
56
33.7333
56
33.7667
56
33.8
56
33.8333
56
33.8667
56
33.9
56
33.9333
56
33.9667
56
34
56
34.0333
56
34.0667
56
34.1
56
34.1333
56
34.1667
56
34.2
56
34.2333
56
34.2667
56
34.3
56
34.3333
56
34.3667
56
34.4
56
34.4333
56
34.4667
56
34.5
56
34.5333
56
34.5667
56
34.6
56
34.6333
56
34.6667
56
34.7
56
34.7333
56
34.7667
56
34.8
56
34.8333
56
34.8667
56
34.9
56
34.9333
56
34.9667
56
35
56
35.0333
56
35.0667
56
35.1
56
35.1333
56
35.1667
56
35.2
56
35.2333
56
35.2667
56
35.3
56
35.3333
56
35.3667
56
35.4
56
35.4333
56
35.4667
56
35.5
56
35.5333
56
35.5667
56
35.6
56
35.6333
56
35.6667
56
35.7
56
35.7333
56
35.7667
56
35.8
56
35.8333
56
35.8667
56
35.9
56
35.9333
56
35.9667
56
36
56
36.0333
56
36.0667
56
36.1
56
36.1333
56
36.1667
56
36.2
56
36.2333
56
36.2667
56
36.3
56
36.3333
56
36.3667
56
36.4
56
36.4333
56
36.4667
56
36.5
56
36.5333
56
36.5667
56
36.6
56
36.6333
56
36.6667
56
36.7
56
36.7333
56
36.7667
56
36.8
56
36.8333
56
36.8667
56
36.9
56
36.9333
56
36.9667
56
37
56
37.0333
56
37.0667
56
37.1
56
37.1333
56
37.1667
56
37.2
56
37.2333
56
37.2667
56
37.3
56
37.3333
56
37.3667
56
37.4
56
37.4333
56
37.4667
56
37.5
56
37.5333
56
37.5667
56
37.6
56
37.6333
56
37.6667
56
37.7
56
37.7333
56
37.7667
56
37.8
56
37.8333
56
37.8667
56
37.9
56
37.9333
56
37.9667
56
38
56
38.0333
56
38.0667
56
38.1
56
38.1333
56
38.1667
56
38.2
56
38.2333
56
38.2667
56
38.3
56
38.3333
56
38.3667
56
38.4
56
38.4333
56
38.4667
56
38.5
56
38.5333
56
38.5667
56
38.6
56
38.6333
56
38.6667
56
38.7
56
38.7333
56
38.7667
56
38.8
56
38.8333
56
38.8667
56
38.9
56
38.9333
56
38.9667
56
39
56
39.0333
56
39.0667
56
39.1
56
39.1333
56
39.1667
56
39.2
56
39.2333
56
39.2667
56
39.3
56
39.3333
56
39.3667
56
39.4
56
39.4333
56
39.4667
56
39.5
56
39.5333
56
39.5667
56
39.6
56
39.6333
56
39.6667
56
39.7
56
39.7333
56
39.7667
56
39.8
56
39.8333
56
39.8667
56
39.9
56
39.9333
56
39.9667
56
40
56
40.0333
56
40.0667
56
40.1
56
40.1333
56
40.1667
56
40.2
56
40.2333
56
40.2667
56
40.3
56
40.3333
56
40.3667
56
40.4
56
40.4333
56
40.4667
56
40.5
56
40.5333
56
40.5667
56
40.6
56
40.6333
56
40.6667
56
40.7
56
40.7333
56
40.7667
56
40.8
56
40.8333
56
40.8667
56
40.9
56
40.9333
56
40.9667
56
41
56
41.0333
56
41.0667
56
41.1
56
41.1333
56
41.1667
56
41.2
56
41.2333
56
41.2667
56
41.3
56
41.3333
56
41.3667
56
41.4
56
41.4333
56
41.4667
56
41.5
56
41.5333
56
41.5667
56
41.6
56
41.6333
56
41.6667
56
41.7
56
41.7333
56
41.7667
56
41.8
56
41.8333
56
41.8667
56
41.9
56
41.9333
56
41.9667
56
42
56
42.0333
56
42.0667
56
42.1
56
42.1333
56
42.1667
56
42.2
56
42.2333
56
42.2667
56
42.3
56
42.3333
56
42.3667
56
42.4
56
42.4333
56
42.4667
56
42.5
56
42.5333
56
42.5667
56
42.6
56
42.6333
56
42.6667
56
42.7
56
42.7333
56
42.7667
56
42.8
56
42.8333
56
42.8667
56
42.9
56
42.9333
56
42.9667
56
43
56
43.0333
56
43.0667
56
43.1
56
43.1333
56
43.1667
56
43.2
56
43.2333
56
43.2667
56
43.3
56
43.3333
56
43.3667
56
43.4
56
43.4333
56
43.4667
56
43.5
56
43.5333
56
43.5667
56
43.6
56
43.6333
56
43.6667
56
43.7
56
43.7333
56
43.7667
56
43.8
56
43.8333
56
43.8667
56
43.9
56
43.9333
56
43.9667
56
44
56
44.0333
56
44.0667
56
44.1
56
44.1333
56
44.1667
56
44.2
56
44.2333
56
44.2667
56
44.3
56
44.3333
56
44.3667
56
44.4
56
44.4333
56
44.4667
56
44.5
56
44.5333
56
44.5667
56
44.6
56
44.6333
56
44.6667
56
44.7
56
44.7333
56
44.7667
56
44.8
56
44.8333
56
44.8667
56
44.9
56
44.9333
56
44.9667
56
45
56
45.0333
56
45.0667
56
45.1
56
45.1333
56
45.1667
56
45.2
56
45.2333
56
45.2667
56
45.3
56
45.3333
56
45.3667
56
45.4
56
45.4333
56
45.4667
56
45.5
56
45.5333
56
45.5667
56
45.6
56
45.6333
56
45.6667
56
45.7
56
45.7333
56
45.7667
56
45.8
56
45.8333
56
45.8667
56
45.9
56
45.9333
56
45.9667
56
46
56
46.0333
56
46.0667
56
46.1
56
46.1333
56
46.1667
56
46.2
56
46.2333
56
46.2667
56
46.3
56
46.3333
56
46.3667
56
46.4
56
46.4333
56
46.4667
56
46.5
56
46.5333
56
46.5667
56
46.6
56
46.6333
56
46.6667
56
46.7
56
46.7333
56
46.7667
56
46.8
56
46.8333
56
46.8667
56
46.9
56
46.9333
56
46.9667
56
47
56
47.0333
56
47.0667
56
47.1
56
47.1333
56
47.1667
56
47.2
56
47.2333
56
47.2667
56
47.3
56
47.3333
56
47.3667
56
47.4
56
47.4333
56
47.4667
56
47.5
56
47.5333
56
47.5667
56
47.6
56
47.6333
56
47.6667
56
47.7
56
47.7333
56
47.7667
56
47.8
56
47.8333
56
47.8667
56
47.9
56
47.9333
56
47.9667
56
48
56
48.0333
56
48.0667
56
48.1
56
48.1333
56
48.1667
56
48.2
56
48.2333
56
48.2667
56
48.3
56
48.3333
56
48.3667
56
48.4
56
48.4333
56
48.4667
56
48.5
56
48.5333
56
48.5667
56
48.6
56
48.6333
56
48.6667
56
48.7
56
48.7333
56
48.7667
56
48.8
56
48.8333
56
48.8667
56
48.9
56
48.9333
56
48.9667
56
49
56
49.0333
56
49.0667
56
49.1
56
49.1333
56
49.1667
56
49.2
56
49.2333
56
49.2667
56
49.3
56
49.3333
56
49.3667
56
49.4
56
49.4333
56
49.4667
56
49.5
56
49.5333
56
49.5667
56
49.6
56
49.6333
56
49.6667
56
49.7
56
49.7333
56
49.7667
56
49.8
56
49.8333
56
49.8667
56
49.9
56
49.9333
56
49.9667
56
50
56
50.0333
56
50.0667
56
50.1
56
50.1333
56
50.1667
56
50.2
56
50.2333
56
50.2667
56
50.3
56
50.3333
56
50.3667
56
50.4
56
50.4333
56
50.4667
56
50.5
56
50.5333
56
50.5667
56
50.6
56
50.6333
56
50.6667
56
50.7
56
50.7333
56
50.7667
56
50.8
56
50.8333
56
50.8667
56
50.9
56
50.9333
56
50.9667
56
51
56
51.0333
56
51.0667
56
51.1
56
51.1333
56
51.1667
56
51.2
56
51.2333
56
51.2667
56
51.3
56
51.3333
56
51.3667
56
51.4
56
51.4333
56
51.4667
56
51.5
56
51.5333
56
51.5667
56
51.6
56
51.6333
56
51.6667
56
51.7
56
51.7333
56
51.7667
56
51.8
56
51.8333
56
51.8667
56
51.9
56
51.9333
56
51.9667
56
52
56
52.0333
56
52.0667
56
52.1
56
52.1333
56
52.1667
56
52.2
56
52.2333
56
52.2667
56
52.3
56
52.3333
56
52.3667
56
52.4
56
52.4333
56
52.4667
56
52.5
56
52.5333
56
52.5667
56
52.6
56
52.6333
56
52.6667
56
52.7
56
52.7333
56
52.7667
56
52.8
56
52.8333
56
52.8667
56
52.9
56
52.9333
56
52.9667
56
53
56
53.0333
56
53.0667
56
53.1
56
53.1333
56
53.1667
56
53.2
56
53.2333
56
53.2667
56
53.3
56
53.3333
56
