0
1
0.0333333
1
0.0666667
1
0.1
1
0.133333
1
0.166667
1
0.2
1
0.233333
1
0.266667
1
0.3
1
0.333333
1
0.366667
1
0.4
1
0.433333
1
0.466667
1
0.5
1
0.533333
1
0.566667
1
0.6
1
0.633333
1
0.666667
1
0.7
1
0.733333
1
0.766667
1
0.8
1
0.833333
1
0.866667
1
0.9
1
0.933333
1
0.966667
1
1
1
1.03333
1
1.06667
1
1.1
1
1.13333
1
1.16667
1
1.2
1
1.23333
1
1.26667
1
1.3
1
1.33333
1
1.36667
1
1.4
1
1.43333
1
1.46667
1
1.5
1
1.53333
1
1.56667
1
1.6
1
1.63333
1
1.66667
1
1.7
1
1.73333
1
1.76667
1
1.8
1
1.83333
1
1.86667
1
1.9
1
1.93333
1
1.96667
1
2
1
2.03333
1
2.06667
1
2.1
1
2.13333
1
2.16667
1
2.2
1
2.23333
1
2.26667
1
2.3
1
2.33333
1
2.36667
1
2.4
1
2.43333
1
2.46667
1
2.5
1
2.53333
1
2.56667
1
2.6
1
2.63333
1
2.66667
1
2.7
1
2.73333
1
2.76667
1
2.8
1
2.83333
1
2.86667
1
2.9
1
2.93333
1
2.96667
1
3
1
3.03333
1
3.06667
1
3.1
1
3.13333
1
3.16667
1
3.2
1
3.23333
1
3.26667
1
3.3
1
3.33333
1
3.36667
1
3.4
1
3.43333
1
3.46667
1
3.5
1
3.53333
1
3.56667
1
3.6
1
3.63333
1
3.66667
1
3.7
1
3.73333
1
3.76667
1
3.8
1
3.83333
1
3.86667
1
3.9
1
3.93333
1
3.96667
1
4
1
4.03333
1
4.06667
1
4.1
1
4.13333
1
4.16667
1
4.2
1
4.23333
1
4.26667
1
4.3
1
4.33333
1
4.36667
1
4.4
1
4.43333
1
4.46667
1
4.5
1
4.53333
1
4.56667
1
4.6
1
4.63333
1
4.66667
1
4.7
1
4.73333
2
4.76667
2
4.8
2
4.83333
2
4.86667
2
4.9
2
4.93333
3
4.96667
3
5
3
5.03333
3
5.06667
3
5.1
3
5.13333
3
5.16667
3
5.2
3
5.23333
3
5.26667
3
5.3
3
5.33333
3
5.36667
3
5.4
3
5.43333
3
5.46667
4
5.5
4
5.53333
4
5.56667
4
5.6
4
5.63333
4
5.66667
4
5.7
4
5.73333
5
5.76667
5
5.8
5
5.83333
5
5.86667
5
5.9
6
5.93333
6
5.96667
6
6
7
6.03333
7
6.06667
7
6.1
7
6.13333
7
6.16667
7
6.2
7
6.23333
7
6.26667
8
6.3
8
6.33333
8
6.36667
8
6.4
8
6.43333
8
6.46667
8
6.5
9
6.53333
9
6.56667
10
6.6
10
6.63333
10
6.66667
10
6.7
11
6.73333
11
6.76667
13
6.8
15
6.83333
16
6.86667
16
6.9
16
6.93333
17
6.96667
18
7
19
7.03333
20
7.06667
22
7.1
22
7.13333
23
7.16667
23
7.2
23
7.23333
23
7.26667
23
7.3
23
7.33333
23
7.36667
23
7.4
23
7.43333
23
7.46667
23
7.5
24
7.53333
26
7.56667
27
7.6
27
7.63333
28
7.66667
28
7.7
28
7.73333
28
7.76667
28
7.8
28
7.83333
29
7.86667
30
7.9
30
7.93333
31
7.96667
31
8
31
8.03333
32
8.06667
32
8.1
32
8.13333
33
8.16667
34
8.2
34
8.23333
35
8.26667
36
8.3
36
8.33333
37
8.36667
37
8.4
37
8.43333
37
8.46667
39
8.5
40
8.53333
41
8.56667
41
8.6
41
8.63333
41
8.66667
42
8.7
43
8.73333
43
8.76667
44
8.8
45
8.83333
45
8.86667
46
8.9
47
8.93333
48
8.96667
48
9
49
9.03333
50
9.06667
50
9.1
50
9.13333
52
9.16667
52
9.2
53
9.23333
53
9.26667
54
9.3
54
9.33333
54
9.36667
54
9.4
57
9.43333
57
9.46667
58
9.5
59
9.53333
59
9.56667
60
9.6
61
9.63333
61
9.66667
62
9.7
62
9.73333
63
9.76667
63
9.8
63
9.83333
63
9.86667
64
9.9
64
9.93333
64
9.96667
64
10
66
10.0333
67
10.0667
67
10.1
68
10.1333
68
10.1667
69
10.2
70
10.2333
70
10.2667
71
10.3
71
10.3333
71
10.3667
72
10.4
73
10.4333
73
10.4667
75
10.5
75
10.5333
78
10.5667
79
10.6
79
10.6333
79
10.6667
79
10.7
79
10.7333
82
10.7667
82
10.8
82
10.8333
83
10.8667
84
10.9
85
10.9333
85
10.9667
85
11
85
11.0333
87
11.0667
87
11.1
88
11.1333
89
11.1667
89
11.2
89
11.2333
90
11.2667
91
11.3
92
11.3333
92
11.3667
93
11.4
93
11.4333
93
11.4667
93
11.5
93
11.5333
93
11.5667
93
11.6
95
11.6333
95
11.6667
95
11.7
95
11.7333
95
11.7667
95
11.8
95
11.8333
95
11.8667
95
11.9
95
11.9333
95
11.9667
95
12
95
12.0333
96
12.0667
96
12.1
97
12.1333
97
12.1667
98
12.2
98
12.2333
100
12.2667
101
12.3
102
12.3333
102
12.3667
102
12.4
102
12.4333
102
12.4667
102
12.5
102
12.5333
102
12.5667
103
12.6
103
12.6333
103
12.6667
103
12.7
103
12.7333
103
12.7667
104
12.8
105
12.8333
106
12.8667
106
12.9
107
12.9333
108
12.9667
108
13
108
13.0333
108
13.0667
108
13.1
108
13.1333
108
13.1667
108
13.2
109
13.2333
110
13.2667
110
13.3
110
13.3333
110
13.3667
110
13.4
110
13.4333
110
13.4667
110
13.5
110
13.5333
110
13.5667
111
13.6
111
13.6333
111
13.6667
111
13.7
111
13.7333
111
13.7667
111
13.8
111
13.8333
111
13.8667
111
13.9
111
13.9333
111
13.9667
111
14
111
14.0333
111
14.0667
111
14.1
111
14.1333
111
14.1667
111
14.2
111
14.2333
111
14.2667
111
14.3
112
14.3333
112
14.3667
112
14.4
112
14.4333
112
14.4667
112
14.5
112
14.5333
112
14.5667
112
14.6
113
14.6333
113
14.6667
114
14.7
114
14.7333
115
14.7667
115
14.8
115
14.8333
115
14.8667
115
14.9
115
14.9333
115
14.9667
115
15
115
15.0333
115
15.0667
115
15.1
115
15.1333
115
15.1667
115
15.2
115
15.2333
115
15.2667
115
15.3
115
15.3333
115
15.3667
115
15.4
115
15.4333
115
15.4667
115
15.5
115
15.5333
115
15.5667
115
15.6
115
15.6333
115
15.6667
115
15.7
115
15.7333
115
15.7667
115
15.8
115
15.8333
115
15.8667
115
15.9
115
15.9333
115
15.9667
115
16
115
16.0333
115
16.0667
115
16.1
115
16.1333
115
16.1667
115
16.2
115
16.2333
115
16.2667
115
16.3
115
16.3333
115
16.3667
115
16.4
115
16.4333
115
16.4667
115
16.5
115
16.5333
115
16.5667
115
16.6
115
16.6333
115
16.6667
115
16.7
115
16.7333
115
16.7667
115
16.8
115
16.8333
115
16.8667
115
16.9
115
16.9333
115
16.9667
115
17
115
17.0333
115
17.0667
116
17.1
116
17.1333
116
17.1667
116
17.2
116
17.2333
116
17.2667
116
17.3
117
17.3333
117
17.3667
117
17.4
117
17.4333
117
17.4667
117
17.5
117
17.5333
117
17.5667
117
17.6
117
17.6333
117
17.6667
117
17.7
118
17.7333
118
17.7667
118
17.8
118
17.8333
118
17.8667
118
17.9
118
17.9333
118
17.9667
120
18
122
18.0333
122
18.0667
122
18.1
122
18.1333
122
18.1667
122
18.2
122
18.2333
122
18.2667
122
18.3
122
18.3333
122
18.3667
122
18.4
122
18.4333
122
18.4667
122
18.5
122
18.5333
122
18.5667
122
18.6
122
18.6333
122
18.6667
123
18.7
123
18.7333
124
18.7667
124
18.8
124
18.8333
125
18.8667
125
18.9
125
18.9333
125
18.9667
125
19
125
19.0333
125
19.0667
125
19.1
125
19.1333
125
19.1667
125
19.2
125
19.2333
125
19.2667
125
19.3
125
19.3333
125
19.3667
125
19.4
125
19.4333
125
19.4667
125
19.5
125
19.5333
125
19.5667
125
19.6
125
19.6333
125
19.6667
125
19.7
125
19.7333
125
19.7667
125
19.8
125
19.8333
125
19.8667
125
19.9
125
19.9333
125
19.9667
125
20
125
20.0333
125
20.0667
125
20.1
125
20.1333
126
20.1667
126
20.2
126
20.2333
126
20.2667
127
20.3
128
20.3333
128
20.3667
128
20.4
129
20.4333
129
20.4667
130
20.5
130
20.5333
130
20.5667
130
20.6
130
20.6333
130
20.6667
130
20.7
130
20.7333
130
20.7667
130
20.8
130
20.8333
130
20.8667
130
20.9
131
20.9333
131
20.9667
132
21
132
21.0333
132
21.0667
132
21.1
132
21.1333
132
21.1667
132
21.2
132
21.2333
133
21.2667
133
21.3
133
21.3333
133
21.3667
133
21.4
133
21.4333
134
21.4667
134
21.5
134
21.5333
134
21.5667
134
21.6
134
21.6333
134
21.6667
134
21.7
134
21.7333
134
21.7667
134
21.8
134
21.8333
134
21.8667
134
21.9
134
21.9333
135
21.9667
135
22
135
22.0333
135
22.0667
135
22.1
135
22.1333
135
22.1667
135
22.2
135
22.2333
135
22.2667
135
22.3
135
22.3333
135
22.3667
135
22.4
136
22.4333
136
22.4667
136
22.5
136
22.5333
136
22.5667
136
22.6
136
22.6333
136
22.6667
136
22.7
136
22.7333
136
22.7667
136
22.8
136
22.8333
136
22.8667
136
22.9
136
22.9333
136
22.9667
136
23
136
23.0333
136
23.0667
136
23.1
136
23.1333
136
23.1667
136
23.2
137
23.2333
137
23.2667
137
23.3
137
23.3333
137
23.3667
137
23.4
137
23.4333
137
23.4667
137
23.5
137
23.5333
137
23.5667
137
23.6
137
23.6333
137
23.6667
137
23.7
137
23.7333
137
23.7667
137
23.8
137
23.8333
137
23.8667
137
23.9
137
23.9333
137
23.9667
137
24
137
24.0333
137
24.0667
137
24.1
137
24.1333
137
24.1667
137
24.2
137
24.2333
137
24.2667
137
24.3
137
24.3333
139
24.3667
139
24.4
139
24.4333
139
24.4667
139
24.5
140
24.5333
140
24.5667
140
24.6
140
24.6333
141
24.6667
141
24.7
141
24.7333
141
24.7667
141
24.8
142
24.8333
142
24.8667
142
24.9
142
24.9333
142
24.9667
142
25
142
25.0333
142
25.0667
142
25.1
142
25.1333
142
25.1667
142
25.2
142
25.2333
142
25.2667
142
25.3
142
25.3333
142
25.3667
142
25.4
142
25.4333
142
25.4667
142
25.5
142
25.5333
142
25.5667
142
25.6
142
25.6333
142
25.6667
142
25.7
142
25.7333
142
25.7667
142
25.8
142
25.8333
142
25.8667
142
25.9
142
25.9333
142
25.9667
142
26
142
26.0333
142
26.0667
142
26.1
142
26.1333
142
26.1667
142
26.2
142
26.2333
142
26.2667
142
26.3
142
26.3333
142
26.3667
142
26.4
142
26.4333
142
26.4667
142
26.5
142
26.5333
142
26.5667
142
26.6
142
26.6333
142
26.6667
142
26.7
142
26.7333
142
26.7667
142
26.8
142
26.8333
142
26.8667
142
26.9
142
26.9333
142
26.9667
142
27
142
27.0333
142
27.0667
142
27.1
142
27.1333
142
27.1667
142
27.2
142
27.2333
142
27.2667
142
27.3
142
27.3333
142
27.3667
142
27.4
142
27.4333
142
27.4667
142
27.5
142
27.5333
142
27.5667
142
27.6
142
27.6333
142
27.6667
142
27.7
142
27.7333
142
27.7667
142
27.8
142
27.8333
142
27.8667
142
27.9
142
27.9333
142
27.9667
142
28
142
28.0333
142
28.0667
142
28.1
142
28.1333
142
28.1667
142
28.2
142
28.2333
142
28.2667
142
28.3
142
28.3333
142
28.3667
142
28.4
142
28.4333
142
28.4667
142
28.5
142
28.5333
142
28.5667
143
28.6
143
28.6333
143
28.6667
143
28.7
143
28.7333
143
28.7667
143
28.8
144
28.8333
144
28.8667
144
28.9
144
28.9333
144
28.9667
144
29
144
29.0333
144
29.0667
144
29.1
144
29.1333
144
29.1667
144
29.2
144
29.2333
144
29.2667
144
29.3
144
29.3333
144
29.3667
144
29.4
144
29.4333
144
29.4667
144
29.5
144
29.5333
144
29.5667
144
29.6
144
29.6333
144
29.6667
144
29.7
144
29.7333
144
29.7667
144
29.8
144
29.8333
144
29.8667
144
29.9
144
29.9333
144
29.9667
144
30
144
30.0333
144
30.0667
144
30.1
144
30.1333
144
30.1667
144
30.2
144
30.2333
144
30.2667
144
30.3
144
30.3333
144
30.3667
144
30.4
144
30.4333
144
30.4667
144
30.5
144
30.5333
144
30.5667
145
30.6
145
30.6333
145
30.6667
145
30.7
145
30.7333
145
30.7667
145
30.8
145
30.8333
145
30.8667
145
30.9
145
30.9333
145
30.9667
145
31
145
31.0333
145
31.0667
145
31.1
145
31.1333
145
31.1667
145
31.2
145
31.2333
145
31.2667
145
31.3
145
31.3333
145
31.3667
145
31.4
145
31.4333
145
31.4667
145
31.5
145
31.5333
145
31.5667
145
31.6
145
31.6333
145
31.6667
145
31.7
145
31.7333
145
31.7667
145
31.8
146
31.8333
146
31.8667
146
31.9
146
31.9333
146
31.9667
146
32
146
32.0333
146
32.0667
146
32.1
146
32.1333
146
32.1667
146
32.2
146
32.2333
146
32.2667
146
32.3
146
32.3333
146
32.3667
146
32.4
146
32.4333
146
32.4667
146
32.5
146
32.5333
146
32.5667
146
32.6
146
32.6333
146
32.6667
146
32.7
146
32.7333
146
32.7667
146
32.8
146
32.8333
146
32.8667
147
32.9
147
32.9333
147
32.9667
147
33
147
33.0333
147
33.0667
147
33.1
147
33.1333
147
33.1667
147
33.2
147
33.2333
147
33.2667
147
33.3
147
33.3333
147
33.3667
147
33.4
147
33.4333
147
33.4667
147
33.5
147
33.5333
148
33.5667
148
33.6
150
33.6333
150
33.6667
150
33.7
150
33.7333
150
33.7667
150
33.8
150
33.8333
150
33.8667
150
33.9
150
33.9333
150
33.9667
150
34
150
34.0333
150
34.0667
150
34.1
150
34.1333
150
34.1667
150
34.2
150
34.2333
150
34.2667
150
34.3
150
34.3333
150
34.3667
150
34.4
150
34.4333
150
34.4667
150
34.5
150
34.5333
150
34.5667
150
34.6
150
34.6333
150
34.6667
150
34.7
150
34.7333
150
34.7667
150
34.8
150
34.8333
150
34.8667
150
34.9
150
34.9333
150
34.9667
150
35
150
35.0333
150
35.0667
150
35.1
150
35.1333
150
35.1667
150
35.2
150
35.2333
150
35.2667
150
35.3
150
35.3333
150
35.3667
150
35.4
150
35.4333
150
35.4667
150
35.5
150
35.5333
150
35.5667
150
35.6
150
35.6333
150
35.6667
150
35.7
150
35.7333
150
35.7667
150
35.8
150
35.8333
150
35.8667
150
35.9
150
35.9333
150
35.9667
150
36
150
36.0333
150
36.0667
150
36.1
150
36.1333
151
36.1667
151
36.2
151
36.2333
151
36.2667
151
36.3
151
36.3333
151
36.3667
151
36.4
151
36.4333
151
36.4667
151
36.5
151
36.5333
151
36.5667
151
36.6
151
36.6333
151
36.6667
151
36.7
151
36.7333
151
36.7667
151
36.8
151
36.8333
151
36.8667
151
36.9
151
36.9333
151
36.9667
151
37
151
37.0333
151
37.0667
151
37.1
151
37.1333
151
37.1667
151
37.2
151
37.2333
151
37.2667
151
37.3
151
37.3333
151
37.3667
151
37.4
151
37.4333
151
37.4667
151
37.5
151
37.5333
151
37.5667
151
37.6
151
37.6333
151
37.6667
151
37.7
151
37.7333
151
37.7667
151
37.8
151
37.8333
151
37.8667
151
37.9
151
37.9333
151
37.9667
151
38
151
38.0333
151
38.0667
151
38.1
151
38.1333
151
38.1667
151
38.2
151
38.2333
151
38.2667
151
38.3
151
38.3333
151
38.3667
151
38.4
151
38.4333
151
38.4667
151
38.5
152
38.5333
152
38.5667
152
38.6
152
38.6333
152
38.6667
152
38.7
152
38.7333
152
38.7667
152
38.8
152
38.8333
152
38.8667
152
38.9
152
38.9333
152
38.9667
152
39
152
39.0333
152
39.0667
152
39.1
152
39.1333
152
39.1667
152
39.2
152
39.2333
152
39.2667
152
39.3
152
39.3333
152
39.3667
152
39.4
152
39.4333
152
39.4667
152
39.5
152
39.5333
152
39.5667
152
39.6
152
39.6333
152
39.6667
152
39.7
152
39.7333
152
39.7667
152
39.8
152
39.8333
152
39.8667
152
39.9
152
39.9333
152
39.9667
152
40
152
40.0333
152
40.0667
152
40.1
152
40.1333
152
40.1667
152
40.2
152
40.2333
152
40.2667
152
40.3
152
40.3333
152
40.3667
152
40.4
152
40.4333
152
40.4667
152
40.5
152
40.5333
152
40.5667
152
40.6
153
40.6333
153
40.6667
153
40.7
153
40.7333
153
40.7667
153
40.8
153
40.8333
153
40.8667
153
40.9
153
40.9333
153
40.9667
153
41
153
41.0333
153
41.0667
153
41.1
153
41.1333
153
41.1667
153
41.2
153
41.2333
153
41.2667
153
41.3
153
41.3333
153
41.3667
153
41.4
153
41.4333
153
41.4667
153
41.5
153
41.5333
153
41.5667
153
41.6
153
41.6333
153
41.6667
153
41.7
153
41.7333
153
41.7667
153
41.8
153
41.8333
153
41.8667
153
41.9
153
41.9333
153
41.9667
153
42
153
42.0333
153
42.0667
153
42.1
153
42.1333
153
42.1667
153
42.2
153
42.2333
153
42.2667
153
42.3
153
42.3333
153
42.3667
153
42.4
153
42.4333
153
42.4667
153
42.5
153
42.5333
153
42.5667
153
42.6
153
42.6333
153
42.6667
153
42.7
153
42.7333
153
42.7667
153
42.8
153
42.8333
153
42.8667
153
42.9
153
42.9333
153
42.9667
153
43
153
43.0333
153
43.0667
153
43.1
153
43.1333
153
43.1667
153
43.2
153
43.2333
153
43.2667
153
43.3
153
43.3333
153
43.3667
153
43.4
153
43.4333
153
43.4667
153
43.5
153
43.5333
153
43.5667
153
43.6
153
43.6333
153
43.6667
153
43.7
153
43.7333
153
43.7667
153
43.8
153
43.8333
153
43.8667
153
43.9
153
43.9333
153
43.9667
153
44
153
44.0333
153
44.0667
153
44.1
153
44.1333
153
44.1667
153
44.2
153
44.2333
153
44.2667
153
44.3
153
44.3333
153
44.3667
153
44.4
153
44.4333
153
44.4667
153
44.5
153
44.5333
153
44.5667
153
44.6
153
44.6333
153
44.6667
153
44.7
153
44.7333
153
44.7667
153
44.8
153
44.8333
153
44.8667
153
44.9
153
44.9333
153
44.9667
153
45
153
45.0333
153
45.0667
153
45.1
153
45.1333
153
45.1667
153
45.2
153
45.2333
153
45.2667
153
45.3
153
45.3333
153
45.3667
153
45.4
153
45.4333
153
45.4667
153
45.5
153
45.5333
153
45.5667
153
45.6
153
45.6333
153
45.6667
153
45.7
153
45.7333
153
45.7667
153
45.8
153
45.8333
153
45.8667
153
45.9
154
45.9333
154
45.9667
154
46
154
46.0333
154
46.0667
154
46.1
154
46.1333
154
46.1667
154
46.2
154
46.2333
154
46.2667
154
46.3
154
46.3333
154
46.3667
154
46.4
154
46.4333
154
46.4667
154
46.5
154
46.5333
154
46.5667
154
46.6
154
46.6333
154
46.6667
154
46.7
154
46.7333
154
46.7667
154
46.8
154
46.8333
154
46.8667
154
46.9
154
46.9333
154
46.9667
154
47
154
47.0333
155
47.0667
155
47.1
155
47.1333
155
47.1667
155
47.2
155
47.2333
155
47.2667
155
47.3
155
47.3333
155
47.3667
155
47.4
155
47.4333
155
47.4667
155
47.5
155
47.5333
155
47.5667
155
47.6
155
47.6333
155
47.6667
155
47.7
155
47.7333
155
47.7667
155
47.8
155
47.8333
155
47.8667
155
47.9
155
47.9333
155
47.9667
155
48
155
48.0333
155
48.0667
155
48.1
155
48.1333
155
48.1667
155
48.2
155
48.2333
155
48.2667
155
48.3
155
48.3333
155
48.3667
155
48.4
155
48.4333
155
48.4667
155
48.5
155
48.5333
155
48.5667
155
48.6
155
48.6333
155
48.6667
155
48.7
155
48.7333
155
48.7667
155
48.8
155
48.8333
155
48.8667
155
48.9
155
48.9333
155
48.9667
155
49
155
49.0333
155
49.0667
155
49.1
155
49.1333
155
49.1667
155
49.2
155
49.2333
155
49.2667
155
49.3
155
49.3333
155
49.3667
155
49.4
155
49.4333
155
49.4667
155
49.5
155
49.5333
155
49.5667
155
49.6
155
49.6333
155
49.6667
155
49.7
155
49.7333
155
49.7667
155
49.8
155
49.8333
155
49.8667
155
49.9
155
49.9333
155
49.9667
155
50
155
50.0333
155
50.0667
155
50.1
155
50.1333
155
50.1667
155
50.2
155
50.2333
155
50.2667
155
50.3
155
50.3333
155
50.3667
155
50.4
155
50.4333
155
50.4667
155
50.5
155
50.5333
155
50.5667
155
50.6
155
50.6333
155
50.6667
155
50.7
156
50.7333
156
50.7667
156
50.8
156
50.8333
156
50.8667
156
50.9
156
50.9333
156
50.9667
156
51
156
51.0333
156
51.0667
156
51.1
156
51.1333
156
51.1667
156
51.2
156
51.2333
156
51.2667
156
51.3
156
51.3333
156
51.3667
156
51.4
156
51.4333
156
51.4667
156
51.5
156
51.5333
156
51.5667
156
51.6
156
51.6333
156
51.6667
156
51.7
156
51.7333
156
51.7667
156
51.8
156
51.8333
156
51.8667
156
51.9
156
51.9333
156
51.9667
156
52
156
52.0333
156
52.0667
156
52.1
156
52.1333
156
52.1667
156
52.2
156
52.2333
156
52.2667
156
52.3
156
52.3333
156
52.3667
156
52.4
156
52.4333
156
52.4667
156
52.5
156
52.5333
156
52.5667
156
52.6
156
52.6333
156
52.6667
156
52.7
156
52.7333
156
52.7667
156
52.8
156
52.8333
156
52.8667
156
52.9
156
52.9333
156
52.9667
156
53
156
53.0333
156
53.0667
156
53.1
157
53.1333
157
53.1667
157
53.2
157
53.2333
157
53.2667
157
53.3
157
53.3333
157
