0
1
0.0333333
1
0.0666667
1
0.1
1
0.133333
1
0.166667
1
0.2
1
0.233333
1
0.266667
1
0.3
1
0.333333
1
0.366667
1
0.4
1
0.433333
1
0.466667
1
0.5
1
0.533333
1
0.566667
1
0.6
1
0.633333
1
0.666667
1
0.7
1
0.733333
1
0.766667
1
0.8
1
0.833333
1
0.866667
1
0.9
1
0.933333
1
0.966667
1
1
1
1.03333
1
1.06667
1
1.1
1
1.13333
1
1.16667
1
1.2
1
1.23333
1
1.26667
1
1.3
1
1.33333
1
1.36667
1
1.4
1
1.43333
1
1.46667
1
1.5
1
1.53333
1
1.56667
1
1.6
1
1.63333
1
1.66667
1
1.7
1
1.73333
1
1.76667
1
1.8
1
1.83333
1
1.86667
1
1.9
1
1.93333
1
1.96667
1
2
1
2.03333
1
2.06667
1
2.1
1
2.13333
1
2.16667
1
2.2
1
2.23333
1
2.26667
1
2.3
1
2.33333
1
2.36667
1
2.4
1
2.43333
1
2.46667
1
2.5
1
2.53333
1
2.56667
1
2.6
1
2.63333
1
2.66667
1
2.7
1
2.73333
1
2.76667
1
2.8
1
2.83333
1
2.86667
1
2.9
1
2.93333
1
2.96667
1
3
1
3.03333
1
3.06667
1
3.1
1
3.13333
1
3.16667
1
3.2
1
3.23333
1
3.26667
1
3.3
1
3.33333
1
3.36667
1
3.4
1
3.43333
1
3.46667
1
3.5
1
3.53333
1
3.56667
1
3.6
1
3.63333
1
3.66667
1
3.7
1
3.73333
1
3.76667
1
3.8
1
3.83333
1
3.86667
1
3.9
1
3.93333
1
3.96667
1
4
1
4.03333
1
4.06667
1
4.1
1
4.13333
1
4.16667
1
4.2
1
4.23333
1
4.26667
1
4.3
1
4.33333
1
4.36667
1
4.4
1
4.43333
1
4.46667
1
4.5
1
4.53333
1
4.56667
1
4.6
1
4.63333
1
4.66667
1
4.7
1
4.73333
1
4.76667
1
4.8
1
4.83333
1
4.86667
1
4.9
1
4.93333
1
4.96667
1
5
1
5.03333
1
5.06667
1
5.1
1
5.13333
1
5.16667
1
5.2
1
5.23333
1
5.26667
1
5.3
1
5.33333
1
5.36667
1
5.4
1
5.43333
1
5.46667
1
5.5
1
5.53333
1
5.56667
1
5.6
1
5.63333
1
5.66667
1
5.7
1
5.73333
1
5.76667
1
5.8
1
5.83333
1
5.86667
1
5.9
2
5.93333
2
5.96667
2
6
2
6.03333
2
6.06667
3
6.1
3
6.13333
3
6.16667
5
6.2
5
6.23333
5
6.26667
5
6.3
5
6.33333
6
6.36667
6
6.4
6
6.43333
6
6.46667
8
6.5
9
6.53333
9
6.56667
10
6.6
12
6.63333
12
6.66667
12
6.7
12
6.73333
12
6.76667
13
6.8
15
6.83333
15
6.86667
15
6.9
17
6.93333
17
6.96667
17
7
17
7.03333
17
7.06667
20
7.1
20
7.13333
21
7.16667
23
7.2
23
7.23333
24
7.26667
24
7.3
25
7.33333
28
7.36667
29
7.4
31
7.43333
32
7.46667
32
7.5
33
7.53333
33
7.56667
33
7.6
33
7.63333
34
7.66667
35
7.7
38
7.73333
38
7.76667
40
7.8
40
7.83333
41
7.86667
42
7.9
44
7.93333
44
7.96667
45
8
47
8.03333
47
8.06667
48
8.1
48
8.13333
48
8.16667
49
8.2
49
8.23333
50
8.26667
50
8.3
52
8.33333
53
8.36667
53
8.4
53
8.43333
54
8.46667
54
8.5
54
8.53333
54
8.56667
54
8.6
54
8.63333
54
8.66667
55
8.7
55
8.73333
55
8.76667
55
8.8
55
8.83333
55
8.86667
55
8.9
55
8.93333
56
8.96667
56
9
57
9.03333
57
9.06667
57
9.1
57
9.13333
58
9.16667
58
9.2
59
9.23333
59
9.26667
60
9.3
62
9.33333
64
9.36667
65
9.4
65
9.43333
65
9.46667
66
9.5
66
9.53333
66
9.56667
67
9.6
69
9.63333
69
9.66667
71
9.7
71
9.73333
72
9.76667
72
9.8
75
9.83333
75
9.86667
75
9.9
76
9.93333
77
9.96667
77
10
77
10.0333
77
10.0667
77
10.1
77
10.1333
78
10.1667
79
10.2
80
10.2333
82
10.2667
83
10.3
83
10.3333
83
10.3667
83
10.4
85
10.4333
85
10.4667
85
10.5
85
10.5333
86
10.5667
86
10.6
86
10.6333
86
10.6667
87
10.7
87
10.7333
87
10.7667
87
10.8
87
10.8333
87
10.8667
87
10.9
88
10.9333
89
10.9667
89
11
90
11.0333
92
11.0667
92
11.1
93
11.1333
93
11.1667
93
11.2
94
11.2333
94
11.2667
95
11.3
95
11.3333
95
11.3667
95
11.4
96
11.4333
96
11.4667
96
11.5
97
11.5333
97
11.5667
97
11.6
98
11.6333
98
11.6667
100
11.7
100
11.7333
100
11.7667
100
11.8
100
11.8333
100
11.8667
100
11.9
100
11.9333
100
11.9667
100
12
100
12.0333
100
12.0667
100
12.1
100
12.1333
101
12.1667
102
12.2
102
12.2333
102
12.2667
102
12.3
102
12.3333
102
12.3667
103
12.4
103
12.4333
103
12.4667
103
12.5
103
12.5333
103
12.5667
104
12.6
104
12.6333
104
12.6667
104
12.7
104
12.7333
104
12.7667
104
12.8
104
12.8333
104
12.8667
104
12.9
104
12.9333
104
12.9667
105
13
106
13.0333
106
13.0667
106
13.1
106
13.1333
106
13.1667
106
13.2
106
13.2333
106
13.2667
106
13.3
106
13.3333
106
13.3667
106
13.4
106
13.4333
107
13.4667
108
13.5
108
13.5333
108
13.5667
109
13.6
110
13.6333
110
13.6667
111
13.7
111
13.7333
112
13.7667
112
13.8
112
13.8333
112
13.8667
112
13.9
112
13.9333
112
13.9667
112
14
114
14.0333
114
14.0667
114
14.1
115
14.1333
115
14.1667
116
14.2
116
14.2333
116
14.2667
116
14.3
116
14.3333
117
14.3667
119
14.4
119
14.4333
119
14.4667
119
14.5
119
14.5333
120
14.5667
120
14.6
121
14.6333
121
14.6667
121
14.7
122
14.7333
122
14.7667
122
14.8
122
14.8333
122
14.8667
122
14.9
123
14.9333
124
14.9667
124
15
124
15.0333
125
15.0667
126
15.1
126
15.1333
130
15.1667
133
15.2
134
15.2333
135
15.2667
137
15.3
139
15.3333
140
15.3667
140
15.4
140
15.4333
141
15.4667
141
15.5
141
15.5333
141
15.5667
141
15.6
141
15.6333
141
15.6667
141
15.7
141
15.7333
142
15.7667
142
15.8
142
15.8333
142
15.8667
142
15.9
143
15.9333
143
15.9667
144
16
146
16.0333
146
16.0667
146
16.1
146
16.1333
146
16.1667
146
16.2
146
16.2333
146
16.2667
147
16.3
147
16.3333
149
16.3667
149
16.4
149
16.4333
149
16.4667
149
16.5
150
16.5333
152
16.5667
152
16.6
153
16.6333
153
16.6667
155
16.7
157
16.7333
157
16.7667
157
16.8
157
16.8333
158
16.8667
158
16.9
161
16.9333
162
16.9667
162
17
162
17.0333
162
17.0667
164
17.1
165
17.1333
166
17.1667
166
17.2
167
17.2333
168
17.2667
169
17.3
169
17.3333
170
17.3667
170
17.4
170
17.4333
171
17.4667
171
17.5
172
17.5333
172
17.5667
172
17.6
172
17.6333
172
17.6667
174
17.7
174
17.7333
175
17.7667
175
17.8
177
17.8333
178
17.8667
178
17.9
179
17.9333
179
17.9667
179
18
181
18.0333
181
18.0667
185
18.1
185
18.1333
186
18.1667
186
18.2
189
18.2333
189
18.2667
191
18.3
192
18.3333
192
18.3667
193
18.4
193
18.4333
193
18.4667
194
18.5
195
18.5333
196
18.5667
197
18.6
198
18.6333
198
18.6667
198
18.7
199
18.7333
200
18.7667
200
18.8
200
18.8333
200
18.8667
200
18.9
201
18.9333
202
18.9667
204
19
205
19.0333
205
19.0667
205
19.1
207
19.1333
207
19.1667
207
19.2
207
19.2333
207
19.2667
207
19.3
208
19.3333
208
19.3667
208
19.4
208
19.4333
208
19.4667
208
19.5
208
19.5333
208
19.5667
208
19.6
208
19.6333
208
19.6667
208
19.7
209
19.7333
209
19.7667
210
19.8
210
19.8333
210
19.8667
210
19.9
211
19.9333
211
19.9667
211
20
211
20.0333
211
20.0667
211
20.1
212
20.1333
213
20.1667
213
20.2
213
20.2333
213
20.2667
213
20.3
213
20.3333
213
20.3667
214
20.4
215
20.4333
217
20.4667
217
20.5
217
20.5333
217
20.5667
217
20.6
217
20.6333
217
20.6667
217
20.7
217
20.7333
218
20.7667
219
20.8
220
20.8333
221
20.8667
221
20.9
221
20.9333
223
20.9667
224
21
224
21.0333
224
21.0667
224
21.1
224
21.1333
225
21.1667
226
21.2
227
21.2333
229
21.2667
229
21.3
230
21.3333
230
21.3667
231
21.4
232
21.4333
234
21.4667
235
21.5
235
21.5333
235
21.5667
236
21.6
237
21.6333
238
21.6667
238
21.7
239
21.7333
240
21.7667
241
21.8
241
21.8333
241
21.8667
242
21.9
242
21.9333
243
21.9667
244
22
244
22.0333
244
22.0667
244
22.1
246
22.1333
246
22.1667
246
22.2
246
22.2333
246
22.2667
246
22.3
247
22.3333
247
22.3667
248
22.4
248
22.4333
248
22.4667
248
22.5
248
22.5333
248
22.5667
249
22.6
249
22.6333
250
22.6667
250
22.7
252
22.7333
252
22.7667
252
22.8
252
22.8333
252
22.8667
252
22.9
252
22.9333
253
22.9667
253
23
253
23.0333
254
23.0667
255
23.1
258
23.1333
258
23.1667
258
23.2
259
23.2333
260
23.2667
261
23.3
261
23.3333
262
23.3667
265
23.4
266
23.4333
267
23.4667
268
23.5
271
23.5333
273
23.5667
273
23.6
275
23.6333
276
23.6667
276
23.7
277
23.7333
277
23.7667
277
23.8
277
23.8333
279
23.8667
279
23.9
279
23.9333
279
23.9667
280
24
281
24.0333
282
24.0667
283
24.1
284
24.1333
284
24.1667
284
24.2
285
24.2333
285
24.2667
286
24.3
286
24.3333
288
24.3667
288
24.4
288
24.4333
288
24.4667
289
24.5
289
24.5333
290
24.5667
291
24.6
291
24.6333
291
24.6667
292
24.7
292
24.7333
292
24.7667
292
24.8
292
24.8333
292
24.8667
293
24.9
293
24.9333
293
24.9667
293
25
293
25.0333
293
25.0667
293
25.1
294
25.1333
294
25.1667
295
25.2
295
25.2333
295
25.2667
295
25.3
295
25.3333
295
25.3667
295
25.4
296
25.4333
296
25.4667
296
25.5
296
25.5333
296
25.5667
296
25.6
296
25.6333
297
25.6667
297
25.7
297
25.7333
297
25.7667
297
25.8
297
25.8333
297
25.8667
298
25.9
299
25.9333
299
25.9667
299
26
299
26.0333
299
26.0667
299
26.1
299
26.1333
299
26.1667
299
26.2
299
26.2333
299
26.2667
299
26.3
299
26.3333
299
26.3667
300
26.4
300
26.4333
300
26.4667
300
26.5
300
26.5333
301
26.5667
301
26.6
301
26.6333
302
26.6667
302
26.7
302
26.7333
302
26.7667
302
26.8
302
26.8333
303
26.8667
303
26.9
303
26.9333
303
26.9667
303
27
303
27.0333
303
27.0667
305
27.1
305
27.1333
305
27.1667
305
27.2
305
27.2333
307
27.2667
308
27.3
308
27.3333
308
27.3667
308
27.4
308
27.4333
308
27.4667
308
27.5
309
27.5333
309
27.5667
311
27.6
311
27.6333
312
27.6667
312
27.7
312
27.7333
312
27.7667
312
27.8
312
27.8333
312
27.8667
312
27.9
312
27.9333
312
27.9667
312
28
312
28.0333
312
28.0667
312
28.1
312
28.1333
312
28.1667
312
28.2
312
28.2333
312
28.2667
312
28.3
313
28.3333
313
28.3667
313
28.4
313
28.4333
313
28.4667
313
28.5
313
28.5333
314
28.5667
315
28.6
315
28.6333
315
28.6667
315
28.7
315
28.7333
315
28.7667
315
28.8
315
28.8333
315
28.8667
315
28.9
315
28.9333
315
28.9667
315
29
315
29.0333
315
29.0667
315
29.1
315
29.1333
315
29.1667
315
29.2
315
29.2333
315
29.2667
315
29.3
315
29.3333
315
29.3667
315
29.4
315
29.4333
315
29.4667
315
29.5
315
29.5333
315
29.5667
315
29.6
315
29.6333
315
29.6667
315
29.7
315
29.7333
315
29.7667
315
29.8
315
29.8333
315
29.8667
315
29.9
315
29.9333
315
29.9667
315
30
315
30.0333
315
30.0667
315
30.1
315
30.1333
315
30.1667
315
30.2
315
30.2333
315
30.2667
315
30.3
315
30.3333
315
30.3667
315
30.4
315
30.4333
315
30.4667
315
30.5
315
30.5333
315
30.5667
315
30.6
315
30.6333
315
30.6667
315
30.7
315
30.7333
316
30.7667
316
30.8
316
30.8333
316
30.8667
316
30.9
316
30.9333
316
30.9667
316
31
316
31.0333
316
31.0667
316
31.1
316
31.1333
316
31.1667
316
31.2
316
31.2333
316
31.2667
316
31.3
316
31.3333
316
31.3667
317
31.4
317
31.4333
317
31.4667
317
31.5
318
31.5333
318
31.5667
318
31.6
318
31.6333
318
31.6667
318
31.7
318
31.7333
318
31.7667
318
31.8
318
31.8333
318
31.8667
318
31.9
318
31.9333
318
31.9667
318
32
318
32.0333
319
32.0667
319
32.1
319
32.1333
319
32.1667
319
32.2
319
32.2333
319
32.2667
319
32.3
319
32.3333
319
32.3667
319
32.4
319
32.4333
319
32.4667
319
32.5
319
32.5333
319
32.5667
319
32.6
319
32.6333
319
32.6667
319
32.7
319
32.7333
319
32.7667
319
32.8
319
32.8333
319
32.8667
319
32.9
319
32.9333
320
32.9667
320
33
320
33.0333
320
33.0667
320
33.1
320
33.1333
320
33.1667
320
33.2
320
33.2333
321
33.2667
321
33.3
321
33.3333
321
33.3667
321
33.4
321
33.4333
321
33.4667
321
33.5
321
33.5333
321
33.5667
321
33.6
322
33.6333
322
33.6667
322
33.7
322
33.7333
322
33.7667
322
33.8
322
33.8333
322
33.8667
322
33.9
322
33.9333
322
33.9667
322
34
322
34.0333
322
34.0667
322
34.1
322
34.1333
322
34.1667
322
34.2
322
34.2333
322
34.2667
322
34.3
322
34.3333
322
34.3667
322
34.4
322
34.4333
322
34.4667
322
34.5
322
34.5333
322
34.5667
322
34.6
322
34.6333
322
34.6667
322
34.7
322
34.7333
322
34.7667
322
34.8
322
34.8333
322
34.8667
323
34.9
323
34.9333
323
34.9667
323
35
323
35.0333
323
35.0667
323
35.1
323
35.1333
323
35.1667
323
35.2
323
35.2333
323
35.2667
323
35.3
323
35.3333
323
35.3667
323
35.4
323
35.4333
323
35.4667
323
35.5
323
35.5333
323
35.5667
323
35.6
323
35.6333
323
35.6667
323
35.7
323
35.7333
323
35.7667
323
35.8
323
35.8333
323
35.8667
323
35.9
323
35.9333
323
35.9667
323
36
323
36.0333
323
36.0667
323
36.1
323
36.1333
323
36.1667
323
36.2
323
36.2333
323
36.2667
324
36.3
324
36.3333
324
36.3667
324
36.4
324
36.4333
324
36.4667
324
36.5
324
36.5333
324
36.5667
324
36.6
324
36.6333
324
36.6667
324
36.7
324
36.7333
324
36.7667
324
36.8
324
36.8333
324
36.8667
324
36.9
324
36.9333
324
36.9667
324
37
324
37.0333
324
37.0667
324
37.1
324
37.1333
324
37.1667
324
37.2
324
37.2333
324
37.2667
324
37.3
324
37.3333
324
37.3667
324
37.4
324
37.4333
324
37.4667
324
37.5
324
37.5333
324
37.5667
324
37.6
324
37.6333
324
37.6667
324
37.7
324
37.7333
324
37.7667
324
37.8
324
37.8333
324
37.8667
324
37.9
324
37.9333
324
37.9667
324
38
324
38.0333
324
38.0667
324
38.1
324
38.1333
324
38.1667
324
38.2
324
38.2333
324
38.2667
324
38.3
324
38.3333
324
38.3667
324
38.4
325
38.4333
325
38.4667
325
38.5
325
38.5333
325
38.5667
325
38.6
325
38.6333
325
38.6667
325
38.7
325
38.7333
325
38.7667
325
38.8
325
38.8333
325
38.8667
325
38.9
325
38.9333
326
38.9667
326
39
326
39.0333
326
39.0667
326
39.1
326
39.1333
326
39.1667
326
39.2
326
39.2333
326
39.2667
326
39.3
326
39.3333
326
39.3667
326
39.4
327
39.4333
327
39.4667
327
39.5
327
39.5333
327
39.5667
327
39.6
327
39.6333
327
39.6667
327
39.7
327
39.7333
327
39.7667
327
39.8
327
39.8333
327
39.8667
327
39.9
327
39.9333
327
39.9667
327
40
327
40.0333
327
40.0667
327
40.1
327
40.1333
327
40.1667
327
40.2
327
40.2333
327
40.2667
327
40.3
327
40.3333
327
40.3667
327
40.4
327
40.4333
327
40.4667
327
40.5
327
40.5333
327
40.5667
327
40.6
327
40.6333
327
40.6667
327
40.7
327
40.7333
327
40.7667
327
40.8
327
40.8333
327
40.8667
327
40.9
327
40.9333
327
40.9667
327
41
327
41.0333
327
41.0667
327
41.1
327
41.1333
327
41.1667
327
41.2
327
41.2333
327
41.2667
327
41.3
327
41.3333
327
41.3667
327
41.4
327
41.4333
327
41.4667
327
41.5
327
41.5333
327
41.5667
327
41.6
327
41.6333
327
41.6667
327
41.7
327
41.7333
327
41.7667
327
41.8
327
41.8333
327
41.8667
327
41.9
327
41.9333
327
41.9667
327
42
327
42.0333
327
42.0667
327
42.1
327
42.1333
327
42.1667
327
42.2
327
42.2333
327
42.2667
327
42.3
327
42.3333
327
42.3667
327
42.4
327
42.4333
327
42.4667
327
42.5
327
42.5333
327
42.5667
327
42.6
327
42.6333
327
42.6667
327
42.7
327
42.7333
327
42.7667
327
42.8
327
42.8333
328
42.8667
328
42.9
328
42.9333
328
42.9667
328
43
328
43.0333
328
43.0667
328
43.1
328
43.1333
328
43.1667
328
43.2
328
43.2333
328
43.2667
328
43.3
328
43.3333
328
43.3667
328
43.4
328
43.4333
328
43.4667
328
43.5
328
43.5333
328
43.5667
328
43.6
328
43.6333
328
43.6667
329
43.7
329
43.7333
329
43.7667
329
43.8
329
43.8333
329
43.8667
329
43.9
329
43.9333
329
43.9667
329
44
329
44.0333
329
44.0667
329
44.1
329
44.1333
329
44.1667
329
44.2
329
44.2333
329
44.2667
329
44.3
329
44.3333
329
44.3667
329
44.4
329
44.4333
329
44.4667
329
44.5
329
44.5333
329
44.5667
329
44.6
329
44.6333
329
44.6667
329
44.7
329
44.7333
329
44.7667
329
44.8
329
44.8333
329
44.8667
329
44.9
329
44.9333
329
44.9667
329
45
329
45.0333
329
45.0667
329
45.1
329
45.1333
329
45.1667
329
45.2
329
45.2333
330
45.2667
330
45.3
330
45.3333
330
45.3667
330
45.4
330
45.4333
330
45.4667
330
45.5
330
45.5333
330
45.5667
330
45.6
330
45.6333
330
45.6667
330
45.7
330
45.7333
330
45.7667
330
45.8
330
45.8333
330
45.8667
330
45.9
330
45.9333
330
45.9667
330
46
330
46.0333
330
46.0667
330
46.1
330
46.1333
330
46.1667
330
46.2
330
46.2333
330
46.2667
330
46.3
330
46.3333
330
46.3667
330
46.4
330
46.4333
330
46.4667
330
46.5
330
46.5333
330
46.5667
331
46.6
331
46.6333
331
46.6667
331
46.7
331
46.7333
331
46.7667
331
46.8
331
46.8333
331
46.8667
331
46.9
331
46.9333
332
46.9667
332
47
332
47.0333
332
47.0667
332
47.1
333
47.1333
333
47.1667
333
47.2
333
47.2333
333
47.2667
333
47.3
333
47.3333
333
47.3667
333
47.4
333
47.4333
333
47.4667
333
47.5
333
47.5333
333
47.5667
333
47.6
333
47.6333
333
47.6667
333
47.7
333
47.7333
333
47.7667
333
47.8
333
47.8333
333
47.8667
333
47.9
333
47.9333
333
47.9667
333
48
333
48.0333
333
48.0667
333
48.1
333
48.1333
333
48.1667
333
48.2
333
48.2333
333
48.2667
334
48.3
334
48.3333
334
48.3667
334
48.4
334
48.4333
334
48.4667
334
48.5
334
48.5333
334
48.5667
334
48.6
334
48.6333
334
48.6667
334
48.7
334
48.7333
334
48.7667
334
48.8
335
48.8333
335
48.8667
335
48.9
335
48.9333
335
48.9667
335
49
335
49.0333
335
49.0667
335
49.1
335
49.1333
336
49.1667
336
49.2
336
49.2333
336
49.2667
336
49.3
337
49.3333
337
49.3667
337
49.4
337
49.4333
337
49.4667
337
49.5
337
49.5333
337
49.5667
337
49.6
337
49.6333
337
49.6667
337
49.7
337
49.7333
337
49.7667
337
49.8
337
49.8333
337
49.8667
337
49.9
337
49.9333
337
49.9667
337
50
337
50.0333
337
50.0667
337
50.1
337
50.1333
337
50.1667
337
50.2
337
50.2333
337
50.2667
337
50.3
337
50.3333
337
50.3667
337
50.4
337
50.4333
337
50.4667
337
50.5
337
50.5333
337
50.5667
337
50.6
337
50.6333
337
50.6667
337
50.7
337
50.7333
337
50.7667
337
50.8
337
50.8333
337
50.8667
337
50.9
337
50.9333
337
50.9667
337
51
337
51.0333
337
51.0667
337
51.1
337
51.1333
337
51.1667
337
51.2
337
51.2333
337
51.2667
337
51.3
337
51.3333
337
51.3667
337
51.4
337
51.4333
337
51.4667
337
51.5
337
51.5333
337
51.5667
337
51.6
337
51.6333
337
51.6667
337
51.7
337
51.7333
337
51.7667
337
51.8
337
51.8333
337
51.8667
337
51.9
337
51.9333
337
51.9667
337
52
337
52.0333
337
52.0667
337
52.1
337
52.1333
337
52.1667
337
52.2
337
52.2333
337
52.2667
337
52.3
337
52.3333
337
52.3667
337
52.4
337
52.4333
337
52.4667
337
52.5
337
52.5333
337
52.5667
337
52.6
337
52.6333
337
52.6667
337
52.7
337
52.7333
337
52.7667
337
52.8
337
52.8333
337
52.8667
337
52.9
337
52.9333
337
52.9667
337
53
337
53.0333
337
53.0667
337
53.1
337
53.1333
337
53.1667
337
53.2
337
53.2333
337
53.2667
337
53.3
337
53.3333
337
