0
1
0.0333333
1
0.0666667
1
0.1
1
0.133333
1
0.166667
1
0.2
1
0.233333
1
0.266667
1
0.3
1
0.333333
1
0.366667
1
0.4
1
0.433333
1
0.466667
1
0.5
1
0.533333
1
0.566667
1
0.6
1
0.633333
1
0.666667
1
0.7
1
0.733333
1
0.766667
1
0.8
1
0.833333
1
0.866667
1
0.9
1
0.933333
1
0.966667
1
1
1
1.03333
1
1.06667
1
1.1
1
1.13333
1
1.16667
1
1.2
1
1.23333
1
1.26667
1
1.3
1
1.33333
1
1.36667
1
1.4
1
1.43333
1
1.46667
1
1.5
1
1.53333
1
1.56667
1
1.6
1
1.63333
1
1.66667
1
1.7
1
1.73333
1
1.76667
1
1.8
1
1.83333
1
1.86667
1
1.9
1
1.93333
1
1.96667
1
2
1
2.03333
1
2.06667
1
2.1
1
2.13333
1
2.16667
1
2.2
1
2.23333
1
2.26667
1
2.3
1
2.33333
1
2.36667
1
2.4
1
2.43333
1
2.46667
1
2.5
1
2.53333
1
2.56667
1
2.6
1
2.63333
1
2.66667
1
2.7
1
2.73333
1
2.76667
1
2.8
1
2.83333
1
2.86667
1
2.9
1
2.93333
1
2.96667
1
3
1
3.03333
1
3.06667
1
3.1
1
3.13333
1
3.16667
1
3.2
1
3.23333
1
3.26667
1
3.3
1
3.33333
1
3.36667
1
3.4
1
3.43333
1
3.46667
1
3.5
1
3.53333
1
3.56667
1
3.6
1
3.63333
1
3.66667
1
3.7
1
3.73333
1
3.76667
1
3.8
1
3.83333
1
3.86667
1
3.9
1
3.93333
1
3.96667
1
4
1
4.03333
1
4.06667
1
4.1
1
4.13333
1
4.16667
1
4.2
1
4.23333
1
4.26667
1
4.3
1
4.33333
1
4.36667
1
4.4
1
4.43333
1
4.46667
1
4.5
1
4.53333
1
4.56667
1
4.6
1
4.63333
1
4.66667
1
4.7
1
4.73333
1
4.76667
2
4.8
2
4.83333
2
4.86667
2
4.9
2
4.93333
2
4.96667
3
5
3
5.03333
3
5.06667
3
5.1
3
5.13333
3
5.16667
3
5.2
3
5.23333
3
5.26667
3
5.3
3
5.33333
3
5.36667
4
5.4
4
5.43333
6
5.46667
6
5.5
6
5.53333
7
5.56667
8
5.6
8
5.63333
9
5.66667
9
5.7
9
5.73333
9
5.76667
9
5.8
10
5.83333
10
5.86667
10
5.9
12
5.93333
15
5.96667
15
6
15
6.03333
16
6.06667
16
6.1
16
6.13333
16
6.16667
16
6.2
16
6.23333
16
6.26667
16
6.3
16
6.33333
16
6.36667
16
6.4
17
6.43333
17
6.46667
17
6.5
17
6.53333
18
6.56667
18
6.6
18
6.63333
18
6.66667
18
6.7
18
6.73333
18
6.76667
19
6.8
20
6.83333
20
6.86667
20
6.9
20
6.93333
20
6.96667
20
7
20
7.03333
20
7.06667
21
7.1
21
7.13333
21
7.16667
21
7.2
21
7.23333
21
7.26667
21
7.3
21
7.33333
21
7.36667
21
7.4
22
7.43333
22
7.46667
22
7.5
23
7.53333
26
7.56667
27
7.6
28
7.63333
28
7.66667
28
7.7
29
7.73333
29
7.76667
29
7.8
29
7.83333
29
7.86667
29
7.9
30
7.93333
30
7.96667
30
8
31
8.03333
33
8.06667
33
8.1
33
8.13333
34
8.16667
34
8.2
34
8.23333
34
8.26667
34
8.3
34
8.33333
35
8.36667
36
8.4
36
8.43333
37
8.46667
38
8.5
38
8.53333
38
8.56667
38
8.6
38
8.63333
38
8.66667
38
8.7
38
8.73333
38
8.76667
38
8.8
39
8.83333
41
8.86667
41
8.9
41
8.93333
41
8.96667
41
9
42
9.03333
42
9.06667
43
9.1
43
9.13333
43
9.16667
43
9.2
43
9.23333
44
9.26667
44
9.3
44
9.33333
44
9.36667
44
9.4
45
9.43333
45
9.46667
46
9.5
46
9.53333
46
9.56667
47
9.6
47
9.63333
47
9.66667
47
9.7
48
9.73333
49
9.76667
49
9.8
49
9.83333
51
9.86667
52
9.9
52
9.93333
52
9.96667
52
10
53
10.0333
54
10.0667
54
10.1
54
10.1333
54
10.1667
55
10.2
55
10.2333
56
10.2667
56
10.3
56
10.3333
56
10.3667
56
10.4
58
10.4333
59
10.4667
59
10.5
60
10.5333
61
10.5667
61
10.6
61
10.6333
64
10.6667
65
10.7
65
10.7333
65
10.7667
65
10.8
66
10.8333
68
10.8667
68
10.9
70
10.9333
70
10.9667
71
11
72
11.0333
72
11.0667
73
11.1
73
11.1333
73
11.1667
74
11.2
75
11.2333
75
11.2667
75
11.3
75
11.3333
76
11.3667
77
11.4
79
11.4333
80
11.4667
81
11.5
83
11.5333
83
11.5667
84
11.6
84
11.6333
85
11.6667
86
11.7
86
11.7333
89
11.7667
89
11.8
91
11.8333
91
11.8667
91
11.9
92
11.9333
93
11.9667
96
12
96
12.0333
97
12.0667
97
12.1
97
12.1333
97
12.1667
97
12.2
99
12.2333
100
12.2667
100
12.3
101
12.3333
102
12.3667
102
12.4
103
12.4333
104
12.4667
107
12.5
108
12.5333
109
12.5667
109
12.6
110
12.6333
111
12.6667
111
12.7
112
12.7333
114
12.7667
117
12.8
117
12.8333
117
12.8667
119
12.9
120
12.9333
120
12.9667
120
13
121
13.0333
121
13.0667
121
13.1
122
13.1333
122
13.1667
124
13.2
126
13.2333
127
13.2667
128
13.3
128
13.3333
128
13.3667
129
13.4
129
13.4333
129
13.4667
129
13.5
129
13.5333
129
13.5667
130
13.6
130
13.6333
131
13.6667
131
13.7
132
13.7333
132
13.7667
132
13.8
132
13.8333
133
13.8667
133
13.9
133
13.9333
133
13.9667
134
14
134
14.0333
134
14.0667
134
14.1
134
14.1333
135
14.1667
135
14.2
135
14.2333
135
14.2667
135
14.3
136
14.3333
137
14.3667
138
14.4
140
14.4333
140
14.4667
140
14.5
140
14.5333
140
14.5667
140
14.6
142
14.6333
142
14.6667
142
14.7
142
14.7333
142
14.7667
142
14.8
142
14.8333
144
14.8667
144
14.9
144
14.9333
144
14.9667
144
15
145
15.0333
146
15.0667
146
15.1
146
15.1333
147
15.1667
148
15.2
149
15.2333
149
15.2667
150
15.3
152
15.3333
153
15.3667
156
15.4
157
15.4333
157
15.4667
157
15.5
157
15.5333
157
15.5667
157
15.6
157
15.6333
157
15.6667
158
15.7
158
15.7333
158
15.7667
158
15.8
159
15.8333
160
15.8667
160
15.9
160
15.9333
160
15.9667
161
16
163
16.0333
164
16.0667
164
16.1
164
16.1333
166
16.1667
166
16.2
166
16.2333
166
16.2667
166
16.3
166
16.3333
166
16.3667
166
16.4
166
16.4333
166
16.4667
167
16.5
167
16.5333
167
16.5667
167
16.6
167
16.6333
167
16.6667
167
16.7
167
16.7333
167
16.7667
167
16.8
169
16.8333
169
16.8667
169
16.9
169
16.9333
169
16.9667
170
17
170
17.0333
170
17.0667
170
17.1
170
17.1333
170
17.1667
170
17.2
170
17.2333
170
17.2667
170
17.3
170
17.3333
170
17.3667
171
17.4
171
17.4333
172
17.4667
172
17.5
172
17.5333
172
17.5667
172
17.6
172
17.6333
174
17.6667
174
17.7
175
17.7333
175
17.7667
175
17.8
175
17.8333
176
17.8667
176
17.9
176
17.9333
176
17.9667
176
18
177
18.0333
178
18.0667
178
18.1
179
18.1333
180
18.1667
181
18.2
182
18.2333
185
18.2667
186
18.3
188
18.3333
190
18.3667
190
18.4
192
18.4333
193
18.4667
193
18.5
195
18.5333
195
18.5667
197
18.6
197
18.6333
198
18.6667
198
18.7
199
18.7333
199
18.7667
199
18.8
203
18.8333
204
18.8667
205
18.9
205
18.9333
206
18.9667
208
19
210
19.0333
211
19.0667
211
19.1
211
19.1333
211
19.1667
212
19.2
214
19.2333
214
19.2667
214
19.3
215
19.3333
215
19.3667
218
19.4
218
19.4333
218
19.4667
219
19.5
219
19.5333
219
19.5667
220
19.6
221
19.6333
221
19.6667
221
19.7
221
19.7333
221
19.7667
221
19.8
222
19.8333
222
19.8667
222
19.9
222
19.9333
222
19.9667
222
20
222
20.0333
224
20.0667
224
20.1
225
20.1333
225
20.1667
225
20.2
225
20.2333
225
20.2667
225
20.3
225
20.3333
225
20.3667
226
20.4
226
20.4333
226
20.4667
226
20.5
226
20.5333
226
20.5667
227
20.6
227
20.6333
228
20.6667
228
20.7
228
20.7333
228
20.7667
229
20.8
229
20.8333
230
20.8667
230
20.9
230
20.9333
230
20.9667
230
21
230
21.0333
231
21.0667
232
21.1
232
21.1333
232
21.1667
232
21.2
232
21.2333
233
21.2667
233
21.3
233
21.3333
233
21.3667
233
21.4
233
21.4333
233
21.4667
234
21.5
234
21.5333
234
21.5667
234
21.6
234
21.6333
234
21.6667
234
21.7
234
21.7333
234
21.7667
235
21.8
235
21.8333
235
21.8667
235
21.9
235
21.9333
235
21.9667
235
22
235
22.0333
235
22.0667
235
22.1
235
22.1333
235
22.1667
236
22.2
236
22.2333
236
22.2667
236
22.3
236
22.3333
236
22.3667
236
22.4
237
22.4333
237
22.4667
237
22.5
237
22.5333
237
22.5667
237
22.6
237
22.6333
237
22.6667
237
22.7
237
22.7333
237
22.7667
237
22.8
237
22.8333
237
22.8667
237
22.9
237
22.9333
237
22.9667
237
23
237
23.0333
237
23.0667
238
23.1
238
23.1333
238
23.1667
238
23.2
238
23.2333
238
23.2667
239
23.3
239
23.3333
239
23.3667
239
23.4
239
23.4333
239
23.4667
239
23.5
240
23.5333
241
23.5667
242
23.6
242
23.6333
242
23.6667
242
23.7
242
23.7333
243
23.7667
243
23.8
243
23.8333
243
23.8667
243
23.9
243
23.9333
243
23.9667
244
24
244
24.0333
245
24.0667
246
24.1
246
24.1333
246
24.1667
246
24.2
246
24.2333
246
24.2667
246
24.3
246
24.3333
246
24.3667
246
24.4
246
24.4333
246
24.4667
246
24.5
246
24.5333
246
24.5667
246
24.6
246
24.6333
246
24.6667
246
24.7
246
24.7333
246
24.7667
246
24.8
246
24.8333
247
24.8667
247
24.9
247
24.9333
247
24.9667
247
25
247
25.0333
247
25.0667
248
25.1
248
25.1333
248
25.1667
248
25.2
248
25.2333
248
25.2667
248
25.3
248
25.3333
248
25.3667
248
25.4
248
25.4333
248
25.4667
248
25.5
248
25.5333
248
25.5667
248
25.6
248
25.6333
248
25.6667
248
25.7
248
25.7333
248
25.7667
248
25.8
248
25.8333
248
25.8667
248
25.9
248
25.9333
248
25.9667
248
26
248
26.0333
248
26.0667
248
26.1
248
26.1333
248
26.1667
248
26.2
248
26.2333
248
26.2667
248
26.3
248
26.3333
248
26.3667
248
26.4
248
26.4333
248
26.4667
248
26.5
248
26.5333
248
26.5667
248
26.6
248
26.6333
248
26.6667
248
26.7
248
26.7333
248
26.7667
248
26.8
248
26.8333
248
26.8667
248
26.9
248
26.9333
248
26.9667
248
27
248
27.0333
248
27.0667
248
27.1
248
27.1333
248
27.1667
248
27.2
248
27.2333
248
27.2667
248
27.3
248
27.3333
248
27.3667
248
27.4
248
27.4333
248
27.4667
248
27.5
248
27.5333
248
27.5667
248
27.6
249
27.6333
249
27.6667
249
27.7
251
27.7333
251
27.7667
251
27.8
251
27.8333
251
27.8667
251
27.9
251
27.9333
252
27.9667
252
28
252
28.0333
252
28.0667
252
28.1
253
28.1333
253
28.1667
253
28.2
253
28.2333
253
28.2667
254
28.3
254
28.3333
254
28.3667
254
28.4
254
28.4333
254
28.4667
254
28.5
254
28.5333
254
28.5667
254
28.6
254
28.6333
254
28.6667
254
28.7
254
28.7333
254
28.7667
254
28.8
254
28.8333
254
28.8667
254
28.9
254
28.9333
254
28.9667
254
29
254
29.0333
254
29.0667
254
29.1
254
29.1333
255
29.1667
255
29.2
255
29.2333
255
29.2667
255
29.3
255
29.3333
255
29.3667
255
29.4
255
29.4333
255
29.4667
256
29.5
256
29.5333
256
29.5667
256
29.6
256
29.6333
256
29.6667
256
29.7
256
29.7333
256
29.7667
256
29.8
256
29.8333
256
29.8667
256
29.9
256
29.9333
256
29.9667
256
30
256
30.0333
256
30.0667
256
30.1
256
30.1333
256
30.1667
256
30.2
256
30.2333
256
30.2667
256
30.3
256
30.3333
256
30.3667
256
30.4
256
30.4333
256
30.4667
256
30.5
256
30.5333
256
30.5667
256
30.6
256
30.6333
257
30.6667
257
30.7
257
30.7333
257
30.7667
257
30.8
257
30.8333
257
30.8667
257
30.9
257
30.9333
257
30.9667
257
31
257
31.0333
258
31.0667
258
31.1
258
31.1333
258
31.1667
258
31.2
258
31.2333
258
31.2667
258
31.3
258
31.3333
258
31.3667
258
31.4
258
31.4333
258
31.4667
258
31.5
258
31.5333
258
31.5667
258
31.6
258
31.6333
258
31.6667
259
31.7
259
31.7333
259
31.7667
259
31.8
259
31.8333
259
31.8667
259
31.9
259
31.9333
259
31.9667
259
32
259
32.0333
259
32.0667
259
32.1
259
32.1333
259
32.1667
259
32.2
259
32.2333
259
32.2667
259
32.3
259
32.3333
259
32.3667
259
32.4
259
32.4333
259
32.4667
259
32.5
259
32.5333
259
32.5667
259
32.6
259
32.6333
259
32.6667
259
32.7
259
32.7333
260
32.7667
261
32.8
261
32.8333
261
32.8667
261
32.9
261
32.9333
261
32.9667
261
33
261
33.0333
262
33.0667
262
33.1
262
33.1333
262
33.1667
262
33.2
262
33.2333
262
33.2667
262
33.3
262
33.3333
262
33.3667
262
33.4
262
33.4333
262
33.4667
262
33.5
262
33.5333
262
33.5667
262
33.6
262
33.6333
262
33.6667
263
33.7
263
33.7333
263
33.7667
263
33.8
263
33.8333
263
33.8667
264
33.9
264
33.9333
264
33.9667
265
34
265
34.0333
265
34.0667
265
34.1
266
34.1333
267
34.1667
268
34.2
268
34.2333
268
34.2667
268
34.3
268
34.3333
268
34.3667
268
34.4
268
34.4333
268
34.4667
268
34.5
268
34.5333
268
34.5667
268
34.6
268
34.6333
268
34.6667
268
34.7
269
34.7333
269
34.7667
269
34.8
269
34.8333
269
34.8667
269
34.9
269
34.9333
269
34.9667
270
35
270
35.0333
270
35.0667
270
35.1
270
35.1333
270
35.1667
270
35.2
270
35.2333
270
35.2667
270
35.3
270
35.3333
270
35.3667
270
35.4
270
35.4333
270
35.4667
270
35.5
270
35.5333
270
35.5667
270
35.6
270
35.6333
270
35.6667
270
35.7
270
35.7333
270
35.7667
270
35.8
270
35.8333
270
35.8667
270
35.9
270
35.9333
270
35.9667
270
36
270
36.0333
270
36.0667
270
36.1
270
36.1333
270
36.1667
270
36.2
270
36.2333
270
36.2667
270
36.3
270
36.3333
270
36.3667
270
36.4
270
36.4333
270
36.4667
270
36.5
270
36.5333
270
36.5667
270
36.6
270
36.6333
270
36.6667
270
36.7
270
36.7333
270
36.7667
270
36.8
270
36.8333
270
36.8667
270
36.9
270
36.9333
270
36.9667
270
37
270
37.0333
270
37.0667
270
37.1
270
37.1333
270
37.1667
270
37.2
270
37.2333
270
37.2667
270
37.3
270
37.3333
270
37.3667
270
37.4
270
37.4333
270
37.4667
270
37.5
270
37.5333
270
37.5667
270
37.6
270
37.6333
270
37.6667
270
37.7
270
37.7333
270
37.7667
270
37.8
270
37.8333
270
37.8667
270
37.9
270
37.9333
270
37.9667
270
38
270
38.0333
270
38.0667
271
38.1
271
38.1333
271
38.1667
271
38.2
271
38.2333
271
38.2667
271
38.3
271
38.3333
271
38.3667
271
38.4
271
38.4333
271
38.4667
271
38.5
272
38.5333
272
38.5667
272
38.6
272
38.6333
272
38.6667
272
38.7
272
38.7333
272
38.7667
272
38.8
273
38.8333
273
38.8667
273
38.9
273
38.9333
274
38.9667
274
39
274
39.0333
274
39.0667
274
39.1
274
39.1333
274
39.1667
274
39.2
274
39.2333
274
39.2667
274
39.3
274
39.3333
274
39.3667
274
39.4
274
39.4333
274
39.4667
274
39.5
274
39.5333
274
39.5667
274
39.6
274
39.6333
274
39.6667
275
39.7
275
39.7333
275
39.7667
275
39.8
275
39.8333
275
39.8667
275
39.9
275
39.9333
275
39.9667
275
40
275
40.0333
275
40.0667
275
40.1
275
40.1333
275
40.1667
276
40.2
276
40.2333
277
40.2667
277
40.3
277
40.3333
277
40.3667
277
40.4
277
40.4333
277
40.4667
277
40.5
277
40.5333
277
40.5667
277
40.6
277
40.6333
277
40.6667
277
40.7
277
40.7333
277
40.7667
277
40.8
277
40.8333
277
40.8667
277
40.9
277
40.9333
277
40.9667
277
41
277
41.0333
277
41.0667
277
41.1
277
41.1333
277
41.1667
277
41.2
277
41.2333
277
41.2667
277
41.3
277
41.3333
277
41.3667
277
41.4
277
41.4333
277
41.4667
277
41.5
277
41.5333
277
41.5667
277
41.6
277
41.6333
277
41.6667
277
41.7
277
41.7333
277
41.7667
277
41.8
277
41.8333
277
41.8667
277
41.9
277
41.9333
277
41.9667
277
42
277
42.0333
277
42.0667
277
42.1
277
42.1333
277
42.1667
277
42.2
277
42.2333
277
42.2667
277
42.3
277
42.3333
277
42.3667
277
42.4
277
42.4333
277
42.4667
277
42.5
277
42.5333
277
42.5667
277
42.6
277
42.6333
277
42.6667
277
42.7
277
42.7333
277
42.7667
277
42.8
277
42.8333
277
42.8667
277
42.9
277
42.9333
278
42.9667
279
43
279
43.0333
279
43.0667
279
43.1
279
43.1333
279
43.1667
279
43.2
279
43.2333
279
43.2667
279
43.3
279
43.3333
279
43.3667
279
43.4
279
43.4333
279
43.4667
279
43.5
279
43.5333
279
43.5667
279
43.6
279
43.6333
279
43.6667
279
43.7
279
43.7333
279
43.7667
279
43.8
279
43.8333
279
43.8667
279
43.9
279
43.9333
279
43.9667
279
44
279
44.0333
279
44.0667
279
44.1
279
44.1333
279
44.1667
279
44.2
279
44.2333
280
44.2667
280
44.3
280
44.3333
280
44.3667
280
44.4
280
44.4333
281
44.4667
281
44.5
281
44.5333
281
44.5667
281
44.6
281
44.6333
281
44.6667
281
44.7
281
44.7333
281
44.7667
281
44.8
281
44.8333
281
44.8667
281
44.9
281
44.9333
281
44.9667
281
45
282
45.0333
282
45.0667
282
45.1
282
45.1333
282
45.1667
282
45.2
282
45.2333
282
45.2667
282
45.3
282
45.3333
282
45.3667
282
45.4
282
45.4333
282
45.4667
282
45.5
282
45.5333
282
45.5667
282
45.6
282
45.6333
282
45.6667
282
45.7
282
45.7333
282
45.7667
282
45.8
282
45.8333
282
45.8667
282
45.9
282
45.9333
282
45.9667
282
46
282
46.0333
282
46.0667
282
46.1
282
46.1333
282
46.1667
282
46.2
282
46.2333
283
46.2667
283
46.3
283
46.3333
283
46.3667
283
46.4
283
46.4333
283
46.4667
283
46.5
283
46.5333
283
46.5667
283
46.6
283
46.6333
283
46.6667
283
46.7
283
46.7333
283
46.7667
283
46.8
283
46.8333
283
46.8667
283
46.9
283
46.9333
283
46.9667
283
47
283
47.0333
283
47.0667
283
47.1
283
47.1333
283
47.1667
283
47.2
283
47.2333
283
47.2667
283
47.3
283
47.3333
283
47.3667
283
47.4
283
47.4333
283
47.4667
283
47.5
283
47.5333
283
47.5667
283
47.6
283
47.6333
283
47.6667
283
47.7
283
47.7333
283
47.7667
283
47.8
283
47.8333
283
47.8667
283
47.9
283
47.9333
283
47.9667
283
48
283
48.0333
283
48.0667
283
48.1
283
48.1333
283
48.1667
283
48.2
283
48.2333
283
48.2667
283
48.3
283
48.3333
283
48.3667
283
48.4
283
48.4333
283
48.4667
283
48.5
283
48.5333
283
48.5667
283
48.6
283
48.6333
283
48.6667
283
48.7
283
48.7333
283
48.7667
283
48.8
283
48.8333
283
48.8667
283
48.9
283
48.9333
283
48.9667
283
49
283
49.0333
283
49.0667
283
49.1
283
49.1333
283
49.1667
283
49.2
283
49.2333
283
49.2667
283
49.3
283
49.3333
283
49.3667
283
49.4
283
49.4333
283
49.4667
283
49.5
283
49.5333
283
49.5667
283
49.6
283
49.6333
283
49.6667
283
49.7
283
49.7333
283
49.7667
283
49.8
283
49.8333
283
49.8667
283
49.9
283
49.9333
283
49.9667
283
50
283
50.0333
283
50.0667
283
50.1
283
50.1333
283
50.1667
283
50.2
283
50.2333
283
50.2667
283
50.3
283
50.3333
283
50.3667
283
50.4
283
50.4333
283
50.4667
283
50.5
283
50.5333
283
50.5667
283
50.6
283
50.6333
283
50.6667
283
50.7
283
50.7333
283
50.7667
283
50.8
283
50.8333
283
50.8667
283
50.9
283
50.9333
283
50.9667
283
51
283
51.0333
283
51.0667
283
51.1
283
51.1333
283
51.1667
283
51.2
283
51.2333
283
51.2667
283
51.3
283
51.3333
283
51.3667
283
51.4
283
51.4333
283
51.4667
283
51.5
283
51.5333
283
51.5667
283
51.6
283
51.6333
283
51.6667
283
51.7
283
51.7333
283
51.7667
283
51.8
283
51.8333
283
51.8667
283
51.9
283
51.9333
283
51.9667
283
52
283
52.0333
283
52.0667
283
52.1
283
52.1333
283
52.1667
283
52.2
283
52.2333
283
52.2667
283
52.3
283
52.3333
283
52.3667
283
52.4
283
52.4333
283
52.4667
283
52.5
283
52.5333
283
52.5667
283
52.6
283
52.6333
283
52.6667
283
52.7
283
52.7333
283
52.7667
283
52.8
283
52.8333
283
52.8667
283
52.9
283
52.9333
283
52.9667
283
53
283
53.0333
283
53.0667
283
53.1
283
53.1333
283
53.1667
283
53.2
283
53.2333
283
53.2667
283
53.3
283
53.3333
283
