0
1
0.0333333
1
0.0666667
1
0.1
1
0.133333
1
0.166667
1
0.2
1
0.233333
1
0.266667
1
0.3
1
0.333333
1
0.366667
1
0.4
1
0.433333
1
0.466667
1
0.5
1
0.533333
1
0.566667
1
0.6
1
0.633333
1
0.666667
1
0.7
1
0.733333
1
0.766667
1
0.8
1
0.833333
1
0.866667
1
0.9
1
0.933333
1
0.966667
1
1
1
1.03333
1
1.06667
1
1.1
1
1.13333
1
1.16667
1
1.2
1
1.23333
1
1.26667
1
1.3
1
1.33333
1
1.36667
1
1.4
1
1.43333
1
1.46667
1
1.5
1
1.53333
1
1.56667
1
1.6
1
1.63333
1
1.66667
1
1.7
1
1.73333
1
1.76667
1
1.8
1
1.83333
1
1.86667
1
1.9
1
1.93333
1
1.96667
1
2
1
2.03333
1
2.06667
1
2.1
1
2.13333
1
2.16667
1
2.2
1
2.23333
1
2.26667
1
2.3
1
2.33333
1
2.36667
1
2.4
1
2.43333
1
2.46667
1
2.5
1
2.53333
1
2.56667
1
2.6
1
2.63333
1
2.66667
1
2.7
1
2.73333
1
2.76667
1
2.8
1
2.83333
1
2.86667
1
2.9
1
2.93333
1
2.96667
1
3
1
3.03333
1
3.06667
1
3.1
1
3.13333
1
3.16667
1
3.2
1
3.23333
1
3.26667
1
3.3
1
3.33333
1
3.36667
1
3.4
1
3.43333
1
3.46667
1
3.5
1
3.53333
1
3.56667
1
3.6
1
3.63333
1
3.66667
1
3.7
1
3.73333
1
3.76667
1
3.8
1
3.83333
1
3.86667
1
3.9
1
3.93333
1
3.96667
1
4
1
4.03333
1
4.06667
1
4.1
1
4.13333
1
4.16667
1
4.2
1
4.23333
1
4.26667
1
4.3
1
4.33333
1
4.36667
1
4.4
1
4.43333
1
4.46667
1
4.5
1
4.53333
1
4.56667
1
4.6
1
4.63333
1
4.66667
1
4.7
1
4.73333
1
4.76667
1
4.8
1
4.83333
1
4.86667
1
4.9
1
4.93333
1
4.96667
1
5
1
5.03333
1
5.06667
2
5.1
2
5.13333
2
5.16667
2
5.2
3
5.23333
3
5.26667
3
5.3
3
5.33333
3
5.36667
3
5.4
3
5.43333
3
5.46667
3
5.5
4
5.53333
4
5.56667
4
5.6
4
5.63333
4
5.66667
4
5.7
4
5.73333
4
5.76667
6
5.8
6
5.83333
7
5.86667
8
5.9
8
5.93333
8
5.96667
8
6
8
6.03333
9
6.06667
9
6.1
11
6.13333
12
6.16667
12
6.2
13
6.23333
14
6.26667
17
6.3
20
6.33333
20
6.36667
21
6.4
23
6.43333
24
6.46667
26
6.5
28
6.53333
30
6.56667
31
6.6
34
6.63333
34
6.66667
37
6.7
38
6.73333
38
6.76667
43
6.8
44
6.83333
48
6.86667
50
6.9
53
6.93333
54
6.96667
57
7
57
7.03333
58
7.06667
60
7.1
60
7.13333
61
7.16667
67
7.2
68
7.23333
69
7.26667
71
7.3
71
7.33333
73
7.36667
76
7.4
80
7.43333
82
7.46667
82
7.5
84
7.53333
89
7.56667
90
7.6
91
7.63333
91
7.66667
91
7.7
92
7.73333
92
7.76667
94
7.8
98
7.83333
98
7.86667
98
7.9
100
7.93333
102
7.96667
102
8
102
8.03333
103
8.06667
103
8.1
106
8.13333
107
8.16667
110
8.2
110
8.23333
113
8.26667
116
8.3
118
8.33333
119
8.36667
119
8.4
120
8.43333
120
8.46667
120
8.5
121
8.53333
126
8.56667
126
8.6
126
8.63333
128
8.66667
130
8.7
131
8.73333
133
8.76667
134
8.8
134
8.83333
134
8.86667
137
8.9
140
8.93333
141
8.96667
141
9
143
9.03333
145
9.06667
146
9.1
146
9.13333
146
9.16667
147
9.2
148
9.23333
150
9.26667
152
9.3
156
9.33333
157
9.36667
161
9.4
161
9.43333
163
9.46667
163
9.5
163
9.53333
163
9.56667
163
9.6
165
9.63333
166
9.66667
166
9.7
166
9.73333
166
9.76667
166
9.8
168
9.83333
170
9.86667
170
9.9
170
9.93333
172
9.96667
173
10
173
10.0333
173
10.0667
174
10.1
174
10.1333
174
10.1667
174
10.2
176
10.2333
176
10.2667
176
10.3
177
10.3333
178
10.3667
179
10.4
179
10.4333
180
10.4667
181
10.5
181
10.5333
181
10.5667
181
10.6
183
10.6333
183
10.6667
184
10.7
184
10.7333
185
10.7667
185
10.8
186
10.8333
186
10.8667
188
10.9
188
10.9333
188
10.9667
188
11
188
11.0333
189
11.0667
189
11.1
190
11.1333
191
11.1667
192
11.2
193
11.2333
193
11.2667
193
11.3
194
11.3333
194
11.3667
194
11.4
194
11.4333
194
11.4667
194
11.5
195
11.5333
195
11.5667
195
11.6
195
11.6333
197
11.6667
197
11.7
197
11.7333
198
11.7667
200
11.8
202
11.8333
203
11.8667
203
11.9
203
11.9333
204
11.9667
205
12
207
12.0333
208
12.0667
208
12.1
208
12.1333
210
12.1667
211
12.2
212
12.2333
212
12.2667
212
12.3
213
12.3333
213
12.3667
213
12.4
214
12.4333
214
12.4667
215
12.5
216
12.5333
217
12.5667
221
12.6
223
12.6333
226
12.6667
229
12.7
231
12.7333
232
12.7667
236
12.8
238
12.8333
240
12.8667
243
12.9
246
12.9333
246
12.9667
247
13
250
13.0333
253
13.0667
255
13.1
259
13.1333
260
13.1667
261
13.2
265
13.2333
269
13.2667
271
13.3
272
13.3333
275
13.3667
277
13.4
279
13.4333
282
13.4667
286
13.5
291
13.5333
291
13.5667
291
13.6
292
13.6333
293
13.6667
294
13.7
297
13.7333
298
13.7667
298
13.8
298
13.8333
298
13.8667
299
13.9
301
13.9333
302
13.9667
303
14
303
14.0333
303
14.0667
303
14.1
303
14.1333
304
14.1667
304
14.2
304
14.2333
304
14.2667
304
14.3
306
14.3333
308
14.3667
308
14.4
309
14.4333
309
14.4667
310
14.5
310
14.5333
310
14.5667
311
14.6
313
14.6333
315
14.6667
315
14.7
316
14.7333
316
14.7667
318
14.8
318
14.8333
319
14.8667
322
14.9
322
14.9333
323
14.9667
323
15
324
15.0333
326
15.0667
327
15.1
327
15.1333
328
15.1667
328
15.2
328
15.2333
328
15.2667
328
15.3
328
15.3333
328
15.3667
328
15.4
329
15.4333
329
15.4667
329
15.5
331
15.5333
333
15.5667
334
15.6
335
15.6333
336
15.6667
336
15.7
337
15.7333
338
15.7667
339
15.8
340
15.8333
340
15.8667
340
15.9
340
15.9333
341
15.9667
341
16
341
16.0333
341
16.0667
341
16.1
341
16.1333
342
16.1667
343
16.2
344
16.2333
344
16.2667
345
16.3
347
16.3333
347
16.3667
347
16.4
348
16.4333
348
16.4667
350
16.5
350
16.5333
350
16.5667
350
16.6
351
16.6333
351
16.6667
351
16.7
352
16.7333
352
16.7667
352
16.8
353
16.8333
353
16.8667
353
16.9
355
16.9333
356
16.9667
356
17
356
17.0333
357
17.0667
358
17.1
358
17.1333
358
17.1667
361
17.2
362
17.2333
362
17.2667
362
17.3
362
17.3333
366
17.3667
366
17.4
367
17.4333
367
17.4667
367
17.5
369
17.5333
372
17.5667
372
17.6
373
17.6333
373
17.6667
373
17.7
374
17.7333
374
17.7667
374
17.8
374
17.8333
376
17.8667
377
17.9
377
17.9333
379
17.9667
379
18
379
18.0333
381
18.0667
381
18.1
381
18.1333
382
18.1667
382
18.2
384
18.2333
384
18.2667
385
18.3
385
18.3333
385
18.3667
385
18.4
385
18.4333
386
18.4667
387
18.5
387
18.5333
388
18.5667
388
18.6
390
18.6333
390
18.6667
390
18.7
390
18.7333
390
18.7667
391
18.8
391
18.8333
391
18.8667
393
18.9
393
18.9333
394
18.9667
394
19
395
19.0333
395
19.0667
395
19.1
395
19.1333
395
19.1667
395
19.2
396
19.2333
396
19.2667
396
19.3
398
19.3333
400
19.3667
401
19.4
402
19.4333
402
19.4667
402
19.5
403
19.5333
404
19.5667
404
19.6
405
19.6333
406
19.6667
407
19.7
409
19.7333
409
19.7667
410
19.8
411
19.8333
413
19.8667
413
19.9
416
19.9333
418
19.9667
419
20
419
20.0333
422
20.0667
422
20.1
422
20.1333
424
20.1667
424
20.2
424
20.2333
424
20.2667
426
20.3
428
20.3333
428
20.3667
430
20.4
431
20.4333
431
20.4667
432
20.5
433
20.5333
434
20.5667
434
20.6
435
20.6333
437
20.6667
437
20.7
437
20.7333
437
20.7667
438
20.8
439
20.8333
439
20.8667
440
20.9
440
20.9333
440
20.9667
440
21
440
21.0333
441
21.0667
441
21.1
442
21.1333
442
21.1667
443
21.2
444
21.2333
446
21.2667
446
21.3
447
21.3333
447
21.3667
448
21.4
448
21.4333
448
21.4667
448
21.5
448
21.5333
448
21.5667
448
21.6
449
21.6333
449
21.6667
451
21.7
451
21.7333
452
21.7667
453
21.8
455
21.8333
456
21.8667
456
21.9
456
21.9333
456
21.9667
456
22
456
22.0333
457
22.0667
458
22.1
458
22.1333
458
22.1667
458
22.2
458
22.2333
458
22.2667
458
22.3
458
22.3333
460
22.3667
461
22.4
461
22.4333
461
22.4667
461
22.5
462
22.5333
462
22.5667
462
22.6
462
22.6333
463
22.6667
464
22.7
464
22.7333
464
22.7667
464
22.8
464
22.8333
464
22.8667
464
22.9
465
22.9333
465
22.9667
465
23
465
23.0333
465
23.0667
466
23.1
466
23.1333
466
23.1667
466
23.2
466
23.2333
466
23.2667
467
23.3
468
23.3333
468
23.3667
468
23.4
469
23.4333
469
23.4667
470
23.5
470
23.5333
470
23.5667
470
23.6
470
23.6333
470
23.6667
470
23.7
471
23.7333
472
23.7667
472
23.8
472
23.8333
472
23.8667
472
23.9
472
23.9333
474
23.9667
475
24
475
24.0333
476
24.0667
477
24.1
477
24.1333
477
24.1667
477
24.2
477
24.2333
477
24.2667
478
24.3
479
24.3333
479
24.3667
479
24.4
479
24.4333
479
24.4667
479
24.5
479
24.5333
479
24.5667
479
24.6
480
24.6333
480
24.6667
480
24.7
481
24.7333
481
24.7667
481
24.8
481
24.8333
481
24.8667
481
24.9
481
24.9333
481
24.9667
481
25
482
25.0333
482
25.0667
482
25.1
482
25.1333
482
25.1667
482
25.2
482
25.2333
482
25.2667
483
25.3
483
25.3333
484
25.3667
484
25.4
484
25.4333
484
25.4667
484
25.5
484
25.5333
484
25.5667
485
25.6
486
25.6333
486
25.6667
486
25.7
486
25.7333
486
25.7667
486
25.8
486
25.8333
488
25.8667
488
25.9
489
25.9333
490
25.9667
490
26
491
26.0333
493
26.0667
493
26.1
493
26.1333
494
26.1667
494
26.2
494
26.2333
495
26.2667
497
26.3
497
26.3333
499
26.3667
500
26.4
501
26.4333
503
26.4667
505
26.5
506
26.5333
506
26.5667
508
26.6
508
26.6333
509
26.6667
509
26.7
510
26.7333
510
26.7667
510
26.8
510
26.8333
510
26.8667
510
26.9
511
26.9333
512
26.9667
512
27
512
27.0333
512
27.0667
512
27.1
514
27.1333
515
27.1667
515
27.2
515
27.2333
515
27.2667
515
27.3
518
27.3333
518
27.3667
518
27.4
518
27.4333
518
27.4667
518
27.5
518
27.5333
518
27.5667
518
27.6
518
27.6333
518
27.6667
518
27.7
520
27.7333
520
27.7667
521
27.8
522
27.8333
523
27.8667
524
27.9
524
27.9333
525
27.9667
525
28
526
28.0333
526
28.0667
526
28.1
527
28.1333
528
28.1667
529
28.2
529
28.2333
529
28.2667
530
28.3
530
28.3333
530
28.3667
530
28.4
530
28.4333
530
28.4667
530
28.5
531
28.5333
531
28.5667
531
28.6
531
28.6333
532
28.6667
532
28.7
532
28.7333
532
28.7667
532
28.8
533
28.8333
533
28.8667
533
28.9
533
28.9333
533
28.9667
533
29
533
29.0333
534
29.0667
535
29.1
535
29.1333
535
29.1667
535
29.2
535
29.2333
535
29.2667
535
29.3
535
29.3333
535
29.3667
535
29.4
535
29.4333
536
29.4667
536
29.5
536
29.5333
536
29.5667
536
29.6
536
29.6333
536
29.6667
536
29.7
536
29.7333
536
29.7667
536
29.8
536
29.8333
536
29.8667
536
29.9
536
29.9333
536
29.9667
536
30
537
30.0333
537
30.0667
538
30.1
538
30.1333
538
30.1667
538
30.2
538
30.2333
538
30.2667
538
30.3
538
30.3333
538
30.3667
538
30.4
538
30.4333
538
30.4667
538
30.5
538
30.5333
539
30.5667
539
30.6
539
30.6333
539
30.6667
539
30.7
539
30.7333
539
30.7667
539
30.8
539
30.8333
539
30.8667
539
30.9
540
30.9333
540
30.9667
541
31
541
31.0333
541
31.0667
541
31.1
541
31.1333
541
31.1667
541
31.2
541
31.2333
541
31.2667
541
31.3
541
31.3333
542
31.3667
542
31.4
543
31.4333
544
31.4667
544
31.5
544
31.5333
544
31.5667
545
31.6
545
31.6333
545
31.6667
545
31.7
545
31.7333
545
31.7667
545
31.8
545
31.8333
545
31.8667
545
31.9
545
31.9333
545
31.9667
545
32
545
32.0333
545
32.0667
545
32.1
545
32.1333
545
32.1667
545
32.2
545
32.2333
545
32.2667
545
32.3
545
32.3333
545
32.3667
545
32.4
545
32.4333
545
32.4667
545
32.5
545
32.5333
545
32.5667
545
32.6
546
32.6333
547
32.6667
548
32.7
548
32.7333
548
32.7667
549
32.8
549
32.8333
549
32.8667
550
32.9
550
32.9333
550
32.9667
550
33
550
33.0333
550
33.0667
550
33.1
550
33.1333
551
33.1667
551
33.2
552
33.2333
553
33.2667
553
33.3
553
33.3333
555
33.3667
555
33.4
556
33.4333
556
33.4667
556
33.5
556
33.5333
557
33.5667
557
33.6
557
33.6333
557
33.6667
558
33.7
558
33.7333
558
33.7667
558
33.8
558
33.8333
558
33.8667
558
33.9
558
33.9333
558
33.9667
558
34
558
34.0333
558
34.0667
558
34.1
558
34.1333
558
34.1667
558
34.2
558
34.2333
558
34.2667
558
34.3
558
34.3333
559
34.3667
559
34.4
559
34.4333
559
34.4667
559
34.5
560
34.5333
560
34.5667
560
34.6
560
34.6333
560
34.6667
560
34.7
560
34.7333
561
34.7667
561
34.8
561
34.8333
562
34.8667
563
34.9
563
34.9333
563
34.9667
563
35
563
35.0333
563
35.0667
563
35.1
563
35.1333
563
35.1667
563
35.2
563
35.2333
563
35.2667
563
35.3
563
35.3333
563
35.3667
564
35.4
564
35.4333
564
35.4667
564
35.5
564
35.5333
564
35.5667
564
35.6
564
35.6333
564
35.6667
565
35.7
565
35.7333
565
35.7667
565
35.8
565
35.8333
565
35.8667
565
35.9
565
35.9333
565
35.9667
565
36
565
36.0333
565
36.0667
565
36.1
565
36.1333
565
36.1667
565
36.2
565
36.2333
565
36.2667
565
36.3
565
36.3333
565
36.3667
565
36.4
565
36.4333
565
36.4667
565
36.5
565
36.5333
565
36.5667
565
36.6
565
36.6333
565
36.6667
566
36.7
567
36.7333
567
36.7667
567
36.8
568
36.8333
568
36.8667
568
36.9
568
36.9333
568
36.9667
568
37
568
37.0333
568
37.0667
568
37.1
568
37.1333
568
37.1667
568
37.2
568
37.2333
569
37.2667
569
37.3
569
37.3333
569
37.3667
570
37.4
570
37.4333
570
37.4667
570
37.5
570
37.5333
570
37.5667
570
37.6
570
37.6333
570
37.6667
570
37.7
570
37.7333
571
37.7667
571
37.8
571
37.8333
571
37.8667
571
37.9
571
37.9333
571
37.9667
572
38
572
38.0333
572
38.0667
572
38.1
572
38.1333
572
38.1667
572
38.2
572
38.2333
572
38.2667
572
38.3
572
38.3333
572
38.3667
572
38.4
572
38.4333
572
38.4667
572
38.5
572
38.5333
572
38.5667
572
38.6
572
38.6333
572
38.6667
572
38.7
572
38.7333
572
38.7667
572
38.8
572
38.8333
572
38.8667
572
38.9
572
38.9333
572
38.9667
572
39
572
39.0333
572
39.0667
573
39.1
573
39.1333
573
39.1667
574
39.2
574
39.2333
574
39.2667
574
39.3
574
39.3333
574
39.3667
574
39.4
574
39.4333
574
39.4667
574
39.5
574
39.5333
574
39.5667
574
39.6
574
39.6333
574
39.6667
574
39.7
575
39.7333
575
39.7667
575
39.8
575
39.8333
575
39.8667
575
39.9
575
39.9333
575
39.9667
575
40
575
40.0333
575
40.0667
575
40.1
575
40.1333
575
40.1667
575
40.2
575
40.2333
575
40.2667
575
40.3
575
40.3333
575
40.3667
575
40.4
575
40.4333
575
40.4667
575
40.5
576
40.5333
576
40.5667
576
40.6
576
40.6333
576
40.6667
576
40.7
576
40.7333
576
40.7667
576
40.8
576
40.8333
576
40.8667
576
40.9
576
40.9333
576
40.9667
576
41
576
41.0333
576
41.0667
576
41.1
576
41.1333
576
41.1667
576
41.2
576
41.2333
576
41.2667
576
41.3
576
41.3333
576
41.3667
576
41.4
576
41.4333
576
41.4667
576
41.5
576
41.5333
576
41.5667
576
41.6
576
41.6333
576
41.6667
576
41.7
576
41.7333
576
41.7667
576
41.8
576
41.8333
576
41.8667
577
41.9
577
41.9333
577
41.9667
577
42
577
42.0333
577
42.0667
577
42.1
577
42.1333
577
42.1667
577
42.2
577
42.2333
577
42.2667
577
42.3
578
42.3333
579
42.3667
579
42.4
579
42.4333
579
42.4667
579
42.5
579
42.5333
579
42.5667
579
42.6
579
42.6333
579
42.6667
580
42.7
580
42.7333
580
42.7667
580
42.8
580
42.8333
580
42.8667
580
42.9
581
42.9333
581
42.9667
581
43
581
43.0333
581
43.0667
581
43.1
581
43.1333
581
43.1667
581
43.2
581
43.2333
581
43.2667
581
43.3
581
43.3333
581
43.3667
581
43.4
581
43.4333
581
43.4667
582
43.5
582
43.5333
582
43.5667
582
43.6
582
43.6333
582
43.6667
582
43.7
582
43.7333
582
43.7667
583
43.8
583
43.8333
583
43.8667
583
43.9
583
43.9333
583
43.9667
583
44
583
44.0333
583
44.0667
583
44.1
583
44.1333
583
44.1667
583
44.2
583
44.2333
583
44.2667
583
44.3
583
44.3333
583
44.3667
583
44.4
583
44.4333
583
44.4667
583
44.5
583
44.5333
583
44.5667
584
44.6
584
44.6333
584
44.6667
584
44.7
584
44.7333
584
44.7667
584
44.8
584
44.8333
584
44.8667
584
44.9
584
44.9333
584
44.9667
584
45
584
45.0333
585
45.0667
585
45.1
586
45.1333
586
45.1667
586
45.2
587
45.2333
587
45.2667
587
45.3
587
45.3333
587
45.3667
587
45.4
587
45.4333
587
45.4667
587
45.5
587
45.5333
587
45.5667
587
45.6
587
45.6333
588
45.6667
588
45.7
588
45.7333
588
45.7667
588
45.8
588
45.8333
589
45.8667
589
45.9
589
45.9333
589
45.9667
589
46
589
46.0333
589
46.0667
589
46.1
589
46.1333
589
46.1667
589
46.2
589
46.2333
589
46.2667
589
46.3
589
46.3333
589
46.3667
589
46.4
589
46.4333
590
46.4667
590
46.5
590
46.5333
590
46.5667
590
46.6
590
46.6333
590
46.6667
590
46.7
590
46.7333
590
46.7667
590
46.8
590
46.8333
590
46.8667
590
46.9
590
46.9333
590
46.9667
590
47
590
47.0333
590
47.0667
590
47.1
590
47.1333
590
47.1667
590
47.2
590
47.2333
590
47.2667
590
47.3
590
47.3333
591
47.3667
591
47.4
591
47.4333
591
47.4667
591
47.5
591
47.5333
592
47.5667
592
47.6
592
47.6333
592
47.6667
592
47.7
592
47.7333
592
47.7667
592
47.8
592
47.8333
592
47.8667
592
47.9
592
47.9333
592
47.9667
592
48
592
48.0333
592
48.0667
593
48.1
593
48.1333
593
48.1667
593
48.2
593
48.2333
593
48.2667
593
48.3
593
48.3333
593
48.3667
593
48.4
594
48.4333
594
48.4667
594
48.5
594
48.5333
594
48.5667
594
48.6
594
48.6333
594
48.6667
594
48.7
594
48.7333
594
48.7667
594
48.8
595
48.8333
595
48.8667
595
48.9
596
48.9333
596
48.9667
596
49
596
49.0333
596
49.0667
596
49.1
596
49.1333
596
49.1667
596
49.2
596
49.2333
596
49.2667
596
49.3
596
49.3333
596
49.3667
596
49.4
596
49.4333
596
49.4667
596
49.5
596
49.5333
596
49.5667
596
49.6
596
49.6333
596
49.6667
596
49.7
596
49.7333
596
49.7667
596
49.8
596
49.8333
596
49.8667
596
49.9
596
49.9333
596
49.9667
596
50
596
50.0333
596
50.0667
597
50.1
597
50.1333
597
50.1667
597
50.2
597
50.2333
597
50.2667
597
50.3
597
50.3333
597
50.3667
597
50.4
597
50.4333
597
50.4667
597
50.5
597
50.5333
598
50.5667
599
50.6
599
50.6333
599
50.6667
599
50.7
600
50.7333
600
50.7667
600
50.8
600
50.8333
601
50.8667
601
50.9
601
50.9333
601
50.9667
601
51
601
51.0333
601
51.0667
601
51.1
601
51.1333
601
51.1667
601
51.2
601
51.2333
601
51.2667
601
51.3
601
51.3333
601
51.3667
601
51.4
601
51.4333
601
51.4667
601
51.5
601
51.5333
601
51.5667
601
51.6
601
51.6333
601
51.6667
601
51.7
601
51.7333
601
51.7667
601
51.8
601
51.8333
601
51.8667
601
51.9
601
51.9333
601
51.9667
601
52
601
52.0333
601
52.0667
601
52.1
601
52.1333
601
52.1667
601
52.2
601
52.2333
601
52.2667
601
52.3
601
52.3333
601
52.3667
601
52.4
601
52.4333
601
52.4667
601
52.5
602
52.5333
602
52.5667
602
52.6
602
52.6333
602
52.6667
602
52.7
602
52.7333
602
52.7667
602
52.8
602
52.8333
602
52.8667
602
52.9
602
52.9333
602
52.9667
602
53
602
53.0333
602
53.0667
602
53.1
603
53.1333
603
53.1667
603
53.2
603
53.2333
603
53.2667
603
53.3
605
53.3333
605
