0
1
0.0333333
1
0.0666667
1
0.1
1
0.133333
1
0.166667
1
0.2
1
0.233333
1
0.266667
1
0.3
1
0.333333
1
0.366667
1
0.4
1
0.433333
1
0.466667
1
0.5
1
0.533333
1
0.566667
1
0.6
1
0.633333
1
0.666667
1
0.7
1
0.733333
1
0.766667
1
0.8
1
0.833333
1
0.866667
1
0.9
1
0.933333
1
0.966667
1
1
1
1.03333
1
1.06667
1
1.1
1
1.13333
1
1.16667
1
1.2
1
1.23333
1
1.26667
1
1.3
1
1.33333
1
1.36667
1
1.4
1
1.43333
1
1.46667
1
1.5
1
1.53333
1
1.56667
1
1.6
1
1.63333
1
1.66667
1
1.7
1
1.73333
1
1.76667
1
1.8
1
1.83333
1
1.86667
1
1.9
1
1.93333
1
1.96667
1
2
1
2.03333
1
2.06667
1
2.1
1
2.13333
1
2.16667
1
2.2
1
2.23333
1
2.26667
1
2.3
1
2.33333
1
2.36667
1
2.4
1
2.43333
1
2.46667
1
2.5
1
2.53333
1
2.56667
1
2.6
1
2.63333
1
2.66667
1
2.7
1
2.73333
1
2.76667
1
2.8
1
2.83333
1
2.86667
1
2.9
1
2.93333
1
2.96667
1
3
1
3.03333
1
3.06667
1
3.1
1
3.13333
1
3.16667
1
3.2
1
3.23333
1
3.26667
1
3.3
1
3.33333
1
3.36667
1
3.4
1
3.43333
1
3.46667
1
3.5
1
3.53333
1
3.56667
1
3.6
1
3.63333
1
3.66667
1
3.7
1
3.73333
1
3.76667
1
3.8
1
3.83333
1
3.86667
1
3.9
1
3.93333
1
3.96667
1
4
1
4.03333
1
4.06667
1
4.1
1
4.13333
1
4.16667
1
4.2
1
4.23333
1
4.26667
1
4.3
1
4.33333
1
4.36667
1
4.4
1
4.43333
1
4.46667
1
4.5
1
4.53333
1
4.56667
1
4.6
1
4.63333
1
4.66667
1
4.7
1
4.73333
1
4.76667
1
4.8
1
4.83333
1
4.86667
1
4.9
1
4.93333
1
4.96667
1
5
1
5.03333
1
5.06667
1
5.1
1
5.13333
1
5.16667
1
5.2
1
5.23333
2
5.26667
2
5.3
2
5.33333
2
5.36667
2
5.4
2
5.43333
2
5.46667
2
5.5
2
5.53333
2
5.56667
2
5.6
2
5.63333
2
5.66667
2
5.7
2
5.73333
2
5.76667
2
5.8
2
5.83333
2
5.86667
2
5.9
2
5.93333
2
5.96667
2
6
2
6.03333
2
6.06667
2
6.1
2
6.13333
2
6.16667
2
6.2
2
6.23333
2
6.26667
2
6.3
3
6.33333
3
6.36667
3
6.4
4
6.43333
4
6.46667
4
6.5
4
6.53333
4
6.56667
4
6.6
5
6.63333
5
6.66667
5
6.7
5
6.73333
5
6.76667
5
6.8
6
6.83333
6
6.86667
6
6.9
7
6.93333
7
6.96667
7
7
8
7.03333
8
7.06667
8
7.1
8
7.13333
9
7.16667
9
7.2
9
7.23333
9
7.26667
9
7.3
9
7.33333
9
7.36667
9
7.4
9
7.43333
9
7.46667
9
7.5
9
7.53333
9
7.56667
9
7.6
9
7.63333
9
7.66667
10
7.7
11
7.73333
11
7.76667
11
7.8
11
7.83333
11
7.86667
11
7.9
12
7.93333
12
7.96667
12
8
12
8.03333
12
8.06667
12
8.1
12
8.13333
12
8.16667
12
8.2
12
8.23333
13
8.26667
14
8.3
14
8.33333
15
8.36667
15
8.4
15
8.43333
15
8.46667
16
8.5
16
8.53333
18
8.56667
18
8.6
18
8.63333
18
8.66667
19
8.7
19
8.73333
19
8.76667
19
8.8
19
8.83333
19
8.86667
19
8.9
21
8.93333
22
8.96667
22
9
22
9.03333
22
9.06667
22
9.1
22
9.13333
23
9.16667
24
9.2
24
9.23333
24
9.26667
24
9.3
24
9.33333
24
9.36667
26
9.4
26
9.43333
26
9.46667
26
9.5
26
9.53333
27
9.56667
27
9.6
27
9.63333
28
9.66667
28
9.7
28
9.73333
28
9.76667
29
9.8
29
9.83333
29
9.86667
29
9.9
29
9.93333
29
9.96667
29
10
31
10.0333
31
10.0667
32
10.1
32
10.1333
32
10.1667
32
10.2
32
10.2333
32
10.2667
32
10.3
32
10.3333
34
10.3667
34
10.4
34
10.4333
34
10.4667
35
10.5
35
10.5333
35
10.5667
36
10.6
36
10.6333
36
10.6667
36
10.7
36
10.7333
36
10.7667
36
10.8
37
10.8333
38
10.8667
38
10.9
38
10.9333
38
10.9667
38
11
38
11.0333
38
11.0667
38
11.1
40
11.1333
41
11.1667
43
11.2
43
11.2333
43
11.2667
43
11.3
43
11.3333
43
11.3667
43
11.4
43
11.4333
44
11.4667
44
11.5
44
11.5333
44
11.5667
44
11.6
44
11.6333
45
11.6667
45
11.7
45
11.7333
45
11.7667
45
11.8
45
11.8333
45
11.8667
45
11.9
46
11.9333
46
11.9667
46
12
46
12.0333
47
12.0667
47
12.1
48
12.1333
49
12.1667
50
12.2
50
12.2333
50
12.2667
50
12.3
50
12.3333
50
12.3667
51
12.4
51
12.4333
51
12.4667
52
12.5
52
12.5333
52
12.5667
52
12.6
52
12.6333
52
12.6667
52
12.7
52
12.7333
54
12.7667
55
12.8
55
12.8333
55
12.8667
55
12.9
55
12.9333
55
12.9667
55
13
55
13.0333
56
13.0667
56
13.1
56
13.1333
57
13.1667
57
13.2
57
13.2333
59
13.2667
59
13.3
59
13.3333
60
13.3667
62
13.4
62
13.4333
62
13.4667
62
13.5
63
13.5333
63
13.5667
63
13.6
64
13.6333
64
13.6667
65
13.7
66
13.7333
66
13.7667
67
13.8
67
13.8333
68
13.8667
68
13.9
68
13.9333
68
13.9667
68
14
69
14.0333
70
14.0667
70
14.1
71
14.1333
71
14.1667
72
14.2
72
14.2333
72
14.2667
72
14.3
72
14.3333
73
14.3667
73
14.4
73
14.4333
73
14.4667
73
14.5
73
14.5333
73
14.5667
73
14.6
73
14.6333
73
14.6667
73
14.7
73
14.7333
73
14.7667
73
14.8
73
14.8333
73
14.8667
74
14.9
74
14.9333
74
14.9667
75
15
75
15.0333
75
15.0667
75
15.1
76
15.1333
76
15.1667
76
15.2
76
15.2333
76
15.2667
76
15.3
76
15.3333
76
15.3667
76
15.4
76
15.4333
76
15.4667
76
15.5
76
15.5333
76
15.5667
77
15.6
77
15.6333
77
15.6667
77
15.7
77
15.7333
77
15.7667
77
15.8
77
15.8333
77
15.8667
77
15.9
77
15.9333
77
15.9667
78
16
78
16.0333
78
16.0667
78
16.1
78
16.1333
78
16.1667
78
16.2
78
16.2333
79
16.2667
79
16.3
79
16.3333
79
16.3667
80
16.4
80
16.4333
80
16.4667
80
16.5
80
16.5333
80
16.5667
80
16.6
80
16.6333
80
16.6667
80
16.7
80
16.7333
81
16.7667
81
16.8
81
16.8333
81
16.8667
82
16.9
82
16.9333
82
16.9667
82
17
82
17.0333
82
17.0667
82
17.1
82
17.1333
82
17.1667
83
17.2
83
17.2333
83
17.2667
84
17.3
84
17.3333
84
17.3667
84
17.4
84
17.4333
84
17.4667
84
17.5
84
17.5333
84
17.5667
84
17.6
84
17.6333
84
17.6667
84
17.7
84
17.7333
84
17.7667
84
17.8
84
17.8333
84
17.8667
84
17.9
84
17.9333
85
17.9667
85
18
85
18.0333
85
18.0667
85
18.1
85
18.1333
85
18.1667
85
18.2
86
18.2333
86
18.2667
86
18.3
86
18.3333
86
18.3667
87
18.4
87
18.4333
87
18.4667
87
18.5
87
18.5333
87
18.5667
87
18.6
87
18.6333
87
18.6667
87
18.7
87
18.7333
87
18.7667
87
18.8
87
18.8333
87
18.8667
87
18.9
87
18.9333
87
18.9667
87
19
87
19.0333
87
19.0667
87
19.1
87
19.1333
88
19.1667
88
19.2
88
19.2333
88
19.2667
88
19.3
88
19.3333
88
19.3667
88
19.4
88
19.4333
89
19.4667
89
19.5
89
19.5333
89
19.5667
89
19.6
89
19.6333
89
19.6667
89
19.7
90
19.7333
90
19.7667
91
19.8
91
19.8333
91
19.8667
91
19.9
91
19.9333
91
19.9667
91
20
91
20.0333
91
20.0667
91
20.1
91
20.1333
91
20.1667
91
20.2
91
20.2333
91
20.2667
91
20.3
91
20.3333
91
20.3667
91
20.4
91
20.4333
91
20.4667
91
20.5
91
20.5333
92
20.5667
92
20.6
92
20.6333
92
20.6667
92
20.7
92
20.7333
92
20.7667
92
20.8
92
20.8333
93
20.8667
93
20.9
93
20.9333
93
20.9667
93
21
93
21.0333
93
21.0667
93
21.1
93
21.1333
93
21.1667
93
21.2
93
21.2333
93
21.2667
93
21.3
93
21.3333
93
21.3667
93
21.4
94
21.4333
94
21.4667
94
21.5
94
21.5333
94
21.5667
94
21.6
94
21.6333
94
21.6667
94
21.7
94
21.7333
94
21.7667
94
21.8
94
21.8333
95
21.8667
96
21.9
96
21.9333
96
21.9667
97
22
97
22.0333
97
22.0667
97
22.1
98
22.1333
98
22.1667
98
22.2
98
22.2333
98
22.2667
99
22.3
99
22.3333
99
22.3667
99
22.4
100
22.4333
100
22.4667
101
22.5
101
22.5333
101
22.5667
101
22.6
101
22.6333
101
22.6667
101
22.7
101
22.7333
101
22.7667
101
22.8
101
22.8333
101
22.8667
102
22.9
102
22.9333
102
22.9667
102
23
102
23.0333
102
23.0667
102
23.1
102
23.1333
102
23.1667
102
23.2
102
23.2333
102
23.2667
102
23.3
102
23.3333
102
23.3667
103
23.4
103
23.4333
103
23.4667
103
23.5
103
23.5333
103
23.5667
103
23.6
103
23.6333
103
23.6667
103
23.7
103
23.7333
103
23.7667
103
23.8
103
23.8333
103
23.8667
103
23.9
103
23.9333
103
23.9667
103
24
103
24.0333
103
24.0667
103
24.1
103
24.1333
103
24.1667
103
24.2
103
24.2333
103
24.2667
103
24.3
103
24.3333
103
24.3667
103
24.4
103
24.4333
103
24.4667
103
24.5
103
24.5333
103
24.5667
103
24.6
103
24.6333
103
24.6667
103
24.7
103
24.7333
103
24.7667
103
24.8
103
24.8333
103
24.8667
103
24.9
103
24.9333
103
24.9667
103
25
103
25.0333
103
25.0667
103
25.1
103
25.1333
103
25.1667
103
25.2
103
25.2333
103
25.2667
103
25.3
103
25.3333
103
25.3667
103
25.4
103
25.4333
103
25.4667
103
25.5
103
25.5333
103
25.5667
103
25.6
103
25.6333
104
25.6667
104
25.7
104
25.7333
104
25.7667
104
25.8
104
25.8333
104
25.8667
104
25.9
104
25.9333
104
25.9667
104
26
104
26.0333
104
26.0667
104
26.1
104
26.1333
104
26.1667
104
26.2
104
26.2333
104
26.2667
104
26.3
104
26.3333
104
26.3667
104
26.4
104
26.4333
104
26.4667
104
26.5
104
26.5333
104
26.5667
104
26.6
104
26.6333
104
26.6667
104
26.7
104
26.7333
104
26.7667
104
26.8
104
26.8333
104
26.8667
104
26.9
104
26.9333
104
26.9667
104
27
104
27.0333
104
27.0667
104
27.1
104
27.1333
104
27.1667
104
27.2
104
27.2333
104
27.2667
104
27.3
104
27.3333
104
27.3667
104
27.4
104
27.4333
104
27.4667
104
27.5
104
27.5333
104
27.5667
104
27.6
105
27.6333
105
27.6667
105
27.7
105
27.7333
105
27.7667
105
27.8
105
27.8333
105
27.8667
105
27.9
105
27.9333
105
27.9667
105
28
105
28.0333
105
28.0667
105
28.1
105
28.1333
105
28.1667
105
28.2
105
28.2333
105
28.2667
105
28.3
105
28.3333
105
28.3667
105
28.4
105
28.4333
105
28.4667
105
28.5
105
28.5333
105
28.5667
105
28.6
105
28.6333
105
28.6667
105
28.7
105
28.7333
105
28.7667
106
28.8
106
28.8333
106
28.8667
106
28.9
106
28.9333
106
28.9667
106
29
106
29.0333
106
29.0667
106
29.1
106
29.1333
106
29.1667
106
29.2
106
29.2333
106
29.2667
106
29.3
106
29.3333
106
29.3667
106
29.4
106
29.4333
106
29.4667
106
29.5
106
29.5333
106
29.5667
106
29.6
106
29.6333
106
29.6667
106
29.7
106
29.7333
106
29.7667
106
29.8
106
29.8333
106
29.8667
106
29.9
106
29.9333
106
29.9667
106
30
106
30.0333
106
30.0667
106
30.1
106
30.1333
106
30.1667
106
30.2
106
30.2333
106
30.2667
106
30.3
106
30.3333
106
30.3667
106
30.4
106
30.4333
106
30.4667
106
30.5
106
30.5333
106
30.5667
106
30.6
106
30.6333
106
30.6667
106
30.7
106
30.7333
106
30.7667
106
30.8
106
30.8333
106
30.8667
106
30.9
106
30.9333
106
30.9667
106
31
106
31.0333
106
31.0667
106
31.1
106
31.1333
106
31.1667
106
31.2
106
31.2333
106
31.2667
106
31.3
106
31.3333
106
31.3667
106
31.4
106
31.4333
106
31.4667
106
31.5
106
31.5333
106
31.5667
106
31.6
106
31.6333
106
31.6667
107
31.7
107
31.7333
107
31.7667
107
31.8
107
31.8333
107
31.8667
107
31.9
107
31.9333
107
31.9667
107
32
107
32.0333
107
32.0667
107
32.1
107
32.1333
107
32.1667
107
32.2
107
32.2333
107
32.2667
107
32.3
107
32.3333
107
32.3667
107
32.4
107
32.4333
107
32.4667
107
32.5
107
32.5333
107
32.5667
107
32.6
107
32.6333
107
32.6667
107
32.7
107
32.7333
107
32.7667
107
32.8
107
32.8333
107
32.8667
107
32.9
107
32.9333
107
32.9667
107
33
107
33.0333
107
33.0667
107
33.1
107
33.1333
107
33.1667
107
33.2
107
33.2333
107
33.2667
107
33.3
107
33.3333
107
33.3667
107
33.4
107
33.4333
107
33.4667
107
33.5
107
33.5333
107
33.5667
107
33.6
107
33.6333
107
33.6667
107
33.7
107
33.7333
107
33.7667
107
33.8
107
33.8333
107
33.8667
107
33.9
107
33.9333
107
33.9667
107
34
107
34.0333
107
34.0667
107
34.1
107
34.1333
107
34.1667
107
34.2
107
34.2333
107
34.2667
107
34.3
107
34.3333
107
34.3667
107
34.4
107
34.4333
107
34.4667
107
34.5
107
34.5333
107
34.5667
107
34.6
107
34.6333
107
34.6667
107
34.7
107
34.7333
107
34.7667
107
34.8
107
34.8333
107
34.8667
107
34.9
107
34.9333
107
34.9667
107
35
107
35.0333
107
35.0667
107
35.1
107
35.1333
107
35.1667
107
35.2
107
35.2333
107
35.2667
107
35.3
107
35.3333
107
35.3667
107
35.4
107
35.4333
107
35.4667
107
35.5
107
35.5333
107
35.5667
107
35.6
107
35.6333
107
35.6667
107
35.7
107
35.7333
107
35.7667
107
35.8
107
35.8333
107
35.8667
107
35.9
107
35.9333
107
35.9667
107
36
107
36.0333
107
36.0667
107
36.1
107
36.1333
107
36.1667
107
36.2
107
36.2333
107
36.2667
107
36.3
107
36.3333
107
36.3667
107
36.4
107
36.4333
107
36.4667
107
36.5
107
36.5333
107
36.5667
107
36.6
107
36.6333
107
36.6667
107
36.7
107
36.7333
107
36.7667
107
36.8
107
36.8333
107
36.8667
107
36.9
107
36.9333
107
36.9667
107
37
107
37.0333
107
37.0667
107
37.1
107
37.1333
107
37.1667
107
37.2
107
37.2333
107
37.2667
107
37.3
107
37.3333
107
37.3667
107
37.4
107
37.4333
107
37.4667
107
37.5
107
37.5333
107
37.5667
107
37.6
107
37.6333
107
37.6667
107
37.7
107
37.7333
107
37.7667
107
37.8
107
37.8333
107
37.8667
107
37.9
107
37.9333
107
37.9667
107
38
107
38.0333
107
38.0667
107
38.1
107
38.1333
107
38.1667
107
38.2
107
38.2333
107
38.2667
107
38.3
107
38.3333
107
38.3667
107
38.4
107
38.4333
107
38.4667
107
38.5
107
38.5333
107
38.5667
107
38.6
107
38.6333
107
38.6667
107
38.7
107
38.7333
107
38.7667
107
38.8
107
38.8333
107
38.8667
107
38.9
107
38.9333
107
38.9667
107
39
107
39.0333
107
39.0667
107
39.1
107
39.1333
107
39.1667
107
39.2
107
39.2333
107
39.2667
107
39.3
107
39.3333
107
39.3667
107
39.4
107
39.4333
107
39.4667
107
39.5
107
39.5333
107
39.5667
107
39.6
107
39.6333
107
39.6667
107
39.7
107
39.7333
107
39.7667
107
39.8
107
39.8333
107
39.8667
107
39.9
107
39.9333
107
39.9667
107
40
107
40.0333
107
40.0667
107
40.1
107
40.1333
107
40.1667
107
40.2
107
40.2333
107
40.2667
107
40.3
107
40.3333
107
40.3667
107
40.4
107
40.4333
107
40.4667
107
40.5
107
40.5333
107
40.5667
107
40.6
107
40.6333
107
40.6667
107
40.7
107
40.7333
107
40.7667
107
40.8
107
40.8333
107
40.8667
107
40.9
107
40.9333
107
40.9667
107
41
107
41.0333
107
41.0667
107
41.1
107
41.1333
107
41.1667
107
41.2
107
41.2333
107
41.2667
107
41.3
107
41.3333
107
41.3667
107
41.4
107
41.4333
107
41.4667
107
41.5
107
41.5333
107
41.5667
107
41.6
107
41.6333
107
41.6667
107
41.7
107
41.7333
107
41.7667
107
41.8
107
41.8333
107
41.8667
107
41.9
107
41.9333
107
41.9667
107
42
107
42.0333
107
42.0667
107
42.1
107
42.1333
107
42.1667
107
42.2
107
42.2333
107
42.2667
107
42.3
107
42.3333
107
42.3667
107
42.4
107
42.4333
107
42.4667
107
42.5
107
42.5333
107
42.5667
107
42.6
107
42.6333
107
42.6667
107
42.7
107
42.7333
107
42.7667
107
42.8
107
42.8333
107
42.8667
107
42.9
107
42.9333
107
42.9667
107
43
107
43.0333
107
43.0667
107
43.1
107
43.1333
107
43.1667
107
43.2
107
43.2333
107
43.2667
107
43.3
107
43.3333
107
43.3667
107
43.4
107
43.4333
107
43.4667
107
43.5
107
43.5333
107
43.5667
107
43.6
107
43.6333
107
43.6667
107
43.7
107
43.7333
107
43.7667
107
43.8
107
43.8333
107
43.8667
107
43.9
107
43.9333
107
43.9667
107
44
107
44.0333
107
44.0667
107
44.1
107
44.1333
107
44.1667
107
44.2
107
44.2333
107
44.2667
107
44.3
107
44.3333
107
44.3667
107
44.4
107
44.4333
107
44.4667
107
44.5
107
44.5333
107
44.5667
107
44.6
107
44.6333
107
44.6667
107
44.7
107
44.7333
107
44.7667
107
44.8
107
44.8333
107
44.8667
107
44.9
107
44.9333
107
44.9667
107
45
107
45.0333
107
45.0667
107
45.1
107
45.1333
107
45.1667
107
45.2
107
45.2333
107
45.2667
107
45.3
107
45.3333
107
45.3667
107
45.4
107
45.4333
107
45.4667
107
45.5
107
45.5333
107
45.5667
107
45.6
107
45.6333
107
45.6667
107
45.7
107
45.7333
107
45.7667
107
45.8
107
45.8333
107
45.8667
107
45.9
107
45.9333
107
45.9667
107
46
107
46.0333
107
46.0667
107
46.1
107
46.1333
107
46.1667
107
46.2
107
46.2333
107
46.2667
107
46.3
107
46.3333
107
46.3667
107
46.4
107
46.4333
107
46.4667
107
46.5
107
46.5333
107
46.5667
107
46.6
107
46.6333
107
46.6667
107
46.7
107
46.7333
108
46.7667
108
46.8
108
46.8333
108
46.8667
108
46.9
108
46.9333
108
46.9667
108
47
108
47.0333
108
47.0667
108
47.1
108
47.1333
108
47.1667
108
47.2
108
47.2333
108
47.2667
108
47.3
108
47.3333
108
47.3667
108
47.4
108
47.4333
108
47.4667
108
47.5
108
47.5333
108
47.5667
108
47.6
108
47.6333
108
47.6667
108
47.7
108
47.7333
108
47.7667
108
47.8
108
47.8333
108
47.8667
108
47.9
108
47.9333
108
47.9667
108
48
108
48.0333
108
48.0667
108
48.1
108
48.1333
108
48.1667
108
48.2
108
48.2333
108
48.2667
108
48.3
108
48.3333
108
48.3667
108
48.4
108
48.4333
108
48.4667
108
48.5
108
48.5333
108
48.5667
108
48.6
108
48.6333
108
48.6667
108
48.7
108
48.7333
108
48.7667
108
48.8
108
48.8333
108
48.8667
108
48.9
108
48.9333
108
48.9667
108
49
108
49.0333
108
49.0667
108
49.1
108
49.1333
108
49.1667
108
49.2
108
49.2333
108
49.2667
108
49.3
108
49.3333
108
49.3667
108
49.4
108
49.4333
108
49.4667
108
49.5
108
49.5333
108
49.5667
108
49.6
108
49.6333
108
49.6667
108
49.7
108
49.7333
108
49.7667
108
49.8
108
49.8333
108
49.8667
108
49.9
108
49.9333
108
49.9667
108
50
108
50.0333
108
50.0667
108
50.1
108
50.1333
108
50.1667
108
50.2
108
50.2333
108
50.2667
108
50.3
108
50.3333
108
50.3667
108
50.4
108
50.4333
108
50.4667
108
50.5
108
50.5333
108
50.5667
108
50.6
108
50.6333
108
50.6667
108
50.7
108
50.7333
108
50.7667
108
50.8
108
50.8333
108
50.8667
108
50.9
108
50.9333
108
50.9667
108
51
108
51.0333
108
51.0667
108
51.1
108
51.1333
108
51.1667
108
51.2
108
51.2333
108
51.2667
108
51.3
108
51.3333
108
51.3667
108
51.4
108
51.4333
108
51.4667
108
51.5
108
51.5333
108
51.5667
108
51.6
108
51.6333
108
51.6667
108
51.7
108
51.7333
108
51.7667
108
51.8
108
51.8333
108
51.8667
108
51.9
108
51.9333
108
51.9667
108
52
108
52.0333
108
52.0667
108
52.1
108
52.1333
108
52.1667
108
52.2
108
52.2333
108
52.2667
108
52.3
108
52.3333
108
52.3667
108
52.4
108
52.4333
108
52.4667
108
52.5
108
52.5333
108
52.5667
108
52.6
108
52.6333
108
52.6667
108
52.7
108
52.7333
108
52.7667
108
52.8
108
52.8333
108
52.8667
108
52.9
108
52.9333
108
52.9667
108
53
108
53.0333
108
53.0667
108
53.1
108
53.1333
108
53.1667
108
53.2
108
53.2333
108
53.2667
108
53.3
108
53.3333
108
