0
1
0.0333333
1
0.0666667
1
0.1
1
0.133333
1
0.166667
1
0.2
1
0.233333
1
0.266667
1
0.3
1
0.333333
1
0.366667
1
0.4
1
0.433333
1
0.466667
1
0.5
1
0.533333
1
0.566667
1
0.6
1
0.633333
1
0.666667
1
0.7
1
0.733333
1
0.766667
1
0.8
1
0.833333
1
0.866667
1
0.9
1
0.933333
1
0.966667
1
1
1
1.03333
1
1.06667
1
1.1
1
1.13333
1
1.16667
1
1.2
1
1.23333
1
1.26667
1
1.3
1
1.33333
1
1.36667
1
1.4
1
1.43333
1
1.46667
1
1.5
1
1.53333
1
1.56667
1
1.6
1
1.63333
1
1.66667
1
1.7
1
1.73333
1
1.76667
1
1.8
1
1.83333
1
1.86667
1
1.9
1
1.93333
1
1.96667
1
2
1
2.03333
1
2.06667
1
2.1
1
2.13333
1
2.16667
1
2.2
1
2.23333
1
2.26667
1
2.3
1
2.33333
1
2.36667
1
2.4
1
2.43333
1
2.46667
1
2.5
1
2.53333
1
2.56667
1
2.6
1
2.63333
1
2.66667
1
2.7
1
2.73333
1
2.76667
1
2.8
1
2.83333
1
2.86667
1
2.9
1
2.93333
1
2.96667
1
3
1
3.03333
1
3.06667
1
3.1
1
3.13333
1
3.16667
1
3.2
1
3.23333
1
3.26667
1
3.3
1
3.33333
1
3.36667
1
3.4
1
3.43333
1
3.46667
1
3.5
1
3.53333
1
3.56667
1
3.6
1
3.63333
1
3.66667
1
3.7
1
3.73333
1
3.76667
1
3.8
1
3.83333
1
3.86667
1
3.9
1
3.93333
1
3.96667
1
4
1
4.03333
1
4.06667
1
4.1
1
4.13333
1
4.16667
1
4.2
1
4.23333
1
4.26667
1
4.3
1
4.33333
1
4.36667
1
4.4
1
4.43333
1
4.46667
1
4.5
1
4.53333
1
4.56667
1
4.6
1
4.63333
1
4.66667
1
4.7
1
4.73333
1
4.76667
1
4.8
1
4.83333
1
4.86667
1
4.9
1
4.93333
1
4.96667
1
5
1
5.03333
1
5.06667
1
5.1
1
5.13333
1
5.16667
1
5.2
1
5.23333
1
5.26667
1
5.3
1
5.33333
1
5.36667
1
5.4
1
5.43333
1
5.46667
1
5.5
1
5.53333
1
5.56667
1
5.6
1
5.63333
1
5.66667
1
5.7
1
5.73333
2
5.76667
2
5.8
2
5.83333
2
5.86667
2
5.9
2
5.93333
2
5.96667
2
6
3
6.03333
3
6.06667
4
6.1
4
6.13333
4
6.16667
4
6.2
4
6.23333
4
6.26667
4
6.3
5
6.33333
5
6.36667
6
6.4
6
6.43333
6
6.46667
6
6.5
6
6.53333
7
6.56667
7
6.6
8
6.63333
8
6.66667
10
6.7
12
6.73333
13
6.76667
13
6.8
14
6.83333
14
6.86667
15
6.9
15
6.93333
15
6.96667
15
7
15
7.03333
15
7.06667
16
7.1
18
7.13333
19
7.16667
21
7.2
21
7.23333
21
7.26667
21
7.3
21
7.33333
21
7.36667
21
7.4
22
7.43333
22
7.46667
22
7.5
22
7.53333
22
7.56667
22
7.6
22
7.63333
23
7.66667
23
7.7
23
7.73333
23
7.76667
24
7.8
24
7.83333
24
7.86667
24
7.9
24
7.93333
25
7.96667
25
8
26
8.03333
26
8.06667
28
8.1
28
8.13333
29
8.16667
30
8.2
31
8.23333
31
8.26667
33
8.3
33
8.33333
33
8.36667
34
8.4
34
8.43333
34
8.46667
34
8.5
34
8.53333
34
8.56667
37
8.6
37
8.63333
37
8.66667
37
8.7
38
8.73333
38
8.76667
38
8.8
38
8.83333
39
8.86667
39
8.9
39
8.93333
39
8.96667
39
9
39
9.03333
40
9.06667
41
9.1
41
9.13333
42
9.16667
43
9.2
43
9.23333
44
9.26667
44
9.3
44
9.33333
44
9.36667
44
9.4
44
9.43333
44
9.46667
44
9.5
46
9.53333
46
9.56667
47
9.6
47
9.63333
47
9.66667
48
9.7
49
9.73333
50
9.76667
50
9.8
50
9.83333
50
9.86667
50
9.9
50
9.93333
51
9.96667
51
10
51
10.0333
51
10.0667
52
10.1
55
10.1333
55
10.1667
57
10.2
57
10.2333
58
10.2667
58
10.3
58
10.3333
58
10.3667
58
10.4
60
10.4333
62
10.4667
62
10.5
62
10.5333
62
10.5667
63
10.6
63
10.6333
63
10.6667
63
10.7
64
10.7333
64
10.7667
64
10.8
64
10.8333
64
10.8667
64
10.9
64
10.9333
64
10.9667
64
11
64
11.0333
64
11.0667
64
11.1
65
11.1333
65
11.1667
65
11.2
66
11.2333
66
11.2667
66
11.3
66
11.3333
66
11.3667
66
11.4
66
11.4333
67
11.4667
68
11.5
68
11.5333
68
11.5667
68
11.6
69
11.6333
69
11.6667
69
11.7
69
11.7333
69
11.7667
70
11.8
71
11.8333
71
11.8667
71
11.9
71
11.9333
72
11.9667
73
12
73
12.0333
73
12.0667
73
12.1
73
12.1333
73
12.1667
74
12.2
74
12.2333
74
12.2667
74
12.3
74
12.3333
74
12.3667
74
12.4
74
12.4333
74
12.4667
74
12.5
74
12.5333
74
12.5667
74
12.6
74
12.6333
74
12.6667
74
12.7
74
12.7333
74
12.7667
74
12.8
74
12.8333
74
12.8667
74
12.9
74
12.9333
74
12.9667
74
13
74
13.0333
75
13.0667
76
13.1
76
13.1333
76
13.1667
76
13.2
76
13.2333
76
13.2667
76
13.3
76
13.3333
76
13.3667
77
13.4
77
13.4333
77
13.4667
78
13.5
78
13.5333
79
13.5667
79
13.6
79
13.6333
79
13.6667
80
13.7
81
13.7333
81
13.7667
82
13.8
83
13.8333
83
13.8667
84
13.9
84
13.9333
85
13.9667
86
14
87
14.0333
87
14.0667
87
14.1
87
14.1333
87
14.1667
87
14.2
87
14.2333
87
14.2667
88
14.3
89
14.3333
89
14.3667
89
14.4
89
14.4333
90
14.4667
90
14.5
90
14.5333
90
14.5667
90
14.6
90
14.6333
90
14.6667
90
14.7
90
14.7333
90
14.7667
90
14.8
90
14.8333
90
14.8667
90
14.9
90
14.9333
91
14.9667
91
15
91
15.0333
91
15.0667
91
15.1
91
15.1333
91
15.1667
91
15.2
91
15.2333
91
15.2667
91
15.3
91
15.3333
91
15.3667
91
15.4
91
15.4333
91
15.4667
91
15.5
92
15.5333
92
15.5667
92
15.6
92
15.6333
92
15.6667
92
15.7
92
15.7333
92
15.7667
93
15.8
93
15.8333
93
15.8667
93
15.9
93
15.9333
93
15.9667
93
16
93
16.0333
93
16.0667
93
16.1
94
16.1333
95
16.1667
95
16.2
96
16.2333
96
16.2667
97
16.3
97
16.3333
97
16.3667
97
16.4
97
16.4333
97
16.4667
97
16.5
97
16.5333
97
16.5667
97
16.6
97
16.6333
98
16.6667
98
16.7
98
16.7333
98
16.7667
98
16.8
98
16.8333
98
16.8667
98
16.9
98
16.9333
98
16.9667
98
17
98
17.0333
99
17.0667
99
17.1
100
17.1333
100
17.1667
100
17.2
100
17.2333
100
17.2667
100
17.3
100
17.3333
100
17.3667
100
17.4
100
17.4333
100
17.4667
100
17.5
100
17.5333
100
17.5667
100
17.6
100
17.6333
100
17.6667
101
17.7
101
17.7333
101
17.7667
101
17.8
101
17.8333
102
17.8667
102
17.9
102
17.9333
102
17.9667
102
18
102
18.0333
102
18.0667
102
18.1
102
18.1333
102
18.1667
102
18.2
102
18.2333
102
18.2667
102
18.3
102
18.3333
102
18.3667
102
18.4
102
18.4333
102
18.4667
102
18.5
102
18.5333
102
18.5667
102
18.6
102
18.6333
102
18.6667
102
18.7
102
18.7333
102
18.7667
102
18.8
102
18.8333
102
18.8667
102
18.9
102
18.9333
102
18.9667
102
19
102
19.0333
102
19.0667
102
19.1
102
19.1333
102
19.1667
102
19.2
102
19.2333
102
19.2667
102
19.3
102
19.3333
102
19.3667
102
19.4
102
19.4333
102
19.4667
102
19.5
102
19.5333
102
19.5667
102
19.6
102
19.6333
102
19.6667
102
19.7
102
19.7333
102
19.7667
102
19.8
102
19.8333
102
19.8667
102
19.9
102
19.9333
102
19.9667
102
20
102
20.0333
102
20.0667
102
20.1
102
20.1333
102
20.1667
102
20.2
102
20.2333
102
20.2667
102
20.3
102
20.3333
102
20.3667
102
20.4
102
20.4333
102
20.4667
102
20.5
102
20.5333
102
20.5667
102
20.6
102
20.6333
102
20.6667
102
20.7
102
20.7333
102
20.7667
102
20.8
102
20.8333
102
20.8667
102
20.9
102
20.9333
102
20.9667
102
21
102
21.0333
102
21.0667
102
21.1
102
21.1333
102
21.1667
102
21.2
102
21.2333
102
21.2667
102
21.3
102
21.3333
102
21.3667
102
21.4
102
21.4333
102
21.4667
102
21.5
102
21.5333
102
21.5667
102
21.6
102
21.6333
102
21.6667
102
21.7
102
21.7333
102
21.7667
102
21.8
102
21.8333
102
21.8667
102
21.9
102
21.9333
103
21.9667
103
22
103
22.0333
103
22.0667
103
22.1
103
22.1333
103
22.1667
103
22.2
103
22.2333
103
22.2667
103
22.3
103
22.3333
103
22.3667
103
22.4
103
22.4333
103
22.4667
103
22.5
103
22.5333
103
22.5667
103
22.6
103
22.6333
103
22.6667
103
22.7
103
22.7333
103
22.7667
103
22.8
103
22.8333
103
22.8667
103
22.9
103
22.9333
103
22.9667
103
23
103
23.0333
103
23.0667
103
23.1
103
23.1333
103
23.1667
103
23.2
103
23.2333
103
23.2667
103
23.3
103
23.3333
103
23.3667
103
23.4
103
23.4333
103
23.4667
103
23.5
103
23.5333
103
23.5667
103
23.6
103
23.6333
103
23.6667
103
23.7
103
23.7333
103
23.7667
103
23.8
103
23.8333
103
23.8667
103
23.9
103
23.9333
103
23.9667
103
24
103
24.0333
103
24.0667
103
24.1
103
24.1333
103
24.1667
103
24.2
103
24.2333
103
24.2667
103
24.3
103
24.3333
103
24.3667
103
24.4
103
24.4333
103
24.4667
103
24.5
103
24.5333
103
24.5667
103
24.6
103
24.6333
103
24.6667
103
24.7
103
24.7333
103
24.7667
103
24.8
103
24.8333
103
24.8667
103
24.9
103
24.9333
103
24.9667
103
25
103
25.0333
103
25.0667
103
25.1
103
25.1333
103
25.1667
103
25.2
103
25.2333
103
25.2667
103
25.3
103
25.3333
103
25.3667
103
25.4
103
25.4333
103
25.4667
103
25.5
103
25.5333
103
25.5667
103
25.6
103
25.6333
103
25.6667
103
25.7
103
25.7333
103
25.7667
103
25.8
103
25.8333
103
25.8667
103
25.9
103
25.9333
103
25.9667
103
26
103
26.0333
103
26.0667
103
26.1
103
26.1333
103
26.1667
103
26.2
103
26.2333
103
26.2667
103
26.3
103
26.3333
103
26.3667
103
26.4
103
26.4333
103
26.4667
103
26.5
103
26.5333
103
26.5667
103
26.6
103
26.6333
103
26.6667
103
26.7
103
26.7333
103
26.7667
103
26.8
103
26.8333
103
26.8667
103
26.9
103
26.9333
103
26.9667
103
27
103
27.0333
103
27.0667
103
27.1
103
27.1333
103
27.1667
103
27.2
103
27.2333
103
27.2667
103
27.3
103
27.3333
103
27.3667
103
27.4
103
27.4333
103
27.4667
103
27.5
103
27.5333
103
27.5667
103
27.6
103
27.6333
103
27.6667
103
27.7
103
27.7333
103
27.7667
103
27.8
103
27.8333
103
27.8667
103
27.9
103
27.9333
103
27.9667
103
28
103
28.0333
103
28.0667
103
28.1
103
28.1333
103
28.1667
103
28.2
103
28.2333
103
28.2667
103
28.3
103
28.3333
103
28.3667
103
28.4
103
28.4333
103
28.4667
103
28.5
103
28.5333
103
28.5667
103
28.6
103
28.6333
103
28.6667
103
28.7
103
28.7333
103
28.7667
103
28.8
103
28.8333
103
28.8667
103
28.9
103
28.9333
103
28.9667
103
29
103
29.0333
103
29.0667
103
29.1
103
29.1333
103
29.1667
103
29.2
103
29.2333
103
29.2667
103
29.3
103
29.3333
103
29.3667
103
29.4
103
29.4333
103
29.4667
103
29.5
103
29.5333
103
29.5667
103
29.6
103
29.6333
103
29.6667
103
29.7
103
29.7333
103
29.7667
103
29.8
103
29.8333
103
29.8667
103
29.9
103
29.9333
103
29.9667
103
30
103
30.0333
103
30.0667
103
30.1
103
30.1333
103
30.1667
103
30.2
103
30.2333
103
30.2667
103
30.3
103
30.3333
103
30.3667
103
30.4
103
30.4333
103
30.4667
103
30.5
103
30.5333
103
30.5667
103
30.6
103
30.6333
103
30.6667
103
30.7
103
30.7333
103
30.7667
103
30.8
103
30.8333
103
30.8667
103
30.9
103
30.9333
103
30.9667
103
31
103
31.0333
103
31.0667
103
31.1
103
31.1333
103
31.1667
103
31.2
103
31.2333
103
31.2667
103
31.3
103
31.3333
103
31.3667
103
31.4
103
31.4333
103
31.4667
103
31.5
103
31.5333
103
31.5667
103
31.6
103
31.6333
103
31.6667
103
31.7
103
31.7333
103
31.7667
103
31.8
103
31.8333
103
31.8667
103
31.9
103
31.9333
103
31.9667
103
32
103
32.0333
103
32.0667
103
32.1
103
32.1333
103
32.1667
103
32.2
103
32.2333
103
32.2667
103
32.3
104
32.3333
104
32.3667
104
32.4
104
32.4333
104
32.4667
104
32.5
104
32.5333
105
32.5667
105
32.6
105
32.6333
105
32.6667
105
32.7
105
32.7333
105
32.7667
105
32.8
105
32.8333
106
32.8667
106
32.9
106
32.9333
106
32.9667
106
33
106
33.0333
106
33.0667
106
33.1
106
33.1333
106
33.1667
106
33.2
106
33.2333
106
33.2667
106
33.3
106
33.3333
106
33.3667
106
33.4
106
33.4333
106
33.4667
106
33.5
106
33.5333
106
33.5667
106
33.6
106
33.6333
106
33.6667
106
33.7
106
33.7333
106
33.7667
106
33.8
106
33.8333
106
33.8667
106
33.9
106
33.9333
106
33.9667
106
34
106
34.0333
106
34.0667
106
34.1
106
34.1333
106
34.1667
106
34.2
106
34.2333
106
34.2667
106
34.3
106
34.3333
106
34.3667
106
34.4
106
34.4333
106
34.4667
106
34.5
106
34.5333
106
34.5667
106
34.6
106
34.6333
106
34.6667
106
34.7
106
34.7333
106
34.7667
106
34.8
106
34.8333
106
34.8667
106
34.9
106
34.9333
106
34.9667
106
35
106
35.0333
106
35.0667
106
35.1
106
35.1333
106
35.1667
106
35.2
106
35.2333
106
35.2667
106
35.3
106
35.3333
106
35.3667
106
35.4
106
35.4333
106
35.4667
106
35.5
106
35.5333
106
35.5667
106
35.6
106
35.6333
106
35.6667
106
35.7
106
35.7333
106
35.7667
106
35.8
106
35.8333
106
35.8667
106
35.9
106
35.9333
106
35.9667
106
36
106
36.0333
106
36.0667
106
36.1
106
36.1333
106
36.1667
106
36.2
106
36.2333
106
36.2667
106
36.3
106
36.3333
106
36.3667
106
36.4
106
36.4333
106
36.4667
106
36.5
106
36.5333
106
36.5667
106
36.6
106
36.6333
106
36.6667
106
36.7
106
36.7333
106
36.7667
106
36.8
106
36.8333
106
36.8667
106
36.9
106
36.9333
106
36.9667
106
37
106
37.0333
106
37.0667
106
37.1
106
37.1333
106
37.1667
106
37.2
106
37.2333
106
37.2667
106
37.3
106
37.3333
106
37.3667
106
37.4
106
37.4333
106
37.4667
106
37.5
106
37.5333
106
37.5667
106
37.6
106
37.6333
106
37.6667
106
37.7
106
37.7333
106
37.7667
106
37.8
106
37.8333
106
37.8667
106
37.9
106
37.9333
106
37.9667
106
38
106
38.0333
106
38.0667
106
38.1
106
38.1333
106
38.1667
106
38.2
106
38.2333
107
38.2667
107
38.3
107
38.3333
107
38.3667
107
38.4
107
38.4333
107
38.4667
107
38.5
107
38.5333
107
38.5667
107
38.6
107
38.6333
107
38.6667
107
38.7
107
38.7333
107
38.7667
107
38.8
107
38.8333
107
38.8667
107
38.9
107
38.9333
107
38.9667
107
39
107
39.0333
107
39.0667
107
39.1
107
39.1333
107
39.1667
107
39.2
107
39.2333
107
39.2667
107
39.3
107
39.3333
108
39.3667
108
39.4
108
39.4333
108
39.4667
108
39.5
108
39.5333
108
39.5667
108
39.6
108
39.6333
108
39.6667
108
39.7
108
39.7333
108
39.7667
108
39.8
108
39.8333
108
39.8667
108
39.9
108
39.9333
108
39.9667
108
40
108
40.0333
108
40.0667
108
40.1
108
40.1333
108
40.1667
108
40.2
108
40.2333
108
40.2667
108
40.3
108
40.3333
108
40.3667
108
40.4
108
40.4333
108
40.4667
108
40.5
108
40.5333
108
40.5667
108
40.6
108
40.6333
108
40.6667
108
40.7
108
40.7333
108
40.7667
108
40.8
108
40.8333
108
40.8667
108
40.9
108
40.9333
108
40.9667
108
41
108
41.0333
108
41.0667
108
41.1
108
41.1333
108
41.1667
108
41.2
108
41.2333
109
41.2667
109
41.3
109
41.3333
109
41.3667
109
41.4
109
41.4333
109
41.4667
109
41.5
109
41.5333
109
41.5667
109
41.6
109
41.6333
109
41.6667
109
41.7
109
41.7333
109
41.7667
109
41.8
109
41.8333
109
41.8667
109
41.9
109
41.9333
109
41.9667
109
42
109
42.0333
109
42.0667
109
42.1
109
42.1333
109
42.1667
109
42.2
109
42.2333
109
42.2667
109
42.3
109
42.3333
109
42.3667
109
42.4
109
42.4333
109
42.4667
109
42.5
109
42.5333
109
42.5667
109
42.6
109
42.6333
109
42.6667
109
42.7
109
42.7333
109
42.7667
109
42.8
109
42.8333
109
42.8667
109
42.9
109
42.9333
109
42.9667
109
43
109
43.0333
109
43.0667
109
43.1
109
43.1333
109
43.1667
109
43.2
109
43.2333
109
43.2667
109
43.3
109
43.3333
109
43.3667
109
43.4
109
43.4333
109
43.4667
109
43.5
109
43.5333
109
43.5667
109
43.6
109
43.6333
109
43.6667
109
43.7
109
43.7333
109
43.7667
109
43.8
109
43.8333
109
43.8667
109
43.9
109
43.9333
109
43.9667
109
44
109
44.0333
109
44.0667
109
44.1
109
44.1333
109
44.1667
109
44.2
109
44.2333
109
44.2667
109
44.3
109
44.3333
109
44.3667
109
44.4
109
44.4333
109
44.4667
109
44.5
109
44.5333
109
44.5667
109
44.6
109
44.6333
109
44.6667
109
44.7
109
44.7333
109
44.7667
109
44.8
109
44.8333
109
44.8667
109
44.9
109
44.9333
109
44.9667
109
45
109
45.0333
110
45.0667
110
45.1
110
45.1333
110
45.1667
110
45.2
110
45.2333
110
45.2667
110
45.3
110
45.3333
110
45.3667
110
45.4
110
45.4333
110
45.4667
110
45.5
110
45.5333
110
45.5667
110
45.6
110
45.6333
110
45.6667
110
45.7
110
45.7333
110
45.7667
110
45.8
110
45.8333
110
45.8667
110
45.9
110
45.9333
110
45.9667
110
46
110
46.0333
110
46.0667
110
46.1
110
46.1333
110
46.1667
110
46.2
110
46.2333
110
46.2667
110
46.3
110
46.3333
110
46.3667
110
46.4
110
46.4333
110
46.4667
110
46.5
110
46.5333
110
46.5667
110
46.6
110
46.6333
110
46.6667
110
46.7
110
46.7333
110
46.7667
110
46.8
110
46.8333
110
46.8667
110
46.9
110
46.9333
110
46.9667
110
47
110
47.0333
110
47.0667
110
47.1
110
47.1333
110
47.1667
110
47.2
110
47.2333
110
47.2667
110
47.3
110
47.3333
110
47.3667
110
47.4
110
47.4333
110
47.4667
110
47.5
110
47.5333
110
47.5667
110
47.6
110
47.6333
110
47.6667
110
47.7
110
47.7333
110
47.7667
110
47.8
110
47.8333
110
47.8667
110
47.9
110
47.9333
110
47.9667
110
48
110
48.0333
110
48.0667
110
48.1
110
48.1333
110
48.1667
110
48.2
110
48.2333
110
48.2667
110
48.3
110
48.3333
110
48.3667
110
48.4
110
48.4333
110
48.4667
110
48.5
110
48.5333
110
48.5667
110
48.6
110
48.6333
110
48.6667
110
48.7
110
48.7333
110
48.7667
110
48.8
110
48.8333
110
48.8667
110
48.9
110
48.9333
110
48.9667
110
49
110
49.0333
110
49.0667
110
49.1
110
49.1333
110
49.1667
110
49.2
110
49.2333
110
49.2667
110
49.3
110
49.3333
110
49.3667
110
49.4
110
49.4333
110
49.4667
110
49.5
110
49.5333
110
49.5667
110
49.6
110
49.6333
110
49.6667
110
49.7
110
49.7333
110
49.7667
110
49.8
110
49.8333
110
49.8667
110
49.9
110
49.9333
110
49.9667
110
50
110
50.0333
110
50.0667
110
50.1
110
50.1333
110
50.1667
110
50.2
110
50.2333
110
50.2667
110
50.3
110
50.3333
110
50.3667
110
50.4
110
50.4333
110
50.4667
110
50.5
110
50.5333
110
50.5667
110
50.6
110
50.6333
110
50.6667
110
50.7
110
50.7333
110
50.7667
110
50.8
110
50.8333
110
50.8667
110
50.9
110
50.9333
110
50.9667
110
51
110
51.0333
110
51.0667
110
51.1
110
51.1333
110
51.1667
110
51.2
110
51.2333
110
51.2667
110
51.3
110
51.3333
110
51.3667
110
51.4
110
51.4333
110
51.4667
110
51.5
110
51.5333
110
51.5667
110
51.6
110
51.6333
110
51.6667
110
51.7
110
51.7333
110
51.7667
110
51.8
110
51.8333
110
51.8667
110
51.9
110
51.9333
110
51.9667
110
52
110
52.0333
110
52.0667
110
52.1
110
52.1333
110
52.1667
110
52.2
110
52.2333
110
52.2667
110
52.3
110
52.3333
110
52.3667
110
52.4
110
52.4333
110
52.4667
110
52.5
110
52.5333
110
52.5667
110
52.6
110
52.6333
110
52.6667
110
52.7
110
52.7333
110
52.7667
110
52.8
110
52.8333
110
52.8667
110
52.9
110
52.9333
110
52.9667
110
53
110
53.0333
110
53.0667
110
53.1
110
53.1333
110
53.1667
110
53.2
110
53.2333
110
53.2667
110
53.3
110
53.3333
110
