0
1
0.0333333
1
0.0666667
1
0.1
1
0.133333
1
0.166667
1
0.2
1
0.233333
1
0.266667
1
0.3
1
0.333333
1
0.366667
1
0.4
1
0.433333
1
0.466667
1
0.5
1
0.533333
1
0.566667
1
0.6
1
0.633333
1
0.666667
1
0.7
1
0.733333
1
0.766667
1
0.8
1
0.833333
1
0.866667
1
0.9
1
0.933333
1
0.966667
1
1
1
1.03333
1
1.06667
1
1.1
1
1.13333
1
1.16667
1
1.2
1
1.23333
1
1.26667
1
1.3
1
1.33333
1
1.36667
1
1.4
1
1.43333
1
1.46667
1
1.5
1
1.53333
1
1.56667
1
1.6
1
1.63333
1
1.66667
1
1.7
1
1.73333
1
1.76667
1
1.8
1
1.83333
1
1.86667
1
1.9
1
1.93333
1
1.96667
1
2
1
2.03333
1
2.06667
1
2.1
1
2.13333
1
2.16667
1
2.2
1
2.23333
1
2.26667
1
2.3
1
2.33333
1
2.36667
1
2.4
1
2.43333
1
2.46667
1
2.5
1
2.53333
1
2.56667
1
2.6
1
2.63333
1
2.66667
1
2.7
1
2.73333
1
2.76667
1
2.8
1
2.83333
1
2.86667
1
2.9
1
2.93333
1
2.96667
1
3
1
3.03333
1
3.06667
1
3.1
1
3.13333
1
3.16667
1
3.2
1
3.23333
1
3.26667
1
3.3
1
3.33333
1
3.36667
1
3.4
1
3.43333
1
3.46667
1
3.5
1
3.53333
1
3.56667
1
3.6
1
3.63333
1
3.66667
1
3.7
1
3.73333
1
3.76667
1
3.8
1
3.83333
1
3.86667
1
3.9
1
3.93333
1
3.96667
1
4
1
4.03333
1
4.06667
1
4.1
1
4.13333
1
4.16667
1
4.2
1
4.23333
1
4.26667
1
4.3
1
4.33333
1
4.36667
1
4.4
1
4.43333
1
4.46667
1
4.5
1
4.53333
1
4.56667
1
4.6
1
4.63333
1
4.66667
1
4.7
1
4.73333
1
4.76667
1
4.8
1
4.83333
1
4.86667
2
4.9
2
4.93333
2
4.96667
2
5
2
5.03333
2
5.06667
2
5.1
2
5.13333
2
5.16667
2
5.2
2
5.23333
2
5.26667
2
5.3
2
5.33333
3
5.36667
3
5.4
3
5.43333
3
5.46667
3
5.5
3
5.53333
3
5.56667
3
5.6
4
5.63333
5
5.66667
5
5.7
6
5.73333
6
5.76667
7
5.8
8
5.83333
8
5.86667
10
5.9
12
5.93333
12
5.96667
12
6
13
6.03333
13
6.06667
13
6.1
13
6.13333
13
6.16667
14
6.2
14
6.23333
14
6.26667
14
6.3
15
6.33333
16
6.36667
17
6.4
19
6.43333
20
6.46667
21
6.5
22
6.53333
23
6.56667
23
6.6
24
6.63333
25
6.66667
28
6.7
28
6.73333
28
6.76667
29
6.8
29
6.83333
31
6.86667
31
6.9
32
6.93333
32
6.96667
34
7
37
7.03333
38
7.06667
41
7.1
41
7.13333
44
7.16667
45
7.2
48
7.23333
49
7.26667
51
7.3
51
7.33333
52
7.36667
54
7.4
57
7.43333
63
7.46667
64
7.5
65
7.53333
66
7.56667
66
7.6
69
7.63333
70
7.66667
71
7.7
73
7.73333
74
7.76667
76
7.8
77
7.83333
79
7.86667
80
7.9
82
7.93333
83
7.96667
84
8
86
8.03333
91
8.06667
93
8.1
94
8.13333
94
8.16667
95
8.2
96
8.23333
98
8.26667
99
8.3
100
8.33333
103
8.36667
106
8.4
107
8.43333
109
8.46667
111
8.5
112
8.53333
113
8.56667
115
8.6
118
8.63333
121
8.66667
124
8.7
125
8.73333
125
8.76667
126
8.8
127
8.83333
129
8.86667
130
8.9
133
8.93333
134
8.96667
135
9
138
9.03333
141
9.06667
142
9.1
144
9.13333
146
9.16667
147
9.2
149
9.23333
151
9.26667
152
9.3
155
9.33333
155
9.36667
158
9.4
160
9.43333
161
9.46667
161
9.5
162
9.53333
163
9.56667
165
9.6
165
9.63333
166
9.66667
167
9.7
169
9.73333
171
9.76667
174
9.8
175
9.83333
177
9.86667
180
9.9
184
9.93333
187
9.96667
189
10
189
10.0333
191
10.0667
193
10.1
195
10.1333
197
10.1667
198
10.2
200
10.2333
202
10.2667
205
10.3
206
10.3333
208
10.3667
210
10.4
213
10.4333
214
10.4667
214
10.5
216
10.5333
218
10.5667
221
10.6
222
10.6333
227
10.6667
229
10.7
229
10.7333
232
10.7667
232
10.8
234
10.8333
239
10.8667
243
10.9
244
10.9333
245
10.9667
246
11
248
11.0333
249
11.0667
252
11.1
254
11.1333
256
11.1667
256
11.2
257
11.2333
259
11.2667
263
11.3
265
11.3333
266
11.3667
269
11.4
270
11.4333
270
11.4667
272
11.5
272
11.5333
274
11.5667
275
11.6
275
11.6333
275
11.6667
276
11.7
278
11.7333
280
11.7667
281
11.8
281
11.8333
282
11.8667
283
11.9
285
11.9333
285
11.9667
287
12
287
12.0333
287
12.0667
288
12.1
291
12.1333
291
12.1667
291
12.2
291
12.2333
291
12.2667
293
12.3
293
12.3333
294
12.3667
294
12.4
294
12.4333
294
12.4667
295
12.5
295
12.5333
295
12.5667
295
12.6
295
12.6333
295
12.6667
296
12.7
299
12.7333
299
12.7667
300
12.8
300
12.8333
300
12.8667
302
12.9
302
12.9333
304
12.9667
306
13
307
13.0333
309
13.0667
311
13.1
313
13.1333
315
13.1667
315
13.2
318
13.2333
320
13.2667
320
13.3
320
13.3333
320
13.3667
321
13.4
322
13.4333
322
13.4667
322
13.5
323
13.5333
325
13.5667
325
13.6
326
13.6333
326
13.6667
327
13.7
329
13.7333
332
13.7667
333
13.8
333
13.8333
335
13.8667
336
13.9
338
13.9333
339
13.9667
340
14
343
14.0333
344
14.0667
347
14.1
349
14.1333
350
14.1667
350
14.2
351
14.2333
353
14.2667
356
14.3
357
14.3333
359
14.3667
360
14.4
362
14.4333
366
14.4667
367
14.5
369
14.5333
372
14.5667
373
14.6
375
14.6333
378
14.6667
379
14.7
381
14.7333
381
14.7667
381
14.8
384
14.8333
386
14.8667
388
14.9
389
14.9333
389
14.9667
390
15
390
15.0333
390
15.0667
391
15.1
391
15.1333
394
15.1667
394
15.2
397
15.2333
397
15.2667
399
15.3
399
15.3333
399
15.3667
400
15.4
400
15.4333
400
15.4667
401
15.5
401
15.5333
402
15.5667
402
15.6
402
15.6333
403
15.6667
403
15.7
403
15.7333
404
15.7667
404
15.8
404
15.8333
404
15.8667
405
15.9
406
15.9333
407
15.9667
407
16
408
16.0333
410
16.0667
411
16.1
412
16.1333
413
16.1667
413
16.2
413
16.2333
413
16.2667
413
16.3
416
16.3333
417
16.3667
417
16.4
417
16.4333
417
16.4667
418
16.5
420
16.5333
421
16.5667
422
16.6
424
16.6333
424
16.6667
427
16.7
431
16.7333
431
16.7667
431
16.8
433
16.8333
433
16.8667
434
16.9
434
16.9333
436
16.9667
436
17
438
17.0333
439
17.0667
439
17.1
443
17.1333
445
17.1667
447
17.2
449
17.2333
450
17.2667
452
17.3
452
17.3333
452
17.3667
453
17.4
456
17.4333
458
17.4667
459
17.5
461
17.5333
466
17.5667
467
17.6
467
17.6333
468
17.6667
470
17.7
471
17.7333
472
17.7667
473
17.8
475
17.8333
477
17.8667
478
17.9
480
17.9333
480
17.9667
482
18
484
18.0333
485
18.0667
485
18.1
485
18.1333
485
18.1667
485
18.2
486
18.2333
488
18.2667
488
18.3
488
18.3333
490
18.3667
492
18.4
493
18.4333
493
18.4667
496
18.5
496
18.5333
497
18.5667
497
18.6
501
18.6333
502
18.6667
502
18.7
503
18.7333
504
18.7667
505
18.8
506
18.8333
506
18.8667
509
18.9
509
18.9333
513
18.9667
516
19
516
19.0333
519
19.0667
520
19.1
521
19.1333
521
19.1667
522
19.2
522
19.2333
522
19.2667
523
19.3
524
19.3333
525
19.3667
526
19.4
526
19.4333
526
19.4667
526
19.5
527
19.5333
527
19.5667
528
19.6
528
19.6333
529
19.6667
529
19.7
530
19.7333
530
19.7667
531
19.8
532
19.8333
532
19.8667
533
19.9
534
19.9333
535
19.9667
536
20
537
20.0333
537
20.0667
537
20.1
537
20.1333
537
20.1667
537
20.2
537
20.2333
538
20.2667
540
20.3
542
20.3333
542
20.3667
543
20.4
543
20.4333
544
20.4667
544
20.5
545
20.5333
545
20.5667
546
20.6
546
20.6333
547
20.6667
547
20.7
548
20.7333
548
20.7667
548
20.8
549
20.8333
549
20.8667
549
20.9
549
20.9333
549
20.9667
549
21
550
21.0333
550
21.0667
551
21.1
554
21.1333
555
21.1667
555
21.2
556
21.2333
557
21.2667
558
21.3
560
21.3333
563
21.3667
563
21.4
566
21.4333
567
21.4667
568
21.5
569
21.5333
571
21.5667
572
21.6
572
21.6333
572
21.6667
572
21.7
572
21.7333
573
21.7667
575
21.8
575
21.8333
576
21.8667
576
21.9
577
21.9333
577
21.9667
577
22
578
22.0333
578
22.0667
579
22.1
579
22.1333
579
22.1667
579
22.2
580
22.2333
580
22.2667
580
22.3
580
22.3333
580
22.3667
581
22.4
581
22.4333
582
22.4667
582
22.5
583
22.5333
584
22.5667
586
22.6
586
22.6333
586
22.6667
587
22.7
587
22.7333
587
22.7667
588
22.8
588
22.8333
588
22.8667
588
22.9
588
22.9333
588
22.9667
588
23
588
23.0333
588
23.0667
590
23.1
590
23.1333
591
23.1667
591
23.2
592
23.2333
593
23.2667
596
23.3
596
23.3333
596
23.3667
596
23.4
596
23.4333
599
23.4667
600
23.5
601
23.5333
601
23.5667
601
23.6
602
23.6333
602
23.6667
603
23.7
603
23.7333
603
23.7667
603
23.8
604
23.8333
606
23.8667
607
23.9
607
23.9333
609
23.9667
609
24
610
24.0333
610
24.0667
610
24.1
610
24.1333
610
24.1667
610
24.2
610
24.2333
612
24.2667
612
24.3
613
24.3333
613
24.3667
613
24.4
613
24.4333
613
24.4667
613
24.5
614
24.5333
616
24.5667
616
24.6
616
24.6333
617
24.6667
618
24.7
620
24.7333
620
24.7667
620
24.8
620
24.8333
621
24.8667
621
24.9
621
24.9333
622
24.9667
623
25
624
25.0333
625
25.0667
625
25.1
625
25.1333
626
25.1667
626
25.2
627
25.2333
628
25.2667
628
25.3
628
25.3333
628
25.3667
628
25.4
628
25.4333
628
25.4667
628
25.5
628
25.5333
628
25.5667
629
25.6
629
25.6333
629
25.6667
629
25.7
630
25.7333
630
25.7667
630
25.8
630
25.8333
630
25.8667
630
25.9
630
25.9333
633
25.9667
634
26
634
26.0333
635
26.0667
635
26.1
636
26.1333
636
26.1667
637
26.2
637
26.2333
637
26.2667
637
26.3
637
26.3333
637
26.3667
638
26.4
639
26.4333
640
26.4667
642
26.5
642
26.5333
643
26.5667
643
26.6
643
26.6333
643
26.6667
643
26.7
644
26.7333
644
26.7667
644
26.8
644
26.8333
644
26.8667
644
26.9
644
26.9333
644
26.9667
644
27
644
27.0333
644
27.0667
645
27.1
646
27.1333
647
27.1667
647
27.2
647
27.2333
647
27.2667
647
27.3
648
27.3333
649
27.3667
649
27.4
649
27.4333
649
27.4667
650
27.5
650
27.5333
651
27.5667
651
27.6
651
27.6333
652
27.6667
653
27.7
653
27.7333
655
27.7667
657
27.8
658
27.8333
658
27.8667
658
27.9
659
27.9333
661
27.9667
662
28
662
28.0333
662
28.0667
662
28.1
663
28.1333
663
28.1667
663
28.2
663
28.2333
664
28.2667
664
28.3
664
28.3333
664
28.3667
664
28.4
664
28.4333
664
28.4667
664
28.5
664
28.5333
666
28.5667
667
28.6
667
28.6333
667
28.6667
667
28.7
667
28.7333
667
28.7667
667
28.8
667
28.8333
668
28.8667
669
28.9
669
28.9333
669
28.9667
669
29
670
29.0333
670
29.0667
670
29.1
670
29.1333
670
29.1667
670
29.2
670
29.2333
671
29.2667
673
29.3
673
29.3333
673
29.3667
673
29.4
674
29.4333
675
29.4667
675
29.5
675
29.5333
676
29.5667
677
29.6
677
29.6333
678
29.6667
678
29.7
679
29.7333
680
29.7667
681
29.8
681
29.8333
681
29.8667
681
29.9
681
29.9333
681
29.9667
681
30
682
30.0333
682
30.0667
682
30.1
682
30.1333
682
30.1667
682
30.2
683
30.2333
683
30.2667
683
30.3
684
30.3333
684
30.3667
685
30.4
685
30.4333
685
30.4667
685
30.5
685
30.5333
685
30.5667
685
30.6
685
30.6333
686
30.6667
686
30.7
686
30.7333
687
30.7667
687
30.8
688
30.8333
688
30.8667
688
30.9
688
30.9333
688
30.9667
688
31
688
31.0333
689
31.0667
690
31.1
690
31.1333
690
31.1667
690
31.2
690
31.2333
691
31.2667
691
31.3
692
31.3333
692
31.3667
692
31.4
692
31.4333
692
31.4667
692
31.5
692
31.5333
692
31.5667
692
31.6
692
31.6333
692
31.6667
692
31.7
692
31.7333
692
31.7667
692
31.8
692
31.8333
693
31.8667
693
31.9
693
31.9333
693
31.9667
694
32
695
32.0333
695
32.0667
695
32.1
695
32.1333
695
32.1667
695
32.2
695
32.2333
695
32.2667
695
32.3
695
32.3333
696
32.3667
696
32.4
697
32.4333
697
32.4667
698
32.5
699
32.5333
699
32.5667
699
32.6
699
32.6333
699
32.6667
699
32.7
700
32.7333
700
32.7667
700
32.8
701
32.8333
701
32.8667
702
32.9
703
32.9333
703
32.9667
703
33
703
33.0333
703
33.0667
703
33.1
704
33.1333
704
33.1667
705
33.2
705
33.2333
705
33.2667
705
33.3
705
33.3333
705
33.3667
705
33.4
706
33.4333
706
33.4667
706
33.5
706
33.5333
707
33.5667
707
33.6
707
33.6333
707
33.6667
708
33.7
709
33.7333
710
33.7667
710
33.8
710
33.8333
710
33.8667
711
33.9
711
33.9333
711
33.9667
712
34
712
34.0333
712
34.0667
712
34.1
713
34.1333
713
34.1667
713
34.2
713
34.2333
713
34.2667
713
34.3
714
34.3333
714
34.3667
714
34.4
714
34.4333
715
34.4667
715
34.5
717
34.5333
717
34.5667
717
34.6
717
34.6333
718
34.6667
718
34.7
719
34.7333
720
34.7667
721
34.8
721
34.8333
721
34.8667
721
34.9
721
34.9333
722
34.9667
722
35
722
35.0333
723
35.0667
724
35.1
724
35.1333
725
35.1667
726
35.2
726
35.2333
726
35.2667
726
35.3
727
35.3333
727
35.3667
727
35.4
727
35.4333
728
35.4667
728
35.5
728
35.5333
728
35.5667
728
35.6
728
35.6333
728
35.6667
728
35.7
728
35.7333
728
35.7667
728
35.8
729
35.8333
729
35.8667
729
35.9
729
35.9333
729
35.9667
729
36
729
36.0333
729
36.0667
729
36.1
729
36.1333
729
36.1667
729
36.2
729
36.2333
729
36.2667
729
36.3
730
36.3333
730
36.3667
730
36.4
730
36.4333
730
36.4667
730
36.5
730
36.5333
730
36.5667
730
36.6
730
36.6333
730
36.6667
730
36.7
730
36.7333
731
36.7667
731
36.8
731
36.8333
731
36.8667
731
36.9
731
36.9333
732
36.9667
732
37
732
37.0333
732
37.0667
732
37.1
733
37.1333
733
37.1667
733
37.2
733
37.2333
733
37.2667
733
37.3
733
37.3333
733
37.3667
734
37.4
734
37.4333
734
37.4667
734
37.5
734
37.5333
734
37.5667
734
37.6
734
37.6333
735
37.6667
735
37.7
735
37.7333
735
37.7667
737
37.8
737
37.8333
737
37.8667
737
37.9
737
37.9333
737
37.9667
737
38
737
38.0333
737
38.0667
737
38.1
737
38.1333
737
38.1667
737
38.2
738
38.2333
738
38.2667
738
38.3
738
38.3333
738
38.3667
739
38.4
739
38.4333
739
38.4667
739
38.5
739
38.5333
739
38.5667
739
38.6
740
38.6333
740
38.6667
740
38.7
740
38.7333
740
38.7667
740
38.8
740
38.8333
741
38.8667
742
38.9
742
38.9333
742
38.9667
742
39
743
39.0333
743
39.0667
744
39.1
745
39.1333
747
39.1667
748
39.2
748
39.2333
748
39.2667
748
39.3
749
39.3333
750
39.3667
750
39.4
751
39.4333
753
39.4667
753
39.5
754
39.5333
754
39.5667
754
39.6
755
39.6333
755
39.6667
755
39.7
755
39.7333
755
39.7667
756
39.8
757
39.8333
758
39.8667
758
39.9
758
39.9333
758
39.9667
758
40
758
40.0333
759
40.0667
759
40.1
759
40.1333
759
40.1667
759
40.2
759
40.2333
759
40.2667
759
40.3
759
40.3333
759
40.3667
759
40.4
759
40.4333
759
40.4667
759
40.5
759
40.5333
759
40.5667
759
40.6
759
40.6333
759
40.6667
759
40.7
760
40.7333
760
40.7667
760
40.8
760
40.8333
760
40.8667
760
40.9
760
40.9333
760
40.9667
760
41
760
41.0333
760
41.0667
760
41.1
760
41.1333
760
41.1667
760
41.2
760
41.2333
760
41.2667
760
41.3
760
41.3333
760
41.3667
760
41.4
760
41.4333
760
41.4667
760
41.5
760
41.5333
760
41.5667
760
41.6
760
41.6333
760
41.6667
760
41.7
760
41.7333
760
41.7667
760
41.8
760
41.8333
760
41.8667
760
41.9
760
41.9333
760
41.9667
760
42
760
42.0333
760
42.0667
760
42.1
760
42.1333
760
42.1667
760
42.2
760
42.2333
760
42.2667
760
42.3
760
42.3333
760
42.3667
760
42.4
760
42.4333
760
42.4667
760
42.5
760
42.5333
760
42.5667
760
42.6
760
42.6333
760
42.6667
760
42.7
761
42.7333
761
42.7667
761
42.8
761
42.8333
761
42.8667
761
42.9
761
42.9333
761
42.9667
761
43
761
43.0333
761
43.0667
761
43.1
761
43.1333
761
43.1667
761
43.2
761
43.2333
761
43.2667
761
43.3
761
43.3333
761
43.3667
761
43.4
761
43.4333
762
43.4667
762
43.5
762
43.5333
762
43.5667
762
43.6
762
43.6333
762
43.6667
763
43.7
763
43.7333
763
43.7667
763
43.8
763
43.8333
763
43.8667
763
43.9
763
43.9333
763
43.9667
763
44
763
44.0333
763
44.0667
763
44.1
763
44.1333
763
44.1667
763
44.2
763
44.2333
763
44.2667
763
44.3
763
44.3333
763
44.3667
763
44.4
763
44.4333
763
44.4667
763
44.5
763
44.5333
763
44.5667
763
44.6
764
44.6333
764
44.6667
764
44.7
764
44.7333
764
44.7667
764
44.8
765
44.8333
765
44.8667
765
44.9
765
44.9333
765
44.9667
765
45
765
45.0333
765
45.0667
765
45.1
765
45.1333
765
45.1667
765
45.2
765
45.2333
766
45.2667
766
45.3
766
45.3333
766
45.3667
766
45.4
766
45.4333
766
45.4667
766
45.5
767
45.5333
767
45.5667
767
45.6
767
45.6333
767
45.6667
767
45.7
767
45.7333
767
45.7667
767
45.8
767
45.8333
767
45.8667
767
45.9
767
45.9333
767
45.9667
767
46
767
46.0333
767
46.0667
767
46.1
767
46.1333
767
46.1667
767
46.2
767
46.2333
767
46.2667
767
46.3
767
46.3333
767
46.3667
767
46.4
767
46.4333
767
46.4667
768
46.5
769
46.5333
769
46.5667
769
46.6
769
46.6333
769
46.6667
769
46.7
770
46.7333
770
46.7667
770
46.8
770
46.8333
770
46.8667
770
46.9
770
46.9333
770
46.9667
770
47
770
47.0333
770
47.0667
770
47.1
771
47.1333
771
47.1667
771
47.2
771
47.2333
771
47.2667
771
47.3
771
47.3333
771
47.3667
771
47.4
771
47.4333
772
47.4667
772
47.5
772
47.5333
772
47.5667
772
47.6
772
47.6333
772
47.6667
772
47.7
772
47.7333
772
47.7667
772
47.8
772
47.8333
773
47.8667
773
47.9
773
47.9333
773
47.9667
773
48
773
48.0333
773
48.0667
773
48.1
773
48.1333
773
48.1667
773
48.2
773
48.2333
773
48.2667
774
48.3
774
48.3333
774
48.3667
774
48.4
774
48.4333
774
48.4667
774
48.5
774
48.5333
774
48.5667
775
48.6
775
48.6333
775
48.6667
775
48.7
775
48.7333
775
48.7667
775
48.8
775
48.8333
775
48.8667
775
48.9
776
48.9333
776
48.9667
776
49
776
49.0333
776
49.0667
776
49.1
777
49.1333
777
49.1667
777
49.2
777
49.2333
777
49.2667
778
49.3
778
49.3333
778
49.3667
778
49.4
779
49.4333
779
49.4667
779
49.5
780
49.5333
781
49.5667
781
49.6
781
49.6333
781
49.6667
781
49.7
781
49.7333
781
49.7667
781
49.8
781
49.8333
781
49.8667
781
49.9
781
49.9333
781
49.9667
781
50
781
50.0333
782
50.0667
783
50.1
783
50.1333
784
50.1667
784
50.2
784
50.2333
784
50.2667
784
50.3
784
50.3333
784
50.3667
785
50.4
785
50.4333
785
50.4667
785
50.5
786
50.5333
786
50.5667
786
50.6
786
50.6333
786
50.6667
786
50.7
786
50.7333
786
50.7667
786
50.8
786
50.8333
786
50.8667
786
50.9
786
50.9333
786
50.9667
786
51
786
51.0333
786
51.0667
786
51.1
786
51.1333
786
51.1667
786
51.2
786
51.2333
786
51.2667
787
51.3
787
51.3333
787
51.3667
787
51.4
787
51.4333
787
51.4667
788
51.5
788
51.5333
788
51.5667
788
51.6
789
51.6333
789
51.6667
789
51.7
789
51.7333
789
51.7667
789
51.8
790
51.8333
790
51.8667
790
51.9
790
51.9333
790
51.9667
791
52
791
52.0333
791
52.0667
791
52.1
791
52.1333
792
52.1667
792
52.2
792
52.2333
792
52.2667
793
52.3
794
52.3333
794
52.3667
794
52.4
794
52.4333
794
52.4667
794
52.5
794
52.5333
794
52.5667
794
52.6
796
52.6333
796
52.6667
797
52.7
797
52.7333
797
52.7667
797
52.8
797
52.8333
797
52.8667
798
52.9
799
52.9333
799
52.9667
800
53
800
53.0333
801
53.0667
801
53.1
802
53.1333
802
53.1667
802
53.2
802
53.2333
802
53.2667
803
53.3
803
53.3333
803
