0
1
0.0333333
1
0.0666667
1
0.1
1
0.133333
1
0.166667
1
0.2
1
0.233333
1
0.266667
1
0.3
1
0.333333
1
0.366667
1
0.4
1
0.433333
1
0.466667
1
0.5
1
0.533333
1
0.566667
1
0.6
1
0.633333
1
0.666667
1
0.7
1
0.733333
1
0.766667
1
0.8
1
0.833333
1
0.866667
1
0.9
1
0.933333
1
0.966667
1
1
1
1.03333
1
1.06667
1
1.1
1
1.13333
1
1.16667
1
1.2
1
1.23333
1
1.26667
1
1.3
1
1.33333
1
1.36667
1
1.4
1
1.43333
1
1.46667
1
1.5
1
1.53333
1
1.56667
1
1.6
1
1.63333
1
1.66667
1
1.7
1
1.73333
1
1.76667
1
1.8
1
1.83333
1
1.86667
1
1.9
1
1.93333
1
1.96667
1
2
1
2.03333
1
2.06667
1
2.1
1
2.13333
1
2.16667
1
2.2
1
2.23333
1
2.26667
1
2.3
1
2.33333
1
2.36667
1
2.4
1
2.43333
1
2.46667
1
2.5
1
2.53333
1
2.56667
1
2.6
1
2.63333
1
2.66667
1
2.7
1
2.73333
1
2.76667
1
2.8
1
2.83333
1
2.86667
1
2.9
1
2.93333
1
2.96667
1
3
1
3.03333
1
3.06667
1
3.1
1
3.13333
1
3.16667
1
3.2
1
3.23333
1
3.26667
1
3.3
1
3.33333
1
3.36667
1
3.4
1
3.43333
1
3.46667
1
3.5
1
3.53333
1
3.56667
1
3.6
1
3.63333
1
3.66667
1
3.7
1
3.73333
1
3.76667
1
3.8
1
3.83333
1
3.86667
1
3.9
1
3.93333
1
3.96667
1
4
1
4.03333
1
4.06667
1
4.1
1
4.13333
1
4.16667
1
4.2
1
4.23333
1
4.26667
1
4.3
1
4.33333
1
4.36667
1
4.4
1
4.43333
1
4.46667
1
4.5
1
4.53333
1
4.56667
1
4.6
1
4.63333
1
4.66667
1
4.7
2
4.73333
2
4.76667
2
4.8
2
4.83333
2
4.86667
2
4.9
2
4.93333
2
4.96667
2
5
2
5.03333
2
5.06667
2
5.1
3
5.13333
3
5.16667
4
5.2
4
5.23333
5
5.26667
5
5.3
5
5.33333
5
5.36667
6
5.4
7
5.43333
8
5.46667
8
5.5
8
5.53333
10
5.56667
10
5.6
10
5.63333
11
5.66667
11
5.7
12
5.73333
12
5.76667
13
5.8
13
5.83333
13
5.86667
13
5.9
13
5.93333
13
5.96667
13
6
13
6.03333
13
6.06667
13
6.1
13
6.13333
14
6.16667
15
6.2
16
6.23333
18
6.26667
20
6.3
21
6.33333
22
6.36667
23
6.4
24
6.43333
24
6.46667
24
6.5
24
6.53333
25
6.56667
26
6.6
27
6.63333
30
6.66667
31
6.7
34
6.73333
34
6.76667
35
6.8
35
6.83333
36
6.86667
38
6.9
41
6.93333
43
6.96667
45
7
46
7.03333
51
7.06667
53
7.1
55
7.13333
58
7.16667
62
7.2
63
7.23333
64
7.26667
68
7.3
70
7.33333
71
7.36667
75
7.4
76
7.43333
80
7.46667
84
7.5
90
7.53333
91
7.56667
92
7.6
94
7.63333
97
7.66667
103
7.7
104
7.73333
106
7.76667
107
7.8
110
7.83333
112
7.86667
113
7.9
116
7.93333
118
7.96667
120
8
123
8.03333
124
8.06667
125
8.1
125
8.13333
127
8.16667
128
8.2
130
8.23333
131
8.26667
133
8.3
136
8.33333
137
8.36667
138
8.4
139
8.43333
139
8.46667
141
8.5
144
8.53333
147
8.56667
148
8.6
148
8.63333
150
8.66667
151
8.7
151
8.73333
153
8.76667
154
8.8
154
8.83333
156
8.86667
157
8.9
158
8.93333
160
8.96667
162
9
163
9.03333
164
9.06667
166
9.1
167
9.13333
169
9.16667
169
9.2
172
9.23333
175
9.26667
175
9.3
176
9.33333
180
9.36667
183
9.4
183
9.43333
185
9.46667
186
9.5
186
9.53333
188
9.56667
189
9.6
189
9.63333
190
9.66667
195
9.7
198
9.73333
200
9.76667
201
9.8
202
9.83333
202
9.86667
203
9.9
204
9.93333
205
9.96667
206
10
207
10.0333
207
10.0667
207
10.1
209
10.1333
210
10.1667
210
10.2
213
10.2333
213
10.2667
217
10.3
217
10.3333
217
10.3667
219
10.4
220
10.4333
221
10.4667
224
10.5
226
10.5333
227
10.5667
229
10.6
229
10.6333
231
10.6667
233
10.7
234
10.7333
237
10.7667
240
10.8
243
10.8333
245
10.8667
245
10.9
247
10.9333
251
10.9667
252
11
252
11.0333
252
11.0667
252
11.1
252
11.1333
253
11.1667
257
11.2
258
11.2333
259
11.2667
260
11.3
263
11.3333
266
11.3667
268
11.4
269
11.4333
270
11.4667
271
11.5
272
11.5333
273
11.5667
273
11.6
274
11.6333
275
11.6667
277
11.7
279
11.7333
280
11.7667
282
11.8
286
11.8333
286
11.8667
287
11.9
290
11.9333
290
11.9667
292
12
292
12.0333
293
12.0667
295
12.1
296
12.1333
298
12.1667
298
12.2
300
12.2333
302
12.2667
305
12.3
305
12.3333
305
12.3667
308
12.4
311
12.4333
312
12.4667
312
12.5
314
12.5333
315
12.5667
315
12.6
318
12.6333
319
12.6667
319
12.7
321
12.7333
325
12.7667
326
12.8
326
12.8333
328
12.8667
329
12.9
330
12.9333
333
12.9667
334
13
336
13.0333
336
13.0667
336
13.1
336
13.1333
338
13.1667
340
13.2
340
13.2333
340
13.2667
340
13.3
340
13.3333
340
13.3667
341
13.4
343
13.4333
346
13.4667
348
13.5
348
13.5333
349
13.5667
349
13.6
350
13.6333
352
13.6667
354
13.7
355
13.7333
357
13.7667
360
13.8
362
13.8333
366
13.8667
368
13.9
371
13.9333
371
13.9667
371
14
374
14.0333
375
14.0667
376
14.1
377
14.1333
378
14.1667
381
14.2
382
14.2333
382
14.2667
384
14.3
386
14.3333
388
14.3667
389
14.4
391
14.4333
396
14.4667
396
14.5
399
14.5333
399
14.5667
399
14.6
399
14.6333
399
14.6667
399
14.7
400
14.7333
401
14.7667
402
14.8
405
14.8333
406
14.8667
406
14.9
408
14.9333
411
14.9667
411
15
413
15.0333
415
15.0667
418
15.1
420
15.1333
422
15.1667
428
15.2
428
15.2333
430
15.2667
431
15.3
435
15.3333
436
15.3667
437
15.4
437
15.4333
440
15.4667
441
15.5
442
15.5333
443
15.5667
445
15.6
445
15.6333
446
15.6667
446
15.7
447
15.7333
447
15.7667
447
15.8
448
15.8333
448
15.8667
451
15.9
451
15.9333
453
15.9667
453
16
453
16.0333
454
16.0667
454
16.1
454
16.1333
455
16.1667
457
16.2
459
16.2333
462
16.2667
465
16.3
466
16.3333
467
16.3667
467
16.4
467
16.4333
468
16.4667
471
16.5
472
16.5333
473
16.5667
473
16.6
473
16.6333
474
16.6667
474
16.7
477
16.7333
480
16.7667
480
16.8
481
16.8333
481
16.8667
481
16.9
482
16.9333
483
16.9667
485
17
486
17.0333
488
17.0667
489
17.1
491
17.1333
491
17.1667
491
17.2
491
17.2333
492
17.2667
492
17.3
495
17.3333
495
17.3667
495
17.4
496
17.4333
498
17.4667
498
17.5
500
17.5333
500
17.5667
500
17.6
500
17.6333
502
17.6667
502
17.7
502
17.7333
504
17.7667
506
17.8
507
17.8333
509
17.8667
510
17.9
510
17.9333
510
17.9667
510
18
511
18.0333
511
18.0667
512
18.1
513
18.1333
514
18.1667
514
18.2
515
18.2333
517
18.2667
517
18.3
518
18.3333
520
18.3667
522
18.4
524
18.4333
526
18.4667
528
18.5
529
18.5333
530
18.5667
530
18.6
530
18.6333
530
18.6667
530
18.7
532
18.7333
534
18.7667
534
18.8
536
18.8333
538
18.8667
541
18.9
542
18.9333
542
18.9667
542
19
543
19.0333
544
19.0667
544
19.1
545
19.1333
545
19.1667
546
19.2
546
19.2333
548
19.2667
550
19.3
552
19.3333
553
19.3667
553
19.4
556
19.4333
557
19.4667
559
19.5
563
19.5333
565
19.5667
565
19.6
566
19.6333
568
19.6667
569
19.7
574
19.7333
574
19.7667
574
19.8
574
19.8333
577
19.8667
579
19.9
580
19.9333
582
19.9667
582
20
582
20.0333
585
20.0667
586
20.1
586
20.1333
588
20.1667
589
20.2
589
20.2333
591
20.2667
591
20.3
594
20.3333
595
20.3667
595
20.4
596
20.4333
597
20.4667
599
20.5
600
20.5333
600
20.5667
601
20.6
603
20.6333
603
20.6667
603
20.7
603
20.7333
603
20.7667
604
20.8
604
20.8333
606
20.8667
609
20.9
610
20.9333
611
20.9667
611
21
611
21.0333
612
21.0667
614
21.1
614
21.1333
614
21.1667
615
21.2
616
21.2333
617
21.2667
619
21.3
620
21.3333
621
21.3667
622
21.4
624
21.4333
625
21.4667
626
21.5
627
21.5333
629
21.5667
631
21.6
632
21.6333
635
21.6667
636
21.7
638
21.7333
642
21.7667
644
21.8
647
21.8333
647
21.8667
647
21.9
647
21.9333
648
21.9667
648
22
648
22.0333
648
22.0667
648
22.1
649
22.1333
650
22.1667
650
22.2
650
22.2333
652
22.2667
652
22.3
652
22.3333
652
22.3667
652
22.4
652
22.4333
652
22.4667
652
22.5
652
22.5333
652
22.5667
652
22.6
654
22.6333
656
22.6667
656
22.7
656
22.7333
656
22.7667
656
22.8
657
22.8333
658
22.8667
659
22.9
659
22.9333
659
22.9667
660
23
660
23.0333
661
23.0667
661
23.1
663
23.1333
663
23.1667
663
23.2
664
23.2333
665
23.2667
667
23.3
667
23.3333
667
23.3667
667
23.4
669
23.4333
669
23.4667
671
23.5
671
23.5333
671
23.5667
673
23.6
673
23.6333
673
23.6667
674
23.7
675
23.7333
676
23.7667
676
23.8
677
23.8333
677
23.8667
677
23.9
677
23.9333
677
23.9667
677
24
678
24.0333
679
24.0667
679
24.1
680
24.1333
680
24.1667
681
24.2
682
24.2333
682
24.2667
683
24.3
683
24.3333
683
24.3667
686
24.4
686
24.4333
686
24.4667
686
24.5
687
24.5333
687
24.5667
688
24.6
689
24.6333
691
24.6667
692
24.7
692
24.7333
693
24.7667
693
24.8
694
24.8333
694
24.8667
695
24.9
695
24.9333
695
24.9667
695
25
696
25.0333
696
25.0667
698
25.1
698
25.1333
699
25.1667
700
25.2
701
25.2333
701
25.2667
701
25.3
702
25.3333
702
25.3667
702
25.4
703
25.4333
704
25.4667
704
25.5
705
25.5333
706
25.5667
706
25.6
707
25.6333
707
25.6667
709
25.7
709
25.7333
709
25.7667
709
25.8
709
25.8333
710
25.8667
710
25.9
712
25.9333
712
25.9667
712
26
713
26.0333
714
26.0667
714
26.1
714
26.1333
714
26.1667
714
26.2
715
26.2333
715
26.2667
715
26.3
716
26.3333
716
26.3667
719
26.4
720
26.4333
721
26.4667
722
26.5
722
26.5333
723
26.5667
723
26.6
723
26.6333
723
26.6667
725
26.7
725
26.7333
725
26.7667
725
26.8
725
26.8333
726
26.8667
726
26.9
726
26.9333
727
26.9667
727
27
727
27.0333
728
27.0667
728
27.1
729
27.1333
730
27.1667
731
27.2
731
27.2333
733
27.2667
734
27.3
734
27.3333
735
27.3667
735
27.4
736
27.4333
737
27.4667
737
27.5
738
27.5333
738
27.5667
739
27.6
741
27.6333
743
27.6667
744
27.7
744
27.7333
744
27.7667
744
27.8
744
27.8333
744
27.8667
745
27.9
746
27.9333
746
27.9667
746
28
747
28.0333
748
28.0667
748
28.1
748
28.1333
748
28.1667
748
28.2
748
28.2333
748
28.2667
750
28.3
750
28.3333
751
28.3667
751
28.4
751
28.4333
752
28.4667
752
28.5
753
28.5333
754
28.5667
754
28.6
756
28.6333
756
28.6667
756
28.7
757
28.7333
757
28.7667
757
28.8
758
28.8333
759
28.8667
759
28.9
761
28.9333
761
28.9667
762
29
763
29.0333
763
29.0667
764
29.1
764
29.1333
766
29.1667
767
29.2
771
29.2333
772
29.2667
773
29.3
774
29.3333
774
29.3667
775
29.4
775
29.4333
775
29.4667
775
29.5
775
29.5333
775
29.5667
777
29.6
777
29.6333
778
29.6667
779
29.7
780
29.7333
780
29.7667
780
29.8
781
29.8333
781
29.8667
781
29.9
781
29.9333
781
29.9667
781
30
781
30.0333
782
30.0667
782
30.1
783
30.1333
783
30.1667
783
30.2
783
30.2333
785
30.2667
785
30.3
788
30.3333
789
30.3667
790
30.4
790
30.4333
790
30.4667
791
30.5
791
30.5333
791
30.5667
792
30.6
792
30.6333
792
30.6667
793
30.7
793
30.7333
793
30.7667
793
30.8
793
30.8333
793
30.8667
793
30.9
794
30.9333
794
30.9667
795
31
796
31.0333
797
31.0667
798
31.1
798
31.1333
798
31.1667
800
31.2
800
31.2333
800
31.2667
800
31.3
801
31.3333
802
31.3667
802
31.4
803
31.4333
804
31.4667
804
31.5
804
31.5333
804
31.5667
805
31.6
805
31.6333
805
31.6667
805
31.7
805
31.7333
806
31.7667
806
31.8
806
31.8333
806
31.8667
806
31.9
806
31.9333
806
31.9667
806
32
806
32.0333
806
32.0667
806
32.1
806
32.1333
806
32.1667
807
32.2
807
32.2333
807
32.2667
807
32.3
807
32.3333
807
32.3667
807
32.4
808
32.4333
808
32.4667
808
32.5
808
32.5333
808
32.5667
808
32.6
809
32.6333
809
32.6667
809
32.7
809
32.7333
809
32.7667
809
32.8
809
32.8333
809
32.8667
809
32.9
809
32.9333
809
32.9667
809
33
809
33.0333
809
33.0667
810
33.1
810
33.1333
810
33.1667
810
33.2
811
33.2333
813
33.2667
814
33.3
814
33.3333
815
33.3667
815
33.4
815
33.4333
815
33.4667
816
33.5
816
33.5333
817
33.5667
819
33.6
819
33.6333
819
33.6667
819
33.7
820
33.7333
820
33.7667
821
33.8
821
33.8333
821
33.8667
822
33.9
822
33.9333
823
33.9667
823
34
823
34.0333
823
34.0667
823
34.1
824
34.1333
824
34.1667
824
34.2
824
34.2333
824
34.2667
824
34.3
825
34.3333
826
34.3667
826
34.4
826
34.4333
826
34.4667
826
34.5
826
34.5333
826
34.5667
826
34.6
826
34.6333
826
34.6667
828
34.7
829
34.7333
829
34.7667
829
34.8
829
34.8333
829
34.8667
829
34.9
829
34.9333
829
34.9667
830
35
830
35.0333
831
35.0667
831
35.1
831
35.1333
831
35.1667
831
35.2
832
35.2333
832
35.2667
833
35.3
833
35.3333
833
35.3667
833
35.4
833
35.4333
833
35.4667
833
35.5
833
35.5333
833
35.5667
833
35.6
833
35.6333
834
35.6667
834
35.7
834
35.7333
834
35.7667
835
35.8
835
35.8333
835
35.8667
835
35.9
835
35.9333
835
35.9667
835
36
835
36.0333
835
36.0667
835
36.1
835
36.1333
835
36.1667
835
36.2
835
36.2333
835
36.2667
835
36.3
835
36.3333
835
36.3667
835
36.4
835
36.4333
835
36.4667
835
36.5
836
36.5333
837
36.5667
838
36.6
838
36.6333
838
36.6667
838
36.7
838
36.7333
838
36.7667
838
36.8
839
36.8333
839
36.8667
841
36.9
841
36.9333
841
36.9667
842
37
842
37.0333
842
37.0667
842
37.1
843
37.1333
843
37.1667
843
37.2
845
37.2333
845
37.2667
846
37.3
847
37.3333
847
37.3667
847
37.4
847
37.4333
847
37.4667
847
37.5
847
37.5333
847
37.5667
847
37.6
847
37.6333
847
37.6667
847
37.7
847
37.7333
848
37.7667
849
37.8
849
37.8333
850
37.8667
850
37.9
850
37.9333
850
37.9667
850
38
850
38.0333
851
38.0667
851
38.1
852
38.1333
852
38.1667
852
38.2
852
38.2333
852
38.2667
852
38.3
852
38.3333
852
38.3667
852
38.4
852
38.4333
852
38.4667
852
38.5
852
38.5333
852
38.5667
852
38.6
853
38.6333
853
38.6667
853
38.7
854
38.7333
854
38.7667
854
38.8
854
38.8333
854
38.8667
854
38.9
854
38.9333
854
38.9667
854
39
854
39.0333
854
39.0667
854
39.1
854
39.1333
855
39.1667
855
39.2
855
39.2333
855
39.2667
855
39.3
856
39.3333
856
39.3667
856
39.4
856
39.4333
856
39.4667
856
39.5
856
39.5333
856
39.5667
858
39.6
859
39.6333
859
39.6667
860
39.7
860
39.7333
860
39.7667
860
39.8
860
39.8333
860
39.8667
860
39.9
860
39.9333
861
39.9667
861
40
862
40.0333
862
40.0667
862
40.1
862
40.1333
862
40.1667
863
40.2
863
40.2333
863
40.2667
863
40.3
864
40.3333
864
40.3667
864
40.4
864
40.4333
864
40.4667
864
40.5
865
40.5333
865
40.5667
865
40.6
865
40.6333
865
40.6667
866
40.7
866
40.7333
866
40.7667
866
40.8
866
40.8333
866
40.8667
866
40.9
866
40.9333
866
40.9667
867
41
868
41.0333
869
41.0667
870
41.1
870
41.1333
870
41.1667
870
41.2
870
41.2333
871
41.2667
872
41.3
872
41.3333
872
41.3667
872
41.4
872
41.4333
872
41.4667
872
41.5
872
41.5333
872
41.5667
872
41.6
872
41.6333
872
41.6667
872
41.7
872
41.7333
872
41.7667
872
41.8
872
41.8333
872
41.8667
872
41.9
872
41.9333
872
41.9667
872
42
872
42.0333
872
42.0667
872
42.1
872
42.1333
872
42.1667
872
42.2
873
42.2333
873
42.2667
873
42.3
873
42.3333
873
42.3667
873
42.4
873
42.4333
873
42.4667
873
42.5
873
42.5333
873
42.5667
873
42.6
874
42.6333
874
42.6667
874
42.7
874
42.7333
874
42.7667
874
42.8
874
42.8333
874
42.8667
874
42.9
874
42.9333
874
42.9667
875
43
875
43.0333
875
43.0667
875
43.1
875
43.1333
875
43.1667
875
43.2
875
43.2333
875
43.2667
875
43.3
875
43.3333
875
43.3667
875
43.4
875
43.4333
875
43.4667
876
43.5
876
43.5333
876
43.5667
876
43.6
876
43.6333
876
43.6667
876
43.7
877
43.7333
877
43.7667
877
43.8
877
43.8333
877
43.8667
877
43.9
878
43.9333
878
43.9667
879
44
880
44.0333
880
44.0667
880
44.1
880
44.1333
880
44.1667
880
44.2
880
44.2333
880
44.2667
880
44.3
881
44.3333
881
44.3667
881
44.4
881
44.4333
881
44.4667
881
44.5
881
44.5333
881
44.5667
881
44.6
881
44.6333
881
44.6667
881
44.7
881
44.7333
881
44.7667
881
44.8
882
44.8333
882
44.8667
883
44.9
883
44.9333
884
44.9667
884
45
884
45.0333
885
45.0667
885
45.1
885
45.1333
885
45.1667
885
45.2
885
45.2333
885
45.2667
885
45.3
885
45.3333
885
45.3667
885
45.4
885
45.4333
885
45.4667
885
45.5
885
45.5333
885
45.5667
885
45.6
885
45.6333
886
45.6667
886
45.7
886
45.7333
886
45.7667
887
45.8
887
45.8333
887
45.8667
888
45.9
888
45.9333
888
45.9667
888
46
888
46.0333
888
46.0667
888
46.1
888
46.1333
888
46.1667
888
46.2
888
46.2333
888
46.2667
888
46.3
888
46.3333
889
46.3667
889
46.4
890
46.4333
890
46.4667
891
46.5
892
46.5333
893
46.5667
893
46.6
893
46.6333
895
46.6667
895
46.7
895
46.7333
895
46.7667
895
46.8
895
46.8333
895
46.8667
895
46.9
895
46.9333
896
46.9667
896
47
896
47.0333
896
47.0667
896
47.1
897
47.1333
898
47.1667
898
47.2
899
47.2333
899
47.2667
900
47.3
900
47.3333
900
47.3667
900
47.4
900
47.4333
900
47.4667
900
47.5
900
47.5333
901
47.5667
901
47.6
902
47.6333
902
47.6667
902
47.7
902
47.7333
902
47.7667
902
47.8
903
47.8333
903
47.8667
903
47.9
903
47.9333
903
47.9667
903
48
903
48.0333
903
48.0667
903
48.1
903
48.1333
903
48.1667
903
48.2
904
48.2333
904
48.2667
905
48.3
906
48.3333
906
48.3667
906
48.4
907
48.4333
907
48.4667
907
48.5
907
48.5333
907
48.5667
907
48.6
907
48.6333
907
48.6667
907
48.7
908
48.7333
909
48.7667
909
48.8
909
48.8333
909
48.8667
909
48.9
909
48.9333
910
48.9667
912
49
912
49.0333
912
49.0667
912
49.1
912
49.1333
912
49.1667
913
49.2
913
49.2333
913
49.2667
913
49.3
913
49.3333
913
49.3667
913
49.4
913
49.4333
913
49.4667
914
49.5
914
49.5333
914
49.5667
915
49.6
915
49.6333
915
49.6667
915
49.7
916
49.7333
916
49.7667
917
49.8
918
49.8333
918
49.8667
918
49.9
919
49.9333
919
49.9667
919
50
919
50.0333
919
50.0667
919
50.1
919
50.1333
919
50.1667
919
50.2
919
50.2333
920
50.2667
921
50.3
921
50.3333
921
50.3667
921
50.4
922
50.4333
923
50.4667
924
50.5
925
50.5333
925
50.5667
925
50.6
925
50.6333
925
50.6667
925
50.7
925
50.7333
925
50.7667
925
50.8
925
50.8333
925
50.8667
925
50.9
925
50.9333
925
50.9667
925
51
926
51.0333
926
51.0667
926
51.1
926
51.1333
926
51.1667
927
51.2
928
51.2333
928
51.2667
928
51.3
929
51.3333
929
51.3667
929
51.4
929
51.4333
930
51.4667
930
51.5
930
51.5333
931
51.5667
931
51.6
931
51.6333
931
51.6667
931
51.7
931
51.7333
931
51.7667
931
51.8
932
51.8333
933
51.8667
933
51.9
934
51.9333
935
51.9667
936
52
937
52.0333
938
52.0667
939
52.1
939
52.1333
939
52.1667
940
52.2
940
52.2333
940
52.2667
940
52.3
941
52.3333
941
52.3667
941
52.4
943
52.4333
943
52.4667
943
52.5
943
52.5333
943
52.5667
943
52.6
943
52.6333
943
52.6667
943
52.7
943
52.7333
943
52.7667
943
52.8
943
52.8333
943
52.8667
943
52.9
943
52.9333
943
52.9667
943
53
943
53.0333
944
53.0667
945
53.1
946
53.1333
946
53.1667
946
53.2
946
53.2333
946
53.2667
946
53.3
948
53.3333
948
