0
1
0.0333333
1
0.0666667
1
0.1
1
0.133333
1
0.166667
1
0.2
1
0.233333
1
0.266667
1
0.3
1
0.333333
1
0.366667
1
0.4
1
0.433333
1
0.466667
1
0.5
1
0.533333
1
0.566667
1
0.6
1
0.633333
1
0.666667
1
0.7
1
0.733333
1
0.766667
1
0.8
1
0.833333
1
0.866667
1
0.9
1
0.933333
1
0.966667
1
1
1
1.03333
1
1.06667
1
1.1
1
1.13333
1
1.16667
1
1.2
1
1.23333
1
1.26667
1
1.3
1
1.33333
1
1.36667
1
1.4
1
1.43333
1
1.46667
1
1.5
1
1.53333
1
1.56667
1
1.6
1
1.63333
1
1.66667
1
1.7
1
1.73333
1
1.76667
1
1.8
1
1.83333
1
1.86667
1
1.9
1
1.93333
1
1.96667
1
2
1
2.03333
1
2.06667
1
2.1
1
2.13333
1
2.16667
1
2.2
1
2.23333
1
2.26667
1
2.3
1
2.33333
1
2.36667
1
2.4
1
2.43333
1
2.46667
1
2.5
1
2.53333
1
2.56667
1
2.6
1
2.63333
1
2.66667
1
2.7
1
2.73333
1
2.76667
1
2.8
1
2.83333
1
2.86667
1
2.9
1
2.93333
1
2.96667
1
3
1
3.03333
1
3.06667
1
3.1
1
3.13333
1
3.16667
1
3.2
1
3.23333
1
3.26667
1
3.3
1
3.33333
1
3.36667
1
3.4
1
3.43333
1
3.46667
1
3.5
1
3.53333
1
3.56667
1
3.6
1
3.63333
1
3.66667
1
3.7
1
3.73333
1
3.76667
1
3.8
1
3.83333
1
3.86667
1
3.9
1
3.93333
1
3.96667
1
4
1
4.03333
1
4.06667
1
4.1
1
4.13333
1
4.16667
1
4.2
1
4.23333
1
4.26667
1
4.3
1
4.33333
1
4.36667
1
4.4
1
4.43333
1
4.46667
1
4.5
1
4.53333
1
4.56667
1
4.6
1
4.63333
1
4.66667
2
4.7
2
4.73333
2
4.76667
2
4.8
2
4.83333
2
4.86667
2
4.9
2
4.93333
2
4.96667
2
5
2
5.03333
2
5.06667
2
5.1
2
5.13333
3
5.16667
3
5.2
4
5.23333
4
5.26667
4
5.3
4
5.33333
4
5.36667
4
5.4
5
5.43333
5
5.46667
6
5.5
6
5.53333
6
5.56667
6
5.6
6
5.63333
6
5.66667
6
5.7
6
5.73333
6
5.76667
6
5.8
6
5.83333
6
5.86667
6
5.9
6
5.93333
6
5.96667
6
6
6
6.03333
7
6.06667
7
6.1
8
6.13333
8
6.16667
8
6.2
8
6.23333
8
6.26667
8
6.3
8
6.33333
9
6.36667
9
6.4
9
6.43333
9
6.46667
9
6.5
9
6.53333
10
6.56667
10
6.6
10
6.63333
10
6.66667
10
6.7
10
6.73333
10
6.76667
10
6.8
10
6.83333
10
6.86667
10
6.9
10
6.93333
10
6.96667
10
7
11
7.03333
11
7.06667
11
7.1
11
7.13333
11
7.16667
11
7.2
11
7.23333
11
7.26667
11
7.3
11
7.33333
11
7.36667
11
7.4
11
7.43333
11
7.46667
11
7.5
11
7.53333
11
7.56667
11
7.6
11
7.63333
11
7.66667
11
7.7
12
7.73333
12
7.76667
12
7.8
12
7.83333
14
7.86667
14
7.9
14
7.93333
14
7.96667
14
8
14
8.03333
14
8.06667
14
8.1
14
8.13333
15
8.16667
15
8.2
15
8.23333
17
8.26667
17
8.3
17
8.33333
17
8.36667
18
8.4
18
8.43333
18
8.46667
18
8.5
18
8.53333
18
8.56667
18
8.6
18
8.63333
18
8.66667
18
8.7
18
8.73333
18
8.76667
18
8.8
19
8.83333
19
8.86667
20
8.9
20
8.93333
20
8.96667
21
9
21
9.03333
21
9.06667
21
9.1
21
9.13333
21
9.16667
22
9.2
22
9.23333
22
9.26667
23
9.3
23
9.33333
23
9.36667
23
9.4
23
9.43333
23
9.46667
24
9.5
25
9.53333
25
9.56667
25
9.6
25
9.63333
25
9.66667
25
9.7
25
9.73333
25
9.76667
25
9.8
26
9.83333
26
9.86667
26
9.9
26
9.93333
26
9.96667
26
10
26
10.0333
26
10.0667
27
10.1
27
10.1333
27
10.1667
27
10.2
27
10.2333
27
10.2667
27
10.3
27
10.3333
27
10.3667
27
10.4
27
10.4333
27
10.4667
27
10.5
27
10.5333
27
10.5667
27
10.6
27
10.6333
27
10.6667
27
10.7
28
10.7333
28
10.7667
28
10.8
29
10.8333
29
10.8667
30
10.9
30
10.9333
30
10.9667
30
11
30
11.0333
30
11.0667
30
11.1
30
11.1333
30
11.1667
30
11.2
30
11.2333
30
11.2667
30
11.3
30
11.3333
30
11.3667
30
11.4
30
11.4333
30
11.4667
31
11.5
31
11.5333
31
11.5667
31
11.6
31
11.6333
31
11.6667
31
11.7
31
11.7333
31
11.7667
31
11.8
31
11.8333
31
11.8667
31
11.9
31
11.9333
32
11.9667
32
12
32
12.0333
32
12.0667
32
12.1
32
12.1333
33
12.1667
33
12.2
33
12.2333
33
12.2667
33
12.3
33
12.3333
33
12.3667
33
12.4
33
12.4333
33
12.4667
33
12.5
33
12.5333
33
12.5667
33
12.6
33
12.6333
33
12.6667
33
12.7
34
12.7333
34
12.7667
34
12.8
34
12.8333
34
12.8667
35
12.9
36
12.9333
36
12.9667
36
13
36
13.0333
36
13.0667
37
13.1
37
13.1333
37
13.1667
37
13.2
37
13.2333
37
13.2667
38
13.3
38
13.3333
38
13.3667
38
13.4
38
13.4333
38
13.4667
38
13.5
38
13.5333
38
13.5667
39
13.6
39
13.6333
39
13.6667
39
13.7
39
13.7333
39
13.7667
39
13.8
39
13.8333
39
13.8667
39
13.9
39
13.9333
39
13.9667
39
14
39
14.0333
39
14.0667
39
14.1
39
14.1333
39
14.1667
39
14.2
39
14.2333
39
14.2667
39
14.3
39
14.3333
39
14.3667
39
14.4
40
14.4333
40
14.4667
40
14.5
40
14.5333
40
14.5667
40
14.6
40
14.6333
40
14.6667
40
14.7
40
14.7333
40
14.7667
40
14.8
41
14.8333
41
14.8667
41
14.9
41
14.9333
41
14.9667
41
15
41
15.0333
41
15.0667
41
15.1
41
15.1333
41
15.1667
41
15.2
41
15.2333
41
15.2667
42
15.3
42
15.3333
42
15.3667
43
15.4
43
15.4333
43
15.4667
43
15.5
43
15.5333
43
15.5667
43
15.6
43
15.6333
43
15.6667
43
15.7
43
15.7333
43
15.7667
43
15.8
43
15.8333
43
15.8667
43
15.9
43
15.9333
43
15.9667
43
16
43
16.0333
43
16.0667
44
16.1
44
16.1333
46
16.1667
46
16.2
46
16.2333
47
16.2667
47
16.3
49
16.3333
49
16.3667
51
16.4
52
16.4333
52
16.4667
53
16.5
53
16.5333
54
16.5667
54
16.6
54
16.6333
54
16.6667
55
16.7
56
16.7333
56
16.7667
57
16.8
57
16.8333
57
16.8667
58
16.9
58
16.9333
58
16.9667
58
17
58
17.0333
58
17.0667
58
17.1
59
17.1333
59
17.1667
60
17.2
60
17.2333
60
17.2667
60
17.3
60
17.3333
60
17.3667
60
17.4
60
17.4333
60
17.4667
60
17.5
60
17.5333
60
17.5667
60
17.6
60
17.6333
60
17.6667
60
17.7
60
17.7333
60
17.7667
60
17.8
60
17.8333
61
17.8667
61
17.9
61
17.9333
61
17.9667
61
18
61
18.0333
61
18.0667
61
18.1
61
18.1333
61
18.1667
61
18.2
61
18.2333
61
18.2667
61
18.3
61
18.3333
61
18.3667
61
18.4
61
18.4333
61
18.4667
61
18.5
61
18.5333
61
18.5667
61
18.6
61
18.6333
61
18.6667
62
18.7
62
18.7333
62
18.7667
62
18.8
62
18.8333
62
18.8667
62
18.9
62
18.9333
62
18.9667
62
19
62
19.0333
62
19.0667
62
19.1
62
19.1333
62
19.1667
62
19.2
62
19.2333
62
19.2667
62
19.3
62
19.3333
62
19.3667
62
19.4
62
19.4333
62
19.4667
62
19.5
62
19.5333
62
19.5667
62
19.6
62
19.6333
62
19.6667
62
19.7
62
19.7333
62
19.7667
62
19.8
62
19.8333
62
19.8667
62
19.9
62
19.9333
62
19.9667
62
20
62
20.0333
62
20.0667
62
20.1
62
20.1333
62
20.1667
62
20.2
62
20.2333
62
20.2667
62
20.3
62
20.3333
62
20.3667
62
20.4
62
20.4333
62
20.4667
62
20.5
62
20.5333
62
20.5667
62
20.6
62
20.6333
63
20.6667
63
20.7
63
20.7333
63
20.7667
63
20.8
63
20.8333
63
20.8667
63
20.9
63
20.9333
63
20.9667
63
21
63
21.0333
63
21.0667
63
21.1
63
21.1333
63
21.1667
63
21.2
63
21.2333
63
21.2667
63
21.3
63
21.3333
63
21.3667
63
21.4
63
21.4333
63
21.4667
63
21.5
63
21.5333
63
21.5667
63
21.6
63
21.6333
63
21.6667
63
21.7
64
21.7333
64
21.7667
64
21.8
64
21.8333
64
21.8667
64
21.9
64
21.9333
64
21.9667
64
22
64
22.0333
64
22.0667
64
22.1
64
22.1333
64
22.1667
64
22.2
64
22.2333
64
22.2667
64
22.3
64
22.3333
64
22.3667
64
22.4
64
22.4333
64
22.4667
64
22.5
64
22.5333
64
22.5667
64
22.6
64
22.6333
64
22.6667
64
22.7
64
22.7333
64
22.7667
64
22.8
64
22.8333
64
22.8667
64
22.9
64
22.9333
64
22.9667
64
23
64
23.0333
64
23.0667
64
23.1
64
23.1333
64
23.1667
64
23.2
64
23.2333
64
23.2667
64
23.3
64
23.3333
64
23.3667
64
23.4
64
23.4333
64
23.4667
64
23.5
64
23.5333
64
23.5667
64
23.6
64
23.6333
64
23.6667
64
23.7
64
23.7333
64
23.7667
64
23.8
64
23.8333
64
23.8667
64
23.9
64
23.9333
64
23.9667
64
24
64
24.0333
64
24.0667
64
24.1
64
24.1333
64
24.1667
64
24.2
64
24.2333
64
24.2667
64
24.3
64
24.3333
64
24.3667
64
24.4
64
24.4333
64
24.4667
64
24.5
64
24.5333
64
24.5667
64
24.6
64
24.6333
64
24.6667
64
24.7
64
24.7333
64
24.7667
64
24.8
64
24.8333
64
24.8667
64
24.9
64
24.9333
64
24.9667
64
25
64
25.0333
64
25.0667
64
25.1
64
25.1333
64
25.1667
64
25.2
64
25.2333
64
25.2667
64
25.3
64
25.3333
64
25.3667
64
25.4
64
25.4333
64
25.4667
64
25.5
64
25.5333
64
25.5667
64
25.6
64
25.6333
64
25.6667
64
25.7
64
25.7333
64
25.7667
64
25.8
64
25.8333
64
25.8667
64
25.9
64
25.9333
64
25.9667
64
26
64
26.0333
64
26.0667
64
26.1
64
26.1333
64
26.1667
64
26.2
64
26.2333
64
26.2667
64
26.3
64
26.3333
64
26.3667
64
26.4
64
26.4333
64
26.4667
64
26.5
64
26.5333
64
26.5667
64
26.6
64
26.6333
64
26.6667
64
26.7
65
26.7333
65
26.7667
65
26.8
67
26.8333
67
26.8667
67
26.9
67
26.9333
67
26.9667
67
27
67
27.0333
67
27.0667
67
27.1
67
27.1333
67
27.1667
67
27.2
67
27.2333
67
27.2667
67
27.3
67
27.3333
67
27.3667
67
27.4
67
27.4333
67
27.4667
67
27.5
67
27.5333
67
27.5667
67
27.6
67
27.6333
67
27.6667
67
27.7
68
27.7333
68
27.7667
68
27.8
68
27.8333
68
27.8667
68
27.9
68
27.9333
68
27.9667
68
28
69
28.0333
69
28.0667
69
28.1
69
28.1333
69
28.1667
69
28.2
69
28.2333
69
28.2667
69
28.3
69
28.3333
69
28.3667
69
28.4
69
28.4333
69
28.4667
69
28.5
69
28.5333
69
28.5667
69
28.6
69
28.6333
69
28.6667
69
28.7
69
28.7333
69
28.7667
69
28.8
69
28.8333
69
28.8667
69
28.9
69
28.9333
69
28.9667
69
29
69
29.0333
69
29.0667
69
29.1
69
29.1333
69
29.1667
69
29.2
69
29.2333
69
29.2667
69
29.3
69
29.3333
69
29.3667
69
29.4
69
29.4333
69
29.4667
69
29.5
69
29.5333
69
29.5667
69
29.6
69
29.6333
69
29.6667
69
29.7
69
29.7333
69
29.7667
69
29.8
69
29.8333
69
29.8667
69
29.9
69
29.9333
69
29.9667
69
30
69
30.0333
69
30.0667
69
30.1
69
30.1333
69
30.1667
69
30.2
69
30.2333
69
30.2667
69
30.3
69
30.3333
69
30.3667
69
30.4
69
30.4333
69
30.4667
69
30.5
69
30.5333
69
30.5667
69
30.6
69
30.6333
69
30.6667
69
30.7
69
30.7333
69
30.7667
69
30.8
69
30.8333
69
30.8667
69
30.9
69
30.9333
69
30.9667
69
31
69
31.0333
69
31.0667
69
31.1
69
31.1333
69
31.1667
69
31.2
69
31.2333
69
31.2667
69
31.3
69
31.3333
69
31.3667
69
31.4
69
31.4333
69
31.4667
69
31.5
69
31.5333
69
31.5667
69
31.6
69
31.6333
69
31.6667
69
31.7
69
31.7333
69
31.7667
69
31.8
69
31.8333
69
31.8667
69
31.9
69
31.9333
69
31.9667
69
32
69
32.0333
69
32.0667
69
32.1
69
32.1333
69
32.1667
69
32.2
69
32.2333
69
32.2667
69
32.3
69
32.3333
69
32.3667
69
32.4
69
32.4333
69
32.4667
69
32.5
69
32.5333
69
32.5667
69
32.6
69
32.6333
69
32.6667
69
32.7
69
32.7333
69
32.7667
69
32.8
69
32.8333
69
32.8667
69
32.9
69
32.9333
69
32.9667
69
33
69
33.0333
69
33.0667
69
33.1
69
33.1333
69
33.1667
69
33.2
69
33.2333
69
33.2667
69
33.3
69
33.3333
69
33.3667
69
33.4
69
33.4333
69
33.4667
69
33.5
69
33.5333
69
33.5667
69
33.6
69
33.6333
69
33.6667
69
33.7
69
33.7333
69
33.7667
69
33.8
69
33.8333
69
33.8667
69
33.9
69
33.9333
69
33.9667
69
34
69
34.0333
69
34.0667
69
34.1
69
34.1333
69
34.1667
69
34.2
69
34.2333
69
34.2667
69
34.3
69
34.3333
69
34.3667
69
34.4
69
34.4333
69
34.4667
69
34.5
69
34.5333
69
34.5667
69
34.6
69
34.6333
69
34.6667
69
34.7
69
34.7333
69
34.7667
69
34.8
69
34.8333
69
34.8667
69
34.9
69
34.9333
69
34.9667
69
35
69
35.0333
69
35.0667
69
35.1
69
35.1333
69
35.1667
69
35.2
69
35.2333
69
35.2667
69
35.3
69
35.3333
69
35.3667
69
35.4
69
35.4333
69
35.4667
69
35.5
69
35.5333
69
35.5667
69
35.6
69
35.6333
69
35.6667
69
35.7
69
35.7333
69
35.7667
69
35.8
69
35.8333
69
35.8667
69
35.9
69
35.9333
69
35.9667
69
36
69
36.0333
69
36.0667
69
36.1
69
36.1333
69
36.1667
69
36.2
69
36.2333
69
36.2667
69
36.3
69
36.3333
69
36.3667
69
36.4
69
36.4333
69
36.4667
69
36.5
69
36.5333
69
36.5667
69
36.6
69
36.6333
69
36.6667
69
36.7
69
36.7333
69
36.7667
69
36.8
69
36.8333
69
36.8667
69
36.9
69
36.9333
69
36.9667
69
37
69
37.0333
69
37.0667
69
37.1
69
37.1333
69
37.1667
69
37.2
69
37.2333
69
37.2667
69
37.3
69
37.3333
69
37.3667
69
37.4
69
37.4333
69
37.4667
69
37.5
69
37.5333
69
37.5667
69
37.6
69
37.6333
69
37.6667
69
37.7
69
37.7333
69
37.7667
69
37.8
69
37.8333
69
37.8667
69
37.9
69
37.9333
69
37.9667
69
38
69
38.0333
69
38.0667
69
38.1
69
38.1333
69
38.1667
69
38.2
69
38.2333
69
38.2667
69
38.3
69
38.3333
69
38.3667
69
38.4
69
38.4333
69
38.4667
69
38.5
69
38.5333
69
38.5667
69
38.6
70
38.6333
70
38.6667
70
38.7
70
38.7333
70
38.7667
70
38.8
70
38.8333
70
38.8667
70
38.9
70
38.9333
70
38.9667
70
39
70
39.0333
70
39.0667
70
39.1
70
39.1333
70
39.1667
70
39.2
70
39.2333
71
39.2667
71
39.3
71
39.3333
71
39.3667
71
39.4
71
39.4333
71
39.4667
71
39.5
71
39.5333
71
39.5667
71
39.6
71
39.6333
71
39.6667
71
39.7
71
39.7333
71
39.7667
71
39.8
71
39.8333
71
39.8667
71
39.9
71
39.9333
71
39.9667
71
40
71
40.0333
71
40.0667
71
40.1
71
40.1333
71
40.1667
71
40.2
71
40.2333
71
40.2667
71
40.3
71
40.3333
71
40.3667
71
40.4
71
40.4333
71
40.4667
71
40.5
71
40.5333
71
40.5667
71
40.6
71
40.6333
71
40.6667
71
40.7
71
40.7333
71
40.7667
71
40.8
71
40.8333
71
40.8667
71
40.9
71
40.9333
71
40.9667
71
41
71
41.0333
71
41.0667
71
41.1
71
41.1333
71
41.1667
71
41.2
71
41.2333
71
41.2667
71
41.3
71
41.3333
71
41.3667
71
41.4
71
41.4333
71
41.4667
71
41.5
71
41.5333
71
41.5667
71
41.6
71
41.6333
71
41.6667
71
41.7
71
41.7333
71
41.7667
71
41.8
71
41.8333
71
41.8667
71
41.9
71
41.9333
71
41.9667
71
42
71
42.0333
71
42.0667
71
42.1
71
42.1333
71
42.1667
71
42.2
71
42.2333
71
42.2667
71
42.3
71
42.3333
71
42.3667
71
42.4
71
42.4333
71
42.4667
71
42.5
71
42.5333
71
42.5667
71
42.6
71
42.6333
71
42.6667
71
42.7
71
42.7333
71
42.7667
71
42.8
71
42.8333
71
42.8667
71
42.9
71
42.9333
71
42.9667
71
43
71
43.0333
71
43.0667
71
43.1
71
43.1333
71
43.1667
71
43.2
71
43.2333
71
43.2667
71
43.3
71
43.3333
71
43.3667
71
43.4
71
43.4333
71
43.4667
71
43.5
71
43.5333
71
43.5667
71
43.6
71
43.6333
71
43.6667
71
43.7
71
43.7333
71
43.7667
71
43.8
71
43.8333
71
43.8667
71
43.9
71
43.9333
71
43.9667
71
44
71
44.0333
71
44.0667
71
44.1
71
44.1333
71
44.1667
71
44.2
71
44.2333
71
44.2667
71
44.3
71
44.3333
71
44.3667
71
44.4
71
44.4333
71
44.4667
71
44.5
71
44.5333
71
44.5667
71
44.6
71
44.6333
71
44.6667
71
44.7
71
44.7333
71
44.7667
71
44.8
71
44.8333
71
44.8667
71
44.9
71
44.9333
71
44.9667
71
45
71
45.0333
71
45.0667
71
45.1
71
45.1333
71
45.1667
71
45.2
71
45.2333
71
45.2667
71
45.3
71
45.3333
71
45.3667
71
45.4
71
45.4333
71
45.4667
71
45.5
71
45.5333
71
45.5667
71
45.6
71
45.6333
71
45.6667
71
45.7
71
45.7333
71
45.7667
71
45.8
71
45.8333
71
45.8667
71
45.9
71
45.9333
71
45.9667
71
46
71
46.0333
71
46.0667
71
46.1
71
46.1333
71
46.1667
71
46.2
71
46.2333
71
46.2667
71
46.3
71
46.3333
71
46.3667
71
46.4
71
46.4333
71
46.4667
71
46.5
71
46.5333
71
46.5667
71
46.6
71
46.6333
71
46.6667
71
46.7
71
46.7333
71
46.7667
71
46.8
71
46.8333
71
46.8667
71
46.9
71
46.9333
71
46.9667
71
47
71
47.0333
71
47.0667
71
47.1
71
47.1333
71
47.1667
71
47.2
71
47.2333
71
47.2667
71
47.3
71
47.3333
71
47.3667
71
47.4
71
47.4333
71
47.4667
71
47.5
71
47.5333
71
47.5667
71
47.6
71
47.6333
71
47.6667
71
47.7
71
47.7333
71
47.7667
71
47.8
71
47.8333
71
47.8667
71
47.9
71
47.9333
71
47.9667
71
48
71
48.0333
71
48.0667
71
48.1
71
48.1333
71
48.1667
71
48.2
71
48.2333
71
48.2667
71
48.3
71
48.3333
71
48.3667
71
48.4
71
48.4333
71
48.4667
71
48.5
71
48.5333
71
48.5667
71
48.6
71
48.6333
71
48.6667
71
48.7
71
48.7333
71
48.7667
71
48.8
71
48.8333
71
48.8667
71
48.9
71
48.9333
71
48.9667
71
49
71
49.0333
71
49.0667
71
49.1
71
49.1333
71
49.1667
71
49.2
71
49.2333
71
49.2667
71
49.3
71
49.3333
71
49.3667
71
49.4
71
49.4333
71
49.4667
71
49.5
71
49.5333
71
49.5667
71
49.6
71
49.6333
71
49.6667
71
49.7
71
49.7333
71
49.7667
71
49.8
71
49.8333
71
49.8667
71
49.9
71
49.9333
71
49.9667
71
50
71
50.0333
71
50.0667
71
50.1
71
50.1333
71
50.1667
71
50.2
71
50.2333
71
50.2667
71
50.3
71
50.3333
71
50.3667
71
50.4
71
50.4333
71
50.4667
71
50.5
71
50.5333
71
50.5667
71
50.6
71
50.6333
71
50.6667
71
50.7
71
50.7333
71
50.7667
71
50.8
71
50.8333
71
50.8667
71
50.9
71
50.9333
71
50.9667
71
51
71
51.0333
71
51.0667
71
51.1
71
51.1333
71
51.1667
71
51.2
71
51.2333
71
51.2667
71
51.3
71
51.3333
71
51.3667
71
51.4
71
51.4333
71
51.4667
71
51.5
71
51.5333
71
51.5667
71
51.6
71
51.6333
71
51.6667
71
51.7
71
51.7333
71
51.7667
71
51.8
71
51.8333
71
51.8667
71
51.9
71
51.9333
71
51.9667
71
52
71
52.0333
71
52.0667
71
52.1
71
52.1333
71
52.1667
71
52.2
71
52.2333
71
52.2667
71
52.3
71
52.3333
71
52.3667
71
52.4
71
52.4333
71
52.4667
71
52.5
71
52.5333
71
52.5667
71
52.6
71
52.6333
71
52.6667
71
52.7
71
52.7333
71
52.7667
71
52.8
71
52.8333
71
52.8667
71
52.9
71
52.9333
71
52.9667
71
53
71
53.0333
71
53.0667
71
53.1
71
53.1333
71
53.1667
71
53.2
71
53.2333
71
53.2667
71
53.3
71
53.3333
71
