0
1
0.0333333
1
0.0666667
1
0.1
1
0.133333
1
0.166667
1
0.2
1
0.233333
1
0.266667
1
0.3
1
0.333333
1
0.366667
1
0.4
1
0.433333
1
0.466667
1
0.5
1
0.533333
1
0.566667
1
0.6
1
0.633333
1
0.666667
1
0.7
1
0.733333
1
0.766667
1
0.8
1
0.833333
1
0.866667
1
0.9
1
0.933333
1
0.966667
1
1
1
1.03333
1
1.06667
1
1.1
1
1.13333
1
1.16667
1
1.2
1
1.23333
1
1.26667
1
1.3
1
1.33333
1
1.36667
1
1.4
1
1.43333
1
1.46667
1
1.5
1
1.53333
1
1.56667
1
1.6
1
1.63333
1
1.66667
1
1.7
1
1.73333
1
1.76667
1
1.8
1
1.83333
1
1.86667
1
1.9
1
1.93333
1
1.96667
1
2
1
2.03333
1
2.06667
1
2.1
1
2.13333
1
2.16667
1
2.2
1
2.23333
1
2.26667
1
2.3
1
2.33333
1
2.36667
1
2.4
1
2.43333
1
2.46667
1
2.5
1
2.53333
1
2.56667
1
2.6
1
2.63333
1
2.66667
1
2.7
1
2.73333
1
2.76667
1
2.8
1
2.83333
1
2.86667
1
2.9
1
2.93333
1
2.96667
1
3
1
3.03333
1
3.06667
1
3.1
1
3.13333
1
3.16667
1
3.2
1
3.23333
1
3.26667
1
3.3
1
3.33333
1
3.36667
1
3.4
1
3.43333
1
3.46667
1
3.5
1
3.53333
1
3.56667
1
3.6
1
3.63333
1
3.66667
1
3.7
1
3.73333
1
3.76667
1
3.8
1
3.83333
1
3.86667
1
3.9
1
3.93333
1
3.96667
1
4
1
4.03333
1
4.06667
1
4.1
1
4.13333
1
4.16667
1
4.2
1
4.23333
1
4.26667
1
4.3
1
4.33333
1
4.36667
1
4.4
1
4.43333
1
4.46667
1
4.5
1
4.53333
1
4.56667
1
4.6
1
4.63333
1
4.66667
1
4.7
1
4.73333
1
4.76667
1
4.8
1
4.83333
1
4.86667
1
4.9
1
4.93333
1
4.96667
1
5
1
5.03333
1
5.06667
1
5.1
1
5.13333
1
5.16667
1
5.2
1
5.23333
1
5.26667
1
5.3
1
5.33333
1
5.36667
2
5.4
2
5.43333
2
5.46667
2
5.5
2
5.53333
2
5.56667
4
5.6
4
5.63333
4
5.66667
4
5.7
5
5.73333
5
5.76667
6
5.8
8
5.83333
9
5.86667
9
5.9
10
5.93333
10
5.96667
10
6
10
6.03333
11
6.06667
12
6.1
12
6.13333
13
6.16667
13
6.2
17
6.23333
17
6.26667
20
6.3
22
6.33333
22
6.36667
22
6.4
22
6.43333
23
6.46667
26
6.5
28
6.53333
31
6.56667
33
6.6
34
6.63333
34
6.66667
34
6.7
35
6.73333
35
6.76667
35
6.8
35
6.83333
36
6.86667
38
6.9
39
6.93333
41
6.96667
41
7
42
7.03333
44
7.06667
46
7.1
47
7.13333
47
7.16667
48
7.2
48
7.23333
48
7.26667
48
7.3
49
7.33333
50
7.36667
51
7.4
51
7.43333
51
7.46667
53
7.5
54
7.53333
54
7.56667
55
7.6
55
7.63333
55
7.66667
55
7.7
55
7.73333
57
7.76667
58
7.8
62
7.83333
62
7.86667
62
7.9
63
7.93333
64
7.96667
67
8
68
8.03333
70
8.06667
70
8.1
70
8.13333
70
8.16667
71
8.2
71
8.23333
73
8.26667
73
8.3
73
8.33333
73
8.36667
74
8.4
75
8.43333
77
8.46667
78
8.5
79
8.53333
80
8.56667
80
8.6
80
8.63333
81
8.66667
81
8.7
82
8.73333
85
8.76667
85
8.8
86
8.83333
89
8.86667
93
8.9
93
8.93333
93
8.96667
95
9
95
9.03333
97
9.06667
98
9.1
98
9.13333
99
9.16667
99
9.2
99
9.23333
100
9.26667
101
9.3
101
9.33333
101
9.36667
101
9.4
103
9.43333
103
9.46667
103
9.5
105
9.53333
105
9.56667
106
9.6
107
9.63333
109
9.66667
109
9.7
110
9.73333
111
9.76667
112
9.8
112
9.83333
113
9.86667
113
9.9
115
9.93333
116
9.96667
117
10
118
10.0333
120
10.0667
120
10.1
120
10.1333
120
10.1667
120
10.2
120
10.2333
122
10.2667
123
10.3
123
10.3333
124
10.3667
125
10.4
125
10.4333
125
10.4667
128
10.5
129
10.5333
129
10.5667
130
10.6
131
10.6333
132
10.6667
134
10.7
134
10.7333
135
10.7667
138
10.8
139
10.8333
139
10.8667
142
10.9
143
10.9333
143
10.9667
147
11
148
11.0333
151
11.0667
152
11.1
152
11.1333
154
11.1667
154
11.2
156
11.2333
159
11.2667
162
11.3
163
11.3333
166
11.3667
167
11.4
170
11.4333
177
11.4667
178
11.5
181
11.5333
182
11.5667
183
11.6
187
11.6333
188
11.6667
188
11.7
189
11.7333
189
11.7667
189
11.8
190
11.8333
190
11.8667
190
11.9
191
11.9333
193
11.9667
193
12
194
12.0333
195
12.0667
195
12.1
195
12.1333
195
12.1667
195
12.2
195
12.2333
196
12.2667
196
12.3
196
12.3333
196
12.3667
196
12.4
197
12.4333
198
12.4667
199
12.5
200
12.5333
200
12.5667
200
12.6
201
12.6333
202
12.6667
202
12.7
202
12.7333
203
12.7667
204
12.8
204
12.8333
204
12.8667
205
12.9
205
12.9333
206
12.9667
206
13
207
13.0333
208
13.0667
208
13.1
210
13.1333
212
13.1667
212
13.2
212
13.2333
213
13.2667
213
13.3
213
13.3333
213
13.3667
213
13.4
213
13.4333
213
13.4667
214
13.5
217
13.5333
217
13.5667
217
13.6
218
13.6333
218
13.6667
219
13.7
221
13.7333
225
13.7667
226
13.8
226
13.8333
229
13.8667
229
13.9
230
13.9333
231
13.9667
231
14
232
14.0333
232
14.0667
233
14.1
234
14.1333
234
14.1667
234
14.2
234
14.2333
234
14.2667
235
14.3
235
14.3333
237
14.3667
237
14.4
237
14.4333
237
14.4667
239
14.5
239
14.5333
239
14.5667
239
14.6
239
14.6333
239
14.6667
239
14.7
239
14.7333
239
14.7667
239
14.8
240
14.8333
241
14.8667
242
14.9
242
14.9333
242
14.9667
242
15
243
15.0333
243
15.0667
245
15.1
246
15.1333
247
15.1667
248
15.2
248
15.2333
248
15.2667
249
15.3
250
15.3333
251
15.3667
251
15.4
251
15.4333
252
15.4667
253
15.5
253
15.5333
253
15.5667
253
15.6
253
15.6333
253
15.6667
253
15.7
254
15.7333
254
15.7667
254
15.8
254
15.8333
255
15.8667
255
15.9
255
15.9333
256
15.9667
256
16
256
16.0333
256
16.0667
256
16.1
257
16.1333
258
16.1667
258
16.2
258
16.2333
258
16.2667
258
16.3
258
16.3333
258
16.3667
258
16.4
258
16.4333
259
16.4667
259
16.5
259
16.5333
259
16.5667
259
16.6
259
16.6333
259
16.6667
259
16.7
259
16.7333
259
16.7667
261
16.8
262
16.8333
262
16.8667
263
16.9
263
16.9333
263
16.9667
263
17
263
17.0333
264
17.0667
264
17.1
264
17.1333
265
17.1667
265
17.2
265
17.2333
265
17.2667
265
17.3
266
17.3333
266
17.3667
268
17.4
268
17.4333
268
17.4667
268
17.5
268
17.5333
268
17.5667
268
17.6
268
17.6333
268
17.6667
268
17.7
268
17.7333
268
17.7667
268
17.8
268
17.8333
268
17.8667
269
17.9
272
17.9333
272
17.9667
272
18
272
18.0333
272
18.0667
272
18.1
273
18.1333
273
18.1667
275
18.2
275
18.2333
276
18.2667
276
18.3
278
18.3333
279
18.3667
280
18.4
280
18.4333
281
18.4667
283
18.5
283
18.5333
284
18.5667
286
18.6
286
18.6333
288
18.6667
289
18.7
290
18.7333
290
18.7667
290
18.8
290
18.8333
291
18.8667
292
18.9
292
18.9333
293
18.9667
293
19
293
19.0333
295
19.0667
296
19.1
296
19.1333
298
19.1667
298
19.2
298
19.2333
298
19.2667
298
19.3
298
19.3333
301
19.3667
301
19.4
302
19.4333
302
19.4667
302
19.5
302
19.5333
303
19.5667
303
19.6
303
19.6333
303
19.6667
303
19.7
303
19.7333
303
19.7667
305
19.8
305
19.8333
305
19.8667
305
19.9
305
19.9333
305
19.9667
306
20
307
20.0333
307
20.0667
307
20.1
308
20.1333
309
20.1667
310
20.2
310
20.2333
310
20.2667
310
20.3
310
20.3333
311
20.3667
311
20.4
311
20.4333
311
20.4667
311
20.5
311
20.5333
311
20.5667
311
20.6
313
20.6333
313
20.6667
314
20.7
314
20.7333
314
20.7667
314
20.8
314
20.8333
314
20.8667
314
20.9
314
20.9333
314
20.9667
314
21
314
21.0333
314
21.0667
314
21.1
314
21.1333
314
21.1667
314
21.2
314
21.2333
314
21.2667
314
21.3
315
21.3333
316
21.3667
316
21.4
316
21.4333
316
21.4667
316
21.5
316
21.5333
316
21.5667
316
21.6
316
21.6333
316
21.6667
316
21.7
316
21.7333
316
21.7667
316
21.8
316
21.8333
317
21.8667
317
21.9
317
21.9333
317
21.9667
317
22
317
22.0333
317
22.0667
318
22.1
320
22.1333
320
22.1667
321
22.2
321
22.2333
321
22.2667
321
22.3
321
22.3333
321
22.3667
321
22.4
321
22.4333
322
22.4667
322
22.5
322
22.5333
322
22.5667
323
22.6
323
22.6333
323
22.6667
324
22.7
324
22.7333
324
22.7667
324
22.8
324
22.8333
324
22.8667
324
22.9
324
22.9333
324
22.9667
324
23
324
23.0333
326
23.0667
326
23.1
326
23.1333
326
23.1667
326
23.2
326
23.2333
326
23.2667
326
23.3
326
23.3333
326
23.3667
326
23.4
326
23.4333
326
23.4667
326
23.5
327
23.5333
327
23.5667
327
23.6
327
23.6333
327
23.6667
327
23.7
327
23.7333
327
23.7667
327
23.8
327
23.8333
327
23.8667
327
23.9
327
23.9333
327
23.9667
327
24
330
24.0333
330
24.0667
330
24.1
330
24.1333
330
24.1667
330
24.2
330
24.2333
330
24.2667
330
24.3
331
24.3333
331
24.3667
331
24.4
331
24.4333
331
24.4667
331
24.5
331
24.5333
331
24.5667
331
24.6
331
24.6333
331
24.6667
331
24.7
331
24.7333
331
24.7667
331
24.8
331
24.8333
331
24.8667
331
24.9
331
24.9333
332
24.9667
333
25
333
25.0333
333
25.0667
333
25.1
333
25.1333
333
25.1667
333
25.2
333
25.2333
333
25.2667
333
25.3
334
25.3333
334
25.3667
334
25.4
334
25.4333
335
25.4667
336
25.5
336
25.5333
337
25.5667
337
25.6
337
25.6333
337
25.6667
338
25.7
338
25.7333
338
25.7667
338
25.8
338
25.8333
338
25.8667
338
25.9
338
25.9333
338
25.9667
338
26
339
26.0333
339
26.0667
339
26.1
340
26.1333
341
26.1667
341
26.2
341
26.2333
341
26.2667
341
26.3
341
26.3333
343
26.3667
343
26.4
344
26.4333
344
26.4667
345
26.5
345
26.5333
345
26.5667
346
26.6
346
26.6333
346
26.6667
346
26.7
346
26.7333
346
26.7667
347
26.8
347
26.8333
347
26.8667
347
26.9
348
26.9333
348
26.9667
348
27
348
27.0333
348
27.0667
348
27.1
348
27.1333
349
27.1667
350
27.2
350
27.2333
350
27.2667
350
27.3
351
27.3333
352
27.3667
352
27.4
353
27.4333
354
27.4667
354
27.5
354
27.5333
355
27.5667
355
27.6
355
27.6333
355
27.6667
355
27.7
355
27.7333
356
27.7667
357
27.8
357
27.8333
357
27.8667
357
27.9
357
27.9333
358
27.9667
359
28
359
28.0333
359
28.0667
359
28.1
359
28.1333
359
28.1667
359
28.2
359
28.2333
359
28.2667
359
28.3
359
28.3333
360
28.3667
361
28.4
361
28.4333
361
28.4667
361
28.5
361
28.5333
362
28.5667
362
28.6
362
28.6333
362
28.6667
363
28.7
363
28.7333
363
28.7667
363
28.8
364
28.8333
364
28.8667
365
28.9
365
28.9333
368
28.9667
368
29
368
29.0333
369
29.0667
369
29.1
369
29.1333
371
29.1667
371
29.2
371
29.2333
371
29.2667
371
29.3
371
29.3333
371
29.3667
372
29.4
373
29.4333
373
29.4667
373
29.5
373
29.5333
373
29.5667
373
29.6
373
29.6333
373
29.6667
374
29.7
374
29.7333
374
29.7667
375
29.8
378
29.8333
378
29.8667
378
29.9
379
29.9333
379
29.9667
381
30
382
30.0333
382
30.0667
382
30.1
382
30.1333
382
30.1667
382
30.2
383
30.2333
383
30.2667
383
30.3
383
30.3333
383
30.3667
383
30.4
384
30.4333
384
30.4667
384
30.5
384
30.5333
385
30.5667
385
30.6
385
30.6333
385
30.6667
385
30.7
385
30.7333
385
30.7667
385
30.8
385
30.8333
385
30.8667
385
30.9
385
30.9333
385
30.9667
386
31
386
31.0333
386
31.0667
386
31.1
386
31.1333
386
31.1667
387
31.2
388
31.2333
388
31.2667
388
31.3
388
31.3333
389
31.3667
389
31.4
389
31.4333
390
31.4667
390
31.5
390
31.5333
390
31.5667
390
31.6
390
31.6333
391
31.6667
391
31.7
391
31.7333
391
31.7667
391
31.8
392
31.8333
392
31.8667
392
31.9
392
31.9333
392
31.9667
392
32
392
32.0333
392
32.0667
393
32.1
393
32.1333
393
32.1667
393
32.2
393
32.2333
394
32.2667
394
32.3
394
32.3333
395
32.3667
395
32.4
395
32.4333
396
32.4667
396
32.5
397
32.5333
397
32.5667
398
32.6
398
32.6333
398
32.6667
398
32.7
398
32.7333
398
32.7667
398
32.8
400
32.8333
400
32.8667
400
32.9
400
32.9333
400
32.9667
400
33
400
33.0333
401
33.0667
401
33.1
401
33.1333
403
33.1667
403
33.2
404
33.2333
404
33.2667
404
33.3
404
33.3333
404
33.3667
404
33.4
405
33.4333
405
33.4667
405
33.5
406
33.5333
406
33.5667
406
33.6
406
33.6333
406
33.6667
406
33.7
406
33.7333
407
33.7667
408
33.8
408
33.8333
408
33.8667
408
33.9
408
33.9333
408
33.9667
408
34
408
34.0333
408
34.0667
409
34.1
409
34.1333
409
34.1667
409
34.2
409
34.2333
409
34.2667
409
34.3
409
34.3333
409
34.3667
409
34.4
409
34.4333
409
34.4667
409
34.5
409
34.5333
409
34.5667
409
34.6
409
34.6333
409
34.6667
409
34.7
409
34.7333
409
34.7667
409
34.8
409
34.8333
409
34.8667
409
34.9
409
34.9333
409
34.9667
410
35
411
35.0333
411
35.0667
411
35.1
412
35.1333
412
35.1667
412
35.2
412
35.2333
412
35.2667
412
35.3
412
35.3333
412
35.3667
412
35.4
412
35.4333
412
35.4667
412
35.5
413
35.5333
413
35.5667
413
35.6
413
35.6333
413
35.6667
413
35.7
413
35.7333
413
35.7667
413
35.8
413
35.8333
413
35.8667
413
35.9
413
35.9333
414
35.9667
414
36
414
36.0333
414
36.0667
414
36.1
414
36.1333
414
36.1667
414
36.2
414
36.2333
414
36.2667
414
36.3
414
36.3333
415
36.3667
415
36.4
415
36.4333
415
36.4667
415
36.5
415
36.5333
415
36.5667
416
36.6
416
36.6333
417
36.6667
417
36.7
417
36.7333
417
36.7667
417
36.8
417
36.8333
417
36.8667
417
36.9
417
36.9333
417
36.9667
417
37
417
37.0333
417
37.0667
417
37.1
417
37.1333
417
37.1667
417
37.2
417
37.2333
417
37.2667
417
37.3
418
37.3333
418
37.3667
418
37.4
418
37.4333
418
37.4667
418
37.5
418
37.5333
418
37.5667
418
37.6
418
37.6333
418
37.6667
418
37.7
418
37.7333
418
37.7667
418
37.8
418
37.8333
418
37.8667
418
37.9
418
37.9333
418
37.9667
418
38
418
38.0333
418
38.0667
419
38.1
419
38.1333
419
38.1667
420
38.2
421
38.2333
421
38.2667
421
38.3
422
38.3333
422
38.3667
422
38.4
422
38.4333
422
38.4667
422
38.5
422
38.5333
422
38.5667
422
38.6
422
38.6333
422
38.6667
422
38.7
422
38.7333
422
38.7667
422
38.8
422
38.8333
422
38.8667
422
38.9
423
38.9333
423
38.9667
423
39
423
39.0333
423
39.0667
423
39.1
423
39.1333
423
39.1667
423
39.2
423
39.2333
423
39.2667
423
39.3
423
39.3333
423
39.3667
423
39.4
423
39.4333
423
39.4667
423
39.5
423
39.5333
423
39.5667
423
39.6
423
39.6333
423
39.6667
423
39.7
424
39.7333
424
39.7667
424
39.8
424
39.8333
425
39.8667
425
39.9
425
39.9333
425
39.9667
425
40
425
40.0333
425
40.0667
425
40.1
425
40.1333
425
40.1667
425
40.2
425
40.2333
425
40.2667
425
40.3
425
40.3333
425
40.3667
425
40.4
425
40.4333
425
40.4667
425
40.5
425
40.5333
425
40.5667
425
40.6
425
40.6333
425
40.6667
425
40.7
425
40.7333
425
40.7667
425
40.8
425
40.8333
425
40.8667
425
40.9
425
40.9333
426
40.9667
426
41
426
41.0333
426
41.0667
426
41.1
426
41.1333
426
41.1667
426
41.2
426
41.2333
426
41.2667
426
41.3
426
41.3333
426
41.3667
426
41.4
426
41.4333
427
41.4667
427
41.5
427
41.5333
427
41.5667
427
41.6
427
41.6333
427
41.6667
427
41.7
427
41.7333
428
41.7667
428
41.8
428
41.8333
428
41.8667
428
41.9
429
41.9333
429
41.9667
429
42
429
42.0333
429
42.0667
429
42.1
429
42.1333
429
42.1667
429
42.2
429
42.2333
429
42.2667
429
42.3
429
42.3333
429
42.3667
430
42.4
430
42.4333
430
42.4667
430
42.5
430
42.5333
430
42.5667
430
42.6
430
42.6333
430
42.6667
430
42.7
431
42.7333
431
42.7667
431
42.8
431
42.8333
431
42.8667
431
42.9
431
42.9333
431
42.9667
431
43
431
43.0333
431
43.0667
431
43.1
431
43.1333
431
43.1667
431
43.2
431
43.2333
431
43.2667
431
43.3
431
43.3333
431
43.3667
431
43.4
431
43.4333
431
43.4667
431
43.5
431
43.5333
431
43.5667
431
43.6
431
43.6333
431
43.6667
432
43.7
432
43.7333
432
43.7667
432
43.8
432
43.8333
432
43.8667
432
43.9
432
43.9333
432
43.9667
432
44
433
44.0333
433
44.0667
433
44.1
434
44.1333
434
44.1667
434
44.2
434
44.2333
434
44.2667
434
44.3
435
44.3333
435
44.3667
435
44.4
435
44.4333
435
44.4667
435
44.5
435
44.5333
435
44.5667
435
44.6
435
44.6333
435
44.6667
435
44.7
436
44.7333
436
44.7667
436
44.8
436
44.8333
436
44.8667
436
44.9
436
44.9333
436
44.9667
436
45
436
45.0333
436
45.0667
436
45.1
436
45.1333
436
45.1667
436
45.2
437
45.2333
437
45.2667
437
45.3
437
45.3333
437
45.3667
437
45.4
437
45.4333
437
45.4667
437
45.5
437
45.5333
437
45.5667
437
45.6
437
45.6333
437
45.6667
437
45.7
437
45.7333
437
45.7667
437
45.8
437
45.8333
437
45.8667
438
45.9
438
45.9333
438
45.9667
438
46
438
46.0333
438
46.0667
438
46.1
438
46.1333
438
46.1667
438
46.2
438
46.2333
438
46.2667
438
46.3
438
46.3333
438
46.3667
438
46.4
438
46.4333
439
46.4667
439
46.5
439
46.5333
439
46.5667
439
46.6
439
46.6333
439
46.6667
439
46.7
439
46.7333
439
46.7667
439
46.8
439
46.8333
439
46.8667
439
46.9
439
46.9333
439
46.9667
439
47
439
47.0333
439
47.0667
439
47.1
439
47.1333
439
47.1667
439
47.2
439
47.2333
439
47.2667
439
47.3
439
47.3333
439
47.3667
439
47.4
439
47.4333
439
47.4667
439
47.5
439
47.5333
439
47.5667
439
47.6
439
47.6333
439
47.6667
439
47.7
439
47.7333
439
47.7667
439
47.8
439
47.8333
439
47.8667
439
47.9
439
47.9333
439
47.9667
439
48
439
48.0333
439
48.0667
439
48.1
439
48.1333
439
48.1667
439
48.2
440
48.2333
440
48.2667
440
48.3
440
48.3333
440
48.3667
440
48.4
440
48.4333
440
48.4667
441
48.5
441
48.5333
441
48.5667
443
48.6
443
48.6333
443
48.6667
443
48.7
443
48.7333
443
48.7667
443
48.8
443
48.8333
443
48.8667
443
48.9
443
48.9333
443
48.9667
444
49
444
49.0333
445
49.0667
445
49.1
445
49.1333
445
49.1667
445
49.2
445
49.2333
445
49.2667
445
49.3
445
49.3333
445
49.3667
446
49.4
446
49.4333
446
49.4667
446
49.5
446
49.5333
447
49.5667
447
49.6
448
49.6333
449
49.6667
449
49.7
450
49.7333
450
49.7667
450
49.8
450
49.8333
450
49.8667
452
49.9
452
49.9333
452
49.9667
452
50
452
50.0333
452
50.0667
452
50.1
452
50.1333
452
50.1667
452
50.2
452
50.2333
452
50.2667
452
50.3
452
50.3333
452
50.3667
452
50.4
452
50.4333
452
50.4667
452
50.5
452
50.5333
452
50.5667
452
50.6
452
50.6333
452
50.6667
452
50.7
452
50.7333
452
50.7667
452
50.8
452
50.8333
452
50.8667
452
50.9
452
50.9333
452
50.9667
452
51
452
51.0333
452
51.0667
452
51.1
452
51.1333
452
51.1667
452
51.2
452
51.2333
452
51.2667
452
51.3
452
51.3333
452
51.3667
452
51.4
452
51.4333
452
51.4667
452
51.5
452
51.5333
452
51.5667
452
51.6
452
51.6333
452
51.6667
452
51.7
452
51.7333
452
51.7667
452
51.8
452
51.8333
452
51.8667
452
51.9
452
51.9333
452
51.9667
452
52
452
52.0333
452
52.0667
452
52.1
452
52.1333
452
52.1667
452
52.2
452
52.2333
452
52.2667
452
52.3
452
52.3333
452
52.3667
452
52.4
452
52.4333
452
52.4667
452
52.5
452
52.5333
452
52.5667
452
52.6
452
52.6333
452
52.6667
452
52.7
452
52.7333
452
52.7667
452
52.8
452
52.8333
452
52.8667
452
52.9
452
52.9333
452
52.9667
452
53
452
53.0333
453
53.0667
453
53.1
453
53.1333
453
53.1667
453
53.2
453
53.2333
453
53.2667
453
53.3
453
53.3333
453
