0
1
0.0333333
1
0.0666667
1
0.1
1
0.133333
1
0.166667
1
0.2
1
0.233333
1
0.266667
1
0.3
1
0.333333
1
0.366667
1
0.4
1
0.433333
1
0.466667
1
0.5
1
0.533333
1
0.566667
1
0.6
1
0.633333
1
0.666667
1
0.7
1
0.733333
1
0.766667
1
0.8
1
0.833333
1
0.866667
1
0.9
1
0.933333
1
0.966667
1
1
1
1.03333
1
1.06667
1
1.1
1
1.13333
1
1.16667
1
1.2
1
1.23333
1
1.26667
1
1.3
1
1.33333
1
1.36667
1
1.4
1
1.43333
1
1.46667
1
1.5
1
1.53333
1
1.56667
1
1.6
1
1.63333
1
1.66667
1
1.7
1
1.73333
1
1.76667
1
1.8
1
1.83333
1
1.86667
1
1.9
1
1.93333
1
1.96667
1
2
1
2.03333
1
2.06667
1
2.1
1
2.13333
1
2.16667
1
2.2
1
2.23333
1
2.26667
1
2.3
1
2.33333
1
2.36667
1
2.4
1
2.43333
1
2.46667
1
2.5
1
2.53333
1
2.56667
1
2.6
1
2.63333
1
2.66667
1
2.7
1
2.73333
1
2.76667
1
2.8
1
2.83333
1
2.86667
1
2.9
1
2.93333
1
2.96667
1
3
1
3.03333
1
3.06667
1
3.1
1
3.13333
1
3.16667
1
3.2
1
3.23333
1
3.26667
1
3.3
1
3.33333
1
3.36667
1
3.4
1
3.43333
1
3.46667
1
3.5
1
3.53333
1
3.56667
1
3.6
1
3.63333
1
3.66667
1
3.7
1
3.73333
1
3.76667
1
3.8
1
3.83333
1
3.86667
1
3.9
1
3.93333
1
3.96667
1
4
1
4.03333
1
4.06667
1
4.1
1
4.13333
1
4.16667
1
4.2
1
4.23333
1
4.26667
1
4.3
1
4.33333
1
4.36667
1
4.4
1
4.43333
1
4.46667
1
4.5
1
4.53333
1
4.56667
1
4.6
1
4.63333
1
4.66667
1
4.7
1
4.73333
1
4.76667
1
4.8
1
4.83333
1
4.86667
1
4.9
1
4.93333
1
4.96667
1
5
1
5.03333
1
5.06667
1
5.1
1
5.13333
1
5.16667
1
5.2
1
5.23333
2
5.26667
2
5.3
2
5.33333
2
5.36667
2
5.4
2
5.43333
2
5.46667
2
5.5
2
5.53333
2
5.56667
2
5.6
3
5.63333
3
5.66667
3
5.7
3
5.73333
3
5.76667
3
5.8
3
5.83333
4
5.86667
4
5.9
4
5.93333
4
5.96667
5
6
5
6.03333
5
6.06667
5
6.1
5
6.13333
5
6.16667
7
6.2
7
6.23333
7
6.26667
7
6.3
8
6.33333
8
6.36667
9
6.4
9
6.43333
10
6.46667
11
6.5
13
6.53333
13
6.56667
13
6.6
14
6.63333
16
6.66667
16
6.7
16
6.73333
19
6.76667
20
6.8
24
6.83333
27
6.86667
30
6.9
31
6.93333
32
6.96667
33
7
35
7.03333
37
7.06667
38
7.1
43
7.13333
45
7.16667
46
7.2
48
7.23333
49
7.26667
52
7.3
54
7.33333
55
7.36667
58
7.4
60
7.43333
60
7.46667
60
7.5
65
7.53333
65
7.56667
65
7.6
65
7.63333
70
7.66667
73
7.7
74
7.73333
77
7.76667
82
7.8
84
7.83333
84
7.86667
87
7.9
87
7.93333
93
7.96667
93
8
98
8.03333
99
8.06667
101
8.1
104
8.13333
107
8.16667
107
8.2
108
8.23333
111
8.26667
114
8.3
115
8.33333
119
8.36667
121
8.4
123
8.43333
125
8.46667
126
8.5
131
8.53333
134
8.56667
139
8.6
139
8.63333
140
8.66667
141
8.7
142
8.73333
144
8.76667
146
8.8
149
8.83333
150
8.86667
151
8.9
151
8.93333
153
8.96667
154
9
156
9.03333
158
9.06667
160
9.1
163
9.13333
163
9.16667
164
9.2
164
9.23333
164
9.26667
165
9.3
168
9.33333
170
9.36667
171
9.4
171
9.43333
174
9.46667
176
9.5
177
9.53333
177
9.56667
177
9.6
179
9.63333
181
9.66667
182
9.7
182
9.73333
183
9.76667
184
9.8
185
9.83333
186
9.86667
186
9.9
188
9.93333
191
9.96667
191
10
191
10.0333
193
10.0667
195
10.1
197
10.1333
198
10.1667
200
10.2
202
10.2333
202
10.2667
202
10.3
204
10.3333
205
10.3667
205
10.4
206
10.4333
208
10.4667
209
10.5
209
10.5333
210
10.5667
214
10.6
214
10.6333
214
10.6667
216
10.7
217
10.7333
218
10.7667
219
10.8
220
10.8333
221
10.8667
224
10.9
225
10.9333
225
10.9667
225
11
227
11.0333
228
11.0667
229
11.1
231
11.1333
232
11.1667
235
11.2
237
11.2333
237
11.2667
238
11.3
239
11.3333
240
11.3667
240
11.4
240
11.4333
241
11.4667
242
11.5
243
11.5333
244
11.5667
244
11.6
244
11.6333
244
11.6667
244
11.7
244
11.7333
245
11.7667
246
11.8
246
11.8333
247
11.8667
248
11.9
249
11.9333
249
11.9667
249
12
249
12.0333
250
12.0667
251
12.1
251
12.1333
251
12.1667
252
12.2
252
12.2333
253
12.2667
255
12.3
255
12.3333
255
12.3667
255
12.4
255
12.4333
255
12.4667
255
12.5
255
12.5333
256
12.5667
256
12.6
257
12.6333
257
12.6667
257
12.7
257
12.7333
257
12.7667
258
12.8
260
12.8333
260
12.8667
261
12.9
262
12.9333
262
12.9667
263
13
264
13.0333
266
13.0667
266
13.1
266
13.1333
266
13.1667
266
13.2
266
13.2333
266
13.2667
266
13.3
266
13.3333
266
13.3667
266
13.4
266
13.4333
266
13.4667
266
13.5
266
13.5333
266
13.5667
266
13.6
266
13.6333
266
13.6667
266
13.7
266
13.7333
266
13.7667
268
13.8
268
13.8333
269
13.8667
270
13.9
271
13.9333
272
13.9667
272
14
272
14.0333
272
14.0667
274
14.1
275
14.1333
277
14.1667
277
14.2
278
14.2333
278
14.2667
278
14.3
281
14.3333
284
14.3667
286
14.4
286
14.4333
287
14.4667
287
14.5
289
14.5333
289
14.5667
289
14.6
290
14.6333
292
14.6667
294
14.7
294
14.7333
294
14.7667
295
14.8
297
14.8333
297
14.8667
297
14.9
298
14.9333
300
14.9667
300
15
300
15.0333
300
15.0667
303
15.1
304
15.1333
304
15.1667
304
15.2
305
15.2333
305
15.2667
305
15.3
305
15.3333
306
15.3667
308
15.4
308
15.4333
308
15.4667
308
15.5
309
15.5333
310
15.5667
311
15.6
312
15.6333
312
15.6667
312
15.7
312
15.7333
312
15.7667
312
15.8
312
15.8333
312
15.8667
312
15.9
312
15.9333
313
15.9667
313
16
313
16.0333
313
16.0667
314
16.1
314
16.1333
315
16.1667
316
16.2
316
16.2333
316
16.2667
316
16.3
318
16.3333
318
16.3667
321
16.4
322
16.4333
322
16.4667
322
16.5
322
16.5333
322
16.5667
322
16.6
323
16.6333
323
16.6667
323
16.7
324
16.7333
326
16.7667
326
16.8
326
16.8333
327
16.8667
328
16.9
329
16.9333
330
16.9667
331
17
331
17.0333
331
17.0667
331
17.1
332
17.1333
332
17.1667
333
17.2
333
17.2333
335
17.2667
336
17.3
336
17.3333
337
17.3667
337
17.4
338
17.4333
339
17.4667
339
17.5
340
17.5333
341
17.5667
341
17.6
341
17.6333
341
17.6667
341
17.7
341
17.7333
342
17.7667
342
17.8
343
17.8333
343
17.8667
344
17.9
344
17.9333
344
17.9667
344
18
345
18.0333
345
18.0667
345
18.1
346
18.1333
347
18.1667
347
18.2
347
18.2333
347
18.2667
347
18.3
347
18.3333
348
18.3667
348
18.4
349
18.4333
349
18.4667
351
18.5
351
18.5333
351
18.5667
351
18.6
352
18.6333
353
18.6667
353
18.7
354
18.7333
354
18.7667
355
18.8
355
18.8333
356
18.8667
358
18.9
359
18.9333
359
18.9667
361
19
361
19.0333
362
19.0667
362
19.1
362
19.1333
364
19.1667
365
19.2
366
19.2333
366
19.2667
367
19.3
369
19.3333
371
19.3667
374
19.4
374
19.4333
375
19.4667
375
19.5
377
19.5333
379
19.5667
381
19.6
381
19.6333
382
19.6667
384
19.7
387
19.7333
388
19.7667
388
19.8
388
19.8333
390
19.8667
392
19.9
392
19.9333
392
19.9667
393
20
393
20.0333
394
20.0667
396
20.1
397
20.1333
397
20.1667
397
20.2
401
20.2333
401
20.2667
401
20.3
402
20.3333
402
20.3667
403
20.4
404
20.4333
404
20.4667
404
20.5
404
20.5333
404
20.5667
404
20.6
404
20.6333
405
20.6667
405
20.7
405
20.7333
406
20.7667
406
20.8
406
20.8333
407
20.8667
408
20.9
409
20.9333
409
20.9667
410
21
410
21.0333
411
21.0667
411
21.1
412
21.1333
412
21.1667
412
21.2
412
21.2333
412
21.2667
412
21.3
412
21.3333
412
21.3667
412
21.4
413
21.4333
413
21.4667
413
21.5
413
21.5333
413
21.5667
413
21.6
413
21.6333
413
21.6667
414
21.7
414
21.7333
414
21.7667
415
21.8
415
21.8333
416
21.8667
416
21.9
416
21.9333
416
21.9667
417
22
417
22.0333
417
22.0667
417
22.1
417
22.1333
417
22.1667
418
22.2
419
22.2333
419
22.2667
419
22.3
419
22.3333
419
22.3667
419
22.4
419
22.4333
419
22.4667
419
22.5
419
22.5333
419
22.5667
419
22.6
419
22.6333
419
22.6667
419
22.7
419
22.7333
419
22.7667
419
22.8
419
22.8333
419
22.8667
419
22.9
419
22.9333
419
22.9667
419
23
419
23.0333
419
23.0667
420
23.1
420
23.1333
420
23.1667
420
23.2
421
23.2333
421
23.2667
421
23.3
421
23.3333
421
23.3667
421
23.4
421
23.4333
421
23.4667
421
23.5
421
23.5333
421
23.5667
421
23.6
421
23.6333
421
23.6667
421
23.7
421
23.7333
422
23.7667
422
23.8
422
23.8333
422
23.8667
422
23.9
422
23.9333
422
23.9667
423
24
423
24.0333
423
24.0667
423
24.1
423
24.1333
423
24.1667
423
24.2
423
24.2333
423
24.2667
423
24.3
423
24.3333
423
24.3667
423
24.4
423
24.4333
423
24.4667
423
24.5
423
24.5333
423
24.5667
423
24.6
423
24.6333
424
24.6667
424
24.7
424
24.7333
424
24.7667
424
24.8
424
24.8333
425
24.8667
425
24.9
425
24.9333
425
24.9667
425
25
425
25.0333
425
25.0667
425
25.1
425
25.1333
425
25.1667
425
25.2
425
25.2333
425
25.2667
425
25.3
425
25.3333
425
25.3667
425
25.4
425
25.4333
425
25.4667
425
25.5
425
25.5333
426
25.5667
427
25.6
427
25.6333
427
25.6667
427
25.7
427
25.7333
427
25.7667
427
25.8
427
25.8333
427
25.8667
427
25.9
427
25.9333
427
25.9667
427
26
427
26.0333
428
26.0667
428
26.1
428
26.1333
428
26.1667
428
26.2
428
26.2333
428
26.2667
428
26.3
428
26.3333
428
26.3667
428
26.4
428
26.4333
428
26.4667
428
26.5
428
26.5333
428
26.5667
428
26.6
428
26.6333
428
26.6667
428
26.7
428
26.7333
428
26.7667
428
26.8
429
26.8333
429
26.8667
429
26.9
429
26.9333
429
26.9667
429
27
429
27.0333
429
27.0667
429
27.1
429
27.1333
429
27.1667
429
27.2
429
27.2333
429
27.2667
429
27.3
429
27.3333
430
27.3667
430
27.4
430
27.4333
430
27.4667
430
27.5
431
27.5333
431
27.5667
431
27.6
431
27.6333
431
27.6667
431
27.7
432
27.7333
432
27.7667
432
27.8
433
27.8333
433
27.8667
434
27.9
434
27.9333
434
27.9667
434
28
434
28.0333
434
28.0667
434
28.1
434
28.1333
434
28.1667
435
28.2
435
28.2333
437
28.2667
437
28.3
437
28.3333
437
28.3667
437
28.4
437
28.4333
438
28.4667
438
28.5
438
28.5333
438
28.5667
438
28.6
438
28.6333
438
28.6667
438
28.7
438
28.7333
438
28.7667
438
28.8
438
28.8333
438
28.8667
438
28.9
438
28.9333
438
28.9667
438
29
438
29.0333
438
29.0667
438
29.1
438
29.1333
438
29.1667
438
29.2
439
29.2333
439
29.2667
439
29.3
440
29.3333
440
29.3667
441
29.4
441
29.4333
442
29.4667
442
29.5
442
29.5333
442
29.5667
442
29.6
442
29.6333
442
29.6667
442
29.7
442
29.7333
442
29.7667
442
29.8
442
29.8333
442
29.8667
442
29.9
443
29.9333
443
29.9667
443
30
443
30.0333
443
30.0667
443
30.1
443
30.1333
443
30.1667
443
30.2
443
30.2333
443
30.2667
443
30.3
443
30.3333
443
30.3667
443
30.4
443
30.4333
443
30.4667
444
30.5
444
30.5333
444
30.5667
444
30.6
445
30.6333
445
30.6667
445
30.7
445
30.7333
445
30.7667
445
30.8
445
30.8333
445
30.8667
445
30.9
445
30.9333
445
30.9667
445
31
446
31.0333
446
31.0667
446
31.1
446
31.1333
446
31.1667
446
31.2
446
31.2333
446
31.2667
446
31.3
446
31.3333
446
31.3667
446
31.4
446
31.4333
446
31.4667
446
31.5
446
31.5333
446
31.5667
447
31.6
447
31.6333
447
31.6667
447
31.7
447
31.7333
447
31.7667
448
31.8
448
31.8333
448
31.8667
448
31.9
448
31.9333
448
31.9667
448
32
448
32.0333
449
32.0667
449
32.1
449
32.1333
449
32.1667
449
32.2
449
32.2333
449
32.2667
449
32.3
449
32.3333
449
32.3667
449
32.4
450
32.4333
450
32.4667
451
32.5
451
32.5333
451
32.5667
451
32.6
451
32.6333
451
32.6667
451
32.7
451
32.7333
451
32.7667
451
32.8
452
32.8333
452
32.8667
453
32.9
453
32.9333
453
32.9667
453
33
453
33.0333
453
33.0667
453
33.1
453
33.1333
453
33.1667
453
33.2
453
33.2333
453
33.2667
453
33.3
454
33.3333
455
33.3667
456
33.4
456
33.4333
457
33.4667
457
33.5
457
33.5333
458
33.5667
458
33.6
458
33.6333
458
33.6667
458
33.7
458
33.7333
458
33.7667
458
33.8
458
33.8333
458
33.8667
458
33.9
458
33.9333
458
33.9667
458
34
458
34.0333
458
34.0667
458
34.1
458
34.1333
458
34.1667
458
34.2
458
34.2333
459
34.2667
459
34.3
459
34.3333
459
34.3667
459
34.4
459
34.4333
459
34.4667
459
34.5
459
34.5333
459
34.5667
459
34.6
460
34.6333
461
34.6667
462
34.7
462
34.7333
462
34.7667
462
34.8
462
34.8333
462
34.8667
462
34.9
463
34.9333
463
34.9667
463
35
463
35.0333
463
35.0667
464
35.1
464
35.1333
464
35.1667
464
35.2
464
35.2333
465
35.2667
465
35.3
465
35.3333
465
35.3667
465
35.4
465
35.4333
465
35.4667
465
35.5
465
35.5333
465
35.5667
465
35.6
465
35.6333
465
35.6667
465
35.7
465
35.7333
465
35.7667
465
35.8
465
35.8333
465
35.8667
465
35.9
465
35.9333
465
35.9667
465
36
465
36.0333
465
36.0667
465
36.1
465
36.1333
465
36.1667
465
36.2
465
36.2333
465
36.2667
465
36.3
465
36.3333
466
36.3667
466
36.4
466
36.4333
466
36.4667
466
36.5
466
36.5333
466
36.5667
466
36.6
466
36.6333
467
36.6667
467
36.7
467
36.7333
467
36.7667
467
36.8
467
36.8333
467
36.8667
467
36.9
467
36.9333
467
36.9667
467
37
467
37.0333
467
37.0667
467
37.1
467
37.1333
467
37.1667
467
37.2
468
37.2333
468
37.2667
468
37.3
468
37.3333
468
37.3667
468
37.4
468
37.4333
468
37.4667
468
37.5
468
37.5333
468
37.5667
468
37.6
468
37.6333
468
37.6667
468
37.7
468
37.7333
468
37.7667
468
37.8
468
37.8333
468
37.8667
468
37.9
468
37.9333
469
37.9667
469
38
469
38.0333
469
38.0667
469
38.1
469
38.1333
470
38.1667
470
38.2
470
38.2333
470
38.2667
471
38.3
471
38.3333
473
38.3667
473
38.4
473
38.4333
473
38.4667
473
38.5
473
38.5333
473
38.5667
473
38.6
473
38.6333
473
38.6667
473
38.7
473
38.7333
473
38.7667
473
38.8
473
38.8333
473
38.8667
473
38.9
474
38.9333
474
38.9667
474
39
474
39.0333
474
39.0667
474
39.1
474
39.1333
474
39.1667
474
39.2
474
39.2333
474
39.2667
474
39.3
474
39.3333
474
39.3667
474
39.4
474
39.4333
474
39.4667
474
39.5
474
39.5333
474
39.5667
474
39.6
474
39.6333
474
39.6667
474
39.7
474
39.7333
474
39.7667
474
39.8
474
39.8333
474
39.8667
474
39.9
474
39.9333
474
39.9667
474
40
474
40.0333
474
40.0667
474
40.1
474
40.1333
474
40.1667
474
40.2
474
40.2333
474
40.2667
474
40.3
474
40.3333
474
40.3667
474
40.4
474
40.4333
474
40.4667
475
40.5
475
40.5333
475
40.5667
475
40.6
475
40.6333
475
40.6667
475
40.7
475
40.7333
476
40.7667
476
40.8
476
40.8333
476
40.8667
476
40.9
476
40.9333
476
40.9667
476
41
476
41.0333
476
41.0667
477
41.1
477
41.1333
477
41.1667
477
41.2
477
41.2333
477
41.2667
477
41.3
477
41.3333
477
41.3667
477
41.4
477
41.4333
477
41.4667
477
41.5
477
41.5333
477
41.5667
477
41.6
477
41.6333
477
41.6667
477
41.7
477
41.7333
477
41.7667
477
41.8
477
41.8333
477
41.8667
477
41.9
477
41.9333
477
41.9667
477
42
477
42.0333
477
42.0667
477
42.1
477
42.1333
477
42.1667
477
42.2
477
42.2333
477
42.2667
477
42.3
477
42.3333
477
42.3667
477
42.4
477
42.4333
477
42.4667
477
42.5
477
42.5333
477
42.5667
477
42.6
477
42.6333
477
42.6667
477
42.7
477
42.7333
477
42.7667
477
42.8
477
42.8333
477
42.8667
477
42.9
477
42.9333
477
42.9667
477
43
477
43.0333
477
43.0667
477
43.1
477
43.1333
477
43.1667
477
43.2
477
43.2333
477
43.2667
477
43.3
477
43.3333
477
43.3667
477
43.4
477
43.4333
477
43.4667
477
43.5
477
43.5333
477
43.5667
477
43.6
477
43.6333
477
43.6667
477
43.7
477
43.7333
477
43.7667
477
43.8
477
43.8333
477
43.8667
477
43.9
477
43.9333
477
43.9667
477
44
477
44.0333
477
44.0667
477
44.1
477
44.1333
477
44.1667
477
44.2
477
44.2333
477
44.2667
477
44.3
477
44.3333
477
44.3667
477
44.4
477
44.4333
477
44.4667
477
44.5
477
44.5333
477
44.5667
477
44.6
478
44.6333
478
44.6667
478
44.7
478
44.7333
478
44.7667
478
44.8
478
44.8333
478
44.8667
478
44.9
478
44.9333
478
44.9667
478
45
478
45.0333
478
45.0667
478
45.1
478
45.1333
478
45.1667
478
45.2
478
45.2333
478
45.2667
478
45.3
478
45.3333
478
45.3667
478
45.4
478
45.4333
478
45.4667
478
45.5
478
45.5333
478
45.5667
479
45.6
479
45.6333
479
45.6667
479
45.7
479
45.7333
479
45.7667
479
45.8
479
45.8333
479
45.8667
479
45.9
479
45.9333
479
45.9667
479
46
479
46.0333
479
46.0667
479
46.1
479
46.1333
479
46.1667
479
46.2
479
46.2333
479
46.2667
479
46.3
479
46.3333
479
46.3667
479
46.4
479
46.4333
479
46.4667
479
46.5
479
46.5333
479
46.5667
479
46.6
479
46.6333
479
46.6667
480
46.7
480
46.7333
480
46.7667
480
46.8
480
46.8333
480
46.8667
480
46.9
480
46.9333
480
46.9667
480
47
480
47.0333
480
47.0667
481
47.1
481
47.1333
481
47.1667
481
47.2
481
47.2333
481
47.2667
481
47.3
481
47.3333
481
47.3667
481
47.4
481
47.4333
481
47.4667
481
47.5
481
47.5333
481
47.5667
481
47.6
481
47.6333
481
47.6667
481
47.7
481
47.7333
481
47.7667
481
47.8
481
47.8333
481
47.8667
481
47.9
481
47.9333
481
47.9667
481
48
481
48.0333
481
48.0667
481
48.1
481
48.1333
481
48.1667
481
48.2
481
48.2333
481
48.2667
481
48.3
481
48.3333
482
48.3667
482
48.4
482
48.4333
482
48.4667
482
48.5
482
48.5333
482
48.5667
482
48.6
482
48.6333
482
48.6667
482
48.7
482
48.7333
482
48.7667
482
48.8
484
48.8333
484
48.8667
484
48.9
484
48.9333
484
48.9667
484
49
484
49.0333
484
49.0667
484
49.1
484
49.1333
484
49.1667
485
49.2
485
49.2333
485
49.2667
485
49.3
485
49.3333
485
49.3667
485
49.4
485
49.4333
485
49.4667
485
49.5
485
49.5333
485
49.5667
485
49.6
485
49.6333
486
49.6667
486
49.7
486
49.7333
486
49.7667
486
49.8
486
49.8333
486
49.8667
486
49.9
486
49.9333
486
49.9667
486
50
486
50.0333
487
50.0667
487
50.1
487
50.1333
487
50.1667
487
50.2
487
50.2333
487
50.2667
487
50.3
487
50.3333
487
50.3667
487
50.4
487
50.4333
487
50.4667
487
50.5
487
50.5333
487
50.5667
487
50.6
487
50.6333
487
50.6667
487
50.7
487
50.7333
487
50.7667
487
50.8
487
50.8333
487
50.8667
487
50.9
487
50.9333
487
50.9667
487
51
487
51.0333
488
51.0667
488
51.1
488
51.1333
488
51.1667
488
51.2
488
51.2333
488
51.2667
488
51.3
488
51.3333
488
51.3667
488
51.4
488
51.4333
488
51.4667
488
51.5
488
51.5333
488
51.5667
488
51.6
488
51.6333
488
51.6667
488
51.7
488
51.7333
488
51.7667
488
51.8
488
51.8333
488
51.8667
488
51.9
488
51.9333
488
51.9667
488
52
488
52.0333
488
52.0667
488
52.1
488
52.1333
489
52.1667
489
52.2
490
52.2333
490
52.2667
490
52.3
490
52.3333
490
52.3667
490
52.4
490
52.4333
490
52.4667
490
52.5
490
52.5333
490
52.5667
490
52.6
490
52.6333
490
52.6667
490
52.7
490
52.7333
490
52.7667
490
52.8
490
52.8333
490
52.8667
490
52.9
490
52.9333
490
52.9667
490
53
490
53.0333
490
53.0667
490
53.1
490
53.1333
490
53.1667
490
53.2
490
53.2333
490
53.2667
490
53.3
490
53.3333
490
