1787086563.999128
1787086564.149071
1787086564.304040
1787086564.458482
1787086564.615249
1787086564.766611
1787086564.915338
1787086565.064135
1787086565.217518
1787086565.370965
1787086565.523700
1787086565.681226
1787086565.836727
1787086565.992458
1787086566.150756
1787086566.307122
1787086566.462943
1787086566.620986
1787086566.777138
1787086566.927295
1787086567.083008
1787086567.242507
1787086567.395691
1787086567.551484
1787086567.711923
1787086567.864483
1787086568.015189
1787086568.165845
1787086568.317665
1787086568.475116
1787086568.624634
1787086568.782720
1787086568.939621
1787086569.096849
1787086569.252893
1787086569.407359
1787086569.563499
1787086569.718341
1787086569.875310
1787086570.032825
1787086570.188025
1787086570.348596
1787086570.497764
1787086570.652984
1787086570.810849
1787086570.970878
1787086571.131310
1787086571.280969
1787086571.428809
1787086571.578362
1787086571.726342
1787086571.880511
1787086572.034214
1787086572.189220
1787086572.335279
1787086572.490947
1787086572.645283
1787086572.801430
1787086572.957112
1787086573.112046
1787086573.267925
1787086573.414115
1787086573.570380
1787086573.722862
1787086573.876939
1787086574.028145
1787086574.179580
1787086574.324992
1787086574.478310
1787086574.630412
1787086574.781059
1787086574.929309
1787086575.079865
1787086575.225633
1787086575.381887
1787086575.535838
1787086575.687556
1787086575.839815
1787086575.991470
1787086576.147885
1787086576.299556
1787086576.452061
1787086576.603169
1787086576.756138
1787086576.908207
1787086577.058341
1787086577.207872
1787086577.358140
1787086577.509811
1787086577.662869
1787086577.809851
1787086577.960923
1787086578.107309
1787086578.259331
1787086578.406501
1787086578.559427
1787086578.707280
1787086578.857692
1787086579.009463
1787086579.161773
1787086579.308974
1787086579.459776
1787086579.613062
1787086579.759788
1787086579.906123
1787086580.057804
1787086580.210552
1787086580.361749
1787086580.510679
1787086580.661302
1787086580.808334
1787086580.960771
1787086581.113654
1787086581.262203
1787086581.414208
1787086581.567566
1787086581.722255
1787086581.877455
1787086582.031460
1787086582.191040
1787086582.344500
1787086582.499980
1787086582.654703
1787086582.811829
1787086582.960336
1787086583.115788
1787086583.270164
1787086583.424106
1787086583.578231
1787086583.734151
1787086583.891564
1787086584.040567
1787086584.199740
1787086584.358258
1787086584.513579
1787086584.671355
1787086584.827747
1787086584.987083
1787086585.140919
1787086585.291019
1787086585.447425
1787086585.603032
1787086585.759168
1787086585.915281
1787086586.072260
1787086586.223238
1787086586.373665
1787086586.523267
1787086586.682383
1787086586.835423
1787086586.994002
1787086587.148980
1787086587.298676
1787086587.450159
1787086587.607473
1787086587.765603
1787086587.924220
1787086588.082978
1787086588.243459
1787086588.395120
1787086588.555419
1787086588.708401
1787086588.867591
1787086589.028304
1787086589.187278
1787086589.342027
1787086589.495433
1787086589.649047
1787086589.808437
1787086589.969255
1787086590.134825
1787086590.294626
1787086590.450945
1787086590.615010
1787086590.771242
1787086590.935784
1787086591.091784
1787086591.249421
1787086591.407234
1787086591.570582
1787086591.733430
1787086591.896838
1787086592.060676
1787086592.223345
1787086592.380215
1787086592.536639
1787086592.699039
1787086592.861243
1787086593.023601
1787086593.185509
1787086593.342764
1787086593.504619
1787086593.669788
1787086593.832161
1787086593.993878
1787086594.155099
1787086594.319145
1787086594.482971
1787086594.647922
1787086594.811019
1787086594.980388
1787086595.145616
1787086595.313294
1787086595.481671
1787086595.647706
1787086595.806730
1787086595.969184
1787086596.135168
1787086596.301495
1787086596.468127
1787086596.631350
1787086596.798501
1787086596.964956
1787086597.135258
1787086597.303138
1787086597.473063
1787086597.641754
1787086597.805479
1787086597.972360
1787086598.138386
1787086598.304739
1787086598.471086
1787086598.640863
1787086598.798980
1787086598.967766
1787086599.133749
1787086599.299261
1787086599.465353
1787086599.632865
1787086599.799457
1787086599.967156
1787086600.134332
1787086600.300614
1787086600.467550
1787086600.632854
1787086600.798423
1787086600.963987
1787086601.134230
1787086601.300171
1787086601.466254
1787086601.630599
1787086601.796375
1787086601.956337
1787086602.124161
1787086602.291372
1787086602.458546
1787086602.625555
1787086602.792420
1787086602.959185
1787086603.122921
1787086603.290290
1787086603.461843
1787086603.625296
1787086603.794500
1787086603.960907
1787086604.129092
1787086604.291646
1787086604.458444
1787086604.623967
1787086604.789357
1787086604.957172
1787086605.119948
1787086605.285072
1787086605.454159
1787086605.621272
1787086605.780721
1787086605.946630
1787086606.112639
1787086606.281043
1787086606.440696
1787086606.606084
1787086606.772551
1787086606.941210
1787086607.101805
1787086607.273802
1787086607.436918
1787086607.605003
1787086607.772673
1787086607.938472
1787086608.106116
1787086608.273366
1787086608.439337
1787086608.608635
1787086608.771989
1787086608.935724
1787086609.103119
1787086609.268806
1787086609.435924
1787086609.603938
1787086609.770523
1787086609.936666
1787086610.103787
1787086610.273761
1787086610.440614
1787086610.601093
1787086610.770267
1787086610.936897
1787086611.104079
1787086611.275703
1787086611.443303
1787086611.608981
1787086611.777529
1787086611.940805
1787086612.108951
1787086612.274691
1787086612.443935
1787086612.613612
1787086612.774670
1787086612.943418
1787086613.109585
1787086613.274234
1787086613.442717
1787086613.613281
1787086613.780911
1787086613.948236
1787086614.113784
1787086614.280058
1787086614.448329
1787086614.615081
1787086614.782892
1787086614.950339
1787086615.117954
1787086615.280193
1787086615.449519
1787086615.612663
1787086615.778881
1787086615.945693
1787086616.112699
1787086616.282001
1787086616.442874
1787086616.609926
1787086616.777706
1787086616.946693
1787086617.115609
1787086617.283708
1787086617.447050
1787086617.614918
1787086617.781680
1787086617.954301
1787086618.119476
1787086618.281338
1787086618.448720
1787086618.617151
1787086618.791709
1787086618.954150
1787086619.121252
1787086619.290004
1787086619.453139
1787086619.621473
1787086619.784166
1787086619.951407
1787086620.121053
1787086620.288459
1787086620.454428
1787086620.618382
1787086620.780519
1787086620.948553
1787086621.116499
1787086621.287242
1787086621.455258
1787086621.623343
1787086621.794114
1787086621.963367
1787086622.131866
1787086622.298679
1787086622.466671
1787086622.639842
1787086622.807415
1787086622.975910
1787086623.146672
1787086623.315147
1787086623.483502
1787086623.650844
1787086623.816221
1787086623.983140
1787086624.150687
1787086624.319806
1787086624.486818
1787086624.655276
1787086624.824364
1787086624.993511
1787086625.163125
1787086625.332115
1787086625.501311
1787086625.664051
1787086625.832235
1787086626.004789
1787086626.173960
1787086626.341588
1787086626.514031
1787086626.682272
1787086626.848156
1787086627.016791
1787086627.184807
1787086627.358068
1787086627.529517
1787086627.703058
1787086627.874230
1787086628.046910
1787086628.217981
1787086628.389129
1787086628.562080
1787086628.737327
1787086628.901564
1787086629.070059
1787086629.233716
1787086629.401550
1787086629.569681
1787086629.732861
1787086629.903484
1787086630.072326
1787086630.239179
1787086630.401295
1787086630.567394
1787086630.727887
1787086630.893471
1787086631.063737
1787086631.232318
1787086631.400597
1787086631.569586
1787086631.738193
1787086631.906224
1787086632.073941
1787086632.243343
1787086632.412720
1787086632.578591
1787086632.745890
1787086632.915325
1787086633.084741
1787086633.258015
1787086633.420482
1787086633.583584
1787086633.754182
1787086633.923616
1787086634.096341
1787086634.262539
1787086634.433093
1787086634.602940
1787086634.771348
1787086634.940825
1787086635.108373
1787086635.276574
1787086635.446102
1787086635.615090
1787086635.783926
1787086635.953711
1787086636.124267
1787086636.291923
1787086636.461007
1787086636.630796
1787086636.794499
1787086636.964150
1787086637.134122
1787086637.301194
1787086637.465912
1787086637.633431
1787086637.802273
1787086637.971436
1787086638.142332
1787086638.308959
1787086638.477407
1787086638.647404
1787086638.819686
1787086638.978876
1787086639.145813
1787086639.314036
1787086639.480522
1787086639.647424
1787086639.812038
1787086639.979165
1787086640.146834
1787086640.312918
1787086640.479741
1787086640.644303
1787086640.812319
1787086640.978457
1787086641.144521
1787086641.311059
1787086641.471121
1787086641.639677
1787086641.806269
1787086641.972443
1787086642.140884
1787086642.306160
1787086642.472507
1787086642.644915
1787086642.807044
1787086642.978297
1787086643.145887
1787086643.308237
1787086643.475978
1787086643.643785
1787086643.813557
1787086643.974700
1787086644.142467
1787086644.310284
1787086644.475984
1787086644.642856
1787086644.809509
1787086644.976442
1787086645.145929
1787086645.312779
1787086645.478611
1787086645.649397
1787086645.818092
1787086645.985886
1787086646.154953
1787086646.324564
1787086646.493460
1787086646.663124
1787086646.832001
1787086647.002257
1787086647.167974
1787086647.336698
1787086647.505479
1787086647.674442
1787086647.843520
1787086648.011759
1787086648.181812
1787086648.345614
1787086648.516271
1787086648.684443
1787086648.854344
1787086649.015238
1787086649.184446
1787086649.344668
1787086649.515210
1787086649.684159
1787086649.853999
1787086650.018758
1787086650.183163
1787086650.344485
1787086650.508561
1787086650.681522
1787086650.847669
1787086651.005600
1787086651.169582
1787086651.333994
1787086651.499918
1787086651.663942
1787086651.828561
1787086651.997915
1787086652.167886
1787086652.336689
1787086652.505762
1787086652.676653
1787086652.845608
1787086653.017983
1787086653.182783
1787086653.347285
1787086653.514179
1787086653.683565
1787086653.855044
1787086654.025815
1787086654.199024
1787086654.369075
1787086654.541260
1787086654.711305
1787086654.883256
1787086655.052053
1787086655.222209
1787086655.393085
1787086655.562276
1787086655.733461
1787086655.900024
1787086656.064883
1787086656.235283
1787086656.408759
1787086656.577693
1787086656.741030
1787086656.907221
1787086657.080285
1787086657.245467
1787086657.408671
1787086657.572098
1787086657.737707
1787086657.909269
1787086658.082145
1787086658.255235
1787086658.427759
1787086658.593280
1787086658.760476
1787086658.933934
1787086659.096941
1787086659.272963
1787086659.447485
1787086659.611628
1787086659.779710
1787086659.951178
1787086660.124569
1787086660.291512
1787086660.460928
1787086660.630518
1787086660.797993
1787086660.970196
1787086661.141823
1787086661.309168
1787086661.473487
1787086661.645254
1787086661.816218
1787086661.984936
1787086662.154888
1787086662.322660
1787086662.491015
1787086662.661497
1787086662.831850
1787086663.000632
1787086663.166688
1787086663.336266
1787086663.505963
1787086663.670247
1787086663.842050
1787086664.006480
1787086664.175202
1787086664.343753
1787086664.512740
1787086664.681651
1787086664.845133
1787086665.015410
1787086665.178952
1787086665.347109
1787086665.514726
1787086665.685590
1787086665.852362
1787086666.021273
1787086666.192392
1787086666.354494
1787086666.523429
1787086666.691474
1787086666.853512
1787086667.022184
1787086667.194354
1787086667.356847
1787086667.525799
1787086667.693737
1787086667.863296
1787086668.032473
1787086668.202200
1787086668.368560
1787086668.539283
1787086668.706738
1787086668.875137
1787086669.042672
1787086669.210320
1787086669.374776
1787086669.542720
1787086669.710993
1787086669.878178
1787086670.047407
1787086670.212129
1787086670.381205
1787086670.551669
1787086670.721774
1787086670.884957
1787086671.055953
1787086671.226289
1787086671.395382
1787086671.565100
1787086671.734909
1787086671.904377
1787086672.074774
1787086672.243182
1787086672.416086
1787086672.582930
1787086672.749650
1787086672.918669
1787086673.085957
1787086673.255051
1787086673.420140
1787086673.589070
1787086673.752755
1787086673.922613
1787086674.092360
1787086674.263318
1787086674.431705
1787086674.602335
1787086674.773736
1787086674.936372
1787086675.105860
1787086675.275060
1787086675.442388
1787086675.603472
1787086675.772717
1787086675.944818
1787086676.107790
1787086676.274307
1787086676.443872
1787086676.608715
1787086676.778739
1787086676.943390
1787086677.113010
1787086677.276611
1787086677.445263
1787086677.616322
1787086677.785360
1787086677.957785
1787086678.128987
1787086678.300332
1787086678.470806
1787086678.641249
1787086678.813581
1787086678.978346
1787086679.148304
1787086679.319883
1787086679.489365
1787086679.657589
1787086679.826431
1787086679.995049
1787086680.162840
1787086680.324683
1787086680.492338
1787086680.662121
1787086680.826622
1787086680.995231
1787086681.163524
1787086681.329151
1787086681.498689
1787086681.667505
1787086681.829149
1787086681.999269
1787086682.160355
1787086682.329135
1787086682.500194
1787086682.668851
1787086682.838823
1787086683.006138
1787086683.176325
1787086683.347011
1787086683.517081
1787086683.686223
1787086683.855595
1787086684.024713
1787086684.192418
1787086684.360079
1787086684.528330
1787086684.695362
1787086684.862522
1787086685.021942
1787086685.189645
1787086685.358191
1787086685.528184
1787086685.696479
1787086685.864659
1787086686.034811
1787086686.203654
1787086686.369920
1787086686.534175
1787086686.699483
1787086686.867399
1787086687.035845
1787086687.198526
1787086687.360847
1787086687.528218
1787086687.696263
1787086687.864470
1787086688.033371
1787086688.201210
1787086688.370784
1787086688.539230
1787086688.706880
1787086688.874571
1787086689.043593
1787086689.207314
1787086689.372356
1787086689.537061
1787086689.703208
1787086689.873867
1787086690.040972
1787086690.206749
1787086690.373804
1787086690.541132
1787086690.710425
1787086690.888019
1787086691.049746
1787086691.210932
1787086691.380809
1787086691.543387
1787086691.709890
1787086691.878001
1787086692.046344
1787086692.212117
1787086692.370040
1787086692.539450
1787086692.708855
1787086692.875612
1787086693.044909
1787086693.213131
1787086693.378529
1787086693.551281
1787086693.720279
1787086693.883150
1787086694.053741
1787086694.220102
1787086694.393221
1787086694.557144
1787086694.724560
1787086694.890515
1787086695.061095
1787086695.231998
1787086695.395900
1787086695.567070
1787086695.736727
1787086695.908110
1787086696.078516
1787086696.248341
1787086696.411261
1787086696.583572
1787086696.745505
1787086696.914491
1787086697.082428
1787086697.252943
1787086697.424206
1787086697.591763
1787086697.761480
1787086697.929538
1787086698.096555
1787086698.260506
1787086698.428204
1787086698.600841
1787086698.773108
1787086698.941725
1787086699.112437
1787086699.284337
1787086699.455019
1787086699.626107
1787086699.798791
1787086699.968310
1787086700.140991
1787086700.311330
1787086700.481765
1787086700.649323
1787086700.820111
1787086700.990859
1787086701.161062
1787086701.330671
1787086701.501307
1787086701.671932
1787086701.844519
1787086702.014206
1787086702.178156
1787086702.345427
1787086702.506583
1787086702.676986
1787086702.847864
1787086703.012709
1787086703.176240
1787086703.343313
1787086703.511258
1787086703.680437
1787086703.849499
1787086704.020238
1787086704.187625
1787086704.352963
1787086704.521589
1787086704.690203
1787086704.853554
1787086705.023708
1787086705.192717
1787086705.361142
1787086705.528994
1787086705.699222
1787086705.870329
1787086706.039238
1787086706.209088
1787086706.377489
1787086706.546622
1787086706.717231
1787086706.885504
1787086707.054456
1787086707.221793
1787086707.385290
1787086707.551471
1787086707.719142
1787086707.890713
1787086708.053692
1787086708.215840
1787086708.375910
1787086708.541070
1787086708.708574
1787086708.877264
1787086709.044946
1787086709.208658
1787086709.367831
1787086709.531923
1787086709.699933
1787086709.866773
1787086710.037683
1787086710.201377
1787086710.367574
1787086710.530012
1787086710.694572
1787086710.862760
1787086711.024526
1787086711.193115
1787086711.358808
1787086711.524657
1787086711.692580
1787086711.863215
1787086712.035881
1787086712.205168
1787086712.376397
1787086712.545929
1787086712.715405
1787086712.885417
1787086713.049096
1787086713.218306
1787086713.386729
1787086713.554960
1787086713.717635
1787086713.886117
1787086714.060125
1787086714.229840
1787086714.397483
1787086714.566093
1787086714.734121
1787086714.903554
1787086715.066795
1787086715.237152
1787086715.404494
1787086715.575256
1787086715.742057
1787086715.910190
1787086716.079916
1787086716.251119
1787086716.420272
1787086716.589252
1787086716.760376
1787086716.931404
1787086717.100593
1787086717.271208
1787086717.440649
1787086717.608289
1787086717.777619
1787086717.946044
1787086718.106893
1787086718.275700
1787086718.445003
1787086718.614086
1787086718.785959
1787086718.947834
1787086719.116965
1787086719.291453
1787086719.454050
1787086719.624080
1787086719.797668
1787086719.966362
1787086720.136420
1787086720.304197
1787086720.472851
1787086720.641067
1787086720.811558
1787086720.975979
1787086721.145563
1787086721.315337
1787086721.484832
1787086721.654426
1787086721.819050
1787086721.990525
1787086722.160627
1787086722.331654
1787086722.501366
1787086722.674445
1787086722.845420
1787086723.016093
1787086723.186276
1787086723.354698
1787086723.526439
1787086723.697212
1787086723.865315
1787086724.036345
1787086724.206780
1787086724.377563
1787086724.548450
1787086724.717947
1787086724.888417
1787086725.057878
1787086725.227841
1787086725.397363
1787086725.567771
1787086725.738252
1787086725.907674
1787086726.080308
1787086726.244498
1787086726.418014
1787086726.590382
1787086726.760681
1787086726.930734
1787086727.106253
1787086727.277864
1787086727.450595
1787086727.621668
1787086727.792537
1787086727.964528
1787086728.134355
1787086728.306117
1787086728.476764
1787086728.647337
1787086728.820653
1787086728.995565
1787086729.168674
1787086729.335042
1787086729.497888
1787086729.673987
1787086729.838589
1787086730.009684
1787086730.184085
1787086730.349914
1787086730.521482
1787086730.691104
1787086730.865074
1787086731.030839
1787086731.202832
1787086731.375693
1787086731.543811
1787086731.716130
1787086731.886034
1787086732.057082
1787086732.228477
1787086732.396963
1787086732.567989
1787086732.739218
1787086732.911527
1787086733.081653
1787086733.252316
1787086733.423901
1787086733.596286
1787086733.761320
1787086733.930594
1787086734.099835
1787086734.263418
1787086734.431571
1787086734.595323
1787086734.766198
1787086734.937551
1787086735.107749
1787086735.278262
1787086735.447569
1787086735.618242
1787086735.789100
1787086735.958632
1787086736.130048
1787086736.300795
1787086736.470808
1787086736.641102
1787086736.809931
1787086736.977103
1787086737.143720
1787086737.309798
1787086737.479554
1787086737.648573
1787086737.816917
1787086737.985875
1787086738.153892
1787086738.318521
1787086738.486496
1787086738.654616
1787086738.823403
1787086738.990068
1787086739.152755
1787086739.314928
1787086739.475989
1787086739.642373
1787086739.810745
1787086739.978492
1787086740.148062
1787086740.314255
1787086740.477994
1787086740.646259
1787086740.818092
1787086740.990568
1787086741.161972
1787086741.330690
1787086741.496377
1787086741.663530
1787086741.832464
1787086742.002060
1787086742.162323
1787086742.330476
1787086742.497297
1787086742.664893
1787086742.830449
1787086742.999215
1787086743.164005
1787086743.334523
1787086743.503444
1787086743.667752
1787086743.836600
1787086744.003903
1787086744.172290
1787086744.343237
1787086744.511599
1787086744.678951
1787086744.848900
1787086745.018318
1787086745.186334
1787086745.351743
1787086745.514214
1787086745.679459
1787086745.843843
1787086746.010712
1787086746.176033
1787086746.344366
1787086746.512349
1787086746.680004
1787086746.850013
1787086747.017122
1787086747.184670
1787086747.352625
1787086747.519410
1787086747.681050
1787086747.847986
1787086748.015264
1787086748.178406
1787086748.339925
1787086748.508260
1787086748.675364
1787086748.843191
1787086749.007827
1787086749.175322
1787086749.340189
1787086749.514629
1787086749.681973
1787086749.847728
1787086750.014400
1787086750.180476
1787086750.342593
1787086750.509671
1787086750.672503
1787086750.837412
1787086751.007884
1787086751.175416
1787086751.334255
1787086751.499551
1787086751.660259
1787086751.825586
1787086751.991457
1787086752.163305
1787086752.320823
1787086752.480987
1787086752.646419
1787086752.813688
1787086752.981292
1787086753.142476
1787086753.309785
1787086753.474168
1787086753.639882
1787086753.806363
1787086753.972445
1787086754.140515
1787086754.306410
1787086754.473083
1787086754.642472
1787086754.811634
1787086754.971406
1787086755.138285
1787086755.305578
1787086755.473097
1787086755.638968
1787086755.805218
1787086755.972328
1787086756.132704
1787086756.301101
1787086756.469381
1787086756.635989
1787086756.803896
1787086756.973543
1787086757.133022
1787086757.299121
1787086757.466357
1787086757.632991
1787086757.798224
1787086757.966247
1787086758.134018
1787086758.301306
1787086758.466467
1787086758.633011
1787086758.801331
1787086758.966278
1787086759.135356
1787086759.302277
1787086759.469138
1787086759.628235
1787086759.796146
1787086759.961987
1787086760.129542
1787086760.297341
1787086760.462590
1787086760.630183
1787086760.799860
1787086760.960020
1787086761.128851
1787086761.295765
1787086761.463081
1787086761.632544
1787086761.800230
1787086761.962544
1787086762.125037
1787086762.285732
1787086762.450882
1787086762.617851
1787086762.778439
1787086762.948289
1787086763.115264
1787086763.283346
1787086763.448868
1787086763.614866
1787086763.779927
1787086763.949095
1787086764.109828
1787086764.280821
1787086764.447084
1787086764.614454
1787086764.780862
1787086764.947564
1787086765.112981
1787086765.282629
1787086765.449103
1787086765.609781
1787086765.773951
1787086765.943475
1787086766.103565
1787086766.271688
1787086766.439743
1787086766.600350
1787086766.765480
1787086766.930898
1787086767.095454
1787086767.261648
1787086767.425886
1787086767.584782
1787086767.744529
1787086767.908722
1787086768.074055
1787086768.238700
1787086768.409483
1787086768.575668
1787086768.742243
1787086768.908871
1787086769.070151
1787086769.236735
1787086769.402632
1787086769.573211
1787086769.739002
1787086769.905757
1787086770.070901
1787086770.237854
1787086770.404398
1787086770.563520
1787086770.716445
1787086770.882131
1787086771.048111
1787086771.213624
1787086771.378417
1787086771.542989
1787086771.709098
1787086771.873355
1787086772.039008
1787086772.203246
1787086772.370476
1787086772.535458
1787086772.704015
1787086772.869861
1787086773.034961
1787086773.201209
1787086773.364912
1787086773.530850
1787086773.695460
1787086773.861602
1787086774.027014
1787086774.185874
1787086774.353984
1787086774.519446
1787086774.683859
1787086774.848226
1787086775.012138
1787086775.183352
1787086775.354304
1787086775.526997
1787086775.692483
1787086775.867052
1787086776.040919
1787086776.207442
1787086776.379434
1787086776.552409
1787086776.723928
1787086776.896032
1787086777.067513
1787086777.238111
1787086777.409995
1787086777.581862
1787086777.752084
1787086777.925759
1787086778.097407
1787086778.267118
1787086778.440296
1787086778.611335
1787086778.787493
1787086778.951503
1787086779.126805
1787086779.298457
1787086779.468971
1787086779.639483
1787086779.810566
1787086779.980953
1787086780.150284
1787086780.321864
1787086780.495059
1787086780.658406
1787086780.829240
1787086781.000933
1787086781.171340
1787086781.344008
1787086781.518805
1787086781.690925
1787086781.863484
1787086782.034898
1787086782.207109
1787086782.379173
1787086782.550590
1787086782.719548
1787086782.892870
1787086783.059756
1787086783.231229
1787086783.407343
1787086783.574223
1787086783.738194
1787086783.909320
1787086784.078212
1787086784.248876
1787086784.419718
1787086784.588410
1787086784.757432
1787086784.925650
1787086785.089721
1787086785.257704
1787086785.425912
1787086785.594202
1787086785.765543
1787086785.927432
1787086786.095123
1787086786.262564
1787086786.428536
1787086786.597054
1787086786.765158
1787086786.933696
1787086787.096797
1787086787.267111
1787086787.428581
1787086787.594342
1787086787.761721
1787086787.927273
1787086788.093677
1787086788.261586
1787086788.429866
1787086788.597234
1787086788.765757
1787086788.931854
1787086789.099428
1787086789.266119
1787086789.431929
1787086789.597917
1787086789.756667
1787086789.923568
1787086790.091145
1787086790.258426
1787086790.426589
1787086790.589734
1787086790.756618
1787086790.920944
1787086791.086867
1787086791.250827
1787086791.420937
1787086791.588797
1787086791.754204
1787086791.922175
1787086792.086142
1787086792.254227
1787086792.420588
1787086792.582818
1787086792.747930
1787086792.907492
1787086793.072710
1787086793.239110
1787086793.399936
1787086793.566995
1787086793.727143
1787086793.894783
1787086794.064335
1787086794.233053
1787086794.400509
1787086794.566729
1787086794.733946
1787086794.902589
1787086795.064955
1787086795.234195
1787086795.401404
1787086795.566776
1787086795.734875
1787086795.904463
1787086796.065920
1787086796.231451
1787086796.392877
1787086796.563362
1787086796.725482
1787086796.894591
1787086797.057110
1787086797.226290
1787086797.392699
1787086797.560720
1787086797.732496
1787086797.896402
1787086798.063007
1787086798.225263
1787086798.391035
1787086798.560318
1787086798.728147
1787086798.896085
1787086799.065318
1787086799.232687
1787086799.401566
1787086799.573376
1787086799.737854
1787086799.906377
1787086800.073276
1787086800.235601
1787086800.403725
1787086800.574415
1787086800.742919
1787086800.909856
1787086801.078278
1787086801.241840
1787086801.413319
1787086801.581659
1787086801.750171
1787086801.918182
1787086802.084375
1787086802.245524
1787086802.413046
1787086802.585874
1787086802.756287
1787086802.924271
1787086803.092283
1787086803.261660
1787086803.425339
1787086803.593748
1787086803.761356
1787086803.929025
1787086804.096464
1787086804.264889
1787086804.432884
1787086804.600795
1787086804.762212
1787086804.930234
1787086805.092152
1787086805.260191
1787086805.421236
1787086805.586219
1787086805.755629
1787086805.922820
1787086806.089619
1787086806.256928
1787086806.425619
1787086806.594972
1787086806.761044
1787086806.928811
1787086807.097852
1787086807.265199
1787086807.434427
1787086807.600668
1787086807.768686
1787086807.942344
1787086808.105138
1787086808.274411
1787086808.441552
1787086808.609920
1787086808.779398
1787086808.946961
1787086809.114588
1787086809.281556
1787086809.451212
1787086809.619168
1787086809.786424
1787086809.955047
1787086810.123958
1787086810.287168
1787086810.455693
1787086810.629084
1787086810.796979
1787086810.965108
1787086811.128032
1787086811.290225
1787086811.458051
1787086811.624896
1787086811.788604
1787086811.955557
1787086812.123571
1787086812.305291
1787086812.468685
1787086812.636698
1787086812.804239
1787086812.972038
1787086813.140285
1787086813.308732
1787086813.476537
1787086813.648706
1787086813.817322
1787086813.984667
1787086814.153313
1787086814.319820
1787086814.481887
1787086814.649411
1787086814.810852
1787086814.977540
1787086815.145807
1787086815.313089
1787086815.483835
1787086815.654911
1787086815.821934
1787086815.991878
1787086816.162243
1787086816.325134
1787086816.496246
1787086816.662634
1787086816.824840
1787086816.990660
1787086817.162387
1787086817.334936
1787086817.503913
1787086817.674659
1787086817.843499
1787086818.011751
1787086818.175167
1787086818.341807
1787086818.505904
1787086818.672335
1787086818.843368
1787086819.012426
1787086819.176547
1787086819.347716
1787086819.517557
1787086819.687392
1787086819.854894
1787086820.025612
1787086820.189905
1787086820.359391
1787086820.530369
1787086820.697284
1787086820.866689
1787086821.036889
1787086821.207613
1787086821.373513
1787086821.541510
1787086821.713758
1787086821.880216
1787086822.050243
1787086822.220440
1787086822.389012
1787086822.558157
1787086822.726710
1787086822.896602
1787086823.066921
1787086823.234777
1787086823.398355
1787086823.567444
1787086823.735982
1787086823.905663
1787086824.075678
1787086824.247021
1787086824.418027
1787086824.588794
1787086824.758765
1787086824.921921
1787086825.091105
1787086825.255835
1787086825.423690
1787086825.588156
1787086825.758170
1787086825.927877
1787086826.097578
1787086826.269451
1787086826.440053
1787086826.610887
1787086826.782552
1787086826.951359
1787086827.121975
1787086827.293569
1787086827.463629
1787086827.628990
1787086827.800416
1787086827.971935
1787086828.147362
1787086828.321361
1787086828.494983
1787086828.659405
1787086828.829740
1787086829.001453
1787086829.172866
1787086829.336959
1787086829.507398
1787086829.679144
1787086829.849373
