1787071681.369922
1787071681.517815
1787071681.670998
1787071681.820017
1787071681.968432
1787071682.118202
1787071682.272802
1787071682.425314
1787071682.574500
1787071682.725355
1787071682.876595
1787071683.035169
1787071683.194876
1787071683.346065
1787071683.501551
1787071683.653942
1787071683.805513
1787071683.956098
1787071684.108988
1787071684.260098
1787071684.409888
1787071684.569009
1787071684.718199
1787071684.875366
1787071685.033798
1787071685.189405
1787071685.339625
1787071685.489293
1787071685.637531
1787071685.787508
1787071685.935988
1787071686.085810
1787071686.236412
1787071686.383975
1787071686.533412
1787071686.681120
1787071686.834208
1787071686.987797
1787071687.137100
1787071687.286584
1787071687.435642
1787071687.581376
1787071687.729641
1787071687.878235
1787071688.031255
1787071688.185396
1787071688.338989
1787071688.488019
1787071688.636074
1787071688.785510
1787071688.932623
1787071689.092478
1787071689.248441
1787071689.395607
1787071689.541445
1787071689.696780
1787071689.849393
1787071689.995723
1787071690.146572
1787071690.298849
1787071690.450938
1787071690.601510
1787071690.750424
1787071690.904083
1787071691.051696
1787071691.202792
1787071691.352025
1787071691.503449
1787071691.647863
1787071691.799130
1787071691.950836
1787071692.096561
1787071692.247746
1787071692.398200
1787071692.543324
1787071692.688600
1787071692.832155
1787071692.974862
1787071693.119814
1787071693.271542
1787071693.423078
1787071693.573556
1787071693.721009
1787071693.871485
1787071694.016218
1787071694.165369
1787071694.312517
1787071694.454806
1787071694.605382
1787071694.756981
1787071694.900766
1787071695.043848
1787071695.194441
1787071695.340193
1787071695.491331
1787071695.641310
1787071695.784892
1787071695.930769
1787071696.078254
1787071696.217494
1787071696.366034
1787071696.509929
1787071696.663220
1787071696.814064
1787071696.963961
1787071697.112391
1787071697.260390
1787071697.405228
1787071697.552082
1787071697.696955
1787071697.848611
1787071697.999205
1787071698.152219
1787071698.305500
1787071698.463938
1787071698.609433
1787071698.753886
1787071698.900989
1787071699.045260
1787071699.199999
1787071699.345577
1787071699.499355
1787071699.650769
1787071699.804532
1787071699.952663
1787071700.106792
1787071700.259419
1787071700.414403
1787071700.566550
1787071700.718635
1787071700.870712
1787071701.017848
1787071701.163930
1787071701.315756
1787071701.465909
1787071701.611396
1787071701.766740
1787071701.920711
1787071702.068104
1787071702.221396
1787071702.368902
1787071702.516384
1787071702.668294
1787071702.816430
1787071702.969990
1787071703.118019
1787071703.269602
1787071703.419836
1787071703.573774
1787071703.722887
1787071703.875545
1787071704.024462
1787071704.177150
1787071704.332519
1787071704.486306
1787071704.642304
1787071704.798309
1787071704.956502
1787071705.109291
1787071705.259282
1787071705.411402
1787071705.562217
1787071705.714803
1787071705.866561
1787071706.021646
1787071706.179705
1787071706.336777
1787071706.489644
1787071706.642516
1787071706.802418
1787071706.960689
1787071707.119085
1787071707.277047
1787071707.431691
1787071707.587556
1787071707.746104
1787071707.902233
1787071708.059416
1787071708.216126
1787071708.376396
1787071708.533331
1787071708.690192
1787071708.846952
1787071709.005990
1787071709.170251
1787071709.328302
1787071709.495487
1787071709.655042
1787071709.813154
1787071709.970481
1787071710.130406
1787071710.289413
1787071710.452236
1787071710.614614
1787071710.777056
1787071710.945532
1787071711.110491
1787071711.269747
1787071711.436407
1787071711.600764
1787071711.761933
1787071711.927431
1787071712.087820
1787071712.253144
1787071712.422818
1787071712.591326
1787071712.760288
1787071712.927534
1787071713.085685
1787071713.252412
1787071713.413711
1787071713.582468
1787071713.743685
1787071713.911778
1787071714.078700
1787071714.245157
1787071714.407299
1787071714.573959
1787071714.739110
1787071714.907946
1787071715.072378
1787071715.232877
1787071715.399273
1787071715.563485
1787071715.726010
1787071715.895021
1787071716.058972
1787071716.227794
1787071716.397965
1787071716.560502
1787071716.732903
1787071716.900681
1787071717.067020
1787071717.229932
1787071717.397864
1787071717.565252
1787071717.728637
1787071717.895291
1787071718.059905
1787071718.223208
1787071718.386372
1787071718.548212
1787071718.719096
1787071718.882186
1787071719.052356
1787071719.220284
1787071719.382602
1787071719.550849
1787071719.714687
1787071719.884816
1787071720.053025
1787071720.224040
1787071720.391566
1787071720.553458
1787071720.724883
1787071720.894893
1787071721.058832
1787071721.233542
1787071721.396481
1787071721.563399
1787071721.726746
1787071721.897134
1787071722.059196
1787071722.228164
1787071722.397799
1787071722.561120
1787071722.729642
1787071722.893913
1787071723.060191
1787071723.223186
1787071723.393335
1787071723.558506
1787071723.728551
1787071723.892436
1787071724.063226
1787071724.232984
1787071724.400949
1787071724.574522
1787071724.738710
1787071724.907290
1787071725.075334
1787071725.240224
1787071725.403529
1787071725.570122
1787071725.734422
1787071725.906008
1787071726.067493
1787071726.233239
1787071726.397274
1787071726.570360
1787071726.733857
1787071726.904320
1787071727.067963
1787071727.232776
1787071727.402467
1787071727.571490
1787071727.739617
1787071727.903347
1787071728.066971
1787071728.236942
1787071728.406021
1787071728.570601
1787071728.740320
1787071728.906177
1787071729.077394
1787071729.246686
1787071729.415521
1787071729.578047
1787071729.743716
1787071729.916580
1787071730.085377
1787071730.252697
1787071730.422073
1787071730.593783
1787071730.755857
1787071730.921654
1787071731.084525
1787071731.257309
1787071731.418758
1787071731.586974
1787071731.754308
1787071731.920382
1787071732.086726
1787071732.250018
1787071732.417066
1787071732.583020
1787071732.747252
1787071732.910903
1787071733.077762
1787071733.252218
1787071733.419646
1787071733.589944
1787071733.753832
1787071733.922266
1787071734.093404
1787071734.266567
1787071734.431643
1787071734.594833
1787071734.761745
1787071734.925364
1787071735.094659
1787071735.258986
1787071735.431222
1787071735.592783
1787071735.766922
1787071735.938919
1787071736.101635
1787071736.273042
1787071736.444916
1787071736.615751
1787071736.781693
1787071736.955693
1787071737.123728
1787071737.294106
1787071737.465378
1787071737.635210
1787071737.807303
1787071737.975678
1787071738.141950
1787071738.315675
1787071738.487296
1787071738.662956
1787071738.828874
1787071739.008615
1787071739.181103
1787071739.352412
1787071739.518522
1787071739.688796
1787071739.858682
1787071740.028932
1787071740.201468
1787071740.371602
1787071740.535592
1787071740.707243
1787071740.876971
1787071741.042059
1787071741.215205
1787071741.388360
1787071741.556224
1787071741.728398
1787071741.902035
1787071742.068794
1787071742.238440
1787071742.404172
1787071742.575791
1787071742.749788
1787071742.914304
1787071743.085392
1787071743.258267
1787071743.431130
1787071743.601612
1787071743.776480
1787071743.943571
1787071744.109640
1787071744.282779
1787071744.461847
1787071744.637911
1787071744.807725
1787071744.986875
1787071745.169497
1787071745.348702
1787071745.522040
1787071745.701811
1787071745.882475
1787071746.061480
1787071746.238719
1787071746.416281
1787071746.593370
1787071746.771012
1787071746.942688
1787071747.115013
1787071747.293003
1787071747.467952
1787071747.637153
1787071747.808378
1787071747.985178
1787071748.160781
1787071748.335100
1787071748.509220
1787071748.679804
1787071748.855407
1787071749.028149
1787071749.207851
1787071749.382508
1787071749.550400
1787071749.716083
1787071749.886446
1787071750.051022
1787071750.224362
1787071750.396765
1787071750.567157
1787071750.740265
1787071750.899626
1787071751.071099
1787071751.229730
1787071751.396654
1787071751.562338
1787071751.736802
1787071751.911185
1787071752.077476
1787071752.250525
1787071752.421331
1787071752.596929
1787071752.772325
1787071752.942058
1787071753.118334
1787071753.298289
1787071753.466432
1787071753.643018
1787071753.817918
1787071753.988264
1787071754.158168
1787071754.331210
1787071754.501992
1787071754.671591
1787071754.846931
1787071755.021535
1787071755.192122
1787071755.360203
1787071755.532432
1787071755.704180
1787071755.873926
1787071756.044636
1787071756.217356
1787071756.383625
1787071756.552048
1787071756.722525
1787071756.889565
1787071757.057533
1787071757.231415
1787071757.397609
1787071757.571559
1787071757.736742
1787071757.902756
1787071758.068076
1787071758.241315
1787071758.422568
1787071758.598870
1787071758.776090
1787071758.946839
1787071759.125597
1787071759.295669
1787071759.471039
1787071759.647470
1787071759.818035
1787071759.988687
1787071760.163873
1787071760.341527
1787071760.517511
1787071760.690538
1787071760.857729
1787071761.023795
1787071761.197086
1787071761.365579
1787071761.539850
1787071761.713074
1787071761.885167
1787071762.061446
1787071762.229378
1787071762.402378
1787071762.568312
1787071762.743721
1787071762.911594
1787071763.081653
1787071763.252814
1787071763.427892
1787071763.602306
1787071763.771510
1787071763.940194
1787071764.113026
1787071764.290324
1787071764.457429
1787071764.629317
1787071764.801457
1787071764.967237
1787071765.135304
1787071765.299200
1787071765.471168
1787071765.642875
1787071765.813678
1787071765.983749
1787071766.152556
1787071766.317100
1787071766.488591
1787071766.660015
1787071766.829809
1787071766.996668
1787071767.169966
1787071767.335491
1787071767.506636
1787071767.678580
1787071767.842531
1787071768.014662
1787071768.186603
1787071768.352746
1787071768.523861
1787071768.693737
1787071768.866069
1787071769.036770
1787071769.208278
1787071769.371582
1787071769.545390
1787071769.710121
1787071769.888689
1787071770.053905
1787071770.222762
1787071770.386819
1787071770.560949
1787071770.727873
1787071770.894192
1787071771.068316
1787071771.233694
1787071771.403446
1787071771.577624
1787071771.743100
1787071771.913144
1787071772.085068
1787071772.251924
1787071772.423608
1787071772.594806
1787071772.761796
1787071772.929456
1787071773.098094
1787071773.268658
1787071773.440580
1787071773.606007
1787071773.778443
1787071773.952913
1787071774.121456
1787071774.301588
1787071774.478905
1787071774.654385
1787071774.832582
1787071775.011709
1787071775.187769
1787071775.355357
1787071775.525571
1787071775.692182
1787071775.863499
1787071776.034283
1787071776.201573
1787071776.377966
1787071776.543452
1787071776.714795
1787071776.886304
1787071777.056344
1787071777.222122
1787071777.389311
1787071777.554619
1787071777.721221
1787071777.887502
1787071778.055433
1787071778.225972
1787071778.392969
1787071778.564745
1787071778.731339
1787071778.910507
1787071779.087773
1787071779.266336
1787071779.433903
1787071779.607125
1787071779.779749
1787071779.949445
1787071780.114992
1787071780.280830
1787071780.452565
1787071780.624264
1787071780.796749
1787071780.970078
1787071781.141673
1787071781.316052
1787071781.487949
1787071781.660683
1787071781.826917
1787071782.000520
1787071782.173537
1787071782.348796
1787071782.522339
1787071782.698864
1787071782.878689
1787071783.060041
1787071783.241584
1787071783.418708
1787071783.598176
1787071783.773481
1787071783.951861
1787071784.123382
1787071784.300434
1787071784.468085
1787071784.644782
1787071784.821419
1787071784.993770
1787071785.165056
1787071785.338159
1787071785.518208
1787071785.691311
1787071785.860862
1787071786.037729
1787071786.208862
1787071786.390554
1787071786.565097
1787071786.739710
1787071786.919697
1787071787.102368
1787071787.276381
1787071787.452259
1787071787.625545
1787071787.799084
1787071787.973205
1787071788.152022
1787071788.327668
1787071788.509764
1787071788.688588
1787071788.862856
1787071789.036170
1787071789.212512
1787071789.387229
1787071789.566704
1787071789.746202
1787071789.927807
1787071790.107246
1787071790.291619
1787071790.466304
1787071790.647610
1787071790.830038
1787071791.012029
1787071791.193739
1787071791.374521
1787071791.553801
1787071791.732929
1787071791.914903
1787071792.088490
1787071792.269551
1787071792.450703
1787071792.629217
1787071792.812703
1787071792.993240
1787071793.172685
1787071793.351026
1787071793.531224
1787071793.711030
1787071793.891150
1787071794.068582
1787071794.246490
1787071794.424595
1787071794.599577
1787071794.773365
1787071794.952922
1787071795.124674
1787071795.302323
1787071795.482214
1787071795.659438
1787071795.838151
1787071796.015356
1787071796.190009
1787071796.362482
1787071796.540437
1787071796.713351
1787071796.890611
1787071797.067181
1787071797.246990
1787071797.419062
1787071797.596040
1787071797.767275
1787071797.938998
1787071798.119240
1787071798.291553
1787071798.468476
1787071798.644637
1787071798.815554
1787071798.988036
1787071799.161183
1787071799.338065
1787071799.505874
1787071799.680687
1787071799.858601
1787071800.032940
1787071800.203266
1787071800.377306
1787071800.552209
1787071800.729042
1787071800.905964
1787071801.082474
1787071801.260066
1787071801.436332
1787071801.612999
1787071801.782835
1787071801.959776
1787071802.137406
1787071802.313555
1787071802.487034
1787071802.656826
1787071802.828994
1787071803.001518
1787071803.180300
1787071803.359539
1787071803.530167
1787071803.703358
1787071803.874486
1787071804.049332
1787071804.224431
1787071804.393008
1787071804.569001
1787071804.743222
1787071804.912812
1787071805.084714
1787071805.252951
1787071805.427557
1787071805.601483
1787071805.773207
1787071805.943549
1787071806.119358
1787071806.295800
1787071806.472750
1787071806.639971
1787071806.814059
1787071806.989891
1787071807.165009
1787071807.333134
1787071807.510044
1787071807.686368
1787071807.862705
1787071808.040601
1787071808.220989
1787071808.391345
1787071808.561394
1787071808.738856
1787071808.914702
1787071809.086815
1787071809.255423
1787071809.431684
1787071809.607166
1787071809.783235
1787071809.953723
1787071810.126541
1787071810.294992
1787071810.469398
1787071810.644335
1787071810.812797
1787071810.986970
1787071811.161017
1787071811.332576
1787071811.500932
1787071811.679677
1787071811.852671
1787071812.025456
1787071812.194954
1787071812.367664
1787071812.542917
1787071812.718227
1787071812.893325
1787071813.065412
1787071813.236477
1787071813.410334
1787071813.580980
1787071813.753295
1787071813.922542
1787071814.097472
1787071814.269215
1787071814.437534
1787071814.612884
1787071814.786997
1787071814.955504
1787071815.123291
1787071815.302340
1787071815.475616
1787071815.650078
1787071815.820094
1787071815.996894
1787071816.169010
1787071816.343306
1787071816.519724
1787071816.688426
1787071816.863974
1787071817.040522
1787071817.216349
1787071817.389116
1787071817.561828
1787071817.736051
1787071817.911498
1787071818.080619
1787071818.249566
1787071818.422576
1787071818.597946
1787071818.770210
1787071818.936839
1787071819.110871
1787071819.286045
1787071819.458288
1787071819.633974
1787071819.809433
1787071819.985588
1787071820.163231
1787071820.338824
1787071820.512110
1787071820.685328
1787071820.858780
1787071821.028564
1787071821.203206
1787071821.378081
1787071821.552456
1787071821.719861
1787071821.896371
1787071822.091858
1787071822.269346
1787071822.445617
1787071822.618137
1787071822.791853
1787071822.960313
1787071823.137260
1787071823.313236
1787071823.486304
1787071823.663388
1787071823.835666
1787071824.008474
1787071824.184948
1787071824.353589
1787071824.524123
1787071824.696893
1787071824.872171
1787071825.045504
1787071825.223762
1787071825.397843
1787071825.564923
1787071825.739978
1787071825.913525
1787071826.084048
1787071826.266445
1787071826.440937
1787071826.622751
1787071826.804558
1787071826.984864
1787071827.168216
1787071827.350224
1787071827.530544
1787071827.712932
1787071827.891057
1787071828.068742
1787071828.247305
1787071828.429837
1787071828.610525
1787071828.788041
1787071828.969689
1787071829.148593
1787071829.327089
1787071829.505795
1787071829.684881
1787071829.862672
1787071830.044273
1787071830.224995
1787071830.405055
1787071830.583572
1787071830.763442
1787071830.942178
1787071831.125998
1787071831.303248
1787071831.481912
1787071831.663042
1787071831.841918
1787071832.016991
1787071832.198752
1787071832.382485
1787071832.563038
1787071832.742616
1787071832.922477
1787071833.105520
1787071833.284022
1787071833.464626
1787071833.639447
1787071833.820666
1787071834.000741
1787071834.185847
1787071834.363663
1787071834.542957
1787071834.725413
1787071834.905289
1787071835.081963
1787071835.261325
1787071835.442276
1787071835.621398
1787071835.799421
1787071835.983685
1787071836.161209
1787071836.342124
1787071836.520705
1787071836.698900
1787071836.878409
1787071837.059519
1787071837.239378
1787071837.419525
1787071837.600122
1787071837.780876
1787071837.960681
1787071838.133194
1787071838.311614
1787071838.489999
1787071838.665448
1787071838.840004
1787071839.018266
1787071839.196389
1787071839.375840
1787071839.554590
1787071839.736040
1787071839.911052
1787071840.089019
1787071840.268217
1787071840.446183
1787071840.625868
1787071840.797402
1787071840.970796
1787071841.146977
1787071841.320349
1787071841.498774
1787071841.674655
1787071841.851856
1787071842.030149
1787071842.212081
1787071842.384766
1787071842.558405
1787071842.735662
1787071842.913679
1787071843.092128
1787071843.270106
1787071843.447759
1787071843.626006
1787071843.799307
1787071843.977788
1787071844.155555
1787071844.328922
1787071844.505969
1787071844.679944
1787071844.851558
1787071845.029666
1787071845.206241
1787071845.378135
1787071845.549213
1787071845.726613
1787071845.899430
1787071846.076375
1787071846.249204
1787071846.424180
1787071846.601803
1787071846.777894
1787071846.955168
1787071847.131772
1787071847.309956
1787071847.483667
1787071847.655486
1787071847.828973
1787071848.007040
1787071848.179805
1787071848.352394
1787071848.522454
1787071848.697242
1787071848.872439
1787071849.045211
1787071849.218878
1787071849.394598
1787071849.567146
1787071849.743826
1787071849.923166
1787071850.095148
1787071850.266176
1787071850.440059
1787071850.615763
1787071850.788090
1787071850.964004
1787071851.140846
1787071851.309584
1787071851.485403
1787071851.662630
1787071851.838765
1787071852.014310
1787071852.188190
1787071852.359714
1787071852.535452
1787071852.713378
1787071852.888885
1787071853.062092
1787071853.239331
1787071853.409008
1787071853.584033
1787071853.758346
1787071853.928361
1787071854.100828
1787071854.278863
1787071854.454195
1787071854.633060
1787071854.811601
1787071854.987184
1787071855.161760
1787071855.336668
1787071855.506916
1787071855.683540
1787071855.862045
1787071856.034214
1787071856.205129
1787071856.373317
1787071856.548028
1787071856.722867
1787071856.891164
1787071857.067337
1787071857.241967
1787071857.416996
1787071857.590633
1787071857.763781
1787071857.934650
1787071858.110633
1787071858.284449
1787071858.452597
1787071858.627571
1787071858.803608
1787071858.973584
1787071859.149971
1787071859.321276
1787071859.498835
1787071859.672096
1787071859.841360
1787071860.012485
1787071860.182364
1787071860.359684
1787071860.530717
1787071860.703159
1787071860.880155
1787071861.056610
1787071861.230604
1787071861.402715
1787071861.575387
1787071861.743425
1787071861.916090
1787071862.087734
1787071862.259060
1787071862.434557
1787071862.607976
1787071862.780203
1787071862.949649
1787071863.124698
1787071863.299966
1787071863.474825
1787071863.640937
1787071863.815095
1787071863.983712
1787071864.154629
1787071864.327933
1787071864.501552
1787071864.679168
1787071864.849812
1787071865.018763
1787071865.185430
1787071865.358400
1787071865.526045
1787071865.705623
1787071865.879811
1787071866.053254
1787071866.220723
1787071866.391817
1787071866.564111
1787071866.736036
1787071866.910332
1787071867.085469
1787071867.255139
1787071867.420917
1787071867.594287
1787071867.770336
1787071867.944868
1787071868.113250
1787071868.288045
1787071868.455840
1787071868.621853
1787071868.796802
1787071868.967037
1787071869.141090
1787071869.316087
1787071869.484652
1787071869.662944
1787071869.828093
1787071870.002940
1787071870.177009
1787071870.353294
1787071870.529047
1787071870.700506
1787071870.876053
1787071871.044761
1787071871.218403
1787071871.386492
1787071871.560256
1787071871.734450
1787071871.910675
1787071872.077998
1787071872.249779
1787071872.418366
1787071872.586405
1787071872.759725
1787071872.928507
1787071873.100163
1787071873.270184
1787071873.443287
1787071873.616817
1787071873.788549
1787071873.964298
1787071874.134041
1787071874.304626
1787071874.480192
1787071874.649953
1787071874.823888
1787071874.998593
1787071875.170898
1787071875.343146
1787071875.515911
1787071875.691301
1787071875.866919
1787071876.034184
1787071876.209187
1787071876.383988
1787071876.557772
1787071876.725016
1787071876.899676
1787071877.067567
1787071877.240355
1787071877.408212
1787071877.582676
1787071877.760967
1787071877.931034
1787071878.106502
1787071878.282031
1787071878.460073
1787071878.634143
1787071878.811645
1787071878.971663
1787071879.148614
1787071879.319347
1787071879.488712
1787071879.657933
1787071879.825209
1787071880.001089
1787071880.168986
1787071880.342645
1787071880.516761
1787071880.691375
1787071880.861103
1787071881.037786
1787071881.213995
1787071881.389282
1787071881.564033
1787071881.732371
1787071881.908271
1787071882.084778
1787071882.260615
1787071882.430761
1787071882.603328
1787071882.778937
1787071882.953452
1787071883.130519
1787071883.308377
1787071883.477623
1787071883.649000
1787071883.825342
1787071883.994394
1787071884.163896
1787071884.334673
1787071884.522140
1787071884.705294
1787071884.887350
1787071885.069974
1787071885.244996
1787071885.420635
1787071885.595748
1787071885.770416
1787071885.949080
1787071886.121982
1787071886.296292
1787071886.471136
1787071886.637185
1787071886.812206
1787071886.981950
1787071887.156841
1787071887.334752
1787071887.505364
1787071887.675565
1787071887.846611
1787071888.022237
1787071888.197458
1787071888.366314
1787071888.542763
1787071888.710245
1787071888.888524
1787071889.058155
1787071889.235993
1787071889.411254
1787071889.590254
1787071889.768398
1787071889.946522
1787071890.123160
1787071890.297144
1787071890.473826
1787071890.643073
1787071890.818393
1787071890.994962
1787071891.165143
1787071891.332016
1787071891.507216
1787071891.683022
1787071891.855613
1787071892.024706
1787071892.194548
1787071892.369471
1787071892.544947
1787071892.719911
1787071892.895647
1787071893.084491
1787071893.262408
1787071893.446881
1787071893.627694
1787071893.814591
1787071893.994073
1787071894.174184
1787071894.352423
1787071894.531042
1787071894.711111
1787071894.894099
1787071895.080803
1787071895.266251
1787071895.447155
1787071895.633624
1787071895.814071
1787071895.992637
1787071896.172493
1787071896.356050
1787071896.540746
1787071896.716578
1787071896.891619
1787071897.073151
1787071897.252873
1787071897.437553
1787071897.612238
1787071897.796389
1787071897.977531
1787071898.159731
1787071898.336301
1787071898.511976
1787071898.696188
1787071898.873582
1787071899.058148
1787071899.246950
1787071899.433183
1787071899.617218
1787071899.800227
1787071899.976842
1787071900.157999
1787071900.345567
1787071900.524684
1787071900.702114
1787071900.884375
1787071901.067389
1787071901.252529
1787071901.430528
1787071901.616328
1787071901.805891
1787071901.989810
1787071902.173261
1787071902.353175
1787071902.535040
1787071902.716956
1787071902.893997
1787071903.071486
1787071903.253751
1787071903.434065
1787071903.616924
1787071903.798348
1787071903.983127
1787071904.168306
1787071904.351397
1787071904.534792
1787071904.719126
1787071904.902099
1787071905.083503
1787071905.265703
1787071905.449403
1787071905.634685
1787071905.813593
1787071905.992633
1787071906.170367
1787071906.350381
1787071906.534086
1787071906.710562
1787071906.884186
1787071907.065953
1787071907.246423
1787071907.423026
1787071907.605632
1787071907.780013
1787071907.961520
1787071908.141590
1787071908.321655
1787071908.500791
1787071908.682707
1787071908.862114
1787071909.045747
1787071909.229920
1787071909.404642
1787071909.596578
1787071909.780546
1787071909.954287
1787071910.134889
1787071910.315809
1787071910.519178
1787071910.694108
1787071910.873257
1787071911.055966
1787071911.231224
1787071911.414964
1787071911.595246
1787071911.768259
1787071911.962335
1787071912.141420
1787071912.324730
1787071912.501260
1787071912.677830
1787071912.850533
1787071913.028594
1787071913.208643
1787071913.389931
1787071913.574935
1787071913.758383
1787071913.932552
1787071914.108730
1787071914.290655
1787071914.470995
1787071914.649200
1787071914.829093
1787071915.011765
1787071915.185293
1787071915.359456
1787071915.541245
1787071915.722789
1787071915.904803
1787071916.086208
1787071916.262038
1787071916.441322
1787071916.623362
1787071916.800101
1787071916.979519
1787071917.160989
1787071917.338828
1787071917.519288
1787071917.699215
1787071917.875494
1787071918.055634
1787071918.238523
1787071918.414407
1787071918.594466
1787071918.776554
1787071918.955806
1787071919.136355
1787071919.318710
1787071919.498149
1787071919.678195
1787071919.859241
1787071920.038207
1787071920.213406
1787071920.393500
1787071920.576297
1787071920.757020
1787071920.937437
1787071921.121117
1787071921.296423
1787071921.477480
1787071921.656720
1787071921.837493
1787071922.016937
1787071922.199525
1787071922.379477
1787071922.558043
1787071922.739820
1787071922.921028
1787071923.102472
1787071923.284998
1787071923.465215
1787071923.649454
1787071923.828518
1787071924.008932
1787071924.188808
1787071924.366675
1787071924.546545
1787071924.725287
1787071924.900745
1787071925.086571
1787071925.267376
1787071925.447207
1787071925.626833
1787071925.808036
1787071925.987695
1787071926.167099
1787071926.344279
1787071926.516047
1787071926.696611
1787071926.878474
1787071927.059223
1787071927.237949
1787071927.415616
1787071927.587523
1787071927.771303
1787071927.944856
1787071928.126969
1787071928.307350
1787071928.483637
1787071928.664260
1787071928.850015
1787071929.037805
1787071929.223414
1787071929.410619
1787071929.598344
1787071929.785860
1787071929.972468
1787071930.160997
1787071930.349149
1787071930.540023
1787071930.723543
1787071930.912618
1787071931.100664
1787071931.284626
1787071931.467941
1787071931.658303
1787071931.848676
1787071932.045314
1787071932.233289
1787071932.416866
1787071932.606014
1787071932.801838
1787071932.991553
1787071933.176717
1787071933.373399
1787071933.561025
1787071933.746811
1787071933.933147
1787071934.125347
1787071934.313812
1787071934.505024
1787071934.693677
1787071934.879471
1787071935.060336
1787071935.248436
1787071935.436396
1787071935.622157
1787071935.809197
1787071935.998263
1787071936.178907
1787071936.369944
1787071936.555383
1787071936.742989
1787071936.937945
1787071937.119340
1787071937.306398
1787071937.495131
1787071937.681316
1787071937.863685
1787071938.052457
1787071938.235018
1787071938.419390
1787071938.608567
1787071938.789745
1787071938.972142
1787071939.152373
1787071939.339878
1787071939.526685
1787071939.704498
1787071939.889036
1787071940.068188
1787071940.261288
1787071940.442903
1787071940.634300
1787071940.819340
1787071940.997903
1787071941.181648
1787071941.363719
1787071941.549515
1787071941.730212
1787071941.919599
1787071942.104314
1787071942.290464
1787071942.478659
1787071942.657737
1787071942.836241
1787071943.021785
1787071943.208591
1787071943.393824
1787071943.582711
1787071943.772181
1787071943.953691
1787071944.143011
1787071944.323937
1787071944.511087
1787071944.695143
1787071944.875271
1787071945.054268
1787071945.233666
1787071945.418260
1787071945.599702
1787071945.785764
1787071945.973893
1787071946.154190
1787071946.337980
1787071946.519342
1787071946.703950
1787071946.883925
1787071947.063233
1787071947.246075
1787071947.423798
1787071947.607387
1787071947.784921
1787071947.964456
1787071948.146949
1787071948.332456
1787071948.513016
1787071948.693455
1787071948.877885
1787071949.058201
1787071949.243531
1787071949.430877
1787071949.620761
1787071949.806103
1787071949.987278
1787071950.164715
1787071950.350938
1787071950.535036
1787071950.718994
1787071950.902909
1787071951.082270
1787071951.267542
1787071951.448944
1787071951.631527
1787071951.817053
1787071951.996211
1787071952.174540
1787071952.360047
1787071952.547435
1787071952.724363
1787071952.904665
1787071953.088068
1787071953.265769
1787071953.450878
1787071953.629342
1787071953.811583
1787071953.990900
1787071954.169330
1787071954.351204
1787071954.538578
1787071954.721628
1787071954.909355
1787071955.092213
1787071955.271750
1787071955.459529
1787071955.645445
1787071955.829698
1787071956.009649
1787071956.189328
1787071956.369370
1787071956.555753
1787071956.737068
1787071956.924572
1787071957.103616
