1787081954.186480
1787081954.340662
1787081954.493390
1787081954.647548
1787081954.795621
1787081954.943725
1787081955.097811
1787081955.254095
1787081955.413475
1787081955.570847
1787081955.728565
1787081955.879824
1787081956.034788
1787081956.184578
1787081956.335384
1787081956.485873
1787081956.636866
1787081956.787718
1787081956.938598
1787081957.094434
1787081957.244820
1787081957.399725
1787081957.552993
1787081957.699160
1787081957.854607
1787081958.009465
1787081958.157475
1787081958.312228
1787081958.469101
1787081958.619024
1787081958.767953
1787081958.923878
1787081959.083571
1787081959.236554
1787081959.392138
1787081959.547751
1787081959.702570
1787081959.859202
1787081960.018345
1787081960.174713
1787081960.329669
1787081960.485367
1787081960.638246
1787081960.792959
1787081960.948500
1787081961.097613
1787081961.250591
1787081961.399986
1787081961.549401
1787081961.704634
1787081961.862157
1787081962.019599
1787081962.173288
1787081962.322393
1787081962.475927
1787081962.625156
1787081962.774340
1787081962.927686
1787081963.082370
1787081963.229358
1787081963.382548
1787081963.535775
1787081963.688654
1787081963.845562
1787081963.998576
1787081964.154276
1787081964.305425
1787081964.451255
1787081964.601463
1787081964.752105
1787081964.903065
1787081965.054367
1787081965.203110
1787081965.357827
1787081965.508050
1787081965.660273
1787081965.811568
1787081965.964260
1787081966.115248
1787081966.268981
1787081966.417844
1787081966.569885
1787081966.719631
1787081966.871953
1787081967.024217
1787081967.175557
1787081967.326046
1787081967.480147
1787081967.631767
1787081967.776985
1787081967.932580
1787081968.083023
1787081968.238329
1787081968.383215
1787081968.532941
1787081968.686882
1787081968.840523
1787081968.992932
1787081969.143839
1787081969.294525
1787081969.446085
1787081969.592123
1787081969.745019
1787081969.897142
1787081970.049078
1787081970.200580
1787081970.353056
1787081970.505045
1787081970.658540
1787081970.804727
1787081970.957920
1787081971.111953
1787081971.262525
1787081971.416562
1787081971.562631
1787081971.714954
1787081971.862098
1787081972.014520
1787081972.162151
1787081972.318310
1787081972.469792
1787081972.623573
1787081972.776968
1787081972.930240
1787081973.084990
1787081973.238475
1787081973.391299
1787081973.543895
1787081973.696308
1787081973.849856
1787081974.002326
1787081974.154273
1787081974.309083
1787081974.468911
1787081974.621294
1787081974.776790
1787081974.925303
1787081975.077787
1787081975.225980
1787081975.382288
1787081975.539136
1787081975.694555
1787081975.850881
1787081976.005861
1787081976.161358
1787081976.314405
1787081976.465261
1787081976.621998
1787081976.779655
1787081976.936799
1787081977.094289
1787081977.250376
1787081977.407574
1787081977.565394
1787081977.717372
1787081977.881861
1787081978.038504
1787081978.196003
1787081978.356568
1787081978.514501
1787081978.676157
1787081978.833833
1787081978.993684
1787081979.146850
1787081979.308918
1787081979.468757
1787081979.629534
1787081979.794234
1787081979.956473
1787081980.120571
1787081980.275665
1787081980.430150
1787081980.584933
1787081980.750002
1787081980.910095
1787081981.072019
1787081981.233715
1787081981.388860
1787081981.543202
1787081981.706139
1787081981.867300
1787081982.028347
1787081982.190136
1787081982.351589
1787081982.512914
1787081982.678756
1787081982.834338
1787081982.996535
1787081983.159516
1787081983.323527
1787081983.487125
1787081983.645025
1787081983.802248
1787081983.965557
1787081984.130951
1787081984.297488
1787081984.455775
1787081984.624545
1787081984.782497
1787081984.947709
1787081985.110010
1787081985.272785
1787081985.435205
1787081985.602884
1787081985.767155
1787081985.932353
1787081986.100965
1787081986.266908
1787081986.437040
1787081986.602890
1787081986.769996
1787081986.929924
1787081987.097006
1787081987.261234
1787081987.427505
1787081987.593625
1787081987.765377
1787081987.932084
1787081988.099773
1787081988.266340
1787081988.436647
1787081988.607041
1787081988.779294
1787081988.950213
1787081989.121545
1787081989.292412
1787081989.459424
1787081989.621573
1787081989.788270
1787081989.956836
1787081990.121780
1787081990.291286
1787081990.460746
1787081990.620660
1787081990.789792
1787081990.959665
1787081991.123943
1787081991.289269
1787081991.450364
1787081991.610950
1787081991.777877
1787081991.946747
1787081992.106217
1787081992.272315
1787081992.437978
1787081992.602942
1787081992.770630
1787081992.939208
1787081993.101200
1787081993.267800
1787081993.434381
1787081993.601140
1787081993.768693
1787081993.934288
1787081994.101170
1787081994.267484
1787081994.434114
1787081994.601270
1787081994.767920
1787081994.933342
1787081995.098882
1787081995.260221
1787081995.426425
1787081995.586743
1787081995.749186
1787081995.912809
1787081996.081249
1787081996.243572
1787081996.405633
1787081996.567096
1787081996.730434
1787081996.889017
1787081997.045296
1787081997.202825
1787081997.361807
1787081997.526119
1787081997.686292
1787081997.846338
1787081998.007254
1787081998.167078
1787081998.331714
1787081998.495864
1787081998.656610
1787081998.826950
1787081998.989055
1787081999.158643
1787081999.325551
1787081999.493576
1787081999.660865
1787081999.829572
1787081999.999244
1787082000.166636
1787082000.334488
1787082000.501227
1787082000.670292
1787082000.842051
1787082001.008863
1787082001.171671
1787082001.339206
1787082001.503278
1787082001.669489
1787082001.839514
1787082002.008909
1787082002.177198
1787082002.346613
1787082002.516227
1787082002.677130
1787082002.843433
1787082003.012732
1787082003.182079
1787082003.351404
1787082003.516193
1787082003.683145
1787082003.854325
1787082004.021886
1787082004.188769
1787082004.358274
1787082004.525695
1787082004.694993
1787082004.868718
1787082005.034052
1787082005.199807
1787082005.370422
1787082005.538850
1787082005.708318
1787082005.877191
1787082006.047055
1787082006.219997
1787082006.392251
1787082006.564602
1787082006.732747
1787082006.901652
1787082007.071644
1787082007.240296
1787082007.410961
1787082007.578786
1787082007.751282
1787082007.913471
1787082008.086795
1787082008.256306
1787082008.425817
1787082008.596393
1787082008.768221
1787082008.940313
1787082009.111821
1787082009.277813
1787082009.449343
1787082009.619279
1787082009.792887
1787082009.959530
1787082010.131707
1787082010.302049
1787082010.476240
1787082010.647047
1787082010.819799
1787082010.991961
1787082011.165406
1787082011.328600
1787082011.500420
1787082011.672222
1787082011.847573
1787082012.013546
1787082012.190066
1787082012.348296
1787082012.519769
1787082012.690101
1787082012.862660
1787082013.033496
1787082013.204124
1787082013.368971
1787082013.540307
1787082013.711410
1787082013.882112
1787082014.046865
1787082014.218520
1787082014.392230
1787082014.562996
1787082014.735561
1787082014.906949
1787082015.077677
1787082015.252678
1787082015.425050
1787082015.595207
1787082015.760434
1787082015.932011
1787082016.103177
1787082016.280027
1787082016.451549
1787082016.624796
1787082016.795388
1787082016.966321
1787082017.135726
1787082017.306493
1787082017.477323
1787082017.648278
1787082017.819158
1787082017.983935
1787082018.152934
1787082018.322025
1787082018.492263
1787082018.662882
1787082018.831210
1787082018.996579
1787082019.169148
1787082019.338219
1787082019.514704
1787082019.680207
1787082019.851967
1787082020.026510
1787082020.197759
1787082020.370282
1787082020.538889
1787082020.709195
1787082020.879227
1787082021.053140
1787082021.224749
1787082021.395954
1787082021.565552
1787082021.739335
1787082021.911631
1787082022.086576
1787082022.254359
1787082022.431282
1787082022.605758
1787082022.775717
1787082022.944010
1787082023.117170
1787082023.288553
1787082023.452887
1787082023.628266
1787082023.792273
1787082023.961839
1787082024.132792
1787082024.306136
1787082024.472248
1787082024.636689
1787082024.806482
1787082024.977159
1787082025.147967
1787082025.318329
1787082025.480859
1787082025.648619
1787082025.820809
1787082025.990917
1787082026.160197
1787082026.328969
1787082026.498386
1787082026.668203
1787082026.838862
1787082027.008985
1787082027.178461
1787082027.347762
1787082027.516008
1787082027.685501
1787082027.855740
1787082028.018874
1787082028.185007
1787082028.356106
1787082028.522223
1787082028.694029
1787082028.862543
1787082029.033488
1787082029.203089
1787082029.373040
1787082029.543103
1787082029.709635
1787082029.879279
1787082030.048000
1787082030.218814
1787082030.380851
1787082030.551747
1787082030.721745
1787082030.889986
1787082031.056104
1787082031.222139
1787082031.391382
1787082031.563010
1787082031.730041
1787082031.899607
1787082032.066359
1787082032.229316
1787082032.398739
1787082032.567601
1787082032.739749
1787082032.908983
1787082033.077207
1787082033.246929
1787082033.417318
1787082033.587940
1787082033.757565
1787082033.929509
1787082034.099150
1787082034.269881
1787082034.439142
1787082034.609558
1787082034.779530
1787082034.948390
1787082035.116204
1787082035.287228
1787082035.456891
1787082035.627316
1787082035.797498
1787082035.960775
1787082036.131198
1787082036.300984
1787082036.470655
1787082036.633853
1787082036.804479
1787082036.969126
1787082037.140086
1787082037.309693
1787082037.480331
1787082037.650286
1787082037.819863
1787082037.989851
1787082038.153878
1787082038.324256
1787082038.495873
1787082038.665772
1787082038.836944
1787082039.006810
1787082039.175918
1787082039.346783
1787082039.518163
1787082039.689114
1787082039.861517
1787082040.032650
1787082040.208514
1787082040.376343
1787082040.550020
1787082040.723341
1787082040.895650
1787082041.068762
1787082041.239539
1787082041.413283
1787082041.589578
1787082041.755846
1787082041.922252
1787082042.093666
1787082042.265697
1787082042.442068
1787082042.615170
1787082042.788617
1787082042.962170
1787082043.134785
1787082043.310109
1787082043.484026
1787082043.660288
1787082043.832699
1787082044.005574
1787082044.184789
1787082044.359223
1787082044.534272
1787082044.708176
1787082044.880167
1787082045.047733
1787082045.221110
1787082045.396185
1787082045.569889
1787082045.741293
1787082045.913114
1787082046.086256
1787082046.256205
1787082046.428702
1787082046.604271
1787082046.771896
1787082046.939400
1787082047.113671
1787082047.284188
1787082047.450664
1787082047.624656
1787082047.799029
1787082047.974902
1787082048.139029
1787082048.303975
1787082048.473709
1787082048.638641
1787082048.806678
1787082048.973388
1787082049.144091
1787082049.313014
1787082049.478042
1787082049.647567
1787082049.817652
1787082049.988176
1787082050.156879
1787082050.320360
1787082050.491984
1787082050.662679
1787082050.835919
1787082051.006715
1787082051.177511
1787082051.347593
1787082051.519489
1787082051.684079
1787082051.858742
1787082052.030197
1787082052.200642
1787082052.369199
1787082052.538614
1787082052.708923
1787082052.876705
1787082053.046196
1787082053.208616
1787082053.371946
1787082053.536257
1787082053.705147
1787082053.874580
1787082054.038177
1787082054.211473
1787082054.376517
1787082054.546634
1787082054.715977
1787082054.887033
1787082055.055215
1787082055.223157
1787082055.390725
1787082055.559872
1787082055.727465
1787082055.896134
1787082056.065877
1787082056.239666
1787082056.409419
1787082056.576260
1787082056.739345
1787082056.909611
1787082057.080046
1787082057.250837
1787082057.420566
1787082057.591624
1787082057.761513
1787082057.934027
1787082058.109102
1787082058.280509
1787082058.450561
1787082058.620125
1787082058.789681
1787082058.960430
1787082059.130829
1787082059.296451
1787082059.466419
1787082059.636814
1787082059.808033
1787082059.976058
1787082060.140135
1787082060.312291
1787082060.483274
1787082060.653966
1787082060.825866
1787082060.998560
1787082061.168786
1787082061.333300
1787082061.503685
1787082061.673702
1787082061.848449
1787082062.021030
1787082062.192760
1787082062.362641
1787082062.533474
1787082062.704230
1787082062.873790
1787082063.044303
1787082063.218281
1787082063.383409
1787082063.553796
1787082063.726629
1787082063.897396
1787082064.063406
1787082064.232066
1787082064.400597
1787082064.571194
1787082064.742184
1787082064.912206
1787082065.084311
1787082065.254869
1787082065.423533
1787082065.593809
1787082065.764853
1787082065.929240
1787082066.100877
1787082066.277812
1787082066.448612
1787082066.617446
1787082066.788399
1787082066.958822
1787082067.128297
1787082067.297441
1787082067.465793
1787082067.634002
1787082067.802984
1787082067.971170
1787082068.142109
1787082068.311985
1787082068.478992
1787082068.647635
1787082068.816968
1787082068.986529
1787082069.159353
1787082069.322700
1787082069.493863
1787082069.666906
1787082069.834220
1787082070.006946
1787082070.178185
1787082070.350807
1787082070.519980
1787082070.689854
1787082070.858277
1787082071.026490
1787082071.196517
1787082071.359330
1787082071.529191
1787082071.698620
1787082071.867055
1787082072.036883
1787082072.211652
1787082072.373950
1787082072.538533
1787082072.701149
1787082072.863476
1787082073.033882
1787082073.203961
1787082073.365903
1787082073.533832
1787082073.702697
1787082073.869933
1787082074.038621
1787082074.200186
1787082074.370447
1787082074.531412
1787082074.697976
1787082074.864712
1787082075.031003
1787082075.195261
1787082075.355470
1787082075.517092
1787082075.684970
1787082075.853380
1787082076.019374
1787082076.185508
1787082076.352695
1787082076.516477
1787082076.682854
1787082076.849783
1787082077.017352
1787082077.185326
1787082077.353720
1787082077.521256
1787082077.691097
1787082077.851462
1787082078.016945
1787082078.189039
1787082078.354504
1787082078.519410
1787082078.686172
1787082078.847386
1787082079.013961
1787082079.184373
1787082079.351338
1787082079.515964
1787082079.684895
1787082079.851108
1787082080.017340
1787082080.183608
1787082080.350381
1787082080.515763
1787082080.683853
1787082080.854424
1787082081.014200
1787082081.184673
1787082081.359097
1787082081.529478
1787082081.702283
1787082081.872862
1787082082.045592
1787082082.215262
1787082082.385791
1787082082.555415
1787082082.727862
1787082082.901433
1787082083.073302
1787082083.241314
1787082083.410431
1787082083.583213
1787082083.754357
1787082083.925939
1787082084.097229
1787082084.266589
1787082084.439910
1787082084.610204
1787082084.780806
1787082084.950179
1787082085.121086
1787082085.291095
1787082085.460229
1787082085.630093
1787082085.799973
1787082085.970094
1787082086.145043
1787082086.315517
1787082086.487859
1787082086.659063
1787082086.822998
1787082086.991552
1787082087.155282
1787082087.322673
1787082087.493455
1787082087.662751
1787082087.830143
1787082087.998687
1787082088.170887
1787082088.332934
1787082088.505661
1787082088.675116
1787082088.846188
1787082089.017386
1787082089.179253
1787082089.351400
1787082089.522972
1787082089.694563
1787082089.868061
1787082090.039648
1787082090.209682
1787082090.381309
1787082090.552116
1787082090.723095
1787082090.887935
1787082091.057150
1787082091.221073
1787082091.391241
1787082091.561949
1787082091.724973
1787082091.896307
1787082092.064958
1787082092.236045
1787082092.406380
1787082092.577018
1787082092.741259
1787082092.911243
1787082093.078971
1787082093.248786
1787082093.417453
1787082093.589356
1787082093.759727
1787082093.929019
1787082094.099088
1787082094.268764
1787082094.438146
1787082094.607214
1787082094.776469
1787082094.946027
1787082095.116267
1787082095.292790
1787082095.468272
1787082095.643039
1787082095.818731
1787082095.993598
1787082096.169346
1787082096.336560
1787082096.510744
1787082096.683523
1787082096.851108
1787082097.025414
1787082097.196570
1787082097.366996
1787082097.541824
1787082097.717252
1787082097.888918
1787082098.062949
1787082098.227405
1787082098.387299
1787082098.557636
1787082098.726572
1787082098.889827
1787082099.060143
1787082099.231818
1787082099.403105
1787082099.573867
1787082099.741764
1787082099.912238
1787082100.084610
1787082100.249862
1787082100.419564
1787082100.588896
1787082100.759282
1787082100.930984
1787082101.100726
1787082101.271328
1787082101.446370
1787082101.619925
1787082101.798882
1787082101.967359
1787082102.134790
1787082102.308049
1787082102.480685
1787082102.651718
1787082102.824087
1787082102.995075
1787082103.158924
1787082103.331582
1787082103.508007
1787082103.671876
1787082103.842935
1787082104.013208
1787082104.181110
1787082104.351399
1787082104.522661
1787082104.694165
1787082104.858197
1787082105.027871
1787082105.193997
1787082105.364171
1787082105.535501
1787082105.704617
1787082105.874716
1787082106.043527
1787082106.213370
1787082106.383473
1787082106.551890
1787082106.721411
1787082106.893892
1787082107.061137
1787082107.231565
1787082107.400441
1787082107.569346
1787082107.734467
1787082107.904497
1787082108.077415
1787082108.249038
1787082108.408749
1787082108.579512
1787082108.751586
1787082108.924584
1787082109.099923
1787082109.271813
1787082109.441902
1787082109.611846
1787082109.782651
1787082109.953760
1787082110.123163
1787082110.288196
1787082110.458686
1787082110.632277
1787082110.802399
1787082110.972499
1787082111.136719
1787082111.305913
1787082111.475888
1787082111.644583
1787082111.812197
1787082111.976955
1787082112.146693
1787082112.315852
1787082112.486412
1787082112.656643
1787082112.827944
1787082112.996812
1787082113.167337
1787082113.335758
1787082113.497977
1787082113.668210
1787082113.838677
1787082114.007524
1787082114.179693
1787082114.343101
1787082114.512570
1787082114.683335
1787082114.855757
1787082115.027090
1787082115.195656
1787082115.365318
1787082115.536723
1787082115.706300
1787082115.878451
1787082116.050967
1787082116.222629
1787082116.394776
1787082116.559823
1787082116.731506
1787082116.900595
1787082117.072300
1787082117.242237
1787082117.412504
1787082117.583102
1787082117.754458
1787082117.923158
1787082118.095138
1787082118.267278
1787082118.427527
1787082118.598488
1787082118.770653
1787082118.940995
1787082119.112711
1787082119.278588
1787082119.443935
1787082119.615779
1787082119.785926
1787082119.951748
1787082120.127826
1787082120.293621
1787082120.468359
1787082120.638368
1787082120.809801
1787082120.979722
1787082121.150457
1787082121.321588
1787082121.492529
1787082121.663625
1787082121.833540
1787082121.996654
1787082122.165287
1787082122.332566
1787082122.501576
1787082122.675555
1787082122.843935
1787082123.012091
1787082123.184785
1787082123.348171
1787082123.515623
1787082123.685122
1787082123.853333
1787082124.022092
1787082124.190603
1787082124.358400
1787082124.525824
1787082124.696604
1787082124.862837
1787082125.027879
1787082125.194220
1787082125.360862
1787082125.527693
1787082125.693978
1787082125.862201
1787082126.029297
1787082126.204311
1787082126.374313
1787082126.542104
1787082126.709163
1787082126.871511
1787082127.037948
1787082127.198691
1787082127.364237
1787082127.536365
1787082127.699255
1787082127.861580
1787082128.028090
1787082128.194785
1787082128.362646
1787082128.529900
1787082128.701668
1787082128.862281
1787082129.027622
1787082129.194622
1787082129.362331
1787082129.524248
1787082129.691835
1787082129.861777
1787082130.030445
1787082130.201646
1787082130.364264
1787082130.537567
1787082130.711551
1787082130.890754
1787082131.066377
1787082131.240794
1787082131.416414
1787082131.591696
1787082131.765774
1787082131.939332
1787082132.123199
1787082132.285984
1787082132.463757
1787082132.637079
1787082132.805354
1787082132.972403
1787082133.148324
1787082133.316288
1787082133.492024
1787082133.671491
1787082133.849734
1787082134.031183
1787082134.204000
1787082134.379826
1787082134.553580
1787082134.724339
1787082134.896878
1787082135.069374
1787082135.242637
1787082135.413554
1787082135.577948
1787082135.750590
1787082135.920657
1787082136.092668
1787082136.260523
1787082136.430485
1787082136.601530
1787082136.773048
1787082136.945853
1787082137.112235
1787082137.284115
1787082137.458072
1787082137.628968
1787082137.800761
1787082137.973079
1787082138.147240
1787082138.319315
1787082138.482126
1787082138.651130
1787082138.821572
1787082138.993648
1787082139.163913
1787082139.329606
1787082139.499453
1787082139.672802
1787082139.842911
1787082140.015857
1787082140.187283
1787082140.353914
1787082140.525525
1787082140.700731
1787082140.874372
1787082141.042563
1787082141.215968
1787082141.383901
1787082141.551241
1787082141.725897
1787082141.893922
1787082142.063512
1787082142.237780
1787082142.410889
1787082142.582982
1787082142.756685
1787082142.930719
1787082143.105930
1787082143.279171
1787082143.454425
1787082143.627628
1787082143.800514
1787082143.974410
1787082144.148845
1787082144.314995
1787082144.489381
1787082144.662792
1787082144.837293
1787082145.010832
1787082145.187009
1787082145.358606
1787082145.535991
1787082145.702154
1787082145.876546
1787082146.049798
1787082146.224075
1787082146.396067
1787082146.562609
1787082146.742050
1787082146.913467
1787082147.086677
1787082147.261989
1787082147.434401
1787082147.607779
1787082147.775426
1787082147.949434
1787082148.123698
1787082148.294706
1787082148.471649
1787082148.643785
1787082148.818026
1787082148.990958
1787082149.158247
1787082149.331556
1787082149.505624
1787082149.679768
1787082149.852273
1787082150.024733
1787082150.194560
1787082150.358854
1787082150.530190
1787082150.703152
1787082150.876167
1787082151.050631
1787082151.220962
1787082151.394205
1787082151.567776
1787082151.741772
1787082151.912066
1787082152.088097
1787082152.262195
1787082152.430210
1787082152.601929
1787082152.776162
1787082152.950187
1787082153.123497
1787082153.296573
1787082153.469862
1787082153.642816
1787082153.817419
1787082153.992438
1787082154.163062
1787082154.329946
1787082154.499691
1787082154.671531
1787082154.843742
1787082155.016305
1787082155.186316
1787082155.352724
1787082155.525069
1787082155.690749
1787082155.862376
1787082156.035243
1787082156.205347
1787082156.376398
1787082156.548737
1787082156.720458
1787082156.892484
1787082157.064451
1787082157.237304
1787082157.407391
1787082157.580571
1787082157.755768
1787082157.927842
1787082158.098479
1787082158.269414
1787082158.440039
1787082158.611655
1787082158.781897
1787082158.953861
1787082159.125628
1787082159.298931
1787082159.464880
1787082159.637396
1787082159.810509
1787082159.981986
1787082160.149212
1787082160.321013
1787082160.487497
1787082160.660568
1787082160.833989
1787082161.007538
1787082161.179868
1787082161.352627
1787082161.525973
1787082161.696497
1787082161.869335
1787082162.037825
1787082162.209191
1787082162.376000
1787082162.553724
1787082162.720579
1787082162.892867
1787082163.066895
1787082163.241446
1787082163.415570
1787082163.589067
1787082163.757667
1787082163.929200
1787082164.102523
1787082164.272991
1787082164.445861
1787082164.620064
1787082164.793697
1787082164.963492
1787082165.136916
1787082165.310707
1787082165.487368
1787082165.656381
1787082165.833933
1787082166.006806
1787082166.181671
1787082166.355058
1787082166.531994
1787082166.703546
1787082166.877135
1787082167.052329
1787082167.225801
1787082167.400920
1787082167.574598
1787082167.749114
1787082167.924176
1787082168.099716
1787082168.274813
1787082168.449699
1787082168.617325
1787082168.791022
1787082168.964055
1787082169.138003
1787082169.313750
1787082169.486408
1787082169.660788
1787082169.833776
1787082170.006913
1787082170.179255
1787082170.353689
1787082170.530470
1787082170.704686
1787082170.878725
1787082171.055451
1787082171.231888
1787082171.406296
1787082171.584531
1787082171.759009
1787082171.935511
1787082172.110018
1787082172.279387
1787082172.453458
1787082172.630527
1787082172.798983
1787082172.970984
1787082173.144465
1787082173.317105
1787082173.488117
1787082173.669885
1787082173.836985
1787082174.010379
1787082174.183614
1787082174.356400
1787082174.528929
1787082174.703952
1787082174.878299
1787082175.048762
1787082175.220707
1787082175.397038
1787082175.569990
1787082175.743781
1787082175.918601
1787082176.089740
1787082176.265251
1787082176.439911
1787082176.615155
1787082176.783541
1787082176.960798
1787082177.129140
1787082177.303445
1787082177.476491
1787082177.651265
1787082177.825753
1787082178.002353
1787082178.170380
1787082178.343932
1787082178.517856
1787082178.691216
1787082178.861882
1787082179.032911
1787082179.207235
1787082179.382729
1787082179.556529
1787082179.726573
1787082179.901170
1787082180.074402
1787082180.248570
1787082180.421252
1787082180.593400
1787082180.761784
1787082180.934822
1787082181.105816
1787082181.273616
1787082181.446764
1787082181.615267
1787082181.783792
1787082181.957505
1787082182.124891
1787082182.298684
1787082182.471968
1787082182.643260
1787082182.809518
1787082182.982203
1787082183.149148
1787082183.321273
1787082183.494504
1787082183.666746
1787082183.838314
1787082184.005408
1787082184.179197
1787082184.354327
1787082184.522143
1787082184.696270
1787082184.869075
1787082185.042938
1787082185.213952
1787082185.389566
1787082185.561994
1787082185.735128
1787082185.907053
1787082186.081717
1787082186.253207
1787082186.429711
1787082186.608254
1787082186.786616
1787082186.963876
1787082187.135154
1787082187.303587
1787082187.478210
1787082187.657297
1787082187.834150
1787082188.006171
1787082188.173790
1787082188.344198
1787082188.517441
1787082188.683362
1787082188.861609
1787082189.035634
1787082189.211740
1787082189.386322
1787082189.558259
1787082189.730738
1787082189.906820
1787082190.072522
1787082190.245326
1787082190.418678
1787082190.589242
1787082190.759844
1787082190.932652
1787082191.104237
1787082191.268216
1787082191.437949
1787082191.610291
1787082191.777287
1787082191.949771
1787082192.124954
1787082192.286594
1787082192.459813
1787082192.625819
1787082192.791936
1787082192.962596
1787082193.134816
1787082193.299586
1787082193.469431
1787082193.641072
1787082193.813014
1787082193.985196
1787082194.154455
1787082194.319842
1787082194.491189
1787082194.660803
1787082194.825479
1787082194.993450
1787082195.163122
1787082195.337178
1787082195.500773
1787082195.671931
1787082195.845285
1787082196.008953
1787082196.178900
1787082196.350433
1787082196.518535
1787082196.689563
1787082196.860484
1787082197.030073
1787082197.201407
1787082197.372011
1787082197.541000
1787082197.705932
1787082197.876915
1787082198.046734
1787082198.216805
1787082198.384376
1787082198.558071
1787082198.718570
1787082198.887764
1787082199.057895
1787082199.226077
1787082199.394125
1787082199.564528
1787082199.726066
1787082199.897506
1787082200.065826
1787082200.236658
1787082200.404983
1787082200.572051
1787082200.735550
1787082200.903812
1787082201.066577
1787082201.235397
1787082201.398537
1787082201.567507
1787082201.737348
1787082201.907723
1787082202.074711
1787082202.237684
1787082202.405534
1787082202.576133
1787082202.745675
1787082202.914571
1787082203.081521
1787082203.252416
1787082203.426106
1787082203.590139
1787082203.761106
1787082203.930021
1787082204.100057
1787082204.268832
1787082204.440210
1787082204.609585
1787082204.778803
1787082204.948467
1787082205.117977
1787082205.284329
1787082205.453120
1787082205.622327
1787082205.794831
1787082205.964093
1787082206.133246
1787082206.302962
1787082206.473836
1787082206.645117
1787082206.815913
1787082206.978307
1787082207.148104
1787082207.316015
1787082207.486346
1787082207.656588
1787082207.825899
1787082207.998313
1787082208.169993
1787082208.342083
1787082208.512146
1787082208.683367
1787082208.853652
1787082209.024683
1787082209.196590
1787082209.368791
1787082209.541733
1787082209.713779
1787082209.883660
1787082210.052661
1787082210.216943
1787082210.386561
1787082210.555701
1787082210.726605
1787082210.895085
1787082211.059913
1787082211.230284
1787082211.399647
1787082211.563786
1787082211.732612
1787082211.900298
1787082212.068472
1787082212.238446
1787082212.409675
1787082212.580786
1787082212.748980
1787082212.918520
1787082213.086876
1787082213.256685
1787082213.426866
1787082213.595006
1787082213.765415
1787082213.934824
1787082214.101993
1787082214.270938
1787082214.443470
1787082214.611828
1787082214.783239
1787082214.947311
1787082215.116483
1787082215.286356
1787082215.456646
1787082215.625387
1787082215.794642
1787082215.964707
1787082216.129535
1787082216.299444
1787082216.469671
1787082216.639319
1787082216.807874
1787082216.978430
1787082217.148270
1787082217.310138
1787082217.481416
1787082217.649931
1787082217.819021
1787082217.989089
1787082218.158891
1787082218.327095
1787082218.498564
1787082218.666919
1787082218.830458
1787082218.995044
1787082219.163697
1787082219.333805
1787082219.499748
1787082219.662944
1787082219.829708
1787082219.998166
1787082220.164842
1787082220.334100
1787082220.504126
1787082220.670358
1787082220.832130
1787082220.999032
1787082221.163861
1787082221.332004
1787082221.505169
1787082221.677953
1787082221.850705
1787082222.006829
1787082222.174014
1787082222.335925
1787082222.503769
1787082222.669410
1787082222.842075
1787082223.011390
