1787072513.584933
1787072513.732723
1787072513.878527
1787072514.034179
1787072514.181995
1787072514.328347
1787072514.480223
1787072514.628201
1787072514.777831
1787072514.928258
1787072515.077011
1787072515.227883
1787072515.380219
1787072515.529761
1787072515.686797
1787072515.836153
1787072515.986659
1787072516.138726
1787072516.298182
1787072516.457719
1787072516.617719
1787072516.774593
1787072516.930223
1787072517.090813
1787072517.242280
1787072517.408286
1787072517.563670
1787072517.712859
1787072517.870796
1787072518.031061
1787072518.189887
1787072518.345376
1787072518.495347
1787072518.645912
1787072518.793421
1787072518.941892
1787072519.090955
1787072519.242592
1787072519.396320
1787072519.555100
1787072519.710951
1787072519.866751
1787072520.020797
1787072520.175163
1787072520.330137
1787072520.485888
1787072520.637354
1787072520.792532
1787072520.948718
1787072521.106751
1787072521.255182
1787072521.404206
1787072521.551907
1787072521.698266
1787072521.849634
1787072522.002721
1787072522.154180
1787072522.301477
1787072522.447101
1787072522.598022
1787072522.744321
1787072522.896109
1787072523.046074
1787072523.195968
1787072523.344799
1787072523.494075
1787072523.646281
1787072523.793341
1787072523.941307
1787072524.087831
1787072524.233419
1787072524.386117
1787072524.531253
1787072524.674281
1787072524.827385
1787072524.979014
1787072525.129575
1787072525.280662
1787072525.425648
1787072525.569763
1787072525.713175
1787072525.863138
1787072526.007544
1787072526.160041
1787072526.312673
1787072526.466020
1787072526.618373
1787072526.771026
1787072526.916924
1787072527.067950
1787072527.219451
1787072527.366143
1787072527.515391
1787072527.659164
1787072527.810330
1787072527.961682
1787072528.112039
1787072528.264024
1787072528.409149
1787072528.561970
1787072528.708163
1787072528.859522
1787072529.010194
1787072529.164746
1787072529.317004
1787072529.469836
1787072529.616620
1787072529.768031
1787072529.922367
1787072530.068382
1787072530.223646
1787072530.374953
1787072530.522224
1787072530.668450
1787072530.814465
1787072530.969282
1787072531.116751
1787072531.272375
1787072531.421291
1787072531.572504
1787072531.719071
1787072531.866808
1787072532.024986
1787072532.171377
1787072532.325928
1787072532.478301
1787072532.631198
1787072532.780185
1787072532.925182
1787072533.080948
1787072533.228997
1787072533.376914
1787072533.524513
1787072533.672443
1787072533.820676
1787072533.974480
1787072534.127193
1787072534.281168
1787072534.435718
1787072534.588143
1787072534.745482
1787072534.899419
1787072535.059561
1787072535.216135
1787072535.374042
1787072535.531996
1787072535.681863
1787072535.837777
1787072535.989625
1787072536.142083
1787072536.294616
1787072536.453103
1787072536.612947
1787072536.770210
1787072536.929331
1787072537.088282
1787072537.243109
1787072537.401791
1787072537.553552
1787072537.713237
1787072537.873904
1787072538.029784
1787072538.184194
1787072538.339350
1787072538.501980
1787072538.662382
1787072538.824215
1787072538.987543
1787072539.143729
1787072539.299140
1787072539.454842
1787072539.617819
1787072539.791155
1787072539.943035
1787072540.099585
1787072540.255914
1787072540.413567
1787072540.576188
1787072540.737031
1787072540.898330
1787072541.054394
1787072541.217834
1787072541.381089
1787072541.544558
1787072541.709673
1787072541.869072
1787072542.026816
1787072542.188828
1787072542.352241
1787072542.510407
1787072542.668099
1787072542.831794
1787072542.996082
1787072543.161324
1787072543.321339
1787072543.478853
1787072543.645717
1787072543.805278
1787072543.971228
1787072544.131098
1787072544.294004
1787072544.456028
1787072544.615585
1787072544.781146
1787072544.948328
1787072545.114414
1787072545.276266
1787072545.445372
1787072545.614784
1787072545.776804
1787072545.944206
1787072546.110044
1787072546.270572
1787072546.438257
1787072546.600442
1787072546.769671
1787072546.931342
1787072547.098363
1787072547.263752
1787072547.431439
1787072547.598928
1787072547.767902
1787072547.931601
1787072548.106502
1787072548.276168
1787072548.443439
1787072548.607871
1787072548.770549
1787072548.944258
1787072549.108366
1787072549.270654
1787072549.439768
1787072549.608501
1787072549.777868
1787072549.952323
1787072550.115120
1787072550.278861
1787072550.442016
1787072550.606632
1787072550.770987
1787072550.937797
1787072551.108412
1787072551.278686
1787072551.447845
1787072551.611818
1787072551.783284
1787072551.953874
1787072552.125840
1787072552.287751
1787072552.457557
1787072552.620325
1787072552.783811
1787072552.944419
1787072553.107925
1787072553.280406
1787072553.446066
1787072553.619121
1787072553.790979
1787072553.955366
1787072554.121833
1787072554.286135
1787072554.456952
1787072554.628512
1787072554.798394
1787072554.967306
1787072555.130800
1787072555.302726
1787072555.468292
1787072555.641134
1787072555.812213
1787072555.975576
1787072556.146444
1787072556.320119
1787072556.483284
1787072556.652350
1787072556.821238
1787072556.992687
1787072557.161865
1787072557.324062
1787072557.494793
1787072557.663646
1787072557.833290
1787072558.006077
1787072558.172067
1787072558.337488
1787072558.507864
1787072558.676601
1787072558.840364
1787072559.006633
1787072559.176589
1787072559.347808
1787072559.516363
1787072559.688599
1787072559.861598
1787072560.028822
1787072560.199313
1787072560.366989
1787072560.532895
1787072560.699173
1787072560.869547
1787072561.032682
1787072561.200813
1787072561.367324
1787072561.532682
1787072561.698315
1787072561.863240
1787072562.027354
1787072562.197721
1787072562.372675
1787072562.536391
1787072562.700622
1787072562.865398
1787072563.029938
1787072563.201017
1787072563.370871
1787072563.540716
1787072563.705516
1787072563.877386
1787072564.052572
1787072564.225793
1787072564.399765
1787072564.566288
1787072564.737055
1787072564.907333
1787072565.075896
1787072565.250548
1787072565.417191
1787072565.589802
1787072565.761314
1787072565.933562
1787072566.104526
1787072566.276539
1787072566.445351
1787072566.619508
1787072566.795108
1787072566.963481
1787072567.133131
1787072567.306686
1787072567.479497
1787072567.647397
1787072567.812759
1787072567.987936
1787072568.151668
1787072568.324893
1787072568.496881
1787072568.668063
1787072568.840411
1787072569.011229
1787072569.173873
1787072569.346590
1787072569.521891
1787072569.692865
1787072569.872148
1787072570.047133
1787072570.220022
1787072570.395574
1787072570.570509
1787072570.742714
1787072570.908899
1787072571.082404
1787072571.247599
1787072571.421188
1787072571.592943
1787072571.761765
1787072571.931765
1787072572.098649
1787072572.271498
1787072572.443269
1787072572.615779
1787072572.789986
1787072572.953375
1787072573.115715
1787072573.283778
1787072573.454690
1787072573.623460
1787072573.787075
1787072573.951111
1787072574.115972
1787072574.288630
1787072574.463465
1787072574.630992
1787072574.804109
1787072574.969948
1787072575.135148
1787072575.306408
1787072575.477590
1787072575.647871
1787072575.819213
1787072575.987278
1787072576.157397
1787072576.325961
1787072576.491314
1787072576.666758
1787072576.833942
1787072577.000312
1787072577.172081
1787072577.336873
1787072577.501956
1787072577.672896
1787072577.837465
1787072578.010177
1787072578.182725
1787072578.349034
1787072578.519848
1787072578.694915
1787072578.863686
1787072579.034229
1787072579.210054
1787072579.387742
1787072579.555922
1787072579.731915
1787072579.905362
1787072580.077645
1787072580.244883
1787072580.416996
1787072580.591775
1787072580.764833
1787072580.933288
1787072581.105650
1787072581.283975
1787072581.454557
1787072581.631090
1787072581.800647
1787072581.975157
1787072582.146007
1787072582.325385
1787072582.495803
1787072582.675465
1787072582.851114
1787072583.033150
1787072583.202447
1787072583.371527
1787072583.543764
1787072583.720356
1787072583.895194
1787072584.071457
1787072584.240119
1787072584.408808
1787072584.585691
1787072584.758133
1787072584.925741
1787072585.100247
1787072585.273628
1787072585.452981
1787072585.623798
1787072585.796040
1787072585.963345
1787072586.139498
1787072586.308138
1787072586.481534
1787072586.657816
1787072586.824919
1787072586.991558
1787072587.166822
1787072587.339092
1787072587.510590
1787072587.683749
1787072587.859321
1787072588.035922
1787072588.207733
1787072588.375019
1787072588.552292
1787072588.725686
1787072588.900748
1787072589.074606
1787072589.243333
1787072589.418771
1787072589.597191
1787072589.770198
1787072589.936760
1787072590.109449
1787072590.286838
1787072590.462759
1787072590.628598
1787072590.805215
1787072590.971159
1787072591.137664
1787072591.311194
1787072591.486888
1787072591.658688
1787072591.827426
1787072592.002939
1787072592.163643
1787072592.339088
1787072592.508404
1787072592.684905
1787072592.860959
1787072593.034018
1787072593.202451
1787072593.380249
1787072593.555238
1787072593.728345
1787072593.906116
1787072594.080100
1787072594.260579
1787072594.438680
1787072594.615854
1787072594.794991
1787072594.972444
1787072595.149268
1787072595.333722
1787072595.507710
1787072595.685520
1787072595.867610
1787072596.039336
1787072596.208076
1787072596.385920
1787072596.562005
1787072596.739770
1787072596.917839
1787072597.092888
1787072597.263285
1787072597.435580
1787072597.610287
1787072597.796141
1787072597.979020
1787072598.158964
1787072598.343000
1787072598.520136
1787072598.697958
1787072598.877095
1787072599.054907
1787072599.227255
1787072599.402929
1787072599.576854
1787072599.747392
1787072599.928544
1787072600.107923
1787072600.283751
1787072600.464275
1787072600.642992
1787072600.817438
1787072600.999002
1787072601.174640
1787072601.343161
1787072601.517980
1787072601.697844
1787072601.869232
1787072602.046350
1787072602.222927
1787072602.394996
1787072602.571630
1787072602.749371
1787072602.923676
1787072603.104221
1787072603.271220
1787072603.444780
1787072603.613523
1787072603.787077
1787072603.959249
1787072604.136320
1787072604.310622
1787072604.478531
1787072604.671441
1787072604.850543
1787072605.019697
1787072605.192611
1787072605.369144
1787072605.538199
1787072605.713343
1787072605.886739
1787072606.059350
1787072606.236478
1787072606.405020
1787072606.581213
1787072606.756786
1787072606.932424
1787072607.100620
1787072607.272849
1787072607.446943
1787072607.615623
1787072607.786926
1787072607.969294
1787072608.137993
1787072608.313177
1787072608.483510
1787072608.657079
1787072608.829858
1787072609.005548
1787072609.175133
1787072609.351659
1787072609.522768
1787072609.698560
1787072609.867612
1787072610.043044
1787072610.213642
1787072610.386349
1787072610.562708
1787072610.739807
1787072610.909514
1787072611.091080
1787072611.273467
1787072611.453461
1787072611.632804
1787072611.815308
1787072611.997244
1787072612.176641
1787072612.357430
1787072612.537248
1787072612.721916
1787072612.894193
1787072613.067505
1787072613.240486
1787072613.412879
1787072613.588791
1787072613.761443
1787072613.932470
1787072614.113586
1787072614.291763
1787072614.468542
1787072614.640473
1787072614.818980
1787072614.989669
1787072615.169770
1787072615.348805
1787072615.530827
1787072615.708846
1787072615.886585
1787072616.057774
1787072616.231255
1787072616.407609
1787072616.582666
1787072616.759133
1787072616.936548
1787072617.114080
1787072617.289268
1787072617.462091
1787072617.636005
1787072617.813845
1787072617.990561
1787072618.167192
1787072618.343352
1787072618.519265
1787072618.696099
1787072618.866910
1787072619.036573
1787072619.214154
1787072619.390584
1787072619.563360
1787072619.738840
1787072619.909340
1787072620.083814
1787072620.256201
1787072620.433529
1787072620.608506
1787072620.785511
1787072620.961399
1787072621.136435
1787072621.313935
1787072621.493056
1787072621.670558
1787072621.848793
1787072622.026645
1787072622.201010
1787072622.378616
1787072622.560152
1787072622.744188
1787072622.926670
1787072623.102548
1787072623.274627
1787072623.457089
1787072623.632860
1787072623.810785
1787072623.984796
1787072624.164255
1787072624.336065
1787072624.517501
1787072624.692944
1787072624.866327
1787072625.046042
1787072625.220269
1787072625.402274
1787072625.583234
1787072625.760722
1787072625.944449
1787072626.121302
1787072626.299834
1787072626.480196
1787072626.659210
1787072626.838363
1787072627.010553
1787072627.190861
1787072627.366944
1787072627.543008
1787072627.718539
1787072627.891788
1787072628.072222
1787072628.247729
1787072628.421392
1787072628.600721
1787072628.775463
1787072628.951545
1787072629.124563
1787072629.297978
1787072629.471066
1787072629.652358
1787072629.831976
1787072630.011068
1787072630.190345
1787072630.367190
1787072630.539696
1787072630.716150
1787072630.892151
1787072631.068140
1787072631.246059
1787072631.424332
1787072631.595685
1787072631.771589
1787072631.947775
1787072632.121205
1787072632.298075
1787072632.473729
1787072632.651790
1787072632.823361
1787072632.992744
1787072633.162177
1787072633.343081
1787072633.522290
1787072633.697427
1787072633.873613
1787072634.046176
1787072634.219514
1787072634.394804
1787072634.572187
1787072634.744736
1787072634.913217
1787072635.089211
1787072635.263834
1787072635.434906
1787072635.606760
1787072635.776125
1787072635.950621
1787072636.129460
1787072636.303874
1787072636.475998
1787072636.643322
1787072636.818443
1787072636.993670
1787072637.165681
1787072637.336755
1787072637.511582
1787072637.683092
1787072637.855813
1787072638.030766
1787072638.207741
1787072638.383570
1787072638.559561
1787072638.739302
1787072638.917233
1787072639.087155
1787072639.261397
1787072639.431170
1787072639.601186
1787072639.770151
1787072639.947133
1787072640.122578
1787072640.298558
1787072640.473823
1787072640.646698
1787072640.814524
1787072640.989115
1787072641.160369
1787072641.333687
1787072641.501074
1787072641.678535
1787072641.852890
1787072642.025964
1787072642.194336
1787072642.368102
1787072642.535761
1787072642.706012
1787072642.880230
1787072643.053996
1787072643.233346
1787072643.401706
1787072643.579827
1787072643.758116
1787072643.933995
1787072644.110318
1787072644.287823
1787072644.457756
1787072644.625384
1787072644.801067
1787072644.975716
1787072645.154792
1787072645.323945
1787072645.497510
1787072645.672332
1787072645.849993
1787072646.025625
1787072646.195143
1787072646.364712
1787072646.534340
1787072646.712658
1787072646.886660
1787072647.055067
1787072647.223888
1787072647.392073
1787072647.569031
1787072647.742984
1787072647.911469
1787072648.084553
1787072648.258802
1787072648.434277
1787072648.607365
1787072648.780820
1787072648.948705
1787072649.130630
1787072649.303473
1787072649.478819
1787072649.652695
1787072649.822124
1787072649.989619
1787072650.162278
1787072650.335222
1787072650.508179
1787072650.683789
1787072650.858969
1787072651.033605
1787072651.206462
1787072651.377871
1787072651.550338
1787072651.725662
1787072651.899536
1787072652.077208
1787072652.245973
1787072652.418278
1787072652.589112
1787072652.758281
1787072652.936866
1787072653.112708
1787072653.293787
1787072653.469718
1787072653.644017
1787072653.815685
1787072653.988230
1787072654.159305
1787072654.336154
1787072654.507053
1787072654.680357
1787072654.851981
1787072655.025933
1787072655.200661
1787072655.369061
1787072655.542269
1787072655.716487
1787072655.889338
1787072656.057678
1787072656.228453
1787072656.404946
1787072656.581852
1787072656.754384
1787072656.929169
1787072657.103491
1787072657.271170
1787072657.441009
1787072657.616634
1787072657.795223
1787072657.974399
1787072658.150850
1787072658.328809
1787072658.504234
1787072658.674776
1787072658.848956
1787072659.023427
1787072659.197171
1787072659.376511
1787072659.545665
1787072659.714792
1787072659.886579
1787072660.060096
1787072660.231958
1787072660.405896
1787072660.592124
1787072660.777527
1787072660.962051
1787072661.140167
1787072661.324743
1787072661.505673
1787072661.679469
1787072661.855790
1787072662.033044
1787072662.215509
1787072662.398844
1787072662.583109
1787072662.765795
1787072662.951145
1787072663.144878
1787072663.331182
1787072663.516343
1787072663.706688
1787072663.892616
1787072664.081353
1787072664.270762
1787072664.454224
1787072664.637784
1787072664.819860
1787072664.991616
1787072665.161504
1787072665.348539
1787072665.540064
1787072665.724008
1787072665.908859
1787072666.096566
1787072666.277751
1787072666.462488
1787072666.643548
1787072666.826313
1787072667.007575
1787072667.196665
1787072667.393585
1787072667.583298
1787072667.770669
1787072667.957151
1787072668.143395
1787072668.326787
1787072668.520880
1787072668.725671
1787072668.917913
1787072669.112218
1787072669.303845
1787072669.498903
1787072669.688390
1787072669.875237
1787072670.069274
1787072670.256905
1787072670.451485
1787072670.634995
1787072670.817103
1787072671.012664
1787072671.200329
1787072671.390767
1787072671.583423
1787072671.775177
1787072671.958148
1787072672.151417
1787072672.345907
1787072672.543192
1787072672.727925
1787072672.923416
1787072673.108026
1787072673.299689
1787072673.480703
1787072673.669949
1787072673.851251
1787072674.037879
1787072674.224743
1787072674.409227
1787072674.588386
1787072674.777081
1787072674.960014
1787072675.137081
1787072675.327879
1787072675.515486
1787072675.696012
1787072675.876163
1787072676.055863
1787072676.235017
1787072676.414053
1787072676.595269
1787072676.774623
1787072676.955578
1787072677.137751
1787072677.322802
1787072677.502601
1787072677.688241
1787072677.876808
1787072678.059350
1787072678.237671
1787072678.421996
1787072678.603894
1787072678.785652
1787072678.969260
1787072679.150367
1787072679.339640
1787072679.531162
1787072679.720407
1787072679.906329
1787072680.097814
1787072680.288038
1787072680.472706
1787072680.662241
1787072680.849983
1787072681.041499
1787072681.226162
1787072681.407839
1787072681.597686
1787072681.788386
1787072681.979390
1787072682.162437
1787072682.351057
1787072682.541308
1787072682.730462
1787072682.912139
1787072683.103510
1787072683.288007
1787072683.467690
1787072683.657518
1787072683.842489
1787072684.033915
1787072684.223212
1787072684.413188
1787072684.603926
1787072684.790291
1787072684.974059
1787072685.159045
1787072685.344660
1787072685.529509
1787072685.711922
1787072685.898970
1787072686.085035
1787072686.264054
1787072686.448912
1787072686.632943
1787072686.816015
1787072686.998995
1787072687.178197
1787072687.360479
1787072687.543153
1787072687.721300
1787072687.902770
1787072688.083125
1787072688.258598
1787072688.443439
1787072688.627800
1787072688.809157
1787072688.986258
1787072689.168488
1787072689.347797
1787072689.530811
1787072689.709630
1787072689.888604
1787072690.070786
1787072690.248658
1787072690.433937
1787072690.621721
1787072690.800576
1787072690.985286
1787072691.167831
1787072691.347371
1787072691.528673
1787072691.713835
1787072691.891022
1787072692.064633
1787072692.249588
1787072692.431153
1787072692.614977
1787072692.796489
1787072692.976918
1787072693.158718
1787072693.338769
1787072693.516196
1787072693.692166
1787072693.874490
1787072694.052866
1787072694.235448
1787072694.417526
1787072694.597477
1787072694.773968
1787072694.951737
1787072695.131416
1787072695.313715
1787072695.490537
1787072695.678563
1787072695.859786
1787072696.040208
1787072696.222943
1787072696.399456
1787072696.581746
1787072696.767217
1787072696.947554
1787072697.123878
1787072697.309597
1787072697.498830
1787072697.678012
1787072697.858430
1787072698.036880
1787072698.217233
1787072698.396326
1787072698.579112
1787072698.754344
1787072698.938824
1787072699.115510
1787072699.300161
1787072699.483053
1787072699.662752
1787072699.844412
1787072700.025025
1787072700.201389
1787072700.385385
1787072700.559221
1787072700.741994
1787072700.922621
1787072701.107091
1787072701.282573
1787072701.465484
1787072701.647842
1787072701.829403
1787072702.009540
1787072702.186200
1787072702.371686
1787072702.546893
1787072702.726929
1787072702.904996
1787072703.085191
1787072703.259317
1787072703.452942
1787072703.628770
1787072703.817512
1787072704.003334
1787072704.185861
1787072704.363867
1787072704.553149
1787072704.730407
1787072704.909145
1787072705.095290
1787072705.276822
1787072705.455603
1787072705.638724
1787072705.809801
1787072705.989014
1787072706.175176
1787072706.360326
1787072706.540663
1787072706.720787
1787072706.899751
1787072707.074615
1787072707.251344
1787072707.432566
1787072707.611909
1787072707.794627
1787072707.980218
1787072708.160825
1787072708.339949
1787072708.519161
1787072708.702201
1787072708.883332
1787072709.063829
1787072709.244864
1787072709.436393
1787072709.621638
1787072709.803421
1787072709.987367
1787072710.166075
1787072710.344490
1787072710.521897
1787072710.707757
1787072710.888348
1787072711.064366
1787072711.243016
1787072711.421505
1787072711.604569
1787072711.785768
1787072711.963063
1787072712.136081
1787072712.314269
1787072712.495446
1787072712.675824
1787072712.861417
1787072713.042988
1787072713.218900
1787072713.399492
1787072713.571996
1787072713.749215
1787072713.926943
1787072714.113113
1787072714.294832
1787072714.477583
1787072714.657827
1787072714.837245
1787072715.020123
1787072715.198658
1787072715.377791
1787072715.552716
1787072715.735710
1787072715.918814
1787072716.103000
1787072716.280124
1787072716.459684
1787072716.640339
1787072716.822327
1787072717.001602
1787072717.184814
1787072717.366992
1787072717.551861
1787072717.732130
1787072717.919882
1787072718.100515
1787072718.288747
1787072718.479948
1787072718.669708
1787072718.848003
1787072719.023951
1787072719.209107
1787072719.384188
1787072719.568256
1787072719.753444
1787072719.938656
1787072720.127048
1787072720.309129
1787072720.488663
1787072720.671212
1787072720.853198
1787072721.034703
1787072721.214973
1787072721.399555
1787072721.584191
1787072721.765479
1787072721.950208
1787072722.137312
1787072722.320606
1787072722.504412
1787072722.693390
1787072722.876538
1787072723.062222
1787072723.259961
1787072723.440983
1787072723.626875
1787072723.811083
1787072723.997904
1787072724.181897
1787072724.364580
1787072724.547752
1787072724.727531
1787072724.911565
1787072725.093802
1787072725.279601
1787072725.462835
1787072725.647759
1787072725.830453
1787072726.009830
1787072726.194436
1787072726.376568
1787072726.561775
1787072726.746604
1787072726.928964
1787072727.116919
1787072727.303753
1787072727.486914
1787072727.670345
1787072727.860313
1787072728.040065
1787072728.225023
1787072728.411612
1787072728.597472
1787072728.784337
1787072728.971189
1787072729.153972
1787072729.330176
1787072729.516651
1787072729.702482
1787072729.884408
1787072730.067698
1787072730.257693
1787072730.443146
1787072730.629645
1787072730.815779
1787072731.001956
1787072731.185040
1787072731.370548
1787072731.553173
1787072731.729861
1787072731.907232
1787072732.090330
1787072732.267070
1787072732.446010
1787072732.631405
1787072732.816200
1787072732.996328
1787072733.174320
1787072733.357563
1787072733.540233
1787072733.722991
1787072733.907398
1787072734.088882
1787072734.274519
1787072734.462183
1787072734.648017
1787072734.831343
1787072735.016604
1787072735.198635
1787072735.384581
1787072735.583930
1787072735.755838
1787072735.934839
1787072736.121708
1787072736.310825
1787072736.492917
1787072736.680012
1787072736.864021
1787072737.048168
1787072737.236108
1787072737.419125
1787072737.609156
1787072737.787629
1787072737.973042
1787072738.168190
1787072738.352451
1787072738.536391
1787072738.720192
1787072738.906064
1787072739.095251
1787072739.276587
1787072739.464650
1787072739.651017
1787072739.835495
1787072740.022168
1787072740.212830
1787072740.391939
1787072740.577494
1787072740.762657
1787072740.949330
1787072741.131958
1787072741.311063
1787072741.497692
1787072741.686309
1787072741.867552
1787072742.054609
1787072742.241794
1787072742.428237
1787072742.616400
1787072742.796191
1787072742.983401
1787072743.171865
1787072743.355228
1787072743.543115
1787072743.725189
1787072743.914151
1787072744.093310
1787072744.271562
1787072744.461620
1787072744.653633
1787072744.842347
1787072745.024664
1787072745.208633
1787072745.391035
1787072745.573979
1787072745.759146
1787072745.947410
1787072746.128942
1787072746.315297
1787072746.494537
1787072746.664857
1787072746.840112
1787072747.018152
1787072747.190072
1787072747.365301
1787072747.536539
1787072747.712412
1787072747.890052
1787072748.065685
1787072748.238183
1787072748.414660
1787072748.577473
1787072748.753712
1787072748.931657
1787072749.109468
1787072749.279192
1787072749.454358
1787072749.624652
1787072749.794986
1787072749.971536
1787072750.141137
1787072750.320112
1787072750.493177
1787072750.669720
1787072750.844178
1787072751.016554
1787072751.187554
1787072751.360812
1787072751.534044
1787072751.705924
1787072751.877476
1787072752.050511
1787072752.226351
1787072752.396801
1787072752.572602
1787072752.747004
1787072752.919103
1787072753.086782
1787072753.262643
1787072753.438510
1787072753.609917
1787072753.783224
1787072753.959011
1787072754.129578
1787072754.304486
1787072754.482130
1787072754.652894
1787072754.825799
1787072754.996032
1787072755.165134
1787072755.339719
1787072755.513278
1787072755.687690
1787072755.862474
1787072756.032672
1787072756.206563
1787072756.384065
1787072756.560626
1787072756.730779
1787072756.904184
1787072757.071097
1787072757.247260
1787072757.426972
1787072757.599256
1787072757.774461
1787072757.945842
1787072758.122644
1787072758.299044
1787072758.475571
1787072758.648155
1787072758.822176
1787072758.992531
1787072759.171583
1787072759.348742
1787072759.527976
1787072759.698985
1787072759.886682
1787072760.050593
1787072760.221277
1787072760.393782
1787072760.563224
1787072760.733634
1787072760.911706
1787072761.085253
1787072761.262036
1787072761.441328
1787072761.615163
1787072761.789584
1787072761.966226
1787072762.144068
1787072762.321244
1787072762.491575
1787072762.668345
1787072762.843349
1787072763.018629
1787072763.190184
1787072763.366885
1787072763.535003
1787072763.711310
1787072763.879241
1787072764.049728
1787072764.225783
1787072764.400093
1787072764.572617
1787072764.751461
1787072764.927331
1787072765.105179
1787072765.281944
1787072765.458602
1787072765.627745
1787072765.792721
1787072765.966965
1787072766.139593
1787072766.315779
1787072766.491205
1787072766.661995
1787072766.836829
1787072767.005957
1787072767.175204
1787072767.355173
1787072767.529846
1787072767.700567
1787072767.870014
1787072768.047381
1787072768.223667
1787072768.404009
1787072768.577673
1787072768.756870
1787072768.924760
1787072769.102908
1787072769.278648
1787072769.455317
1787072769.632460
1787072769.803790
1787072769.973898
1787072770.150974
1787072770.328115
1787072770.504101
1787072770.680385
1787072770.854269
1787072771.024527
1787072771.194044
1787072771.365020
1787072771.543357
1787072771.718011
1787072771.889760
1787072772.070170
1787072772.247299
1787072772.425308
1787072772.598572
1787072772.774593
1787072772.944318
1787072773.113870
1787072773.290586
1787072773.465811
1787072773.634378
1787072773.816155
1787072773.995816
1787072774.165663
1787072774.341010
1787072774.518776
1787072774.686948
1787072774.865564
1787072775.036679
1787072775.211313
1787072775.381590
1787072775.552827
1787072775.729367
1787072775.907665
1787072776.085963
1787072776.261932
1787072776.439283
1787072776.608597
1787072776.785109
1787072776.956850
1787072777.135332
1787072777.314403
1787072777.483629
1787072777.660871
1787072777.835746
1787072778.018627
1787072778.191025
1787072778.366273
1787072778.544387
1787072778.722582
1787072778.901881
1787072779.074714
1787072779.253150
1787072779.429517
1787072779.605155
1787072779.783354
1787072779.961473
1787072780.138964
1787072780.316541
1787072780.489258
1787072780.660020
1787072780.835697
1787072781.011949
1787072781.188304
1787072781.364099
1787072781.538080
1787072781.709236
1787072781.885964
1787072782.064638
1787072782.242095
1787072782.420375
1787072782.598205
1787072782.773788
1787072782.951935
1787072783.122375
1787072783.296664
1787072783.475833
1787072783.646420
1787072783.827575
1787072783.996469
1787072784.164869
1787072784.343536
1787072784.522569
1787072784.696305
1787072784.876760
1787072785.047323
1787072785.225855
1787072785.396171
1787072785.572024
1787072785.744030
1787072785.922901
1787072786.098739
1787072786.267476
1787072786.443811
1787072786.616322
1787072786.797178
1787072786.975863
1787072787.155836
1787072787.335888
1787072787.513398
1787072787.688668
1787072787.857717
1787072788.036254
1787072788.212257
1787072788.391576
1787072788.567955
1787072788.745646
1787072788.926111
1787072789.105150
1787072789.282464
1787072789.462230
1787072789.632129
1787072789.802616
1787072789.979272
1787072790.155680
1787072790.331840
1787072790.509605
1787072790.679336
1787072790.844970
1787072791.014738
1787072791.190500
1787072791.361187
1787072791.541303
1787072791.715210
