1787092450.093487
1787092450.251224
1787092450.407085
1787092450.560740
1787092450.715441
1787092450.870221
1787092451.026961
1787092451.182940
1787092451.338029
1787092451.492657
1787092451.651572
1787092451.806952
1787092451.967042
1787092452.123344
1787092452.279836
1787092452.427856
1787092452.584421
1787092452.742754
1787092452.900749
1787092453.051752
1787092453.201758
1787092453.353116
1787092453.503026
1787092453.653114
1787092453.808733
1787092453.966196
1787092454.122006
1787092454.271843
1787092454.430924
1787092454.581232
1787092454.729919
1787092454.878792
1787092455.031383
1787092455.186672
1787092455.338617
1787092455.486870
1787092455.637935
1787092455.792806
1787092455.952708
1787092456.107521
1787092456.262570
1787092456.419368
1787092456.572056
1787092456.725629
1787092456.882814
1787092457.031508
1787092457.183521
1787092457.337363
1787092457.492944
1787092457.647477
1787092457.802590
1787092457.953368
1787092458.099921
1787092458.250896
1787092458.404136
1787092458.559773
1787092458.710099
1787092458.858485
1787092459.005660
1787092459.162714
1787092459.310363
1787092459.458556
1787092459.606739
1787092459.759370
1787092459.911186
1787092460.061089
1787092460.215141
1787092460.365916
1787092460.512662
1787092460.656338
1787092460.804475
1787092460.949351
1787092461.096422
1787092461.243867
1787092461.390002
1787092461.536145
1787092461.684647
1787092461.827959
1787092461.974435
1787092462.121726
1787092462.271727
1787092462.425480
1787092462.572434
1787092462.719766
1787092462.873256
1787092463.023318
1787092463.177031
1787092463.330151
1787092463.481347
1787092463.626595
1787092463.777159
1787092463.929761
1787092464.079949
1787092464.233788
1787092464.384079
1787092464.531652
1787092464.678582
1787092464.825197
1787092464.968465
1787092465.119532
1787092465.263638
1787092465.418582
1787092465.572692
1787092465.725917
1787092465.877890
1787092466.028908
1787092466.183176
1787092466.337401
1787092466.489072
1787092466.642171
1787092466.787140
1787092466.938754
1787092467.089238
1787092467.241033
1787092467.392807
1787092467.543819
1787092467.695758
1787092467.842704
1787092467.989544
1787092468.141377
1787092468.294708
1787092468.441098
1787092468.586678
1787092468.732774
1787092468.879351
1787092469.030804
1787092469.183671
1787092469.335701
1787092469.488813
1787092469.643046
1787092469.800216
1787092469.955133
1787092470.109495
1787092470.262377
1787092470.408785
1787092470.558613
1787092470.710811
1787092470.862065
1787092471.015642
1787092471.170257
1787092471.323865
1787092471.478465
1787092471.633557
1787092471.785028
1787092471.941114
1787092472.095529
1787092472.245612
1787092472.395018
1787092472.544539
1787092472.694465
1787092472.845926
1787092472.997072
1787092473.147933
1787092473.299244
1787092473.450868
1787092473.606772
1787092473.767781
1787092473.921304
1787092474.077911
1787092474.236308
1787092474.397088
1787092474.556105
1787092474.714620
1787092474.874027
1787092475.036220
1787092475.199589
1787092475.351157
1787092475.509730
1787092475.672123
1787092475.825994
1787092475.979750
1787092476.134803
1787092476.300248
1787092476.458416
1787092476.613428
1787092476.771300
1787092476.931988
1787092477.089214
1787092477.260978
1787092477.422748
1787092477.582151
1787092477.736122
1787092477.889098
1787092478.045979
1787092478.203966
1787092478.359405
1787092478.515230
1787092478.671231
1787092478.833490
1787092478.990968
1787092479.149232
1787092479.302149
1787092479.464535
1787092479.620423
1787092479.774654
1787092479.934517
1787092480.096035
1787092480.260481
1787092480.416228
1787092480.579198
1787092480.737144
1787092480.900158
1787092481.060382
1787092481.218351
1787092481.376207
1787092481.535338
1787092481.693728
1787092481.847873
1787092481.999891
1787092482.156580
1787092482.321485
1787092482.480247
1787092482.654082
1787092482.812788
1787092482.976968
1787092483.144773
1787092483.301722
1787092483.459397
1787092483.618420
1787092483.773839
1787092483.931561
1787092484.090007
1787092484.252888
1787092484.412380
1787092484.571539
1787092484.752569
1787092484.907250
1787092485.065996
1787092485.225211
1787092485.380720
1787092485.538779
1787092485.698320
1787092485.866567
1787092486.018807
1787092486.176490
1787092486.335005
1787092486.495797
1787092486.663991
1787092486.826409
1787092486.996218
1787092487.155163
1787092487.313524
1787092487.468738
1787092487.629474
1787092487.788264
1787092487.947720
1787092488.107190
1787092488.264515
1787092488.424099
1787092488.580590
1787092488.742084
1787092488.906300
1787092489.062571
1787092489.226034
1787092489.384306
1787092489.545407
1787092489.715561
1787092489.878444
1787092490.038248
1787092490.215588
1787092490.380437
1787092490.548500
1787092490.709647
1787092490.873277
1787092491.033263
1787092491.197999
1787092491.361641
1787092491.530748
1787092491.691637
1787092491.852312
1787092492.013998
1787092492.176430
1787092492.340957
1787092492.501453
1787092492.666336
1787092492.833187
1787092492.998806
1787092493.162909
1787092493.326277
1787092493.487050
1787092493.656371
1787092493.817855
1787092493.981508
1787092494.148200
1787092494.313591
1787092494.470645
1787092494.634372
1787092494.807678
1787092494.977393
1787092495.138894
1787092495.301252
1787092495.459728
1787092495.629734
1787092495.791545
1787092495.954479
1787092496.124075
1787092496.291826
1787092496.452043
1787092496.615109
1787092496.777442
1787092496.937102
1787092497.098120
1787092497.260964
1787092497.426009
1787092497.590260
1787092497.761285
1787092497.932602
1787092498.102571
1787092498.267537
1787092498.431275
1787092498.600595
1787092498.774848
1787092498.940556
1787092499.109667
1787092499.282949
1787092499.446742
1787092499.611557
1787092499.774043
1787092499.935935
1787092500.108145
1787092500.272989
1787092500.436278
1787092500.598323
1787092500.760116
1787092500.925617
1787092501.092310
1787092501.257226
1787092501.421720
1787092501.587395
1787092501.754075
1787092501.915500
1787092502.077452
1787092502.246100
1787092502.409872
1787092502.582653
1787092502.752119
1787092502.915925
1787092503.084114
1787092503.252498
1787092503.418292
1787092503.586901
1787092503.751975
1787092503.914126
1787092504.077242
1787092504.252430
1787092504.417213
1787092504.588477
1787092504.746305
1787092504.909347
1787092505.075817
1787092505.236942
1787092505.405859
1787092505.577709
1787092505.744293
1787092505.906045
1787092506.068454
1787092506.228023
1787092506.386947
1787092506.548796
1787092506.709981
1787092506.872209
1787092507.032101
1787092507.192162
1787092507.353317
1787092507.513633
1787092507.674007
1787092507.837283
1787092507.997154
1787092508.167814
1787092508.332412
1787092508.494955
1787092508.657924
1787092508.824064
1787092508.985929
1787092509.148311
1787092509.310694
1787092509.478151
1787092509.644940
1787092509.807348
1787092509.969227
1787092510.130138
1787092510.300008
1787092510.462146
1787092510.624580
1787092510.787293
1787092510.953027
1787092511.121219
1787092511.290639
1787092511.454906
1787092511.619689
1787092511.781491
1787092511.943619
1787092512.111187
1787092512.274548
1787092512.438168
1787092512.607780
1787092512.772474
1787092512.935168
1787092513.103760
1787092513.264088
1787092513.425776
1787092513.592173
1787092513.759561
1787092513.923932
1787092514.091314
1787092514.260069
1787092514.424602
1787092514.590807
1787092514.756290
1787092514.920378
1787092515.080757
1787092515.248910
1787092515.412389
1787092515.576028
1787092515.745463
1787092515.902769
1787092516.063476
1787092516.225633
1787092516.388585
1787092516.563498
1787092516.723824
1787092516.886938
1787092517.048146
1787092517.223001
1787092517.394786
1787092517.556982
1787092517.719224
1787092517.879251
1787092518.049047
1787092518.211817
1787092518.373040
1787092518.535287
1787092518.699527
1787092518.869411
1787092519.036177
1787092519.199840
1787092519.366724
1787092519.529695
1787092519.700573
1787092519.865061
1787092520.025892
1787092520.194986
1787092520.358970
1787092520.518842
1787092520.680684
1787092520.842003
1787092521.008285
1787092521.170689
1787092521.333866
1787092521.500332
1787092521.664044
1787092521.825905
1787092521.987252
1787092522.155348
1787092522.326327
1787092522.488872
1787092522.652222
1787092522.814299
1787092522.979248
1787092523.141545
1787092523.303247
1787092523.463891
1787092523.626936
1787092523.788894
1787092523.950175
1787092524.110477
1787092524.281474
1787092524.444183
1787092524.604908
1787092524.767313
1787092524.933207
1787092525.102361
1787092525.268855
1787092525.430758
1787092525.591654
1787092525.762951
1787092525.924496
1787092526.086172
1787092526.250511
1787092526.411324
1787092526.574975
1787092526.736274
1787092526.897096
1787092527.063993
1787092527.232939
1787092527.395379
1787092527.557847
1787092527.724518
1787092527.888452
1787092528.049749
1787092528.219953
1787092528.389987
1787092528.562443
1787092528.724291
1787092528.887445
1787092529.048332
1787092529.216162
1787092529.377090
1787092529.538691
1787092529.700016
1787092529.861842
1787092530.022016
1787092530.187245
1787092530.352987
1787092530.514771
1787092530.678039
1787092530.837471
1787092530.997520
1787092531.155832
1787092531.316352
1787092531.478434
1787092531.643661
1787092531.804951
1787092531.966316
1787092532.128791
1787092532.285501
1787092532.447417
1787092532.611818
1787092532.774852
1787092532.937204
1787092533.104315
1787092533.275880
1787092533.448344
1787092533.620540
1787092533.789647
1787092533.950558
1787092534.114537
1787092534.282098
1787092534.447491
1787092534.618979
1787092534.780241
1787092534.940324
1787092535.104377
1787092535.265439
1787092535.426561
1787092535.586087
1787092535.745486
1787092535.907446
1787092536.067788
1787092536.227866
1787092536.389177
1787092536.549822
1787092536.711052
1787092536.875938
1787092537.039368
1787092537.202248
1787092537.369835
1787092537.536068
1787092537.705304
1787092537.866066
1787092538.028204
1787092538.194704
1787092538.360248
1787092538.522669
1787092538.690495
1787092538.858785
1787092539.028594
1787092539.196719
1787092539.368001
1787092539.530032
1787092539.692470
1787092539.855912
1787092540.022086
1787092540.188960
1787092540.354186
1787092540.521250
1787092540.685707
1787092540.847486
1787092541.006982
1787092541.177344
1787092541.339635
1787092541.502020
1787092541.664314
1787092541.831390
1787092541.993161
1787092542.157704
1787092542.322928
1787092542.489769
1787092542.651218
1787092542.811938
1787092542.980896
1787092543.147687
1787092543.310458
1787092543.469903
1787092543.636421
1787092543.800597
1787092543.965475
1787092544.127372
1787092544.295695
1787092544.457436
1787092544.623708
1787092544.786074
1787092544.946939
1787092545.108080
1787092545.270076
1787092545.437517
1787092545.597918
1787092545.761119
1787092545.925777
1787092546.091653
1787092546.257210
1787092546.423751
1787092546.586135
1787092546.746215
1787092546.908404
1787092547.070797
1787092547.238986
1787092547.400925
1787092547.563841
1787092547.725523
1787092547.887212
1787092548.050349
1787092548.203386
1787092548.366895
1787092548.530748
1787092548.693581
1787092548.854236
1787092549.014561
1787092549.178419
1787092549.339182
1787092549.498901
1787092549.661953
1787092549.826171
1787092549.989889
1787092550.150888
1787092550.315574
1787092550.481608
1787092550.643684
1787092550.811376
1787092550.972727
1787092551.138842
1787092551.304410
1787092551.465150
1787092551.626379
1787092551.795432
1787092551.957916
1787092552.123260
1787092552.291156
1787092552.452099
1787092552.611913
1787092552.774013
1787092552.933499
1787092553.092703
1787092553.256732
1787092553.416605
1787092553.575650
1787092553.738153
1787092553.895838
1787092554.055582
1787092554.221253
1787092554.381287
1787092554.539708
1787092554.699582
1787092554.859353
1787092555.021753
1787092555.189470
1787092555.355081
1787092555.516595
1787092555.675116
1787092555.834427
1787092555.994750
1787092556.161628
1787092556.333238
1787092556.498643
1787092556.666263
1787092556.828029
1787092556.990750
1787092557.157837
1787092557.326187
1787092557.488698
1787092557.650690
1787092557.813402
1787092557.986171
1787092558.148037
1787092558.310187
1787092558.473255
1787092558.642341
1787092558.805218
1787092558.967812
1787092559.130184
1787092559.297101
1787092559.460008
1787092559.622356
1787092559.787097
1787092559.947334
1787092560.104920
1787092560.273639
1787092560.438028
1787092560.602268
1787092560.772636
1787092560.936839
1787092561.100358
1787092561.267032
1787092561.430824
1787092561.593881
1787092561.759384
1787092561.922604
1787092562.084282
1787092562.247276
1787092562.415732
1787092562.579791
1787092562.744245
1787092562.908205
1787092563.070961
1787092563.239854
1787092563.402859
1787092563.566822
1787092563.736942
1787092563.901714
1787092564.064425
1787092564.226897
1787092564.394323
1787092564.558155
1787092564.726087
1787092564.889387
1787092565.055089
1787092565.216314
1787092565.378182
1787092565.542309
1787092565.701743
1787092565.866864
1787092566.030109
1787092566.201847
1787092566.365130
1787092566.528870
1787092566.689994
1787092566.853535
1787092567.016535
1787092567.178089
1787092567.338884
1787092567.503964
1787092567.665571
1787092567.827052
1787092567.993681
1787092568.159120
1787092568.322907
1787092568.493022
1787092568.666763
1787092568.826141
1787092568.989527
1787092569.151298
1787092569.313197
1787092569.475046
1787092569.638829
1787092569.801369
1787092569.964956
1787092570.128265
1787092570.290261
1787092570.454241
1787092570.616381
1787092570.781195
1787092570.938682
1787092571.099199
1787092571.281824
1787092571.444379
1787092571.616053
1787092571.775558
1787092571.931876
1787092572.093346
1787092572.261832
1787092572.425127
1787092572.586627
1787092572.751223
1787092572.913603
1787092573.077197
1787092573.239500
1787092573.400370
1787092573.566811
1787092573.730151
1787092573.892290
1787092574.056445
1787092574.220425
1787092574.386939
1787092574.549271
1787092574.712339
1787092574.874934
1787092575.041379
1787092575.206795
1787092575.373966
1787092575.539737
1787092575.706864
1787092575.869812
1787092576.034726
1787092576.200231
1787092576.364577
1787092576.529473
1787092576.695901
1787092576.859875
1787092577.025607
1787092577.189793
1787092577.354900
1787092577.519944
1787092577.687370
1787092577.851370
1787092578.019796
1787092578.184993
1787092578.350816
1787092578.517900
1787092578.683305
1787092578.851651
1787092579.016945
1787092579.181326
1787092579.346447
1787092579.512718
1787092579.678929
1787092579.845191
1787092580.010876
1787092580.179461
1787092580.346664
1787092580.511857
1787092580.682150
1787092580.849141
1787092581.014663
1787092581.179617
1787092581.345128
1787092581.509965
1787092581.672940
1787092581.834767
1787092581.996603
1787092582.160017
1787092582.326078
1787092582.488418
1787092582.659531
1787092582.822285
1787092582.988417
1787092583.154490
1787092583.316634
1787092583.480549
1787092583.646512
1787092583.811420
1787092583.975143
1787092584.132672
1787092584.296715
1787092584.463295
1787092584.623005
1787092584.786566
1787092584.949691
1787092585.117515
1787092585.285122
1787092585.442249
1787092585.627045
1787092585.783823
1787092585.944456
1787092586.103883
1787092586.266382
1787092586.427079
1787092586.588947
1787092586.749349
1787092586.910229
1787092587.079386
1787092587.245536
1787092587.401350
1787092587.560846
1787092587.726632
1787092587.887058
1787092588.061867
1787092588.223122
1787092588.387801
1787092588.561417
1787092588.721955
1787092588.886434
1787092589.054662
1787092589.217004
1787092589.379094
1787092589.539757
1787092589.699643
1787092589.859884
1787092590.019067
1787092590.184489
1787092590.351776
1787092590.517438
1787092590.684171
1787092590.844567
1787092591.010462
1787092591.176458
1787092591.342294
1787092591.506453
1787092591.670521
1787092591.836769
1787092592.002213
1787092592.166086
1787092592.329287
1787092592.494033
1787092592.656071
1787092592.816359
1787092592.978254
1787092593.139035
1787092593.301408
1787092593.464623
1787092593.638773
1787092593.803094
1787092593.965917
1787092594.129331
1787092594.294270
1787092594.459328
1787092594.627397
1787092594.796048
1787092594.961051
1787092595.127085
1787092595.290795
1787092595.455610
1787092595.622503
1787092595.787536
1787092595.951779
1787092596.115399
1787092596.280181
1787092596.444695
1787092596.612280
1787092596.777856
1787092596.950661
1787092597.113825
1787092597.278553
1787092597.443340
1787092597.609817
1787092597.774810
1787092597.939493
1787092598.104659
1787092598.266832
1787092598.430083
1787092598.594697
1787092598.759617
1787092598.921936
1787092599.084434
1787092599.249065
1787092599.415112
1787092599.583418
1787092599.748025
1787092599.911752
1787092600.071371
1787092600.243511
1787092600.400476
1787092600.564012
1787092600.728760
1787092600.892723
1787092601.059254
1787092601.230625
1787092601.395127
1787092601.557959
1787092601.726723
1787092601.884648
1787092602.049371
1787092602.211943
1787092602.376825
1787092602.541224
1787092602.705898
1787092602.869616
1787092603.032262
1787092603.195762
1787092603.359727
1787092603.520425
1787092603.679517
1787092603.843415
1787092604.006797
1787092604.169253
1787092604.328532
1787092604.488304
1787092604.648898
1787092604.808216
1787092604.963814
1787092605.125796
1787092605.288375
1787092605.448527
1787092605.609754
1787092605.772240
1787092605.931062
1787092606.092045
1787092606.253016
1787092606.414521
1787092606.578189
1787092606.741922
1787092606.908000
1787092607.068066
1787092607.230234
1787092607.391141
1787092607.551416
1787092607.710529
1787092607.871960
1787092608.032943
1787092608.195219
1787092608.357189
1787092608.520718
1787092608.679297
1787092608.845277
1787092609.007309
1787092609.167040
1787092609.329690
1787092609.494791
1787092609.662083
1787092609.824149
1787092609.983802
1787092610.151957
1787092610.313404
1787092610.473711
1787092610.635329
1787092610.799783
1787092610.962622
1787092611.123525
1787092611.285808
1787092611.450921
1787092611.612859
1787092611.772827
1787092611.935531
1787092612.095374
1787092612.255945
1787092612.415698
1787092612.571075
1787092612.728368
1787092612.885925
1787092613.047951
1787092613.205708
1787092613.367370
1787092613.528993
1787092613.689771
1787092613.854559
1787092614.015374
1787092614.179791
1787092614.342849
1787092614.504712
1787092614.664948
1787092614.827985
1787092614.989780
1787092615.152557
1787092615.313616
1787092615.473903
1787092615.635495
1787092615.794358
1787092615.951847
1787092616.118164
1787092616.278694
1787092616.441008
1787092616.602690
1787092616.767813
1787092616.932993
1787092617.094846
1787092617.258894
1787092617.421309
1787092617.582296
1787092617.740593
1787092617.900781
1787092618.062400
1787092618.221870
1787092618.386957
1787092618.543849
1787092618.703401
1787092618.862146
1787092619.022683
1787092619.178746
1787092619.341118
1787092619.499207
1787092619.657853
1787092619.818918
1787092619.979590
1787092620.142128
1787092620.302629
1787092620.462597
1787092620.623683
1787092620.787205
1787092620.947227
1787092621.107291
1787092621.266454
1787092621.426201
1787092621.585931
1787092621.740648
1787092621.898317
1787092622.056793
1787092622.213344
1787092622.380859
1787092622.540343
1787092622.701537
1787092622.863315
1787092623.022367
1787092623.184023
1787092623.349742
1787092623.509589
1787092623.670815
1787092623.831961
1787092623.993022
1787092624.152831
1787092624.309994
1787092624.471349
1787092624.629852
1787092624.788941
1787092624.950244
1787092625.119559
1787092625.279242
1787092625.439981
1787092625.598149
1787092625.760068
1787092625.928877
1787092626.084358
1787092626.246441
1787092626.403777
1787092626.561638
1787092626.721781
1787092626.883021
1787092627.039824
1787092627.204903
1787092627.367597
1787092627.527933
1787092627.687216
1787092627.845433
1787092628.003335
1787092628.167287
1787092628.324997
1787092628.485667
1787092628.642424
1787092628.801360
1787092628.959796
1787092629.118577
1787092629.280475
1787092629.438494
1787092629.597831
1787092629.757589
1787092629.915308
1787092630.079243
1787092630.242583
1787092630.400170
1787092630.564046
1787092630.723719
1787092630.884703
1787092631.048459
1787092631.203995
1787092631.365712
1787092631.529507
1787092631.687967
1787092631.853272
1787092632.013570
1787092632.172278
1787092632.338562
1787092632.498938
1787092632.661801
1787092632.821182
1787092632.981126
1787092633.140558
1787092633.301395
1787092633.462822
1787092633.624456
1787092633.784739
1787092633.941580
1787092634.108772
1787092634.270378
1787092634.437257
1787092634.604188
1787092634.770357
1787092634.930071
1787092635.089697
1787092635.250844
1787092635.410147
1787092635.575046
1787092635.736869
1787092635.897477
1787092636.053350
1787092636.213215
1787092636.373075
1787092636.535204
1787092636.695726
1787092636.855700
1787092637.017164
1787092637.180277
1787092637.339072
1787092637.499531
1787092637.662395
1787092637.822985
1787092637.982482
1787092638.144887
1787092638.303397
1787092638.465064
1787092638.625096
1787092638.788020
1787092638.949296
1787092639.108397
1787092639.268512
1787092639.431247
1787092639.589181
1787092639.752802
1787092639.914438
1787092640.073935
1787092640.231884
1787092640.389475
1787092640.550594
1787092640.710275
1787092640.870403
1787092641.035306
1787092641.196096
1787092641.357132
1787092641.517262
1787092641.676661
1787092641.832819
1787092641.992441
1787092642.150542
1787092642.312332
1787092642.472100
1787092642.633732
1787092642.792255
1787092642.950749
1787092643.109783
1787092643.277643
1787092643.438862
1787092643.597369
1787092643.757701
1787092643.918408
1787092644.079437
1787092644.245544
1787092644.402159
1787092644.559591
1787092644.721766
1787092644.888277
1787092645.047980
1787092645.208800
1787092645.368157
1787092645.529211
1787092645.690278
1787092645.849566
1787092646.009600
1787092646.169458
1787092646.331536
1787092646.498253
1787092646.660587
1787092646.817773
1787092646.977644
1787092647.132133
1787092647.293586
1787092647.453410
1787092647.616827
1787092647.775111
1787092647.934508
1787092648.096247
1787092648.258031
1787092648.416595
1787092648.573852
1787092648.731303
1787092648.896893
1787092649.059335
1787092649.217106
1787092649.376486
1787092649.531430
1787092649.695448
1787092649.854317
1787092650.012322
1787092650.170814
1787092650.331756
1787092650.489765
1787092650.647897
1787092650.808050
1787092650.967712
1787092651.125009
1787092651.284360
1787092651.444598
1787092651.609167
1787092651.772768
1787092651.934741
1787092652.096000
1787092652.258540
1787092652.419583
1787092652.578156
1787092652.738798
1787092652.897868
1787092653.059141
1787092653.218876
1787092653.377465
1787092653.537775
1787092653.704342
1787092653.861678
1787092654.021639
1787092654.181889
1787092654.340177
1787092654.500684
1787092654.660513
1787092654.822231
1787092654.988317
1787092655.146936
1787092655.306780
1787092655.470438
1787092655.627662
1787092655.791913
1787092655.953669
1787092656.114455
1787092656.278899
1787092656.441339
1787092656.605565
1787092656.763531
1787092656.920569
1787092657.084691
1787092657.244636
1787092657.407720
1787092657.566025
1787092657.733518
1787092657.897497
1787092658.058557
1787092658.214836
1787092658.378876
1787092658.536223
1787092658.696465
1787092658.855441
1787092659.012696
1787092659.174444
1787092659.337619
1787092659.496886
1787092659.657958
1787092659.816667
1787092659.974846
1787092660.134313
1787092660.301041
1787092660.462214
1787092660.618219
1787092660.785041
1787092660.946585
1787092661.118061
1787092661.279563
1787092661.440392
1787092661.603145
1787092661.767340
1787092661.932227
1787092662.089771
1787092662.247856
1787092662.405769
1787092662.567993
1787092662.731462
1787092662.891498
1787092663.049771
1787092663.210220
1787092663.373574
1787092663.534327
1787092663.701127
1787092663.860196
1787092664.021043
1787092664.180840
1787092664.342930
1787092664.506422
1787092664.666596
1787092664.829022
1787092664.995846
1787092665.158244
1787092665.319372
1787092665.481955
1787092665.645631
1787092665.809548
1787092665.971149
1787092666.134334
1787092666.296527
1787092666.455842
1787092666.617257
1787092666.780612
1787092666.944390
1787092667.112235
1787092667.277852
1787092667.438357
1787092667.600674
1787092667.760118
1787092667.924596
1787092668.088748
1787092668.252097
1787092668.414004
1787092668.584402
1787092668.748189
1787092668.914500
1787092669.076726
1787092669.241612
1787092669.402831
1787092669.567462
1787092669.738111
1787092669.899357
1787092670.064167
1787092670.229025
1787092670.391402
1787092670.552806
1787092670.722624
1787092670.887944
1787092671.050235
1787092671.215135
1787092671.377527
1787092671.542037
1787092671.704938
1787092671.866122
1787092672.029895
1787092672.192306
1787092672.357351
1787092672.527909
1787092672.691610
1787092672.853601
1787092673.016941
1787092673.179681
1787092673.343184
1787092673.510505
1787092673.669681
1787092673.835772
1787092673.996559
1787092674.163105
1787092674.323933
1787092674.486895
1787092674.651746
1787092674.820092
1787092674.986118
1787092675.152897
1787092675.313168
1787092675.479460
1787092675.645361
1787092675.813535
1787092675.979287
1787092676.145771
1787092676.307030
1787092676.473893
1787092676.636311
1787092676.797836
1787092676.959239
1787092677.130368
1787092677.292286
1787092677.457135
1787092677.624188
1787092677.790361
1787092677.953398
1787092678.117880
1787092678.281533
1787092678.449655
1787092678.613904
1787092678.779743
1787092678.944489
1787092679.112135
1787092679.272974
1787092679.440187
1787092679.604017
1787092679.764030
1787092679.926373
1787092680.088333
1787092680.250898
1787092680.422809
1787092680.583055
1787092680.747336
1787092680.914507
1787092681.079224
1787092681.245083
1787092681.405940
1787092681.569374
1787092681.733108
1787092681.892072
1787092682.056036
1787092682.222588
1787092682.387458
1787092682.546434
1787092682.709462
1787092682.867677
1787092683.031906
1787092683.195802
1787092683.358624
1787092683.519442
1787092683.679683
1787092683.848675
1787092684.012826
1787092684.178318
1787092684.342910
1787092684.508543
1787092684.671296
1787092684.835667
1787092684.999767
1787092685.164398
1787092685.330638
1787092685.492306
1787092685.660109
1787092685.827951
1787092685.992117
1787092686.160044
1787092686.322337
1787092686.487721
1787092686.653782
1787092686.817283
1787092686.982516
1787092687.142875
1787092687.306554
1787092687.467342
1787092687.635403
1787092687.799000
1787092687.963892
1787092688.125686
1787092688.290551
1787092688.455651
1787092688.621925
1787092688.788048
1787092688.958070
1787092689.121265
1787092689.284831
1787092689.448567
1787092689.612160
1787092689.773598
1787092689.940376
1787092690.104849
1787092690.270069
1787092690.434880
1787092690.597384
1787092690.761735
1787092690.925541
1787092691.089905
1787092691.251402
1787092691.415519
1787092691.582071
1787092691.750870
1787092691.916647
1787092692.082357
1787092692.247680
1787092692.414761
1787092692.575375
1787092692.740300
1787092692.901004
1787092693.064608
1787092693.226970
1787092693.389467
1787092693.554991
1787092693.718717
1787092693.881351
1787092694.046743
1787092694.211323
1787092694.374047
1787092694.539307
1787092694.705107
1787092694.869030
1787092695.030687
1787092695.196299
1787092695.362559
1787092695.527543
1787092695.689772
1787092695.853846
1787092696.018548
1787092696.184138
1787092696.348823
1787092696.513193
1787092696.675157
1787092696.843855
1787092697.006711
1787092697.171417
1787092697.336646
1787092697.505109
1787092697.673452
1787092697.838769
1787092698.001398
1787092698.170771
1787092698.335675
1787092698.501346
1787092698.668092
1787092698.830397
1787092698.996171
1787092699.170245
1787092699.334257
1787092699.496319
1787092699.661957
1787092699.824469
1787092699.989822
1787092700.154991
1787092700.317620
1787092700.487110
1787092700.652079
1787092700.814328
1787092700.983339
1787092701.144545
1787092701.307544
1787092701.468025
1787092701.632951
1787092701.798342
1787092701.964530
1787092702.127843
1787092702.289270
1787092702.453218
1787092702.615798
1787092702.779899
1787092702.942791
1787092703.108029
1787092703.274881
1787092703.439090
1787092703.602288
1787092703.769058
1787092703.934217
1787092704.095258
1787092704.260808
1787092704.420186
1787092704.585643
1787092704.749819
1787092704.913812
1787092705.087096
1787092705.251454
1787092705.410910
1787092705.571189
1787092705.736298
1787092705.898947
1787092706.059840
1787092706.224017
1787092706.389174
1787092706.555836
1787092706.719405
1787092706.882319
1787092707.051116
1787092707.213526
1787092707.382165
1787092707.541636
1787092707.706173
1787092707.869538
1787092708.030716
1787092708.191903
1787092708.356492
1787092708.520365
1787092708.684693
1787092708.846800
1787092709.009960
1787092709.174662
