1787075329.942066
1787075330.097703
1787075330.249179
1787075330.403376
1787075330.557746
1787075330.705544
1787075330.853044
1787075331.002313
1787075331.150164
1787075331.299133
1787075331.449050
1787075331.597330
1787075331.760343
1787075331.907665
1787075332.057943
1787075332.205457
1787075332.354305
1787075332.504129
1787075332.653718
1787075332.803586
1787075332.952795
1787075333.102657
1787075333.252338
1787075333.402033
1787075333.556792
1787075333.709353
1787075333.869579
1787075334.017496
1787075334.164687
1787075334.313113
1787075334.463902
1787075334.619528
1787075334.765892
1787075334.914038
1787075335.063348
1787075335.211711
1787075335.358204
1787075335.506007
1787075335.655959
1787075335.809034
1787075335.963112
1787075336.110397
1787075336.264629
1787075336.420983
1787075336.577717
1787075336.725256
1787075336.872617
1787075337.021099
1787075337.171460
1787075337.321152
1787075337.475827
1787075337.631342
1787075337.784344
1787075337.941146
1787075338.095756
1787075338.251004
1787075338.408735
1787075338.564055
1787075338.712371
1787075338.865690
1787075339.018000
1787075339.169673
1787075339.323107
1787075339.469427
1787075339.621023
1787075339.773509
1787075339.922955
1787075340.073614
1787075340.226353
1787075340.379942
1787075340.531413
1787075340.682293
1787075340.834803
1787075340.984238
1787075341.134945
1787075341.286035
1787075341.435292
1787075341.585992
1787075341.738575
1787075341.885416
1787075342.038468
1787075342.190202
1787075342.342241
1787075342.489824
1787075342.639021
1787075342.789032
1787075342.937731
1787075343.082681
1787075343.233495
1787075343.382694
1787075343.535909
1787075343.687648
1787075343.838283
1787075343.988057
1787075344.137450
1787075344.286700
1787075344.439667
1787075344.585438
1787075344.741201
1787075344.892412
1787075345.039830
1787075345.190929
1787075345.341291
1787075345.489615
1787075345.640641
1787075345.785597
1787075345.935256
1787075346.087595
1787075346.232368
1787075346.385517
1787075346.538960
1787075346.691122
1787075346.841596
1787075346.986886
1787075347.137482
1787075347.288730
1787075347.438545
1787075347.591375
1787075347.742145
1787075347.889829
1787075348.038860
1787075348.189772
1787075348.334475
1787075348.485854
1787075348.637868
1787075348.790370
1787075348.936935
1787075349.089784
1787075349.238782
1787075349.391019
1787075349.538821
1787075349.692019
1787075349.843930
1787075349.992007
1787075350.140259
1787075350.288627
1787075350.441896
1787075350.591401
1787075350.744983
1787075350.901885
1787075351.051277
1787075351.201125
1787075351.349782
1787075351.498263
1787075351.646701
1787075351.803873
1787075351.960848
1787075352.122971
1787075352.274982
1787075352.423918
1787075352.583343
1787075352.741667
1787075352.897042
1787075353.055372
1787075353.211094
1787075353.364568
1787075353.518484
1787075353.675160
1787075353.835448
1787075353.995273
1787075354.151764
1787075354.309559
1787075354.468152
1787075354.627629
1787075354.782155
1787075354.946399
1787075355.101308
1787075355.256347
1787075355.417191
1787075355.577873
1787075355.740018
1787075355.901780
1787075356.066152
1787075356.220200
1787075356.381813
1787075356.540220
1787075356.701978
1787075356.864662
1787075357.027924
1787075357.190596
1787075357.353345
1787075357.510727
1787075357.668221
1787075357.831370
1787075357.989038
1787075358.151399
1787075358.315834
1787075358.472989
1787075358.632782
1787075358.798234
1787075358.956327
1787075359.119844
1787075359.284920
1787075359.450156
1787075359.615380
1787075359.781909
1787075359.948312
1787075360.113525
1787075360.279332
1787075360.442356
1787075360.605494
1787075360.771753
1787075360.938528
1787075361.102179
1787075361.271337
1787075361.437628
1787075361.599387
1787075361.765592
1787075361.932968
1787075362.100236
1787075362.262739
1787075362.427768
1787075362.595931
1787075362.760580
1787075362.928308
1787075363.095961
1787075363.263346
1787075363.431209
1787075363.599381
1787075363.770742
1787075363.931865
1787075364.093623
1787075364.258580
1787075364.427145
1787075364.594238
1787075364.763686
1787075364.924949
1787075365.086181
1787075365.254584
1787075365.417691
1787075365.584944
1787075365.753360
1787075365.921284
1787075366.083237
1787075366.245139
1787075366.414880
1787075366.576785
1787075366.738424
1787075366.907040
1787075367.073287
1787075367.241928
1787075367.403048
1787075367.570924
1787075367.740089
1787075367.903367
1787075368.070588
1787075368.238257
1787075368.406751
1787075368.572666
1787075368.740734
1787075368.907988
1787075369.077605
1787075369.244591
1787075369.412852
1787075369.580547
1787075369.742170
1787075369.910751
1787075370.078323
1787075370.240411
1787075370.408659
1787075370.575987
1787075370.739019
1787075370.907305
1787075371.075547
1787075371.238867
1787075371.407905
1787075371.579655
1787075371.744078
1787075371.912044
1787075372.074919
1787075372.244008
1787075372.413102
1787075372.582213
1787075372.749088
1787075372.918823
1787075373.087595
1787075373.257389
1787075373.423894
1787075373.590664
1787075373.757752
1787075373.925417
1787075374.087387
1787075374.255011
1787075374.422162
1787075374.586608
1787075374.754657
1787075374.924376
1787075375.089939
1787075375.254380
1787075375.422750
1787075375.590563
1787075375.759487
1787075375.927709
1787075376.097671
1787075376.269144
1787075376.437964
1787075376.608177
1787075376.776241
1787075376.944515
1787075377.115373
1787075377.284082
1787075377.452118
1787075377.621523
1787075377.790189
1787075377.953655
1787075378.119529
1787075378.288159
1787075378.457651
1787075378.625068
1787075378.793575
1787075378.961589
1787075379.133177
1787075379.302655
1787075379.472396
1787075379.634696
1787075379.803865
1787075379.973368
1787075380.137278
1787075380.305179
1787075380.475054
1787075380.637941
1787075380.808727
1787075380.980314
1787075381.154985
1787075381.327299
1787075381.499365
1787075381.674480
1787075381.840136
1787075382.012044
1787075382.186174
1787075382.361420
1787075382.533176
1787075382.701398
1787075382.872754
1787075383.044079
1787075383.214522
1787075383.385674
1787075383.554492
1787075383.719171
1787075383.891744
1787075384.055620
1787075384.224620
1787075384.395329
1787075384.566534
1787075384.736927
1787075384.908106
1787075385.077060
1787075385.247283
1787075385.416083
1787075385.584829
1787075385.755526
1787075385.924447
1787075386.093910
1787075386.265483
1787075386.436091
1787075386.609107
1787075386.781188
1787075386.951449
1787075387.117934
1787075387.288583
1787075387.457413
1787075387.626038
1787075387.799785
1787075387.971953
1787075388.144306
1787075388.317298
1787075388.487511
1787075388.659397
1787075388.830448
1787075389.002896
1787075389.175462
1787075389.346833
1787075389.517374
1787075389.689591
1787075389.863448
1787075390.033882
1787075390.199283
1787075390.371681
1787075390.542180
1787075390.713445
1787075390.885093
1787075391.055653
1787075391.223649
1787075391.394266
1787075391.567100
1787075391.737961
1787075391.908118
1787075392.076596
1787075392.247183
1787075392.417898
1787075392.590680
1787075392.762815
1787075392.932605
1787075393.106921
1787075393.281500
1787075393.455587
1787075393.621478
1787075393.794826
1787075393.966991
1787075394.138488
1787075394.310929
1787075394.483345
1787075394.653877
1787075394.829265
1787075395.005451
1787075395.171400
1787075395.342908
1787075395.513450
1787075395.689764
1787075395.872513
1787075396.047993
1787075396.221990
1787075396.399489
1787075396.573718
1787075396.742529
1787075396.919591
1787075397.096187
1787075397.264735
1787075397.439509
1787075397.613664
1787075397.787181
1787075397.960723
1787075398.138870
1787075398.316718
1787075398.489770
1787075398.664547
1787075398.838833
1787075399.014069
1787075399.182429
1787075399.358295
1787075399.532135
1787075399.709973
1787075399.886930
1787075400.056995
1787075400.226372
1787075400.399626
1787075400.573842
1787075400.748951
1787075400.921489
1787075401.097771
1787075401.274054
1787075401.448160
1787075401.622698
1787075401.798000
1787075401.971542
1787075402.146152
1787075402.321422
1787075402.495205
1787075402.663376
1787075402.840795
1787075403.014442
1787075403.185666
1787075403.358004
1787075403.527687
1787075403.699939
1787075403.872300
1787075404.044823
1787075404.217817
1787075404.392097
1787075404.566898
1787075404.739545
1787075404.911963
1787075405.077323
1787075405.245019
1787075405.415015
1787075405.587983
1787075405.761204
1787075405.933788
1787075406.107747
1787075406.281530
1787075406.460518
1787075406.636039
1787075406.802575
1787075406.975742
1787075407.149291
1787075407.321792
1787075407.492848
1787075407.665040
1787075407.836723
1787075408.007709
1787075408.175102
1787075408.346381
1787075408.518855
1787075408.690309
1787075408.862604
1787075409.035104
1787075409.207902
1787075409.386246
1787075409.562338
1787075409.741759
1787075409.925264
1787075410.106158
1787075410.286678
1787075410.465928
1787075410.643722
1787075410.824949
1787075411.009807
1787075411.189949
1787075411.365066
1787075411.542477
1787075411.717804
1787075411.898573
1787075412.080914
1787075412.251580
1787075412.429993
1787075412.610274
1787075412.783125
1787075412.959661
1787075413.139890
1787075413.317039
1787075413.496739
1787075413.674388
1787075413.852196
1787075414.030271
1787075414.211192
1787075414.390554
1787075414.571537
1787075414.749315
1787075414.924637
1787075415.099597
1787075415.275941
1787075415.446259
1787075415.625818
1787075415.801908
1787075415.978776
1787075416.157179
1787075416.333050
1787075416.513891
1787075416.689946
1787075416.865149
1787075417.040109
1787075417.216166
1787075417.393939
1787075417.573099
1787075417.749301
1787075417.926291
1787075418.103680
1787075418.281691
1787075418.457994
1787075418.633820
1787075418.809023
1787075418.983300
1787075419.158809
1787075419.331070
1787075419.507804
1787075419.682246
1787075419.854657
1787075420.029933
1787075420.203650
1787075420.378146
1787075420.548676
1787075420.720687
1787075420.895535
1787075421.069370
1787075421.239573
1787075421.412497
1787075421.589660
1787075421.763653
1787075421.940872
1787075422.114895
1787075422.291150
1787075422.465260
1787075422.635207
1787075422.810780
1787075422.988634
1787075423.162895
1787075423.337240
1787075423.510856
1787075423.684710
1787075423.859359
1787075424.032379
1787075424.204005
1787075424.378967
1787075424.554351
1787075424.729349
1787075424.903224
1787075425.077287
1787075425.248713
1787075425.423378
1787075425.589661
1787075425.763772
1787075425.937785
1787075426.111308
1787075426.284362
1787075426.465873
1787075426.632216
1787075426.806200
1787075426.981416
1787075427.150948
1787075427.318217
1787075427.492700
1787075427.667302
1787075427.841550
1787075428.012444
1787075428.188230
1787075428.361506
1787075428.534026
1787075428.707758
1787075428.880248
1787075429.057026
1787075429.233366
1787075429.411823
1787075429.587826
1787075429.757966
1787075429.931337
1787075430.116727
1787075430.296284
1787075430.476660
1787075430.657572
1787075430.836249
1787075431.007754
1787075431.180402
1787075431.360420
1787075431.539263
1787075431.718728
1787075431.900275
1787075432.082643
1787075432.257644
1787075432.436091
1787075432.615368
1787075432.794825
1787075432.977152
1787075433.156375
1787075433.339263
1787075433.521618
1787075433.695592
1787075433.880677
1787075434.058367
1787075434.234917
1787075434.416443
1787075434.609284
1787075434.798716
1787075434.986380
1787075435.170514
1787075435.362996
1787075435.549191
1787075435.732351
1787075435.913905
1787075436.101232
1787075436.293942
1787075436.482120
1787075436.661646
1787075436.845248
1787075437.037959
1787075437.233280
1787075437.421534
1787075437.610178
1787075437.798702
1787075437.985773
1787075438.174251
1787075438.360069
1787075438.551767
1787075438.739319
1787075438.929327
1787075439.121523
1787075439.306278
1787075439.490899
1787075439.674073
1787075439.861558
1787075440.054009
1787075440.242059
1787075440.431742
1787075440.620320
1787075440.804982
1787075440.988383
1787075441.169911
1787075441.351256
1787075441.532253
1787075441.715133
1787075441.897621
1787075442.079527
1787075442.261275
1787075442.444844
1787075442.624367
1787075442.806795
1787075442.988069
1787075443.168624
1787075443.350347
1787075443.531100
1787075443.710723
1787075443.882795
1787075444.061609
1787075444.241733
1787075444.417827
1787075444.594932
1787075444.777790
1787075444.960850
1787075445.144664
1787075445.333032
1787075445.516805
1787075445.697563
1787075445.884080
1787075446.061778
1787075446.245704
1787075446.428830
1787075446.615294
1787075446.797851
1787075446.979275
1787075447.158011
1787075447.339209
1787075447.524125
1787075447.715127
1787075447.891475
1787075448.082330
1787075448.266243
1787075448.453068
1787075448.633288
1787075448.822430
1787075449.011669
1787075449.195559
1787075449.378890
1787075449.565249
1787075449.751759
1787075449.937300
1787075450.124790
1787075450.309352
1787075450.496423
1787075450.674999
1787075450.862647
1787075451.046235
1787075451.228025
1787075451.415607
1787075451.599118
1787075451.787511
1787075451.966143
1787075452.158902
1787075452.343419
1787075452.526752
1787075452.713716
1787075452.896573
1787075453.078582
1787075453.264386
1787075453.450493
1787075453.632091
1787075453.814169
1787075453.998499
1787075454.186614
1787075454.375037
1787075454.556094
1787075454.741919
1787075454.925264
1787075455.108942
1787075455.290533
1787075455.475066
1787075455.654743
1787075455.840117
1787075456.018943
1787075456.203365
1787075456.388522
1787075456.575728
1787075456.751625
1787075456.937451
1787075457.121279
1787075457.305720
1787075457.491284
1787075457.675004
1787075457.869955
1787075458.066093
1787075458.251785
1787075458.445657
1787075458.640438
1787075458.835470
1787075459.026904
1787075459.212660
1787075459.404523
1787075459.598897
1787075459.785313
1787075459.975884
1787075460.173355
1787075460.363356
1787075460.553646
1787075460.754460
1787075460.944215
1787075461.127882
1787075461.317180
1787075461.510710
1787075461.701329
1787075461.891668
1787075462.082532
1787075462.279974
1787075462.469990
1787075462.665243
1787075462.854969
1787075463.046822
1787075463.236249
1787075463.426499
1787075463.624234
1787075463.815411
1787075464.008089
1787075464.200750
1787075464.383751
1787075464.561692
1787075464.744215
1787075464.925182
1787075465.107238
1787075465.289930
1787075465.475496
1787075465.651645
1787075465.835716
1787075466.012525
1787075466.195055
1787075466.379336
1787075466.561887
1787075466.745427
1787075466.922714
1787075467.100539
1787075467.284921
1787075467.470650
1787075467.653285
1787075467.837174
1787075468.030329
1787075468.206507
1787075468.391050
1787075468.579982
1787075468.772219
1787075468.958260
1787075469.151622
1787075469.339361
1787075469.538994
1787075469.728809
1787075469.919628
1787075470.103843
1787075470.290129
1787075470.481043
1787075470.673332
1787075470.859937
1787075471.051248
1787075471.242022
1787075471.429451
1787075471.617066
1787075471.801910
1787075471.986846
1787075472.173368
1787075472.354031
1787075472.535068
1787075472.712258
1787075472.891000
1787075473.064202
1787075473.242024
1787075473.420743
1787075473.597481
1787075473.774219
1787075473.949209
1787075474.131097
1787075474.300542
1787075474.480111
1787075474.657425
1787075474.834313
1787075475.010614
1787075475.188228
1787075475.358986
1787075475.528724
1787075475.696485
1787075475.864940
1787075476.039311
1787075476.214454
1787075476.389124
1787075476.563570
1787075476.737352
1787075476.914850
1787075477.088322
1787075477.261220
1787075477.435278
1787075477.613351
1787075477.781059
1787075477.954939
1787075478.130480
1787075478.302169
1787075478.474621
1787075478.647343
1787075478.829067
1787075479.000464
1787075479.175272
1787075479.350191
1787075479.522642
1787075479.695896
1787075479.870989
1787075480.044830
1787075480.221023
1787075480.400377
1787075480.573555
1787075480.749821
1787075480.925611
1787075481.101203
1787075481.278727
1787075481.456751
1787075481.629063
1787075481.800304
1787075481.970798
1787075482.146591
1787075482.324441
1787075482.497796
1787075482.668308
1787075482.842745
1787075483.017686
1787075483.191697
1787075483.367125
1787075483.545897
1787075483.719916
1787075483.895655
1787075484.072546
1787075484.248813
1787075484.424266
1787075484.598867
1787075484.774581
1787075484.950101
1787075485.126868
1787075485.303734
1787075485.482437
1787075485.664574
1787075485.842103
1787075486.018821
1787075486.195159
1787075486.372843
1787075486.558082
1787075486.735358
1787075486.911058
1787075487.089759
1787075487.267885
1787075487.447575
1787075487.626344
1787075487.807458
1787075487.988611
1787075488.168191
1787075488.347479
1787075488.526544
1787075488.703790
1787075488.883937
1787075489.064347
1787075489.244080
1787075489.424007
1787075489.603740
1787075489.787049
1787075489.968800
1787075490.154357
1787075490.337224
1787075490.514198
1787075490.695376
1787075490.872662
1787075491.043578
1787075491.221874
1787075491.400070
1787075491.576756
1787075491.754051
1787075491.934053
1787075492.117815
1787075492.298146
1787075492.477208
1787075492.655283
1787075492.833048
1787075493.011659
1787075493.189765
1787075493.367277
1787075493.544099
1787075493.724548
1787075493.901904
1787075494.077806
1787075494.254101
1787075494.436153
1787075494.623799
1787075494.806435
1787075494.986264
1787075495.168023
1787075495.354127
1787075495.538048
1787075495.722185
1787075495.906508
1787075496.088384
1787075496.272534
1787075496.454910
1787075496.643146
1787075496.821369
1787075496.996843
1787075497.172605
1787075497.358115
1787075497.547448
1787075497.731546
1787075497.918518
1787075498.100548
1787075498.275754
1787075498.456921
1787075498.637434
1787075498.821317
1787075499.005571
1787075499.191382
1787075499.376101
1787075499.560394
1787075499.745449
1787075499.928213
1787075500.114210
1787075500.296379
1787075500.476391
1787075500.654628
1787075500.836760
1787075501.014672
1787075501.198342
1787075501.380249
1787075501.565900
1787075501.745319
1787075501.929358
1787075502.108101
1787075502.293935
1787075502.477901
1787075502.659604
1787075502.839758
1787075503.020435
1787075503.198182
1787075503.382734
1787075503.561435
1787075503.741870
1787075503.923984
1787075504.098696
1787075504.277940
1787075504.457780
1787075504.641900
1787075504.824112
1787075505.012771
1787075505.190290
1787075505.374714
1787075505.560578
1787075505.744273
1787075505.920846
1787075506.104243
1787075506.291855
1787075506.478265
1787075506.656151
1787075506.838420
1787075507.013679
1787075507.196480
1787075507.373389
1787075507.552058
1787075507.734015
1787075507.915351
1787075508.091897
1787075508.274652
1787075508.452066
1787075508.631161
1787075508.810964
1787075508.993888
1787075509.173206
1787075509.348854
1787075509.530427
1787075509.715306
1787075509.900199
1787075510.083739
1787075510.266212
1787075510.447965
1787075510.627507
1787075510.809505
1787075510.994110
1787075511.178585
1787075511.360308
1787075511.542523
1787075511.723488
1787075511.906065
1787075512.087396
1787075512.269551
1787075512.452882
1787075512.633453
1787075512.814759
1787075512.997418
1787075513.179937
1787075513.361362
1787075513.542544
1787075513.725399
1787075513.913640
1787075514.101746
1787075514.282448
1787075514.468275
1787075514.653829
1787075514.838281
1787075515.014094
1787075515.197794
1787075515.380659
1787075515.560776
1787075515.740911
1787075515.921536
1787075516.096226
1787075516.277568
1787075516.464209
1787075516.647986
1787075516.836031
1787075517.012678
1787075517.198405
1787075517.381314
1787075517.566044
1787075517.748106
1787075517.929544
1787075518.112264
1787075518.298622
1787075518.482959
1787075518.672466
1787075518.862863
1787075519.046290
1787075519.226040
1787075519.406850
1787075519.590457
1787075519.773576
1787075519.958015
1787075520.144159
1787075520.329294
1787075520.512567
1787075520.695201
1787075520.874051
1787075521.056194
1787075521.241556
1787075521.426888
1787075521.610885
1787075521.804171
1787075521.987878
1787075522.176219
1787075522.360934
1787075522.545760
1787075522.729838
1787075522.912744
1787075523.098169
1787075523.278098
1787075523.456834
1787075523.640773
1787075523.827199
1787075524.014462
1787075524.198321
1787075524.386779
1787075524.571393
1787075524.750355
1787075524.931500
1787075525.114360
1787075525.310141
1787075525.486712
1787075525.664964
1787075525.844902
1787075526.027443
1787075526.203706
1787075526.384972
1787075526.563593
1787075526.744736
1787075526.925298
1787075527.104547
1787075527.285430
1787075527.465064
1787075527.646518
1787075527.824039
1787075528.007331
1787075528.187457
1787075528.367221
1787075528.545734
1787075528.727867
1787075528.906680
1787075529.088744
1787075529.271620
1787075529.453786
1787075529.627660
1787075529.809432
1787075529.989608
1787075530.171691
1787075530.353433
1787075530.529516
1787075530.711197
1787075530.886621
1787075531.063894
1787075531.245004
1787075531.421135
1787075531.594024
1787075531.784712
1787075531.962905
1787075532.150610
1787075532.326000
1787075532.503931
1787075532.682798
1787075532.857806
1787075533.037834
1787075533.219656
1787075533.392967
1787075533.572960
1787075533.751779
1787075533.923499
1787075534.103628
1787075534.284711
1787075534.457185
1787075534.633416
1787075534.812575
1787075534.993896
1787075535.174217
1787075535.353279
1787075535.538980
1787075535.720672
1787075535.901763
1787075536.078204
1787075536.261324
1787075536.435944
1787075536.617533
1787075536.795263
1787075536.974498
1787075537.150498
1787075537.330196
1787075537.511738
1787075537.694248
1787075537.878598
1787075538.058141
1787075538.239197
1787075538.418665
1787075538.600959
1787075538.780568
1787075538.958340
1787075539.145810
1787075539.329022
1787075539.510262
1787075539.698408
1787075539.886096
1787075540.070636
1787075540.254454
1787075540.437822
1787075540.616216
1787075540.793058
1787075540.974993
1787075541.156819
1787075541.338605
1787075541.523088
1787075541.708006
1787075541.893495
1787075542.080467
1787075542.261895
1787075542.447003
1787075542.624983
1787075542.808947
1787075542.987803
1787075543.171978
1787075543.357449
1787075543.541746
1787075543.727812
1787075543.911938
1787075544.099976
1787075544.290848
1787075544.477304
1787075544.666200
1787075544.854154
1787075545.033967
1787075545.216648
1787075545.399415
1787075545.583913
1787075545.768648
1787075545.955990
1787075546.140456
1787075546.317863
1787075546.496800
1787075546.682258
1787075546.868646
1787075547.050307
1787075547.234366
1787075547.422557
1787075547.604526
1787075547.787960
1787075547.975178
1787075548.153552
1787075548.341386
1787075548.524371
1787075548.712768
1787075548.894841
1787075549.076463
1787075549.259095
1787075549.443701
1787075549.626782
1787075549.809500
1787075549.994738
1787075550.177427
1787075550.351636
1787075550.534119
1787075550.717384
1787075550.900427
1787075551.081330
1787075551.263693
1787075551.448809
1787075551.628906
1787075551.814358
1787075552.003560
1787075552.187376
1787075552.371385
1787075552.555274
1787075552.736320
1787075552.915151
1787075553.093175
1787075553.279058
1787075553.458730
1787075553.640661
1787075553.820362
1787075554.003266
1787075554.188818
1787075554.372716
1787075554.559043
1787075554.741956
1787075554.924026
1787075555.107669
1787075555.292083
1787075555.475641
1787075555.660513
1787075555.844681
1787075556.034826
1787075556.217427
1787075556.402675
1787075556.585930
1787075556.769741
1787075556.957842
1787075557.135189
1787075557.319919
1787075557.504275
1787075557.686671
1787075557.868683
1787075558.051376
1787075558.235819
1787075558.412774
1787075558.599324
1787075558.782413
1787075558.968334
1787075559.150434
1787075559.339108
1787075559.529209
1787075559.708931
1787075559.896710
1787075560.080978
1787075560.272013
1787075560.452158
1787075560.634598
1787075560.819134
1787075561.006778
1787075561.184163
1787075561.361667
1787075561.542918
1787075561.728101
1787075561.906595
1787075562.091936
1787075562.271238
1787075562.450222
1787075562.639786
1787075562.825488
1787075563.003037
1787075563.187414
1787075563.371079
1787075563.554106
1787075563.739447
1787075563.912659
1787075564.095672
1787075564.279711
1787075564.462036
1787075564.648397
1787075564.829326
1787075565.012020
1787075565.191431
1787075565.368622
1787075565.550100
1787075565.733734
1787075565.920521
1787075566.104180
1787075566.287002
1787075566.474596
1787075566.661649
1787075566.846429
1787075567.032269
1787075567.213561
1787075567.392205
1787075567.571769
1787075567.759015
1787075567.942376
1787075568.125929
1787075568.308448
1787075568.496603
1787075568.677061
1787075568.862294
1787075569.048019
1787075569.230590
1787075569.416631
1787075569.602182
1787075569.781590
1787075569.966734
1787075570.145630
1787075570.331186
1787075570.515461
1787075570.702293
1787075570.889264
1787075571.065778
1787075571.248678
1787075571.438958
1787075571.625877
1787075571.813219
1787075571.996262
1787075572.174460
1787075572.363235
1787075572.548332
1787075572.734331
1787075572.921652
1787075573.102860
1787075573.287171
1787075573.477107
1787075573.654019
1787075573.842042
1787075574.026483
1787075574.214539
1787075574.400212
1787075574.578196
1787075574.756288
1787075574.937855
1787075575.116488
1787075575.301721
1787075575.490522
1787075575.677836
1787075575.865328
1787075576.048068
1787075576.231220
1787075576.417298
1787075576.601579
1787075576.784017
1787075576.969064
1787075577.149912
1787075577.326666
1787075577.515517
1787075577.699777
1787075577.875098
1787075578.050526
1787075578.236370
1787075578.420842
1787075578.605342
1787075578.791164
1787075578.980054
1787075579.162213
1787075579.349557
1787075579.533937
1787075579.721602
1787075579.897594
1787075580.080274
1787075580.269026
1787075580.451566
1787075580.638601
1787075580.829798
1787075581.018790
1787075581.202911
1787075581.379191
1787075581.555040
1787075581.732114
1787075581.908688
1787075582.085949
1787075582.263494
1787075582.441555
1787075582.618778
1787075582.792565
1787075582.967389
1787075583.147829
1787075583.329489
1787075583.514111
1787075583.698612
1787075583.876275
1787075584.054493
1787075584.228341
1787075584.402546
1787075584.577852
1787075584.752844
1787075584.929824
1787075585.105330
1787075585.278590
1787075585.453021
1787075585.626756
1787075585.800566
1787075585.973690
1787075586.145694
1787075586.319437
1787075586.492856
1787075586.668143
1787075586.841297
1787075587.009296
1787075587.186723
1787075587.352524
1787075587.526240
1787075587.699510
1787075587.872728
1787075588.056220
1787075588.231471
1787075588.411485
1787075588.593509
1787075588.767495
1787075588.948391
1787075589.130970
1787075589.313531
1787075589.493171
1787075589.677456
1787075589.861052
1787075590.044232
1787075590.228612
1787075590.412097
1787075590.596967
1787075590.774944
1787075590.954147
1787075591.136685
1787075591.319655
1787075591.508014
1787075591.689354
1787075591.872382
1787075592.055702
1787075592.228775
1787075592.410709
1787075592.595166
1787075592.775826
1787075592.957698
1787075593.139940
1787075593.320756
1787075593.503594
1787075593.688260
1787075593.865474
1787075594.043097
1787075594.218735
1787075594.396676
1787075594.578309
1787075594.758800
1787075594.938812
1787075595.118608
1787075595.299771
1787075595.482887
1787075595.667695
1787075595.848921
1787075596.023339
1787075596.199095
1787075596.379343
1787075596.564123
1787075596.741931
1787075596.920995
1787075597.097544
1787075597.271245
1787075597.447044
1787075597.628810
1787075597.809534
1787075597.990658
1787075598.171398
1787075598.351491
1787075598.533683
1787075598.716399
1787075598.898072
1787075599.079190
1787075599.250946
1787075599.431641
1787075599.612887
1787075599.787801
1787075599.969248
1787075600.149843
1787075600.330595
1787075600.510288
1787075600.689569
1787075600.863265
1787075601.041298
1787075601.220512
1787075601.394305
1787075601.574330
1787075601.753190
1787075601.930686
1787075602.108464
1787075602.288670
1787075602.464374
1787075602.643436
1787075602.821538
1787075603.001126
1787075603.180342
1787075603.359679
1787075603.548819
1787075603.728864
1787075603.908599
1787075604.088515
1787075604.270574
1787075604.453816
1787075604.637779
1787075604.824528
1787075605.008071
1787075605.187763
1787075605.363224
1787075605.540599
1787075605.715531
1787075605.889800
1787075606.075573
1787075606.246964
1787075606.425127
1787075606.603272
1787075606.783402
1787075606.967267
1787075607.150605
1787075607.327254
1787075607.507699
1787075607.687439
1787075607.868023
1787075608.047764
1787075608.229947
1787075608.411875
1787075608.591182
1787075608.771038
1787075608.953022
1787075609.132380
1787075609.312094
1787075609.488521
1787075609.667170
1787075609.846900
1787075610.027613
1787075610.210706
1787075610.389345
1787075610.572579
1787075610.752939
1787075610.925829
1787075611.104351
