1787082771.730057
1787082771.883040
1787082772.036740
1787082772.191397
1787082772.345415
1787082772.502833
1787082772.658242
1787082772.813453
1787082772.961118
1787082773.116628
1787082773.265484
1787082773.418836
1787082773.574437
1787082773.734838
1787082773.885251
1787082774.042859
1787082774.192441
1787082774.347595
1787082774.503249
1787082774.662269
1787082774.818886
1787082774.975268
1787082775.125836
1787082775.276730
1787082775.426748
1787082775.585132
1787082775.742334
1787082775.896956
1787082776.052639
1787082776.204726
1787082776.361414
1787082776.509608
1787082776.664234
1787082776.819049
1787082776.967813
1787082777.122528
1787082777.277807
1787082777.433934
1787082777.587930
1787082777.735539
1787082777.884671
1787082778.039459
1787082778.188531
1787082778.338153
1787082778.488453
1787082778.638520
1787082778.786630
1787082778.934500
1787082779.089045
1787082779.236052
1787082779.383000
1787082779.535716
1787082779.682549
1787082779.835124
1787082779.981866
1787082780.129419
1787082780.280015
1787082780.432683
1787082780.579492
1787082780.731016
1787082780.884852
1787082781.036253
1787082781.187192
1787082781.338147
1787082781.485761
1787082781.636509
1787082781.785274
1787082781.937873
1787082782.089608
1787082782.237120
1787082782.389036
1787082782.538329
1787082782.688733
1787082782.838562
1787082782.988524
1787082783.132433
1787082783.281723
1787082783.425071
1787082783.576369
1787082783.725197
1787082783.872827
1787082784.023327
1787082784.172447
1787082784.316401
1787082784.464648
1787082784.614155
1787082784.766045
1787082784.908794
1787082785.051200
1787082785.200242
1787082785.351074
1787082785.495189
1787082785.646464
1787082785.798329
1787082785.948869
1787082786.099208
1787082786.247545
1787082786.399829
1787082786.544760
1787082786.695338
1787082786.848050
1787082786.998653
1787082787.142063
1787082787.294529
1787082787.448099
1787082787.603448
1787082787.756265
1787082787.908042
1787082788.059074
1787082788.205322
1787082788.350757
1787082788.497566
1787082788.648720
1787082788.804278
1787082788.950872
1787082789.100805
1787082789.252002
1787082789.399043
1787082789.554111
1787082789.706293
1787082789.858059
1787082790.010997
1787082790.163745
1787082790.319800
1787082790.468500
1787082790.620920
1787082790.777559
1787082790.932124
1787082791.085362
1787082791.233412
1787082791.388335
1787082791.539523
1787082791.693801
1787082791.850472
1787082791.997345
1787082792.152698
1787082792.295241
1787082792.450227
1787082792.602073
1787082792.754353
1787082792.911806
1787082793.063773
1787082793.212507
1787082793.365080
1787082793.517767
1787082793.671635
1787082793.825615
1787082793.981140
1787082794.138021
1787082794.292294
1787082794.443202
1787082794.599786
1787082794.755821
1787082794.913152
1787082795.072232
1787082795.229224
1787082795.386560
1787082795.546253
1787082795.704349
1787082795.858797
1787082796.015411
1787082796.173282
1787082796.330220
1787082796.487030
1787082796.647021
1787082796.800489
1787082796.959387
1787082797.115847
1787082797.272978
1787082797.434766
1787082797.597228
1787082797.759706
1787082797.921345
1787082798.084102
1787082798.239404
1787082798.393413
1787082798.554235
1787082798.714851
1787082798.875773
1787082799.036967
1787082799.200517
1787082799.362637
1787082799.528069
1787082799.692036
1787082799.853803
1787082800.009478
1787082800.166172
1787082800.327215
1787082800.490506
1787082800.653239
1787082800.816907
1787082800.979390
1787082801.143009
1787082801.304774
1787082801.468757
1787082801.623070
1787082801.786184
1787082801.948016
1787082802.111407
1787082802.283672
1787082802.442182
1787082802.599289
1787082802.762506
1787082802.920374
1787082803.086204
1787082803.248505
1787082803.412168
1787082803.577079
1787082803.735070
1787082803.898892
1787082804.067397
1787082804.229291
1787082804.396872
1787082804.562573
1787082804.728580
1787082804.895746
1787082805.060054
1787082805.227935
1787082805.387891
1787082805.552903
1787082805.718570
1787082805.883692
1787082806.050946
1787082806.213340
1787082806.383615
1787082806.545053
1787082806.714681
1787082806.876628
1787082807.037485
1787082807.201072
1787082807.369056
1787082807.529949
1787082807.695832
1787082807.860367
1787082808.026865
1787082808.197294
1787082808.368541
1787082808.538809
1787082808.705804
1787082808.878227
1787082809.039609
1787082809.210038
1787082809.382054
1787082809.550962
1787082809.720110
1787082809.886930
1787082810.055696
1787082810.223421
1787082810.389688
1787082810.557736
1787082810.725866
1787082810.897241
1787082811.065142
1787082811.232381
1787082811.398753
1787082811.568314
1787082811.729488
1787082811.897604
1787082812.063918
1787082812.233389
1787082812.400868
1787082812.563461
1787082812.729772
1787082812.901069
1787082813.069168
1787082813.236446
1787082813.404508
1787082813.572674
1787082813.737720
1787082813.906754
1787082814.073976
1787082814.241484
1787082814.405298
1787082814.566173
1787082814.733745
1787082814.902043
1787082815.067436
1787082815.237872
1787082815.406133
1787082815.574400
1787082815.741673
1787082815.910276
1787082816.075871
1787082816.240512
1787082816.407755
1787082816.576869
1787082816.744537
1787082816.911892
1787082817.078541
1787082817.246632
1787082817.414513
1787082817.587471
1787082817.755239
1787082817.920857
1787082818.088978
1787082818.256741
1787082818.424182
1787082818.590501
1787082818.758733
1787082818.920887
1787082819.090814
1787082819.257303
1787082819.426579
1787082819.594479
1787082819.762208
1787082819.929062
1787082820.097609
1787082820.264811
1787082820.434048
1787082820.601652
1787082820.769661
1787082820.938189
1787082821.106538
1787082821.275208
1787082821.444185
1787082821.611519
1787082821.770262
1787082821.936206
1787082822.105171
1787082822.272891
1787082822.436062
1787082822.604311
1787082822.776307
1787082822.945553
1787082823.115490
1787082823.285743
1787082823.455350
1787082823.623974
1787082823.792531
1787082823.961425
1787082824.130370
1787082824.294734
1787082824.462251
1787082824.630017
1787082824.797804
1787082824.964567
1787082825.133216
1787082825.300345
1787082825.469209
1787082825.637660
1787082825.805942
1787082825.976776
1787082826.145946
1787082826.317084
1787082826.486262
1787082826.654338
1787082826.829978
1787082827.000966
1787082827.170831
1787082827.341317
1787082827.511302
1787082827.675204
1787082827.848694
1787082828.019513
1787082828.183964
1787082828.348466
1787082828.519104
1787082828.689396
1787082828.862181
1787082829.033428
1787082829.198667
1787082829.372491
1787082829.540830
1787082829.711619
1787082829.883453
1787082830.054502
1787082830.223958
1787082830.390924
1787082830.562050
1787082830.734267
1787082830.908662
1787082831.079774
1787082831.243852
1787082831.408532
1787082831.579748
1787082831.744615
1787082831.914388
1787082832.084587
1787082832.253446
1787082832.425273
1787082832.595694
1787082832.768341
1787082832.941004
1787082833.112226
1787082833.283494
1787082833.448077
1787082833.618966
1787082833.788664
1787082833.958981
1787082834.128875
1787082834.298987
1787082834.468246
1787082834.639300
1787082834.807597
1787082834.977677
1787082835.146254
1787082835.316251
1787082835.482955
1787082835.650356
1787082835.820852
1787082835.989144
1787082836.155623
1787082836.324451
1787082836.492454
1787082836.660842
1787082836.828563
1787082836.996635
1787082837.163432
1787082837.329743
1787082837.496061
1787082837.662601
1787082837.828818
1787082837.995953
1787082838.163567
1787082838.331486
1787082838.499538
1787082838.661434
1787082838.829643
1787082838.998745
1787082839.165381
1787082839.338527
1787082839.507437
1787082839.674781
1787082839.843411
1787082840.010700
1787082840.178849
1787082840.341042
1787082840.509347
1787082840.676176
1787082840.843061
1787082841.010123
1787082841.177014
1787082841.345039
1787082841.514241
1787082841.685860
1787082841.846565
1787082842.015205
1787082842.185563
1787082842.355188
1787082842.524851
1787082842.695991
1787082842.866175
1787082843.034930
1787082843.205577
1787082843.374789
1787082843.546718
1787082843.716552
1787082843.887055
1787082844.059206
1787082844.223758
1787082844.392495
1787082844.556122
1787082844.726960
1787082844.895470
1787082845.059807
1787082845.232112
1787082845.399179
1787082845.568910
1787082845.736854
1787082845.905694
1787082846.075341
1787082846.242893
1787082846.415718
1787082846.584691
1787082846.752707
1787082846.923740
1787082847.091271
1787082847.252987
1787082847.425461
1787082847.589871
1787082847.759502
1787082847.927801
1787082848.094747
1787082848.262988
1787082848.430927
1787082848.596714
1787082848.764640
1787082848.934184
1787082849.102609
1787082849.268842
1787082849.430286
1787082849.596140
1787082849.765009
1787082849.931434
1787082850.099004
1787082850.265713
1787082850.435424
1787082850.604582
1787082850.771729
1787082850.937945
1787082851.104336
1787082851.271571
1787082851.438753
1787082851.604967
1787082851.773715
1787082851.936934
1787082852.119528
1787082852.279255
1787082852.445140
1787082852.605185
1787082852.767578
1787082852.934062
1787082853.102697
1787082853.272176
1787082853.439115
1787082853.606877
1787082853.771372
1787082853.937195
1787082854.103921
1787082854.275560
1787082854.442867
1787082854.607531
1787082854.768198
1787082854.934717
1787082855.102316
1787082855.267577
1787082855.427252
1787082855.590074
1787082855.763477
1787082855.924268
1787082856.089805
1787082856.254235
1787082856.421547
1787082856.586215
1787082856.752119
1787082856.920494
1787082857.083105
1787082857.250054
1787082857.416587
1787082857.583777
1787082857.752605
1787082857.922992
1787082858.083616
1787082858.251648
1787082858.412349
1787082858.579456
1787082858.739985
1787082858.905487
1787082859.072810
1787082859.242907
1787082859.407363
1787082859.577528
1787082859.739001
1787082859.911661
1787082860.071469
1787082860.244422
1787082860.416456
1787082860.577359
1787082860.746931
1787082860.917804
1787082861.085420
1787082861.255255
1787082861.425244
1787082861.595176
1787082861.764735
1787082861.922685
1787082862.090724
1787082862.257149
1787082862.421796
1787082862.588207
1787082862.752260
1787082862.914102
1787082863.085383
1787082863.252960
1787082863.419474
1787082863.586637
1787082863.756233
1787082863.924590
1787082864.091222
1787082864.258758
1787082864.429273
1787082864.598125
1787082864.762557
1787082864.930699
1787082865.096257
1787082865.262907
1787082865.432245
1787082865.598328
1787082865.768816
1787082865.938119
1787082866.107207
1787082866.273302
1787082866.437078
1787082866.603869
1787082866.775790
1787082866.939556
1787082867.102916
1787082867.272863
1787082867.435742
1787082867.601223
1787082867.765527
1787082867.934836
1787082868.104376
1787082868.276169
1787082868.446416
1787082868.618069
1787082868.790065
1787082868.962115
1787082869.126142
1787082869.296617
1787082869.466426
1787082869.636748
1787082869.806298
1787082869.970519
1787082870.142428
1787082870.315919
1787082870.479820
1787082870.646483
1787082870.815759
1787082870.987279
1787082871.157569
1787082871.327927
1787082871.497198
1787082871.667787
1787082871.840896
1787082872.008809
1787082872.168968
1787082872.342896
1787082872.508731
1787082872.673919
1787082872.840199
1787082873.006544
1787082873.171571
1787082873.341801
1787082873.516433
1787082873.680743
1787082873.851537
1787082874.023637
1787082874.199960
1787082874.371540
1787082874.545438
1787082874.714899
1787082874.885252
1787082875.056100
1787082875.228367
1787082875.401403
1787082875.572057
1787082875.745927
1787082875.915417
1787082876.085382
1787082876.256406
1787082876.429018
1787082876.595188
1787082876.764657
1787082876.931690
1787082877.094554
1787082877.264847
1787082877.435867
1787082877.607373
1787082877.779165
1787082877.948722
1787082878.117324
1787082878.287174
1787082878.456401
1787082878.627336
1787082878.796480
1787082878.966553
1787082879.136325
1787082879.307680
1787082879.481099
1787082879.656536
1787082879.828085
1787082880.002258
1787082880.174618
1787082880.340817
1787082880.512865
1787082880.683569
1787082880.854949
1787082881.025549
1787082881.196572
1787082881.371003
1787082881.544602
1787082881.717476
1787082881.889248
1787082882.053736
1787082882.225074
1787082882.391241
1787082882.563661
1787082882.735454
1787082882.907754
1787082883.079710
1787082883.245219
1787082883.415812
1787082883.586902
1787082883.758966
1787082883.930875
1787082884.101981
1787082884.274420
1787082884.447025
1787082884.620162
1787082884.788870
1787082884.960540
1787082885.130395
1787082885.302378
1787082885.478071
1787082885.643167
1787082885.811300
1787082885.978333
1787082886.150581
1787082886.320862
1787082886.491468
1787082886.661616
1787082886.831762
1787082887.006989
1787082887.179165
1787082887.351651
1787082887.522394
1787082887.697493
1787082887.867234
1787082888.036569
1787082888.200983
1787082888.373148
1787082888.544114
1787082888.708224
1787082888.877856
1787082889.047320
1787082889.218509
1787082889.390166
1787082889.558219
1787082889.729303
1787082889.899591
1787082890.068697
1787082890.239311
1787082890.410549
1787082890.579695
1787082890.747768
1787082890.915757
1787082891.083900
1787082891.252304
1787082891.421991
1787082891.586529
1787082891.754618
1787082891.925562
1787082892.085980
1787082892.255788
1787082892.423399
1787082892.592086
1787082892.761460
1787082892.929947
1787082893.097099
1787082893.258007
1787082893.425275
1787082893.593686
1787082893.762769
1787082893.930366
1787082894.098951
1787082894.265631
1787082894.434608
1787082894.600751
1787082894.769848
1787082894.937810
1787082895.103883
1787082895.271769
1787082895.437572
1787082895.607269
1787082895.781591
1787082895.953209
1787082896.117621
1787082896.287492
1787082896.458035
1787082896.630903
1787082896.802955
1787082896.972668
1787082897.137426
1787082897.307990
1787082897.479199
1787082897.653992
1787082897.815457
1787082897.982975
1787082898.141159
1787082898.310431
1787082898.482287
1787082898.652514
1787082898.821090
1787082898.987807
1787082899.155851
1787082899.324733
1787082899.490298
1787082899.651369
1787082899.820552
1787082899.988611
1787082900.161482
1787082900.322063
1787082900.482490
1787082900.649418
1787082900.817631
1787082900.984105
1787082901.151931
1787082901.319266
1787082901.484985
1787082901.653069
1787082901.815880
1787082901.986282
1787082902.145201
1787082902.310707
1787082902.478127
1787082902.649015
1787082902.814675
1787082902.982280
1787082903.149053
1787082903.310232
1787082903.476871
1787082903.643676
1787082903.809673
1787082903.970697
1787082904.135491
1787082904.304883
1787082904.466767
1787082904.634200
1787082904.799945
1787082904.970175
1787082905.134486
1787082905.303462
1787082905.470902
1787082905.640251
1787082905.805932
1787082905.972438
1787082906.134396
1787082906.303596
1787082906.467590
1787082906.634474
1787082906.803111
1787082906.969465
1787082907.136517
1787082907.295988
1787082907.465919
1787082907.632656
1787082907.799032
1787082907.969526
1787082908.135740
1787082908.303054
1787082908.470100
1787082908.639445
1787082908.805396
1787082908.972710
1787082909.141645
1787082909.311782
1787082909.479915
1787082909.640829
1787082909.807159
1787082909.966774
1787082910.127858
1787082910.292380
1787082910.457692
1787082910.621899
1787082910.787838
1787082910.950658
1787082911.116505
1787082911.280526
1787082911.444374
1787082911.609718
1787082911.773682
1787082911.938685
1787082912.111223
1787082912.270781
1787082912.437042
1787082912.602779
1787082912.770883
1787082912.938065
1787082913.103223
1787082913.270405
1787082913.432592
1787082913.597615
1787082913.757912
1787082913.923228
1787082914.089475
1787082914.253902
1787082914.419942
1787082914.584566
1787082914.748676
1787082914.916796
1787082915.081220
1787082915.245562
1787082915.412163
1787082915.577948
1787082915.743072
1787082915.908570
1787082916.073338
1787082916.237941
1787082916.402992
1787082916.568991
1787082916.733628
1787082916.900396
1787082917.067281
1787082917.230022
1787082917.395790
1787082917.556959
1787082917.720791
1787082917.888772
1787082918.057142
1787082918.226628
1787082918.396082
1787082918.566469
1787082918.735762
1787082918.902626
1787082919.071124
1787082919.238366
1787082919.404749
1787082919.572427
1787082919.741828
1787082919.903386
1787082920.070415
1787082920.239991
1787082920.408219
1787082920.575542
1787082920.744987
1787082920.906966
1787082921.074766
1787082921.241755
1787082921.411097
1787082921.579373
1787082921.745973
1787082921.914845
1787082922.084804
1787082922.246686
1787082922.415724
1787082922.582902
1787082922.750500
1787082922.918536
1787082923.080593
1787082923.247132
1787082923.415143
1787082923.581861
1787082923.751337
1787082923.920405
1787082924.088052
1787082924.256830
1787082924.426842
1787082924.596592
1787082924.765294
1787082924.934590
1787082925.098474
1787082925.264849
1787082925.436072
1787082925.606107
1787082925.776149
1787082925.940738
1787082926.110707
1787082926.278575
1787082926.446490
1787082926.613844
1787082926.783172
1787082926.953305
1787082927.115780
1787082927.281652
1787082927.446516
1787082927.619321
1787082927.791240
1787082927.961085
1787082928.124604
1787082928.295423
1787082928.469548
1787082928.639744
1787082928.809216
1787082928.978603
1787082929.148032
1787082929.318826
1787082929.488371
1787082929.659256
1787082929.827914
1787082929.997099
1787082930.167485
1787082930.338251
1787082930.508456
1787082930.679197
1787082930.852439
1787082931.014155
1787082931.185396
1787082931.348910
1787082931.518960
1787082931.689749
1787082931.857743
1787082932.030609
1787082932.197291
1787082932.364034
1787082932.533782
1787082932.706447
1787082932.872586
1787082933.043727
1787082933.206756
1787082933.376709
1787082933.545154
1787082933.719391
1787082933.888621
1787082934.056386
1787082934.225384
1787082934.393839
1787082934.556804
1787082934.726533
1787082934.894047
1787082935.065605
1787082935.234810
1787082935.400758
1787082935.570166
1787082935.737796
1787082935.907158
1787082936.080699
1787082936.254444
1787082936.427346
1787082936.594990
1787082936.767978
1787082936.940658
1787082937.108434
1787082937.281281
1787082937.454144
1787082937.625481
1787082937.792211
1787082937.964759
1787082938.133515
1787082938.305023
1787082938.476349
1787082938.645083
1787082938.816599
1787082938.987482
1787082939.161979
1787082939.327040
1787082939.499001
1787082939.668504
1787082939.839002
1787082940.011217
1787082940.184086
1787082940.356746
1787082940.529475
1787082940.701095
1787082940.871868
1787082941.041471
1787082941.214867
1787082941.384889
1787082941.555590
1787082941.720968
1787082941.891415
1787082942.060854
1787082942.231279
1787082942.401058
1787082942.571613
1787082942.736111
1787082942.906140
1787082943.075101
1787082943.245973
1787082943.418122
1787082943.587055
1787082943.757170
1787082943.928851
1787082944.096327
1787082944.260807
1787082944.429461
1787082944.599170
1787082944.769417
1787082944.938944
1787082945.110361
1787082945.281717
1787082945.450541
1787082945.621683
1787082945.791610
1787082945.962142
1787082946.132638
1787082946.303726
1787082946.475586
1787082946.648025
1787082946.817349
1787082946.987556
1787082947.159044
1787082947.323639
1787082947.493827
1787082947.659163
1787082947.835064
1787082948.002643
1787082948.172018
1787082948.340396
1787082948.509152
1787082948.679147
1787082948.846450
1787082949.016174
1787082949.181386
1787082949.350451
1787082949.520048
1787082949.690024
1787082949.858782
1787082950.028047
1787082950.198467
1787082950.367209
1787082950.537571
1787082950.706521
1787082950.871462
1787082951.041578
1787082951.209776
1787082951.372355
1787082951.540445
1787082951.708889
1787082951.877122
1787082952.045350
1787082952.210949
1787082952.370944
1787082952.541449
1787082952.710041
1787082952.869860
1787082953.037654
1787082953.205763
1787082953.376124
1787082953.549188
1787082953.717877
1787082953.886518
1787082954.054000
1787082954.221445
1787082954.386424
1787082954.553371
1787082954.722681
1787082954.890047
1787082955.062565
1787082955.228652
1787082955.396814
1787082955.562224
1787082955.722921
1787082955.893265
1787082956.060604
1787082956.223303
1787082956.391437
1787082956.557185
1787082956.727220
1787082956.894582
1787082957.059760
1787082957.228698
1787082957.394160
1787082957.563206
1787082957.731902
1787082957.899351
1787082958.064800
1787082958.230294
1787082958.396166
1787082958.562747
1787082958.722142
1787082958.886403
1787082959.052589
1787082959.216966
1787082959.376791
1787082959.542032
1787082959.708583
1787082959.874544
1787082960.037642
1787082960.197746
1787082960.364590
1787082960.532408
1787082960.697747
1787082960.864298
1787082961.029517
1787082961.191095
1787082961.357137
1787082961.523570
1787082961.689249
1787082961.855372
1787082962.014823
1787082962.182566
1787082962.344455
1787082962.514416
1787082962.681545
1787082962.847191
1787082963.013812
1787082963.178600
1787082963.339270
1787082963.504644
1787082963.671340
1787082963.839678
1787082964.002505
1787082964.167914
1787082964.334277
1787082964.497927
1787082964.663718
1787082964.829407
1787082964.996527
1787082965.161143
1787082965.328948
1787082965.492928
1787082965.659436
1787082965.826730
1787082965.992596
1787082966.153315
1787082966.313047
1787082966.476639
1787082966.644292
1787082966.809947
1787082966.975877
1787082967.141025
1787082967.303930
1787082967.469348
1787082967.635157
1787082967.802204
1787082967.968983
1787082968.135896
1787082968.301470
1787082968.466509
1787082968.632389
1787082968.801706
1787082968.963199
1787082969.130964
1787082969.296029
1787082969.462305
1787082969.630085
1787082969.789309
1787082969.954482
1787082970.114755
1787082970.279853
1787082970.445351
1787082970.615131
1787082970.781950
1787082970.947565
1787082971.115045
1787082971.278518
1787082971.438267
1787082971.602114
1787082971.766608
1787082971.926122
1787082972.090358
1787082972.262725
1787082972.418810
1787082972.584396
1787082972.750456
1787082972.915886
1787082973.080845
1787082973.242610
1787082973.407107
1787082973.571270
1787082973.736670
1787082973.896097
1787082974.060184
1787082974.225443
1787082974.392376
1787082974.561142
1787082974.722302
1787082974.893574
1787082975.060388
1787082975.228710
1787082975.395761
1787082975.562870
1787082975.726463
1787082975.892408
1787082976.057353
1787082976.221293
1787082976.386167
1787082976.549538
1787082976.714318
1787082976.880018
1787082977.043676
1787082977.211292
1787082977.368519
1787082977.533770
1787082977.699714
1787082977.865665
1787082978.029025
1787082978.194659
1787082978.361387
1787082978.524882
1787082978.687281
1787082978.851814
1787082979.014503
1787082979.179784
1787082979.341372
1787082979.509473
1787082979.673549
1787082979.838762
1787082980.003880
1787082980.162518
1787082980.327049
1787082980.494647
1787082980.661718
1787082980.827775
1787082980.988266
1787082981.152535
1787082981.312190
1787082981.477008
1787082981.636976
1787082981.802409
1787082981.965364
1787082982.124374
1787082982.289158
1787082982.446834
1787082982.613661
1787082982.780141
1787082982.944833
1787082983.107107
1787082983.276023
1787082983.443102
1787082983.606883
1787082983.773492
1787082983.940453
1787082984.100451
1787082984.269321
1787082984.436782
1787082984.603273
1787082984.768711
1787082984.938309
1787082985.104272
1787082985.269179
1787082985.429581
1787082985.596358
1787082985.763126
1787082985.932857
1787082986.093712
1787082986.258040
1787082986.418499
1787082986.585735
1787082986.754277
1787082986.923173
1787082987.089337
1787082987.250256
1787082987.413192
1787082987.580542
1787082987.745830
1787082987.914511
1787082988.081105
1787082988.241604
1787082988.410327
1787082988.578044
1787082988.749021
1787082988.909911
1787082989.077154
1787082989.245264
1787082989.412122
1787082989.578337
1787082989.739617
1787082989.906729
1787082990.073909
1787082990.243245
1787082990.409360
1787082990.575575
1787082990.744434
1787082990.915182
1787082991.077059
1787082991.245124
1787082991.413070
1787082991.580755
1787082991.747514
1787082991.916143
1787082992.083129
1787082992.252213
1787082992.422541
1787082992.593039
1787082992.754811
1787082992.922637
1787082993.089980
1787082993.253421
1787082993.418859
1787082993.587683
1787082993.755121
1787082993.922693
1787082994.091253
1787082994.255538
1787082994.425440
1787082994.593443
1787082994.761919
1787082994.928780
1787082995.094436
1787082995.263084
1787082995.431388
1787082995.600618
1787082995.769079
1787082995.939325
1787082996.107504
1787082996.275448
1787082996.442708
1787082996.613066
1787082996.778311
1787082996.946058
1787082997.115382
1787082997.276264
1787082997.444310
1787082997.611000
1787082997.779406
1787082997.947651
1787082998.117485
1787082998.285472
1787082998.453932
1787082998.625826
1787082998.787677
1787082998.957623
1787082999.127009
1787082999.290016
1787082999.452887
1787082999.623081
1787082999.792317
1787082999.963477
1787083000.133716
1787083000.302667
1787083000.474757
1787083000.640500
1787083000.809923
1787083000.978505
1787083001.141381
1787083001.310546
1787083001.479838
1787083001.651411
1787083001.815452
1787083001.990312
1787083002.163901
1787083002.329683
1787083002.504496
1787083002.678226
1787083002.850617
1787083003.017787
1787083003.190913
1787083003.364955
1787083003.533277
1787083003.706929
1787083003.880428
1787083004.053696
1787083004.220481
1787083004.391995
1787083004.565454
1787083004.736707
1787083004.910011
1787083005.083373
1787083005.250737
1787083005.423684
1787083005.595297
1787083005.766917
1787083005.937818
1787083006.110362
1787083006.281242
1787083006.456798
1787083006.622720
1787083006.795837
1787083006.966937
1787083007.137019
1787083007.308190
1787083007.475493
1787083007.648323
1787083007.819392
1787083007.993321
1787083008.165466
1787083008.333095
1787083008.507114
1787083008.678987
1787083008.851088
1787083009.020590
1787083009.192673
1787083009.367649
1787083009.540781
1787083009.711335
1787083009.884100
1787083010.053837
1787083010.221479
1787083010.392365
1787083010.565315
1787083010.732212
1787083010.905839
1787083011.077169
1787083011.248497
1787083011.419976
1787083011.592553
1787083011.768574
1787083011.935722
1787083012.106276
1787083012.278926
1787083012.450195
1787083012.614142
1787083012.788917
1787083012.961619
1787083013.132602
1787083013.309012
1787083013.481446
1787083013.653285
1787083013.826583
1787083013.999701
1787083014.172713
1787083014.344889
1787083014.510608
1787083014.681750
1787083014.853312
1787083015.025455
1787083015.190968
1787083015.363606
1787083015.536915
1787083015.708603
1787083015.882083
1787083016.055400
1787083016.224777
1787083016.396646
1787083016.568688
1787083016.741494
1787083016.911449
1787083017.082196
1787083017.255636
1787083017.426336
1787083017.590695
1787083017.759717
1787083017.925189
1787083018.099116
1787083018.270464
1787083018.443672
1787083018.616668
1787083018.790475
1787083018.965495
1787083019.129605
1787083019.301959
1787083019.473902
1787083019.645670
1787083019.818253
1787083019.988977
1787083020.161555
1787083020.328323
1787083020.499763
1787083020.673087
1787083020.845032
1787083021.019478
1787083021.191894
1787083021.365570
1787083021.530576
1787083021.702067
1787083021.875326
1787083022.038929
1787083022.210132
1787083022.383631
1787083022.553759
1787083022.729411
1787083022.900677
1787083023.070807
1787083023.243832
1787083023.416902
1787083023.588311
1787083023.757202
1787083023.926573
1787083024.099998
1787083024.272148
1787083024.445082
1787083024.610188
1787083024.782509
1787083024.950702
1787083025.121134
1787083025.288291
1787083025.459527
1787083025.630582
1787083025.800675
1787083025.967682
1787083026.138923
1787083026.309195
1787083026.478533
1787083026.648740
1787083026.818165
1787083026.981636
1787083027.145696
1787083027.312050
1787083027.476566
1787083027.641542
1787083027.811141
1787083027.980008
1787083028.150507
1787083028.320214
1787083028.488034
1787083028.658207
1787083028.828809
1787083028.997766
1787083029.168028
1787083029.338125
1787083029.507348
1787083029.677754
1787083029.848200
1787083030.018732
1787083030.188671
1787083030.372170
1787083030.543702
1787083030.714445
1787083030.887157
1787083031.059478
1787083031.230261
1787083031.403395
1787083031.574009
1787083031.745373
1787083031.917978
1787083032.087450
1787083032.271597
1787083032.440138
1787083032.612633
1787083032.783369
1787083032.954422
1787083033.128808
1787083033.292673
1787083033.463607
1787083033.635858
1787083033.803852
1787083033.976402
1787083034.150984
1787083034.323811
1787083034.501043
1787083034.671731
1787083034.844798
1787083035.017863
1787083035.188348
1787083035.356168
1787083035.529321
1787083035.700908
1787083035.872385
1787083036.042652
1787083036.214667
1787083036.379608
1787083036.546413
1787083036.712910
1787083036.884370
1787083037.057209
1787083037.227395
1787083037.402358
1787083037.575181
1787083037.743893
