1787085486.816282
1787085486.973301
1787085487.122951
1787085487.269292
1787085487.418607
1787085487.565423
1787085487.712546
1787085487.867101
1787085488.021345
1787085488.178509
1787085488.326835
1787085488.482483
1787085488.639169
1787085488.801776
1787085488.959327
1787085489.116034
1787085489.273009
1787085489.431646
1787085489.587043
1787085489.739633
1787085489.891111
1787085490.046663
1787085490.197543
1787085490.353205
1787085490.510580
1787085490.674432
1787085490.824368
1787085490.972793
1787085491.121189
1787085491.278298
1787085491.428375
1787085491.583517
1787085491.740330
1787085491.896917
1787085492.052544
1787085492.204634
1787085492.351095
1787085492.506539
1787085492.660817
1787085492.815941
1787085492.973471
1787085493.122629
1787085493.280043
1787085493.428768
1787085493.576935
1787085493.730347
1787085493.880033
1787085494.034173
1787085494.180685
1787085494.329225
1787085494.476969
1787085494.623118
1787085494.776155
1787085494.929860
1787085495.082241
1787085495.234547
1787085495.385906
1787085495.538369
1787085495.689427
1787085495.840813
1787085495.992902
1787085496.143757
1787085496.295294
1787085496.446857
1787085496.598233
1787085496.750036
1787085496.903334
1787085497.048562
1787085497.197053
1787085497.348038
1787085497.496928
1787085497.645676
1787085497.799231
1787085497.947290
1787085498.092030
1787085498.242153
1787085498.391650
1787085498.540214
1787085498.690261
1787085498.842188
1787085498.990862
1787085499.141472
1787085499.291160
1787085499.440393
1787085499.587867
1787085499.744268
1787085499.883004
1787085500.027498
1787085500.171984
1787085500.319033
1787085500.469012
1787085500.620895
1787085500.769720
1787085500.914579
1787085501.064868
1787085501.215694
1787085501.366156
1787085501.515640
1787085501.664587
1787085501.815550
1787085501.966704
1787085502.111815
1787085502.258090
1787085502.407952
1787085502.558028
1787085502.702459
1787085502.857338
1787085503.007888
1787085503.159652
1787085503.312504
1787085503.465843
1787085503.616289
1787085503.768795
1787085503.913632
1787085504.065130
1787085504.218188
1787085504.369130
1787085504.519622
1787085504.672872
1787085504.821531
1787085504.966718
1787085505.118828
1787085505.270083
1787085505.419870
1787085505.568280
1787085505.722455
1787085505.871931
1787085506.025296
1787085506.172612
1787085506.319773
1787085506.470729
1787085506.626121
1787085506.775210
1787085506.923700
1787085507.071163
1787085507.222672
1787085507.376893
1787085507.530710
1787085507.684398
1787085507.840166
1787085507.988500
1787085508.135476
1787085508.290395
1787085508.445843
1787085508.600981
1787085508.750213
1787085508.898044
1787085509.051666
1787085509.200586
1787085509.357214
1787085509.512767
1787085509.669088
1787085509.822958
1787085509.981176
1787085510.137018
1787085510.286229
1787085510.436745
1787085510.593747
1787085510.740692
1787085510.890506
1787085511.048595
1787085511.199976
1787085511.360032
1787085511.520852
1787085511.673686
1787085511.826080
1787085511.985662
1787085512.144855
1787085512.303154
1787085512.465996
1787085512.629550
1787085512.791774
1787085512.958235
1787085513.119417
1787085513.282003
1787085513.444690
1787085513.604346
1787085513.767771
1787085513.922971
1787085514.084039
1787085514.249613
1787085514.410041
1787085514.573607
1787085514.736637
1787085514.900414
1787085515.062075
1787085515.219098
1787085515.379504
1787085515.543912
1787085515.701349
1787085515.859472
1787085516.021245
1787085516.184399
1787085516.353131
1787085516.510966
1787085516.667107
1787085516.830685
1787085516.993021
1787085517.150826
1787085517.315478
1787085517.478211
1787085517.639613
1787085517.802202
1787085517.964307
1787085518.128466
1787085518.290761
1787085518.452197
1787085518.619080
1787085518.782469
1787085518.942630
1787085519.107774
1787085519.270689
1787085519.431827
1787085519.595657
1787085519.764187
1787085519.930913
1787085520.094793
1787085520.262041
1787085520.428926
1787085520.597532
1787085520.758558
1787085520.923455
1787085521.090060
1787085521.256076
1787085521.422660
1787085521.585587
1787085521.750750
1787085521.921649
1787085522.082971
1787085522.248808
1787085522.409647
1787085522.574513
1787085522.741567
1787085522.908084
1787085523.075480
1787085523.236924
1787085523.403580
1787085523.570977
1787085523.737144
1787085523.911119
1787085524.077873
1787085524.242867
1787085524.409100
1787085524.575570
1787085524.737602
1787085524.905347
1787085525.074307
1787085525.239381
1787085525.407547
1787085525.574854
1787085525.743039
1787085525.909928
1787085526.075222
1787085526.236191
1787085526.404933
1787085526.567444
1787085526.735322
1787085526.904432
1787085527.070425
1787085527.237708
1787085527.404936
1787085527.572951
1787085527.739613
1787085527.905733
1787085528.071320
1787085528.232264
1787085528.401026
1787085528.568493
1787085528.730331
1787085528.896544
1787085529.063772
1787085529.229335
1787085529.396068
1787085529.563451
1787085529.730499
1787085529.892616
1787085530.054358
1787085530.222025
1787085530.393567
1787085530.560313
1787085530.727498
1787085530.889035
1787085531.053922
1787085531.219616
1787085531.385591
1787085531.545963
1787085531.705804
1787085531.872816
1787085532.040929
1787085532.203280
1787085532.371857
1787085532.539743
1787085532.706269
1787085532.873400
1787085533.040039
1787085533.205360
1787085533.371373
1787085533.537596
1787085533.704921
1787085533.872953
1787085534.029827
1787085534.196581
1787085534.362337
1787085534.524341
1787085534.691736
1787085534.857908
1787085535.022691
1787085535.189866
1787085535.356480
1787085535.523196
1787085535.692733
1787085535.854687
1787085536.022749
1787085536.190789
1787085536.359332
1787085536.524212
1787085536.692009
1787085536.863057
1787085537.030382
1787085537.194729
1787085537.358461
1787085537.526646
1787085537.691618
1787085537.862538
1787085538.030697
1787085538.192313
1787085538.360775
1787085538.522586
1787085538.691736
1787085538.853297
1787085539.020764
1787085539.188892
1787085539.352809
1787085539.520460
1787085539.689633
1787085539.858025
1787085540.026654
1787085540.192376
1787085540.363791
1787085540.538800
1787085540.710600
1787085540.884379
1787085541.056930
1787085541.228754
1787085541.399535
1787085541.568265
1787085541.740376
1787085541.908054
1787085542.075561
1787085542.235674
1787085542.404860
1787085542.577225
1787085542.747513
1787085542.920068
1787085543.092036
1787085543.261997
1787085543.434765
1787085543.598926
1787085543.770073
1787085543.945323
1787085544.106441
1787085544.276244
1787085544.447272
1787085544.620298
1787085544.787191
1787085544.955799
1787085545.123899
1787085545.292526
1787085545.462014
1787085545.634803
1787085545.802678
1787085545.968843
1787085546.138698
1787085546.307564
1787085546.477252
1787085546.641805
1787085546.811424
1787085546.975305
1787085547.145308
1787085547.314470
1787085547.484632
1787085547.647597
1787085547.811816
1787085547.979201
1787085548.148705
1787085548.310789
1787085548.480356
1787085548.648130
1787085548.816721
1787085548.985751
1787085549.152416
1787085549.322721
1787085549.486076
1787085549.653761
1787085549.827224
1787085549.994938
1787085550.159591
1787085550.328142
1787085550.494179
1787085550.663306
1787085550.832287
1787085550.996252
1787085551.162820
1787085551.331167
1787085551.499210
1787085551.661742
1787085551.827950
1787085551.995922
1787085552.171053
1787085552.330486
1787085552.493888
1787085552.656976
1787085552.822816
1787085552.989619
1787085553.152634
1787085553.319263
1787085553.482485
1787085553.644459
1787085553.806288
1787085553.974962
1787085554.135941
1787085554.298587
1787085554.467990
1787085554.629067
1787085554.796495
1787085554.963426
1787085555.133144
1787085555.302069
1787085555.471306
1787085555.639823
1787085555.806782
1787085555.967898
1787085556.134723
1787085556.298544
1787085556.465563
1787085556.629312
1787085556.796674
1787085556.965315
1787085557.132911
1787085557.303239
1787085557.471778
1787085557.641395
1787085557.806572
1787085557.975371
1787085558.144501
1787085558.310825
1787085558.477765
1787085558.639663
1787085558.809304
1787085558.977600
1787085559.145845
1787085559.315086
1787085559.485925
1787085559.655399
1787085559.824855
1787085559.995575
1787085560.166304
1787085560.333996
1787085560.501556
1787085560.664330
1787085560.832019
1787085560.999822
1787085561.161493
1787085561.324862
1787085561.487199
1787085561.653872
1787085561.821494
1787085561.990909
1787085562.153497
1787085562.319657
1787085562.487186
1787085562.651747
1787085562.820758
1787085562.991442
1787085563.153838
1787085563.321357
1787085563.486847
1787085563.653875
1787085563.821440
1787085563.989626
1787085564.149252
1787085564.316786
1787085564.482348
1787085564.646292
1787085564.813140
1787085564.983975
1787085565.151402
1787085565.319319
1787085565.481783
1787085565.648360
1787085565.810333
1787085565.979804
1787085566.147384
1787085566.314662
1787085566.487083
1787085566.649754
1787085566.815127
1787085566.985077
1787085567.151637
1787085567.314037
1787085567.480878
1787085567.654774
1787085567.820965
1787085567.986939
1787085568.148493
1787085568.313753
1787085568.483216
1787085568.646290
1787085568.815141
1787085568.982543
1787085569.150169
1787085569.315878
1787085569.481764
1787085569.647995
1787085569.814739
1787085569.981235
1787085570.146678
1787085570.307503
1787085570.478446
1787085570.647838
1787085570.815338
1787085570.984369
1787085571.150634
1787085571.320342
1787085571.488807
1787085571.653114
1787085571.821942
1787085571.989542
1787085572.157221
1787085572.322834
1787085572.489753
1787085572.652754
1787085572.819344
1787085572.987470
1787085573.154863
1787085573.324080
1787085573.492622
1787085573.660897
1787085573.827841
1787085573.994702
1787085574.157534
1787085574.325830
1787085574.495752
1787085574.666968
1787085574.835525
1787085575.005813
1787085575.175653
1787085575.344372
1787085575.512768
1787085575.680517
1787085575.843764
1787085576.014035
1787085576.184220
1787085576.347648
1787085576.520816
1787085576.685038
1787085576.854334
1787085577.019866
1787085577.181272
1787085577.347637
1787085577.516239
1787085577.683778
1787085577.855699
1787085578.025856
1787085578.188923
1787085578.355140
1787085578.521142
1787085578.689938
1787085578.859105
1787085579.021495
1787085579.182553
1787085579.351583
1787085579.519150
1787085579.681593
1787085579.852989
1787085580.017088
1787085580.186552
1787085580.356190
1787085580.526112
1787085580.696337
1787085580.863867
1787085581.032712
1787085581.200968
1787085581.369064
1787085581.536608
1787085581.705768
1787085581.873593
1787085582.043082
1787085582.210903
1787085582.377689
1787085582.545677
1787085582.714454
1787085582.882953
1787085583.049964
1787085583.211616
1787085583.379333
1787085583.539785
1787085583.709677
1787085583.870382
1787085584.037997
1787085584.209305
1787085584.376856
1787085584.545277
1787085584.713361
1787085584.881520
1787085585.050211
1787085585.212616
1787085585.373513
1787085585.541077
1787085585.704596
1787085585.872165
1787085586.038331
1787085586.206007
1787085586.374331
1787085586.541317
1787085586.706820
1787085586.867899
1787085587.034159
1787085587.201591
1787085587.372853
1787085587.535711
1787085587.702644
1787085587.874027
1787085588.044163
1787085588.212600
1787085588.381572
1787085588.553932
1787085588.714773
1787085588.882254
1787085589.051087
1787085589.215797
1787085589.386658
1787085589.557395
1787085589.721135
1787085589.890813
1787085590.056147
1787085590.221969
1787085590.385924
1787085590.554270
1787085590.724790
1787085590.893867
1787085591.060954
1787085591.232004
1787085591.400585
1787085591.571070
1787085591.733261
1787085591.901604
1787085592.065466
1787085592.232029
1787085592.399449
1787085592.565051
1787085592.733555
1787085592.904335
1787085593.066648
1787085593.234494
1787085593.404025
1787085593.575099
1787085593.744621
1787085593.912623
1787085594.084560
1787085594.257612
1787085594.426461
1787085594.596108
1787085594.764230
1787085594.931625
1787085595.102181
1787085595.272920
1787085595.433915
1787085595.602261
1787085595.768140
1787085595.936201
1787085596.104368
1787085596.265779
1787085596.430609
1787085596.597724
1787085596.764656
1787085596.931764
1787085597.099886
1787085597.270511
1787085597.431981
1787085597.598602
1787085597.760550
1787085597.929000
1787085598.097106
1787085598.260742
1787085598.430494
1787085598.597118
1787085598.763112
1787085598.930672
1787085599.098528
1787085599.259689
1787085599.426983
1787085599.590333
1787085599.753511
1787085599.916847
1787085600.082822
1787085600.254935
1787085600.417198
1787085600.585214
1787085600.752247
1787085600.919246
1787085601.083258
1787085601.251042
1787085601.417146
1787085601.584121
1787085601.750556
1787085601.915339
1787085602.081798
1787085602.245930
1787085602.412425
1787085602.581323
1787085602.745011
1787085602.908804
1787085603.074453
1787085603.236679
1787085603.401460
1787085603.566019
1787085603.729896
1787085603.897681
1787085604.057352
1787085604.222267
1787085604.378189
1787085604.542607
1787085604.707081
1787085604.871020
1787085605.036064
1787085605.196146
1787085605.354519
1787085605.520534
1787085605.687934
1787085605.854144
1787085606.020241
1787085606.191151
1787085606.355973
1787085606.515843
1787085606.681657
1787085606.848197
1787085607.011474
1787085607.170394
1787085607.334162
1787085607.504079
1787085607.660025
1787085607.826989
1787085607.985958
1787085608.148543
1787085608.319346
1787085608.481962
1787085608.648275
1787085608.812802
1787085608.980307
1787085609.145292
1787085609.309088
1787085609.471116
1787085609.638498
1787085609.803636
1787085609.965782
1787085610.128260
1787085610.294722
1787085610.462116
1787085610.632518
1787085610.791603
1787085610.957976
1787085611.126264
1787085611.288821
1787085611.454318
1787085611.622520
1787085611.782054
1787085611.949754
1787085612.116973
1787085612.289881
1787085612.451831
1787085612.615730
1787085612.781558
1787085612.948761
1787085613.115049
1787085613.281614
1787085613.449528
1787085613.616308
1787085613.784009
1787085613.951486
1787085614.122273
1787085614.290759
1787085614.456338
1787085614.625563
1787085614.794384
1787085614.963569
1787085615.134033
1787085615.304656
1787085615.471642
1787085615.645940
1787085615.816367
1787085615.989877
1787085616.157887
1787085616.322248
1787085616.490812
1787085616.659082
1787085616.820223
1787085616.985436
1787085617.150028
1787085617.319713
1787085617.485405
1787085617.645010
1787085617.812895
1787085617.981034
1787085618.150488
1787085618.315817
1787085618.480062
1787085618.648254
1787085618.815800
1787085618.982674
1787085619.150688
1787085619.311466
1787085619.479708
1787085619.646683
1787085619.808325
1787085619.974329
1787085620.140398
1787085620.310164
1787085620.474170
1787085620.639719
1787085620.808340
1787085620.975249
1787085621.142120
1787085621.307795
1787085621.473805
1787085621.642480
1787085621.810844
1787085621.979621
1787085622.149372
1787085622.316256
1787085622.484810
1787085622.651566
1787085622.821501
1787085622.990081
1787085623.160316
1787085623.326129
1787085623.495037
1787085623.663507
1787085623.832262
1787085624.000940
1787085624.164737
1787085624.345477
1787085624.513702
1787085624.683847
1787085624.853439
1787085625.020996
1787085625.190664
1787085625.358303
1787085625.526682
1787085625.695592
1787085625.865742
1787085626.035021
1787085626.205885
1787085626.375363
1787085626.543296
1787085626.713193
1787085626.885662
1787085627.051818
1787085627.224094
1787085627.395266
1787085627.565803
1787085627.736861
1787085627.910353
1787085628.076263
1787085628.247499
1787085628.416802
1787085628.585484
1787085628.755921
1787085628.925256
1787085629.094197
1787085629.264534
1787085629.433635
1787085629.605149
1787085629.773605
1787085629.940660
1787085630.111068
1787085630.280143
1787085630.449072
1787085630.617918
1787085630.786562
1787085630.956207
1787085631.125266
1787085631.293823
1787085631.463618
1787085631.633316
1787085631.801133
1787085631.970564
1787085632.144002
1787085632.306821
1787085632.468553
1787085632.636065
1787085632.805025
1787085632.973693
1787085633.143062
1787085633.313417
1787085633.482600
1787085633.652010
1787085633.822162
1787085633.991002
1787085634.156532
1787085634.329037
1787085634.489832
1787085634.660151
1787085634.829150
1787085634.998821
1787085635.167610
1787085635.339369
1787085635.507493
1787085635.676239
1787085635.846874
1787085636.014970
1787085636.176378
1787085636.345351
1787085636.515166
1787085636.677667
1787085636.846492
1787085637.014568
1787085637.184464
1787085637.352111
1787085637.521204
1787085637.689995
1787085637.851822
1787085638.022108
1787085638.189483
1787085638.351863
1787085638.519138
1787085638.686951
1787085638.856065
1787085639.024951
1787085639.196312
1787085639.365990
1787085639.534907
1787085639.704752
1787085639.867599
1787085640.030113
1787085640.199159
1787085640.362664
1787085640.531904
1787085640.703400
1787085640.866272
1787085641.037460
1787085641.201683
1787085641.371632
1787085641.538386
1787085641.706386
1787085641.876194
1787085642.042475
1787085642.212254
1787085642.376622
1787085642.551559
1787085642.725095
1787085642.890009
1787085643.061564
1787085643.225499
1787085643.397112
1787085643.570329
1787085643.742819
1787085643.919008
1787085644.090682
1787085644.266085
1787085644.438908
1787085644.612924
1787085644.779508
1787085644.942216
1787085645.114299
1787085645.287761
1787085645.461262
1787085645.630100
1787085645.795828
1787085645.966780
1787085646.137650
1787085646.309560
1787085646.483569
1787085646.648731
1787085646.820478
1787085646.992464
1787085647.158194
1787085647.325937
1787085647.496186
1787085647.667512
1787085647.839795
1787085648.010944
1787085648.179361
1787085648.349878
1787085648.519253
1787085648.691505
1787085648.862397
1787085649.032431
1787085649.201686
1787085649.366774
1787085649.536034
1787085649.706109
1787085649.877293
1787085650.044851
1787085650.215905
1787085650.380515
1787085650.550547
1787085650.715853
1787085650.880540
1787085651.057240
1787085651.232912
1787085651.407689
1787085651.586843
1787085651.750285
1787085651.924546
1787085652.097757
1787085652.269917
1787085652.438257
1787085652.615422
1787085652.784757
1787085652.947953
1787085653.116946
1787085653.286201
1787085653.454872
1787085653.628694
1787085653.807619
1787085653.977446
1787085654.150722
1787085654.327880
1787085654.506624
1787085654.681239
1787085654.853666
1787085655.028298
1787085655.200424
1787085655.375642
1787085655.549743
1787085655.724084
1787085655.893861
1787085656.062965
1787085656.240520
1787085656.419025
1787085656.596603
1787085656.766293
1787085656.934963
1787085657.103317
1787085657.272664
1787085657.444718
1787085657.616346
1787085657.787487
1787085657.959638
1787085658.122008
1787085658.289844
1787085658.462710
1787085658.633447
1787085658.799699
1787085658.971199
1787085659.142679
1787085659.314233
1787085659.483199
1787085659.655541
1787085659.825635
1787085659.992276
1787085660.165797
1787085660.332837
1787085660.504374
1787085660.675780
1787085660.845852
1787085661.010012
1787085661.182860
1787085661.346372
1787085661.515903
1787085661.684005
1787085661.848688
1787085662.019088
1787085662.188627
1787085662.356003
1787085662.527128
1787085662.697683
1787085662.868877
1787085663.039790
1787085663.207458
1787085663.377848
1787085663.549098
1787085663.718892
1787085663.888463
1787085664.060555
1787085664.232031
1787085664.405847
1787085664.573924
1787085664.742350
1787085664.913601
1787085665.084841
1787085665.253205
1787085665.424016
1787085665.596282
1787085665.757338
1787085665.932222
1787085666.101996
1787085666.270308
1787085666.432796
1787085666.600195
1787085666.768562
1787085666.937560
1787085667.104951
1787085667.273017
1787085667.435087
1787085667.602983
1787085667.769543
1787085667.931653
1787085668.098713
1787085668.262960
1787085668.430152
1787085668.594460
1787085668.762418
1787085668.931312
1787085669.098321
1787085669.264170
1787085669.433414
1787085669.600421
1787085669.763322
1787085669.931446
1787085670.095094
1787085670.264441
1787085670.433892
1787085670.602696
1787085670.769203
1787085670.938771
1787085671.108679
1787085671.275361
1787085671.444180
1787085671.610198
1787085671.778304
1787085671.946937
1787085672.114261
1787085672.294380
1787085672.460476
1787085672.622806
1787085672.779543
1787085672.950491
1787085673.114751
1787085673.283151
1787085673.452603
1787085673.622564
1787085673.784617
1787085673.954080
1787085674.129317
1787085674.297779
1787085674.465783
1787085674.633853
1787085674.803268
1787085674.970524
1787085675.132391
1787085675.299059
1787085675.462765
1787085675.630602
1787085675.796612
1787085675.964353
1787085676.131697
1787085676.299612
1787085676.460469
1787085676.626669
1787085676.793555
1787085676.960750
1787085677.128054
1787085677.290562
1787085677.456043
1787085677.619788
1787085677.785061
1787085677.946993
1787085678.113226
1787085678.281576
1787085678.450013
1787085678.617649
1787085678.786413
1787085678.952191
1787085679.119809
1787085679.285556
1787085679.451801
1787085679.617485
1787085679.778783
1787085679.946192
1787085680.108448
1787085680.273431
1787085680.440769
1787085680.607443
1787085680.768644
1787085680.937747
1787085681.106110
1787085681.272750
1787085681.443329
1787085681.611051
1787085681.778178
1787085681.945569
1787085682.110929
1787085682.276979
1787085682.442347
1787085682.607698
1787085682.773910
1787085682.943606
1787085683.109599
1787085683.278047
1787085683.444726
1787085683.612227
1787085683.775971
1787085683.940457
1787085684.107862
1787085684.276854
1787085684.437627
1787085684.605509
1787085684.763818
1787085684.930883
1787085685.092951
1787085685.258852
1787085685.427824
1787085685.594635
1787085685.762802
1787085685.930125
1787085686.096710
1787085686.265605
1787085686.433598
1787085686.602292
1787085686.769067
1787085686.934839
1787085687.103050
1787085687.264611
1787085687.430972
1787085687.596903
1787085687.759966
1787085687.924876
1787085688.091583
1787085688.257032
1787085688.423924
1787085688.590944
1787085688.757263
1787085688.925239
1787085689.091361
1787085689.261727
1787085689.429839
1787085689.595213
1787085689.762755
1787085689.935006
1787085690.095959
1787085690.257022
1787085690.421791
1787085690.587693
1787085690.755179
1787085690.922306
1787085691.089383
1787085691.254550
1787085691.417409
1787085691.583169
1787085691.749536
1787085691.914979
1787085692.082782
1787085692.252211
1787085692.415704
1787085692.582923
1787085692.752496
1787085692.923635
1787085693.089478
1787085693.249916
1787085693.418189
1787085693.585787
1787085693.751148
1787085693.919427
1787085694.087582
1787085694.255393
1787085694.420674
1787085694.584366
1787085694.741085
1787085694.904297
1787085695.064967
1787085695.229414
1787085695.393491
1787085695.560543
1787085695.726944
1787085695.894784
1787085696.064085
1787085696.222344
1787085696.385795
1787085696.545462
1787085696.708297
1787085696.870719
1787085697.034313
1787085697.197443
1787085697.355088
1787085697.517690
1787085697.681787
1787085697.847472
1787085698.012516
1787085698.176439
1787085698.338831
1787085698.511880
1787085698.672298
1787085698.835586
1787085698.998266
1787085699.162730
1787085699.328222
1787085699.489935
1787085699.653726
1787085699.817412
1787085699.981091
1787085700.145929
1787085700.310839
1787085700.476169
1787085700.639196
1787085700.803616
1787085700.968527
1787085701.135195
1787085701.301017
1787085701.465743
1787085701.631067
1787085701.795791
1787085701.961307
1787085702.130479
1787085702.289044
1787085702.456002
1787085702.623417
1787085702.788015
1787085702.952983
1787085703.120003
1787085703.285732
1787085703.451331
1787085703.614298
1787085703.778614
1787085703.945818
1787085704.114914
1787085704.283883
1787085704.452415
1787085704.625027
1787085704.785193
1787085704.954719
1787085705.121392
1787085705.283796
1787085705.451283
1787085705.615930
1787085705.782871
1787085705.954050
1787085706.125592
1787085706.288981
1787085706.450990
1787085706.622321
1787085706.784203
1787085706.962850
1787085707.124034
1787085707.292462
1787085707.462287
1787085707.630946
1787085707.798186
1787085707.967824
1787085708.137103
1787085708.299195
1787085708.462325
1787085708.632552
1787085708.794298
1787085708.962547
1787085709.133170
1787085709.300681
1787085709.468756
1787085709.631479
1787085709.799356
1787085709.966668
1787085710.135448
1787085710.297740
1787085710.467030
1787085710.635960
1787085710.804420
1787085710.972043
1787085711.142540
1787085711.311652
1787085711.478730
1787085711.648959
1787085711.817720
1787085711.984038
1787085712.152140
1787085712.313015
1787085712.479971
1787085712.647454
1787085712.814882
1787085712.983607
1787085713.151488
1787085713.317499
1787085713.480942
1787085713.648922
1787085713.812196
1787085713.980737
1787085714.150027
1787085714.312932
1787085714.480229
1787085714.643112
1787085714.806407
1787085714.972423
1787085715.139165
1787085715.306903
1787085715.476068
1787085715.640004
1787085715.808010
1787085715.975500
1787085716.142669
1787085716.306888
1787085716.474189
1787085716.643291
1787085716.803823
1787085716.968490
1787085717.129796
1787085717.296134
1787085717.456929
1787085717.619391
1787085717.786003
1787085717.947783
1787085718.114973
1787085718.282426
1787085718.450439
1787085718.616104
1787085718.783647
1787085718.951977
1787085719.119224
1787085719.288847
1787085719.450857
1787085719.619345
1787085719.786804
1787085719.948211
1787085720.114272
1787085720.281511
1787085720.447166
1787085720.615860
1787085720.784222
1787085720.951991
1787085721.120614
1787085721.290938
1787085721.453576
1787085721.622225
1787085721.785793
1787085721.953977
1787085722.121851
1787085722.292770
1787085722.454400
1787085722.622902
1787085722.789479
1787085722.957355
1787085723.125723
1787085723.292725
1787085723.459827
1787085723.630033
1787085723.791542
1787085723.962349
1787085724.124229
1787085724.293757
1787085724.448601
1787085724.616033
1787085724.784600
1787085724.953597
1787085725.114527
1787085725.281547
1787085725.448356
1787085725.614158
1787085725.784850
1787085725.956116
1787085726.125132
1787085726.298296
1787085726.468131
1787085726.636182
1787085726.802816
1787085726.972461
1787085727.139930
1787085727.301210
1787085727.470514
1787085727.637569
1787085727.805959
1787085727.974332
1787085728.135865
1787085728.307261
1787085728.477155
1787085728.644912
1787085728.811909
1787085728.981634
1787085729.143449
1787085729.312225
1787085729.481213
1787085729.649132
1787085729.817650
1787085729.987060
1787085730.154068
1787085730.321405
1787085730.485933
1787085730.654233
1787085730.823971
1787085730.993704
1787085731.160622
1787085731.329644
1787085731.499678
1787085731.670918
1787085731.841630
1787085732.009851
1787085732.184509
1787085732.340871
1787085732.508372
1787085732.679128
1787085732.842726
1787085733.006144
1787085733.175368
1787085733.338746
1787085733.506262
1787085733.673536
1787085733.842983
1787085734.011032
1787085734.181088
1787085734.353103
1787085734.522543
1787085734.686164
1787085734.863504
1787085735.026739
1787085735.189897
1787085735.361032
1787085735.524370
1787085735.693730
1787085735.863804
1787085736.033598
1787085736.204625
1787085736.374039
1787085736.545489
1787085736.717914
1787085736.881168
1787085737.051667
1787085737.220609
1787085737.391159
1787085737.560078
1787085737.730190
1787085737.902819
1787085738.074548
1787085738.243335
1787085738.417160
1787085738.585911
1787085738.754887
1787085738.924647
1787085739.095491
1787085739.265066
1787085739.435875
1787085739.608097
1787085739.776139
1787085739.950469
1787085740.121469
1787085740.289109
1787085740.459947
1787085740.631291
1787085740.803556
1787085740.973031
1787085741.147012
1787085741.321775
1787085741.497715
1787085741.677284
1787085741.850594
1787085742.018119
1787085742.189050
1787085742.357052
1787085742.526147
1787085742.696532
1787085742.867301
1787085743.031725
1787085743.203099
1787085743.375199
1787085743.545760
1787085743.718697
1787085743.891055
1787085744.061546
1787085744.235390
1787085744.401963
1787085744.572515
1787085744.738054
1787085744.917765
1787085745.086932
1787085745.260656
1787085745.425463
1787085745.594542
1787085745.767695
1787085745.939513
1787085746.111218
1787085746.285420
1787085746.462744
1787085746.635439
1787085746.807291
1787085746.979068
1787085747.150320
1787085747.323661
1787085747.494860
1787085747.664447
1787085747.838404
1787085748.010881
1787085748.183432
1787085748.348121
1787085748.521147
1787085748.691960
1787085748.862595
1787085749.035866
1787085749.208584
1787085749.380509
1787085749.552743
1787085749.726216
1787085749.898930
1787085750.072526
1787085750.238638
1787085750.407071
1787085750.574178
1787085750.745944
1787085750.920229
1787085751.092541
1787085751.258699
1787085751.432795
1787085751.606326
1787085751.779304
1787085751.947117
