1787084126.892577
1787084127.046237
1787084127.201013
1787084127.355150
1787084127.507723
1787084127.655643
1787084127.810889
1787084127.959804
1787084128.108328
1787084128.261760
1787084128.417472
1787084128.573506
1787084128.729509
1787084128.884597
1787084129.039375
1787084129.195768
1787084129.352002
1787084129.502558
1787084129.653615
1787084129.810749
1787084129.966435
1787084130.123551
1787084130.280971
1787084130.438962
1787084130.594197
1787084130.750907
1787084130.901059
1787084131.056174
1787084131.214647
1787084131.366962
1787084131.515730
1787084131.671230
1787084131.824491
1787084131.978800
1787084132.127448
1787084132.277142
1787084132.429920
1787084132.585704
1787084132.735065
1787084132.886310
1787084133.037633
1787084133.186758
1787084133.342266
1787084133.492951
1787084133.644706
1787084133.798590
1787084133.953629
1787084134.107632
1787084134.259776
1787084134.406264
1787084134.555919
1787084134.706671
1787084134.861450
1787084135.007304
1787084135.154096
1787084135.305031
1787084135.455863
1787084135.610770
1787084135.758458
1787084135.904590
1787084136.055605
1787084136.206548
1787084136.355671
1787084136.509179
1787084136.655375
1787084136.802441
1787084136.953924
1787084137.103462
1787084137.254754
1787084137.403659
1787084137.554532
1787084137.697839
1787084137.847112
1787084137.999635
1787084138.143889
1787084138.293846
1787084138.444355
1787084138.593771
1787084138.744770
1787084138.894393
1787084139.044246
1787084139.193310
1787084139.343109
1787084139.490927
1787084139.640170
1787084139.791311
1787084139.940285
1787084140.090049
1787084140.240794
1787084140.392099
1787084140.542897
1787084140.688655
1787084140.843640
1787084140.988681
1787084141.139250
1787084141.282975
1787084141.426904
1787084141.575564
1787084141.729189
1787084141.880150
1787084142.024788
1787084142.176417
1787084142.323907
1787084142.473173
1787084142.624018
1787084142.774689
1787084142.924862
1787084143.076528
1787084143.221083
1787084143.371797
1787084143.524266
1787084143.674437
1787084143.824293
1787084143.974936
1787084144.120815
1787084144.274049
1787084144.426166
1787084144.572269
1787084144.723969
1787084144.875897
1787084145.026043
1787084145.174938
1787084145.328383
1787084145.482453
1787084145.628939
1787084145.779995
1787084145.932293
1787084146.083640
1787084146.236749
1787084146.392531
1787084146.543148
1787084146.696156
1787084146.849418
1787084147.004855
1787084147.158785
1787084147.306767
1787084147.460203
1787084147.610518
1787084147.762698
1787084147.914445
1787084148.067847
1787084148.221035
1787084148.375315
1787084148.530317
1787084148.684460
1787084148.841457
1787084148.993926
1787084149.142020
1787084149.296174
1787084149.450447
1787084149.599693
1787084149.754709
1787084149.908638
1787084150.064756
1787084150.220350
1787084150.375673
1787084150.530958
1787084150.685944
1787084150.843446
1787084151.002342
1787084151.160634
1787084151.319141
1787084151.470400
1787084151.628266
1787084151.789244
1787084151.942300
1787084152.102590
1787084152.256028
1787084152.412430
1787084152.572187
1787084152.731184
1787084152.891772
1787084153.051327
1787084153.210781
1787084153.373024
1787084153.533363
1787084153.697754
1787084153.857761
1787084154.018435
1787084154.176242
1787084154.341289
1787084154.497723
1787084154.659769
1787084154.823337
1787084154.984053
1787084155.145061
1787084155.301383
1787084155.463459
1787084155.626355
1787084155.788956
1787084155.951345
1787084156.114344
1787084156.277282
1787084156.442374
1787084156.606748
1787084156.767586
1787084156.933727
1787084157.095455
1787084157.259787
1787084157.421335
1787084157.584464
1787084157.743620
1787084157.909039
1787084158.078999
1787084158.243773
1787084158.410268
1787084158.574330
1787084158.734490
1787084158.897996
1787084159.063344
1787084159.227589
1787084159.391675
1787084159.557484
1787084159.722215
1787084159.888318
1787084160.057073
1787084160.224399
1787084160.391751
1787084160.556066
1787084160.721583
1787084160.888198
1787084161.056291
1787084161.222252
1787084161.387706
1787084161.547803
1787084161.713093
1787084161.878514
1787084162.043758
1787084162.209373
1787084162.378149
1787084162.547868
1787084162.709297
1787084162.875806
1787084163.040609
1787084163.202174
1787084163.363141
1787084163.529759
1787084163.695554
1787084163.862097
1787084164.022617
1787084164.191605
1787084164.357229
1787084164.525841
1787084164.688691
1787084164.856047
1787084165.024400
1787084165.188135
1787084165.353887
1787084165.519393
1787084165.684579
1787084165.852980
1787084166.019207
1787084166.188290
1787084166.358225
1787084166.519719
1787084166.685926
1787084166.856703
1787084167.018699
1787084167.186418
1787084167.353528
1787084167.521025
1787084167.688771
1787084167.845753
1787084168.014740
1787084168.182075
1787084168.349344
1787084168.517722
1787084168.686565
1787084168.853089
1787084169.020961
1787084169.188199
1787084169.356066
1787084169.522659
1787084169.683286
1787084169.850401
1787084170.019310
1787084170.180862
1787084170.348625
1787084170.518108
1787084170.683559
1787084170.851398
1787084171.017711
1787084171.178535
1787084171.346267
1787084171.514722
1787084171.683347
1787084171.851669
1787084172.018532
1787084172.191397
1787084172.352476
1787084172.518875
1787084172.686150
1787084172.853928
1787084173.014724
1787084173.181340
1787084173.342864
1787084173.510255
1787084173.677393
1787084173.846867
1787084174.019912
1787084174.187895
1787084174.354148
1787084174.523489
1787084174.691271
1787084174.860230
1787084175.028712
1787084175.193945
1787084175.358765
1787084175.526615
1787084175.693131
1787084175.860144
1787084176.027317
1787084176.193635
1787084176.362194
1787084176.530572
1787084176.700847
1787084176.863282
1787084177.033155
1787084177.195566
1787084177.365235
1787084177.531211
1787084177.699678
1787084177.858748
1787084178.026333
1787084178.193588
1787084178.363403
1787084178.530927
1787084178.698641
1787084178.866516
1787084179.035369
1787084179.202692
1787084179.373266
1787084179.542600
1787084179.705308
1787084179.872836
1787084180.040928
1787084180.210712
1787084180.381121
1787084180.549915
1787084180.719094
1787084180.893217
1787084181.062128
1787084181.230192
1787084181.398116
1787084181.568568
1787084181.739019
1787084181.903028
1787084182.073413
1787084182.241418
1787084182.413748
1787084182.585094
1787084182.754745
1787084182.924916
1787084183.095671
1787084183.267873
1787084183.442157
1787084183.615040
1787084183.786900
1787084183.958294
1787084184.126679
1787084184.301288
1787084184.472461
1787084184.640625
1787084184.813293
1787084184.986375
1787084185.153404
1787084185.321386
1787084185.489805
1787084185.655345
1787084185.824295
1787084185.994398
1787084186.161656
1787084186.329550
1787084186.496432
1787084186.663068
1787084186.830427
1787084186.997747
1787084187.167507
1787084187.330503
1787084187.493355
1787084187.663391
1787084187.833857
1787084188.003982
1787084188.169956
1787084188.339060
1787084188.510147
1787084188.680978
1787084188.853046
1787084189.022939
1787084189.194929
1787084189.364761
1787084189.533792
1787084189.696379
1787084189.864204
1787084190.034234
1787084190.202933
1787084190.370741
1787084190.537735
1787084190.702221
1787084190.871237
1787084191.038783
1787084191.205500
1787084191.372202
1787084191.537935
1787084191.706343
1787084191.868892
1787084192.036691
1787084192.206475
1787084192.370778
1787084192.539480
1787084192.707687
1787084192.876050
1787084193.041845
1787084193.203543
1787084193.368371
1787084193.536353
1787084193.702355
1787084193.868976
1787084194.037312
1787084194.204668
1787084194.373293
1787084194.541983
1787084194.705328
1787084194.874178
1787084195.036247
1787084195.203219
1787084195.369173
1787084195.537873
1787084195.704986
1787084195.873287
1787084196.040879
1787084196.208949
1787084196.376395
1787084196.543613
1787084196.711221
1787084196.878133
1787084197.046365
1787084197.212813
1787084197.374286
1787084197.542292
1787084197.709983
1787084197.879761
1787084198.046671
1787084198.215422
1787084198.381074
1787084198.548890
1787084198.713264
1787084198.873876
1787084199.040615
1787084199.206700
1787084199.373994
1787084199.537612
1787084199.704146
1787084199.870783
1787084200.038991
1787084200.200209
1787084200.368445
1787084200.537898
1787084200.709913
1787084200.870427
1787084201.030937
1787084201.194407
1787084201.362796
1787084201.529398
1787084201.696586
1787084201.863570
1787084202.032589
1787084202.212929
1787084202.375522
1787084202.537527
1787084202.705599
1787084202.874925
1787084203.037050
1787084203.198829
1787084203.366596
1787084203.528154
1787084203.696877
1787084203.860694
1787084204.027388
1787084204.196830
1787084204.359417
1787084204.527015
1787084204.693298
1787084204.859757
1787084205.020806
1787084205.181589
1787084205.348691
1787084205.520177
1787084205.687245
1787084205.853422
1787084206.015329
1787084206.177640
1787084206.342701
1787084206.506314
1787084206.669017
1787084206.834784
1787084207.001165
1787084207.168356
1787084207.329956
1787084207.488961
1787084207.655796
1787084207.822479
1787084207.980766
1787084208.146988
1787084208.311618
1787084208.476952
1787084208.644983
1787084208.810359
1787084208.975921
1787084209.140496
1787084209.306098
1787084209.472553
1787084209.638217
1787084209.804195
1787084209.971235
1787084210.131307
1787084210.297956
1787084210.465168
1787084210.629723
1787084210.794653
1787084210.959848
1787084211.125419
1787084211.292264
1787084211.459113
1787084211.627085
1787084211.791269
1787084211.958010
1787084212.122727
1787084212.283960
1787084212.449962
1787084212.617100
1787084212.783932
1787084212.951441
1787084213.118117
1787084213.283705
1787084213.449780
1787084213.620895
1787084213.788342
1787084213.955731
1787084214.116515
1787084214.281388
1787084214.449566
1787084214.615459
1787084214.781707
1787084214.947113
1787084215.114411
1787084215.283916
1787084215.447641
1787084215.615539
1787084215.782654
1787084215.950490
1787084216.121008
1787084216.281583
1787084216.446223
1787084216.614603
1787084216.782713
1787084216.943327
1787084217.111410
1787084217.281353
1787084217.447884
1787084217.614190
1787084217.773195
1787084217.940326
1787084218.101158
1787084218.261800
1787084218.428756
1787084218.594239
1787084218.758943
1787084218.924445
1787084219.090491
1787084219.255424
1787084219.419575
1787084219.587316
1787084219.752559
1787084219.914204
1787084220.086920
1787084220.250213
1787084220.410523
1787084220.576734
1787084220.742974
1787084220.901784
1787084221.064685
1787084221.233340
1787084221.399341
1787084221.569099
1787084221.737057
1787084221.903352
1787084222.075273
1787084222.244450
1787084222.412867
1787084222.574336
1787084222.740932
1787084222.908055
1787084223.073304
1787084223.240133
1787084223.406954
1787084223.573547
1787084223.741823
1787084223.910885
1787084224.077259
1787084224.245330
1787084224.413168
1787084224.579434
1787084224.750325
1787084224.916103
1787084225.083188
1787084225.247667
1787084225.413979
1787084225.575357
1787084225.741908
1787084225.910324
1787084226.079270
1787084226.248236
1787084226.417605
1787084226.584291
1787084226.745657
1787084226.913395
1787084227.079732
1787084227.246420
1787084227.409828
1787084227.579171
1787084227.748645
1787084227.915741
1787084228.074477
1787084228.241624
1787084228.402514
1787084228.566324
1787084228.735894
1787084228.901565
1787084229.067588
1787084229.235663
1787084229.398231
1787084229.565039
1787084229.730306
1787084229.889589
1787084230.057195
1787084230.221991
1787084230.387345
1787084230.553750
1787084230.719753
1787084230.885754
1787084231.051025
1787084231.211241
1787084231.374666
1787084231.540291
1787084231.708412
1787084231.875780
1787084232.043159
1787084232.212631
1787084232.372072
1787084232.540326
1787084232.708805
1787084232.876833
1787084233.044911
1787084233.206722
1787084233.367996
1787084233.539278
1787084233.705999
1787084233.873817
1787084234.035701
1787084234.202641
1787084234.363583
1787084234.531627
1787084234.693952
1787084234.861194
1787084235.030302
1787084235.201144
1787084235.370577
1787084235.539494
1787084235.708843
1787084235.871105
1787084236.038625
1787084236.212383
1787084236.378847
1787084236.544829
1787084236.710950
1787084236.876152
1787084237.045419
1787084237.215736
1787084237.385476
1787084237.548434
1787084237.715456
1787084237.883662
1787084238.055947
1787084238.223810
1787084238.387153
1787084238.556445
1787084238.725182
1787084238.894417
1787084239.059179
1787084239.223541
1787084239.389566
1787084239.559311
1787084239.728459
1787084239.891792
1787084240.058383
1787084240.228228
1787084240.396588
1787084240.564942
1787084240.732077
1787084240.901269
1787084241.068166
1787084241.236602
1787084241.406233
1787084241.574700
1787084241.742967
1787084241.911293
1787084242.078541
1787084242.250089
1787084242.421871
1787084242.590666
1787084242.760544
1787084242.924576
1787084243.097077
1787084243.268005
1787084243.440442
1787084243.606461
1787084243.774516
1787084243.945615
1787084244.111710
1787084244.283745
1787084244.460038
1787084244.625319
1787084244.790207
1787084244.966343
1787084245.137683
1787084245.307741
1787084245.473205
1787084245.643011
1787084245.813361
1787084245.984581
1787084246.151568
1787084246.320831
1787084246.489730
1787084246.659311
1787084246.827009
1787084246.996050
1787084247.164696
1787084247.334896
1787084247.503892
1787084247.674281
1787084247.844558
1787084248.021399
1787084248.181818
1787084248.350176
1787084248.521280
1787084248.690713
1787084248.858953
1787084249.026030
1787084249.188809
1787084249.358459
1787084249.526396
1787084249.695077
1787084249.862942
1787084250.030738
1787084250.194626
1787084250.367031
1787084250.536113
1787084250.700867
1787084250.866660
1787084251.030516
1787084251.190984
1787084251.360439
1787084251.526160
1787084251.692191
1787084251.852995
1787084252.017692
1787084252.183541
1787084252.345511
1787084252.514513
1787084252.678608
1787084252.845095
1787084253.007706
1787084253.174677
1787084253.341394
1787084253.503874
1787084253.668103
1787084253.838571
1787084253.998386
1787084254.165604
1787084254.331666
1787084254.492513
1787084254.652647
1787084254.819696
1787084254.986853
1787084255.154222
1787084255.319879
1787084255.486362
1787084255.653915
1787084255.819081
1787084255.983146
1787084256.147060
1787084256.311703
1787084256.471809
1787084256.638297
1787084256.804366
1787084256.969828
1787084257.130163
1787084257.299207
1787084257.467159
1787084257.632351
1787084257.797985
1787084257.962576
1787084258.132337
1787084258.296652
1787084258.457723
1787084258.623494
1787084258.784692
1787084258.950883
1787084259.111383
1787084259.274344
1787084259.440766
1787084259.604961
1787084259.768759
1787084259.931623
1787084260.094869
1787084260.260575
1787084260.426566
1787084260.593024
1787084260.757411
1787084260.922987
1787084261.086717
1787084261.251635
1787084261.417177
1787084261.584670
1787084261.750037
1787084261.914136
1787084262.078665
1787084262.242131
1787084262.406378
1787084262.572226
1787084262.731221
1787084262.895931
1787084263.057653
1787084263.223348
1787084263.387908
1787084263.553311
1787084263.719193
1787084263.884884
1787084264.049403
1787084264.216791
1787084264.383369
1787084264.550142
1787084264.715535
1787084264.881403
1787084265.046867
1787084265.214493
1787084265.381274
1787084265.548460
1787084265.715177
1787084265.881515
1787084266.048454
1787084266.215188
1787084266.376972
1787084266.544379
1787084266.710371
1787084266.875697
1787084267.043772
1787084267.211738
1787084267.380292
1787084267.546472
1787084267.712858
1787084267.877713
1787084268.043882
1787084268.217211
1787084268.388982
1787084268.554929
1787084268.723018
1787084268.890846
1787084269.059190
1787084269.227638
1787084269.396199
1787084269.562249
1787084269.730252
1787084269.903625
1787084270.074786
1787084270.243625
1787084270.413595
1787084270.585566
1787084270.758658
1787084270.929509
1787084271.094469
1787084271.266247
1787084271.439680
1787084271.613132
1787084271.785029
1787084271.956639
1787084272.128411
1787084272.302857
1787084272.474895
1787084272.647658
1787084272.821118
1787084272.987321
1787084273.160891
1787084273.336352
1787084273.501681
1787084273.673713
1787084273.845421
1787084274.015659
1787084274.193750
1787084274.366213
1787084274.542230
1787084274.715155
1787084274.887256
1787084275.054569
1787084275.226493
1787084275.394501
1787084275.566004
1787084275.742177
1787084275.908811
1787084276.083070
1787084276.255683
1787084276.428224
1787084276.599464
1787084276.771574
1787084276.943164
1787084277.118997
1787084277.284796
1787084277.457836
1787084277.631102
1787084277.806504
1787084277.980346
1787084278.153853
1787084278.317673
1787084278.488000
1787084278.661675
1787084278.838018
1787084279.013977
1787084279.179225
1787084279.350819
1787084279.521801
1787084279.692123
1787084279.861997
1787084280.026883
1787084280.191965
1787084280.358396
1787084280.527735
1787084280.692744
1787084280.863377
1787084281.034135
1787084281.205296
1787084281.375597
1787084281.539773
1787084281.709409
1787084281.880378
1787084282.045762
1787084282.216920
1787084282.380475
1787084282.550447
1787084282.720784
1787084282.890906
1787084283.061013
1787084283.232045
1787084283.399192
1787084283.569165
1787084283.739880
1787084283.905470
1787084284.077407
1787084284.242455
1787084284.414282
1787084284.586933
1787084284.759109
1787084284.924115
1787084285.095117
1787084285.266201
1787084285.435975
1787084285.608620
1787084285.778430
1787084285.942763
1787084286.113631
1787084286.278457
1787084286.444895
1787084286.614588
1787084286.786479
1787084286.956428
1787084287.122717
1787084287.294534
1787084287.464838
1787084287.636594
1787084287.804337
1787084287.976471
1787084288.148557
1787084288.326423
1787084288.500528
1787084288.672494
1787084288.843295
1787084289.014162
1787084289.184877
1787084289.353406
1787084289.524448
1787084289.696598
1787084289.866497
1787084290.035725
1787084290.199123
1787084290.365320
1787084290.531875
1787084290.699359
1787084290.868280
1787084291.037796
1787084291.201901
1787084291.369706
1787084291.537950
1787084291.704589
1787084291.871116
1787084292.039455
1787084292.210677
1787084292.370000
1787084292.538001
1787084292.703737
1787084292.873095
1787084293.041467
1787084293.203508
1787084293.372887
1787084293.542163
1787084293.709331
1787084293.880634
1787084294.047424
1787084294.216073
1787084294.382303
1787084294.552420
1787084294.721002
1787084294.889950
1787084295.059684
1787084295.228746
1787084295.401740
1787084295.570902
1787084295.737919
1787084295.908005
1787084296.080220
1787084296.242586
1787084296.412720
1787084296.580622
1787084296.744482
1787084296.912883
1787084297.079803
1787084297.243307
1787084297.414360
1787084297.577892
1787084297.744965
1787084297.906621
1787084298.072970
1787084298.237102
1787084298.395951
1787084298.561535
1787084298.728872
1787084298.895885
1787084299.056437
1787084299.224138
1787084299.385282
1787084299.559927
1787084299.730833
1787084299.891298
1787084300.055711
1787084300.222556
1787084300.389021
1787084300.562108
1787084300.722203
1787084300.887190
1787084301.054376
1787084301.214474
1787084301.377925
1787084301.544240
1787084301.710405
1787084301.876059
1787084302.042802
1787084302.201145
1787084302.362176
1787084302.529780
1787084302.698186
1787084302.862473
1787084303.025016
1787084303.188866
1787084303.354562
1787084303.516357
1787084303.686575
1787084303.854199
1787084304.015632
1787084304.183177
1787084304.351030
1787084304.516326
1787084304.685446
1787084304.847819
1787084305.017156
1787084305.180731
1787084305.347500
1787084305.514725
1787084305.677430
1787084305.842041
1787084306.002614
1787084306.170134
1787084306.338918
1787084306.505290
1787084306.676062
1787084306.844510
1787084307.012496
1787084307.181538
1787084307.351449
1787084307.514863
1787084307.681554
1787084307.846309
1787084308.012377
1787084308.171955
1787084308.343572
1787084308.504611
1787084308.673376
1787084308.838852
1787084309.006639
1787084309.175263
1787084309.343241
1787084309.511945
1787084309.679311
1787084309.847508
1787084310.015188
1787084310.179235
1787084310.349538
1787084310.512423
1787084310.684017
1787084310.846152
1787084311.012530
1787084311.178509
1787084311.344684
1787084311.511801
1787084311.679572
1787084311.843969
1787084312.013152
1787084312.180113
1787084312.346566
1787084312.514554
1787084312.679432
1787084312.847542
1787084313.012249
1787084313.178246
1787084313.343252
1787084313.502999
1787084313.671776
1787084313.837155
1787084314.002355
1787084314.170857
1787084314.328826
1787084314.498581
1787084314.662121
1787084314.826128
1787084314.991710
1787084315.150728
1787084315.312625
1787084315.476078
1787084315.634341
1787084315.797407
1787084315.963035
1787084316.126662
1787084316.293269
1787084316.450430
1787084316.613348
1787084316.776930
1787084316.940629
1787084317.098364
1787084317.260467
1787084317.423779
1787084317.589206
1787084317.748175
1787084317.910484
1787084318.074723
1787084318.238125
1787084318.406662
1787084318.571401
1787084318.739277
1787084318.906759
1787084319.070405
1787084319.228800
1787084319.387581
1787084319.551124
1787084319.714940
1787084319.877942
1787084320.043613
1787084320.201813
1787084320.366401
1787084320.534047
1787084320.698643
1787084320.863093
1787084321.028265
1787084321.192855
1787084321.358673
1787084321.523457
1787084321.689771
1787084321.855337
1787084322.022784
1787084322.188698
1787084322.357362
1787084322.519601
1787084322.688654
1787084322.856607
1787084323.024636
1787084323.192003
1787084323.357332
1787084323.519355
1787084323.687517
1787084323.856093
1787084324.020068
1787084324.189636
1787084324.352110
1787084324.518281
1787084324.683287
1787084324.850375
1787084325.017645
1787084325.178010
1787084325.345604
1787084325.513336
1787084325.680183
1787084325.847498
1787084326.014772
1787084326.180502
1787084326.346775
1787084326.511580
1787084326.670773
1787084326.837767
1787084327.005466
1787084327.166833
1787084327.333950
1787084327.499927
1787084327.665925
1787084327.831129
1787084327.996766
1787084328.161663
1787084328.329004
1787084328.495282
1787084328.661919
1787084328.828080
1787084328.995934
1787084329.166426
1787084329.328207
1787084329.496418
1787084329.665416
1787084329.832521
1787084330.001019
1787084330.167771
1787084330.335033
1787084330.503018
1787084330.670567
1787084330.837734
1787084331.006352
1787084331.174083
1787084331.340281
1787084331.507689
1787084331.675657
1787084331.837470
1787084332.004638
1787084332.167119
1787084332.328783
1787084332.496385
1787084332.661885
1787084332.821185
1787084332.987768
1787084333.156143
1787084333.324372
1787084333.492449
1787084333.660377
1787084333.827666
1787084333.996076
1787084334.162632
1787084334.332295
1787084334.499822
1787084334.666734
1787084334.834021
1787084335.002039
1787084335.169626
1787084335.337295
1787084335.506406
1787084335.674209
1787084335.841433
1787084336.010092
1787084336.179474
1787084336.348664
1787084336.515088
1787084336.681391
1787084336.846372
1787084337.014594
1787084337.178808
1787084337.348148
1787084337.512532
1787084337.680708
1787084337.851238
1787084338.021721
1787084338.191609
1787084338.359870
1787084338.533701
1787084338.704966
1787084338.875840
1787084339.045919
1787084339.216125
1787084339.385126
1787084339.555352
1787084339.726998
1787084339.896040
1787084340.069592
1787084340.235913
1787084340.400805
1787084340.571000
1787084340.740290
1787084340.913393
1787084341.083862
1787084341.257215
1787084341.422082
1787084341.592873
1787084341.762630
1787084341.930506
1787084342.102159
1787084342.272118
1787084342.441770
1787084342.612541
1787084342.783323
1787084342.953000
1787084343.123857
1787084343.291038
1787084343.462040
1787084343.633808
1787084343.805140
1787084343.977783
1787084344.142160
1787084344.314769
1787084344.484178
1787084344.655147
1787084344.825407
1787084344.997498
1787084345.164346
1787084345.344629
1787084345.518037
1787084345.693589
1787084345.872660
1787084346.049359
1787084346.228045
1787084346.405510
1787084346.585277
1787084346.764322
1787084346.944048
1787084347.123373
1787084347.302300
1787084347.480310
1787084347.660614
1787084347.840196
1787084348.019193
1787084348.198825
1787084348.377306
1787084348.556788
1787084348.725030
1787084348.900652
1787084349.078564
1787084349.257021
1787084349.443286
1787084349.623241
1787084349.806700
1787084349.986583
1787084350.162972
1787084350.337721
1787084350.520562
1787084350.698062
1787084350.875254
1787084351.055649
1787084351.228646
1787084351.406853
1787084351.584689
1787084351.759979
1787084351.938335
1787084352.117958
1787084352.292932
1787084352.468926
1787084352.647751
1787084352.826730
1787084353.004934
1787084353.183540
1787084353.361353
1787084353.540256
1787084353.712772
1787084353.898250
1787084354.083780
1787084354.271617
1787084354.460473
1787084354.638737
1787084354.824670
1787084355.003182
1787084355.196584
1787084355.383750
1787084355.576085
1787084355.756267
1787084355.939396
1787084356.122895
1787084356.306573
1787084356.496993
1787084356.678487
1787084356.864354
1787084357.050197
1787084357.229462
1787084357.418964
1787084357.604629
1787084357.788813
1787084357.975951
1787084358.161602
1787084358.348849
1787084358.537657
1787084358.711222
1787084358.892637
1787084359.073145
1787084359.254755
1787084359.435756
1787084359.617420
1787084359.795262
1787084359.983615
1787084360.165198
1787084360.349204
1787084360.532718
1787084360.715476
1787084360.898769
1787084361.082088
1787084361.264345
1787084361.444937
1787084361.625232
1787084361.808115
1787084361.989944
1787084362.169984
1787084362.349862
1787084362.527293
1787084362.709109
1787084362.890531
1787084363.067496
1787084363.250566
1787084363.430082
1787084363.612601
1787084363.798955
1787084363.974671
1787084364.156008
1787084364.331798
1787084364.505911
1787084364.686995
1787084364.867545
1787084365.042141
1787084365.223856
1787084365.399515
1787084365.580272
1787084365.760970
1787084365.941660
1787084366.120872
1787084366.299118
1787084366.479927
1787084366.659781
1787084366.838960
1787084367.020843
1787084367.192461
1787084367.366176
1787084367.546654
1787084367.718629
1787084367.895606
1787084368.070474
1787084368.255251
1787084368.436095
1787084368.617718
1787084368.786657
1787084368.965193
1787084369.138095
1787084369.318020
1787084369.497196
1787084369.670129
1787084369.848128
1787084370.019768
1787084370.197864
1787084370.370748
1787084370.547490
1787084370.724245
1787084370.900463
1787084371.075087
1787084371.249650
1787084371.427826
1787084371.605665
1787084371.790911
1787084371.967431
1787084372.148065
1787084372.331925
1787084372.509910
1787084372.686475
1787084372.862685
1787084373.037721
1787084373.213990
1787084373.390743
1787084373.567194
1787084373.742753
1787084373.918244
1787084374.094831
1787084374.269074
1787084374.445682
1787084374.622679
1787084374.795436
1787084374.972148
1787084375.147612
1787084375.322914
1787084375.501412
1787084375.683424
1787084375.861469
1787084376.035542
1787084376.209473
1787084376.382612
1787084376.560301
1787084376.735898
1787084376.908407
1787084377.082314
1787084377.252510
1787084377.425857
1787084377.600937
1787084377.774699
1787084377.949511
1787084378.122849
1787084378.289348
1787084378.463013
1787084378.633631
1787084378.795995
1787084378.966918
1787084379.136967
1787084379.303949
1787084379.476922
1787084379.646673
1787084379.823143
1787084379.995226
1787084380.171382
1787084380.336528
1787084380.502319
1787084380.675076
1787084380.844853
1787084381.016857
1787084381.189503
1787084381.362147
1787084381.528067
1787084381.699009
1787084381.870875
1787084382.035880
1787084382.205655
1787084382.375618
1787084382.540089
1787084382.710758
1787084382.882546
1787084383.053602
1787084383.223907
1787084383.397710
1787084383.573513
1787084383.744700
1787084383.915473
1787084384.084873
1787084384.256472
1787084384.427227
1787084384.591819
1787084384.761964
1787084384.931834
1787084385.102396
1787084385.273048
1787084385.444917
1787084385.612747
1787084385.782615
1787084385.952132
1787084386.123610
1787084386.294407
1787084386.470770
1787084386.635243
1787084386.805756
1787084386.976809
1787084387.146611
1787084387.312054
1787084387.481739
1787084387.652927
1787084387.822850
1787084387.992997
1787084388.161925
1787084388.332641
1787084388.501134
1787084388.666616
1787084388.829596
1787084389.001681
1787084389.170196
1787084389.342917
1787084389.511992
1787084389.689975
1787084389.862124
1787084390.031679
1787084390.203896
1787084390.375960
1787084390.548979
1787084390.718043
1787084390.888444
1787084391.058553
1787084391.221716
1787084391.391850
1787084391.559110
1787084391.723508
1787084391.904196
1787084392.068559
1787084392.238991
1787084392.409759
1787084392.572203
1787084392.743018
1787084392.915709
1787084393.083406
1787084393.255909
1787084393.425711
1787084393.594895
1787084393.759622
1787084393.928128
