1787071406.993591
1787071407.148175
1787071407.295077
1787071407.440996
1787071407.582775
1787071407.731003
1787071407.878333
1787071408.026877
1787071408.175535
1787071408.333212
1787071408.475961
1787071408.628043
1787071408.778589
1787071408.938551
1787071409.090519
1787071409.249931
1787071409.401178
1787071409.552402
1787071409.703701
1787071409.853734
1787071410.004445
1787071410.153947
1787071410.303395
1787071410.453753
1787071410.605622
1787071410.758013
1787071410.921813
1787071411.084546
1787071411.239960
1787071411.388894
1787071411.535453
1787071411.683386
1787071411.831132
1787071411.978334
1787071412.127868
1787071412.276156
1787071412.424127
1787071412.580869
1787071412.736590
1787071412.887777
1787071413.043805
1787071413.200207
1787071413.351637
1787071413.500746
1787071413.650551
1787071413.801548
1787071413.951936
1787071414.108244
1787071414.265131
1787071414.419715
1787071414.570166
1787071414.721780
1787071414.878230
1787071415.034294
1787071415.191226
1787071415.347477
1787071415.496139
1787071415.651762
1787071415.802309
1787071415.949592
1787071416.098131
1787071416.244791
1787071416.391798
1787071416.539945
1787071416.694920
1787071416.847908
1787071416.992989
1787071417.143503
1787071417.297853
1787071417.444904
1787071417.591558
1787071417.742716
1787071417.893636
1787071418.044783
1787071418.198556
1787071418.349621
1787071418.495074
1787071418.641440
1787071418.793827
1787071418.940606
1787071419.090211
1787071419.240728
1787071419.392891
1787071419.537459
1787071419.687821
1787071419.839016
1787071419.989982
1787071420.139721
1787071420.290800
1787071420.442899
1787071420.593620
1787071420.742355
1787071420.892533
1787071421.041705
1787071421.192808
1787071421.342724
1787071421.494683
1787071421.643947
1787071421.793302
1787071421.940345
1787071422.090099
1787071422.241252
1787071422.387040
1787071422.537615
1787071422.687548
1787071422.840376
1787071422.992886
1787071423.141401
1787071423.292323
1787071423.437970
1787071423.588495
1787071423.742612
1787071423.892694
1787071424.040010
1787071424.192993
1787071424.344856
1787071424.498907
1787071424.646036
1787071424.793743
1787071424.947907
1787071425.092934
1787071425.243822
1787071425.390214
1787071425.542163
1787071425.695754
1787071425.843580
1787071425.998661
1787071426.147829
1787071426.301807
1787071426.455519
1787071426.605113
1787071426.753575
1787071426.900743
1787071427.052733
1787071427.200405
1787071427.347519
1787071427.496997
1787071427.646366
1787071427.801582
1787071427.949262
1787071428.106688
1787071428.263864
1787071428.413688
1787071428.561991
1787071428.713820
1787071428.864719
1787071429.012182
1787071429.163493
1787071429.314018
1787071429.469105
1787071429.627175
1787071429.785876
1787071429.937733
1787071430.088604
1787071430.241203
1787071430.395800
1787071430.550616
1787071430.704499
1787071430.859909
1787071431.020837
1787071431.181137
1787071431.337590
1787071431.494905
1787071431.646083
1787071431.799086
1787071431.953197
1787071432.108219
1787071432.263084
1787071432.424038
1787071432.580226
1787071432.740465
1787071432.901928
1787071433.061633
1787071433.221308
1787071433.383099
1787071433.544454
1787071433.700541
1787071433.860581
1787071434.025022
1787071434.181285
1787071434.348210
1787071434.513406
1787071434.671011
1787071434.828416
1787071434.985112
1787071435.142417
1787071435.304660
1787071435.467188
1787071435.633523
1787071435.798948
1787071435.962550
1787071436.132013
1787071436.294135
1787071436.458053
1787071436.626972
1787071436.786200
1787071436.944969
1787071437.109470
1787071437.275342
1787071437.443501
1787071437.603183
1787071437.763028
1787071437.929042
1787071438.095934
1787071438.263292
1787071438.428478
1787071438.596876
1787071438.761483
1787071438.921692
1787071439.081910
1787071439.244835
1787071439.411051
1787071439.576092
1787071439.741497
1787071439.904937
1787071440.068553
1787071440.238319
1787071440.407647
1787071440.579846
1787071440.743843
1787071440.912431
1787071441.075192
1787071441.237548
1787071441.404752
1787071441.573560
1787071441.741704
1787071441.913868
1787071442.075372
1787071442.242697
1787071442.403947
1787071442.572840
1787071442.737144
1787071442.907123
1787071443.069401
1787071443.233943
1787071443.396865
1787071443.558871
1787071443.727115
1787071443.890848
1787071444.061840
1787071444.233676
1787071444.401174
1787071444.570865
1787071444.743181
1787071444.907581
1787071445.076200
1787071445.244635
1787071445.408813
1787071445.576512
1787071445.738797
1787071445.907037
1787071446.070113
1787071446.243255
1787071446.414407
1787071446.578111
1787071446.747025
1787071446.909444
1787071447.077070
1787071447.243541
1787071447.415001
1787071447.584482
1787071447.751997
1787071447.921476
1787071448.085029
1787071448.253513
1787071448.422682
1787071448.586752
1787071448.758732
1787071448.922704
1787071449.094801
1787071449.259963
1787071449.431945
1787071449.601511
1787071449.771177
1787071449.943197
1787071450.112666
1787071450.281002
1787071450.444161
1787071450.609177
1787071450.777586
1787071450.940712
1787071451.108740
1787071451.277911
1787071451.449228
1787071451.615346
1787071451.776377
1787071451.949980
1787071452.112402
1787071452.284207
1787071452.449708
1787071452.614368
1787071452.783830
1787071452.953524
1787071453.115569
1787071453.287625
1787071453.452677
1787071453.620422
1787071453.790405
1787071453.960242
1787071454.130946
1787071454.295076
1787071454.462143
1787071454.624230
1787071454.792892
1787071454.955376
1787071455.122304
1787071455.287832
1787071455.457962
1787071455.629224
1787071455.795274
1787071455.965636
1787071456.136425
1787071456.301133
1787071456.471281
1787071456.640087
1787071456.807978
1787071456.969474
1787071457.140284
1787071457.303611
1787071457.471972
1787071457.641825
1787071457.810912
1787071457.983233
1787071458.151665
1787071458.314065
1787071458.486475
1787071458.650708
1787071458.821041
1787071458.989656
1787071459.160942
1787071459.333362
1787071459.496206
1787071459.665153
1787071459.837578
1787071460.000053
1787071460.168341
1787071460.331290
1787071460.500416
1787071460.668082
1787071460.831131
1787071460.999115
1787071461.169057
1787071461.338442
1787071461.510321
1787071461.673098
1787071461.841124
1787071462.002635
1787071462.170565
1787071462.342420
1787071462.510791
1787071462.675431
1787071462.843654
1787071463.012982
1787071463.182251
1787071463.351363
1787071463.520919
1787071463.689983
1787071463.859187
1787071464.028541
1787071464.198086
1787071464.368818
1787071464.540403
1787071464.710578
1787071464.874195
1787071465.044903
1787071465.209277
1787071465.372282
1787071465.535753
1787071465.704114
1787071465.876412
1787071466.043309
1787071466.214428
1787071466.384724
1787071466.549144
1787071466.714802
1787071466.879184
1787071467.040451
1787071467.210498
1787071467.375609
1787071467.543880
1787071467.713996
1787071467.878138
1787071468.048015
1787071468.216792
1787071468.379608
1787071468.543622
1787071468.710727
1787071468.873784
1787071469.041827
1787071469.209647
1787071469.381922
1787071469.550781
1787071469.716162
1787071469.880603
1787071470.044136
1787071470.212202
1787071470.382618
1787071470.556350
1787071470.728038
1787071470.894511
1787071471.066151
1787071471.238096
1787071471.405833
1787071471.577725
1787071471.743290
1787071471.911626
1787071472.083704
1787071472.254939
1787071472.426075
1787071472.591573
1787071472.764677
1787071472.930761
1787071473.100287
1787071473.271163
1787071473.438313
1787071473.601899
1787071473.771628
1787071473.942662
1787071474.113601
1787071474.283839
1787071474.448807
1787071474.619657
1787071474.785280
1787071474.953614
1787071475.119830
1787071475.293783
1787071475.466179
1787071475.637410
1787071475.810371
1787071475.982773
1787071476.154641
1787071476.328013
1787071476.499186
1787071476.671370
1787071476.837615
1787071477.004766
1787071477.176744
1787071477.351348
1787071477.519751
1787071477.691044
1787071477.861767
1787071478.028521
1787071478.201849
1787071478.368189
1787071478.541996
1787071478.714459
1787071478.882927
1787071479.054041
1787071479.221823
1787071479.390508
1787071479.556960
1787071479.727860
1787071479.898049
1787071480.068834
1787071480.235132
1787071480.401591
1787071480.577026
1787071480.750245
1787071480.922960
1787071481.090287
1787071481.261568
1787071481.432783
1787071481.603586
1787071481.772310
1787071481.946310
1787071482.113892
1787071482.286455
1787071482.457600
1787071482.625887
1787071482.803080
1787071482.978693
1787071483.148143
1787071483.321927
1787071483.492084
1787071483.668685
1787071483.845512
1787071484.021241
1787071484.191242
1787071484.361568
1787071484.535920
1787071484.713354
1787071484.888937
1787071485.058008
1787071485.232594
1787071485.407098
1787071485.582185
1787071485.755117
1787071485.928624
1787071486.107710
1787071486.276945
1787071486.454176
1787071486.628072
1787071486.798463
1787071486.973408
1787071487.147781
1787071487.318537
1787071487.487893
1787071487.665391
1787071487.840490
1787071488.006969
1787071488.179695
1787071488.356158
1787071488.533405
1787071488.710093
1787071488.887004
1787071489.056952
1787071489.229778
1787071489.403278
1787071489.576361
1787071489.750979
1787071489.923295
1787071490.095186
1787071490.267126
1787071490.443626
1787071490.611082
1787071490.779772
1787071490.953931
1787071491.128829
1787071491.296018
1787071491.462544
1787071491.631227
1787071491.802711
1787071491.976253
1787071492.148562
1787071492.314149
1787071492.487501
1787071492.660638
1787071492.826945
1787071492.992795
1787071493.161365
1787071493.326395
1787071493.498528
1787071493.661647
1787071493.834195
1787071494.005716
1787071494.169117
1787071494.337774
1787071494.510729
1787071494.673879
1787071494.841436
1787071495.005700
1787071495.176543
1787071495.338731
1787071495.507119
1787071495.671602
1787071495.841309
1787071496.009626
1787071496.177585
1787071496.341393
1787071496.511777
1787071496.680427
1787071496.843146
1787071497.006861
1787071497.174594
1787071497.340308
1787071497.506797
1787071497.670491
1787071497.839410
1787071498.002378
1787071498.167603
1787071498.334309
1787071498.501790
1787071498.668058
1787071498.837937
1787071498.999460
1787071499.160424
1787071499.323127
1787071499.491234
1787071499.653731
1787071499.818929
1787071499.986658
1787071500.156982
1787071500.324765
1787071500.495308
1787071500.663841
1787071500.826992
1787071500.997137
1787071501.164331
1787071501.335563
1787071501.506478
1787071501.673076
1787071501.836911
1787071502.002493
1787071502.172168
1787071502.346773
1787071502.517376
1787071502.693325
1787071502.867439
1787071503.044060
1787071503.215067
1787071503.383622
1787071503.557243
1787071503.733539
1787071503.906294
1787071504.077584
1787071504.251235
1787071504.419539
1787071504.589132
1787071504.755622
1787071504.922567
1787071505.090626
1787071505.262991
1787071505.433538
1787071505.601420
1787071505.772496
1787071505.944423
1787071506.111869
1787071506.279651
1787071506.449344
1787071506.615172
1787071506.788006
1787071506.957758
1787071507.123251
1787071507.295116
1787071507.461874
1787071507.631162
1787071507.802724
1787071507.975419
1787071508.137514
1787071508.310737
1787071508.479733
1787071508.655759
1787071508.831490
1787071509.006226
1787071509.179652
1787071509.348224
1787071509.518108
1787071509.692331
1787071509.872894
1787071510.055250
1787071510.231393
1787071510.407749
1787071510.588408
1787071510.769951
1787071510.949255
1787071511.128150
1787071511.307048
1787071511.487572
1787071511.668543
1787071511.840524
1787071512.020005
1787071512.189229
1787071512.361464
1787071512.529569
1787071512.707659
1787071512.884377
1787071513.058511
1787071513.230027
1787071513.405435
1787071513.581006
1787071513.757867
1787071513.934398
1787071514.105667
1787071514.280903
1787071514.454425
1787071514.628639
1787071514.802226
1787071514.974207
1787071515.140250
1787071515.316961
1787071515.495058
1787071515.667301
1787071515.834482
1787071516.007846
1787071516.178795
1787071516.345113
1787071516.512828
1787071516.684298
1787071516.851749
1787071517.024338
1787071517.196923
1787071517.364943
1787071517.531135
1787071517.703252
1787071517.878862
1787071518.050306
1787071518.226026
1787071518.401430
1787071518.575078
1787071518.743148
1787071518.916871
1787071519.091697
1787071519.262977
1787071519.433907
1787071519.611091
1787071519.788522
1787071519.962515
1787071520.134536
1787071520.304848
1787071520.481349
1787071520.657580
1787071520.830679
1787071521.004792
1787071521.174887
1787071521.348841
1787071521.521341
1787071521.693781
1787071521.863473
1787071522.036569
1787071522.207512
1787071522.384943
1787071522.554315
1787071522.728972
1787071522.903851
1787071523.076377
1787071523.243921
1787071523.420482
1787071523.595211
1787071523.769497
1787071523.943563
1787071524.114161
1787071524.288328
1787071524.463586
1787071524.632059
1787071524.805689
1787071524.979222
1787071525.153619
1787071525.327210
1787071525.501772
1787071525.668098
1787071525.840091
1787071526.004920
1787071526.177798
1787071526.355808
1787071526.529328
1787071526.695867
1787071526.869433
1787071527.042749
1787071527.209612
1787071527.379712
1787071527.554703
1787071527.729052
1787071527.901790
1787071528.082083
1787071528.248301
1787071528.420175
1787071528.583745
1787071528.756463
1787071528.931015
1787071529.096428
1787071529.269428
1787071529.444710
1787071529.616796
1787071529.790269
1787071529.962800
1787071530.137004
1787071530.309897
1787071530.480484
1787071530.647735
1787071530.818954
1787071530.984160
1787071531.157511
1787071531.330463
1787071531.498117
1787071531.672071
1787071531.844079
1787071532.009449
1787071532.174928
1787071532.346897
1787071532.516334
1787071532.688193
1787071532.860472
1787071533.033139
1787071533.198876
1787071533.363148
1787071533.537320
1787071533.710358
1787071533.881734
1787071534.052004
1787071534.218367
1787071534.392539
1787071534.561430
1787071534.732138
1787071534.906012
1787071535.077870
1787071535.246310
1787071535.408803
1787071535.582167
1787071535.747234
1787071535.916862
1787071536.081708
1787071536.256521
1787071536.428623
1787071536.591989
1787071536.762762
1787071536.929530
1787071537.094409
1787071537.265056
1787071537.433201
1787071537.605286
1787071537.775057
1787071537.939181
1787071538.113260
1787071538.276217
1787071538.450102
1787071538.624305
1787071538.788795
1787071538.962439
1787071539.134240
1787071539.300429
1787071539.469929
1787071539.638338
1787071539.803577
1787071539.976283
1787071540.150579
1787071540.320820
1787071540.492205
1787071540.665177
1787071540.838208
1787071541.012473
1787071541.178952
1787071541.354433
1787071541.533300
1787071541.705270
1787071541.878052
1787071542.049804
1787071542.221419
1787071542.390782
1787071542.561623
1787071542.733659
1787071542.907454
1787071543.076184
1787071543.241658
1787071543.413821
1787071543.579376
1787071543.752929
1787071543.918661
1787071544.091855
1787071544.266641
1787071544.439097
1787071544.605827
1787071544.778477
1787071544.953215
1787071545.130790
1787071545.300151
1787071545.467861
1787071545.640490
1787071545.813383
1787071545.981150
1787071546.155624
1787071546.323883
1787071546.492504
1787071546.668178
1787071546.843531
1787071547.019838
1787071547.186605
1787071547.361604
1787071547.535706
1787071547.712127
1787071547.881165
1787071548.052025
1787071548.225859
1787071548.393606
1787071548.562582
1787071548.737208
1787071548.915066
1787071549.089870
1787071549.263674
1787071549.432935
1787071549.607909
1787071549.783691
1787071549.952858
1787071550.122665
1787071550.294185
1787071550.467916
1787071550.638845
1787071550.810978
1787071550.986114
1787071551.160921
1787071551.326861
1787071551.499528
1787071551.677883
1787071551.852387
1787071552.022869
1787071552.192787
1787071552.366327
1787071552.539004
1787071552.708458
1787071552.881527
1787071553.056948
1787071553.230866
1787071553.400980
1787071553.573094
1787071553.747071
1787071553.921933
1787071554.092048
1787071554.259879
1787071554.432848
1787071554.605531
1787071554.774057
1787071554.940897
1787071555.112470
1787071555.285382
1787071555.456952
1787071555.632489
1787071555.803803
1787071555.976127
1787071556.148853
1787071556.322742
1787071556.491627
1787071556.662652
1787071556.836512
1787071557.006382
1787071557.172540
1787071557.346915
1787071557.520546
1787071557.692573
1787071557.865175
1787071558.037138
1787071558.211045
1787071558.377140
1787071558.550022
1787071558.723278
1787071558.894162
1787071559.065775
1787071559.236914
1787071559.408526
1787071559.574416
1787071559.747858
1787071559.918196
1787071560.085084
1787071560.256835
1787071560.431031
1787071560.596806
1787071560.764771
1787071560.930775
1787071561.103142
1787071561.276902
1787071561.450922
1787071561.622636
1787071561.790616
1787071561.965650
1787071562.134996
1787071562.302151
1787071562.475124
1787071562.649335
1787071562.815683
1787071562.989463
1787071563.162726
1787071563.333454
1787071563.505811
1787071563.679627
1787071563.849458
1787071564.025151
1787071564.192116
1787071564.366636
1787071564.541655
1787071564.716072
1787071564.886939
1787071565.060502
1787071565.232188
1787071565.409050
1787071565.576211
1787071565.748857
1787071565.919239
1787071566.085965
1787071566.258514
1787071566.432455
1787071566.600815
1787071566.768733
1787071566.943428
1787071567.110954
1787071567.285241
1787071567.458057
1787071567.632422
1787071567.799838
1787071567.975415
1787071568.155821
1787071568.327745
1787071568.503279
1787071568.673921
1787071568.845338
1787071569.017986
1787071569.193764
1787071569.364091
1787071569.535846
1787071569.707535
1787071569.881109
1787071570.052850
1787071570.220387
1787071570.391990
1787071570.563205
1787071570.729626
1787071570.904423
1787071571.077010
1787071571.244081
1787071571.412601
1787071571.586195
1787071571.759561
1787071571.936395
1787071572.098595
1787071572.273865
1787071572.443082
1787071572.614571
1787071572.787157
1787071572.955645
1787071573.122652
1787071573.294836
1787071573.470762
1787071573.639412
1787071573.813785
1787071573.986048
1787071574.152219
1787071574.319554
1787071574.493027
1787071574.666003
1787071574.842789
1787071575.011798
1787071575.177468
1787071575.355824
1787071575.528472
1787071575.702804
1787071575.868514
1787071576.045229
1787071576.217350
1787071576.393013
1787071576.565187
1787071576.734566
1787071576.910272
1787071577.083617
1787071577.254257
1787071577.421941
1787071577.595022
1787071577.767306
1787071577.933725
1787071578.100252
1787071578.272143
1787071578.437495
1787071578.613109
1787071578.777034
1787071578.949868
1787071579.119742
1787071579.285917
1787071579.460553
1787071579.633533
1787071579.806021
1787071579.976065
1787071580.148025
1787071580.322351
1787071580.492671
1787071580.658983
1787071580.831485
1787071580.998638
1787071581.165336
1787071581.336374
1787071581.508628
1787071581.680409
1787071581.853985
1787071582.024636
1787071582.196319
1787071582.371653
1787071582.544146
1787071582.714746
1787071582.885435
1787071583.053661
1787071583.225687
1787071583.397915
1787071583.573741
1787071583.739075
1787071583.911096
1787071584.074380
1787071584.239214
1787071584.411163
1787071584.585821
1787071584.759364
1787071584.930477
1787071585.103579
1787071585.277953
1787071585.445915
1787071585.612064
1787071585.785135
1787071585.962599
1787071586.127649
1787071586.294292
1787071586.463228
1787071586.633917
1787071586.807227
1787071586.977180
1787071587.144170
1787071587.315312
1787071587.487172
1787071587.652354
1787071587.820251
1787071587.989542
1787071588.153796
1787071588.322884
1787071588.486545
1787071588.658868
1787071588.831753
1787071589.003488
1787071589.169672
1787071589.337231
1787071589.501014
1787071589.673990
1787071589.846988
1787071590.020790
1787071590.191726
1787071590.357397
1787071590.529731
1787071590.701486
1787071590.872279
1787071591.037463
1787071591.209368
1787071591.381278
1787071591.547066
1787071591.716962
1787071591.882659
1787071592.054204
1787071592.224119
1787071592.388783
1787071592.560011
1787071592.731669
1787071592.905885
1787071593.072697
1787071593.239335
1787071593.413832
1787071593.583214
1787071593.750899
1787071593.927017
1787071594.100768
1787071594.273499
1787071594.442428
1787071594.610362
1787071594.784408
1787071594.951320
1787071595.127329
1787071595.300079
1787071595.468318
1787071595.637545
1787071595.810823
1787071595.987517
1787071596.156292
1787071596.335679
1787071596.503831
1787071596.677482
1787071596.849785
1787071597.015610
1787071597.182824
1787071597.354671
1787071597.524835
1787071597.697582
1787071597.866399
1787071598.038804
1787071598.210000
1787071598.384897
1787071598.553288
1787071598.725702
1787071598.897105
1787071599.069066
1787071599.234572
1787071599.406054
1787071599.575077
1787071599.742130
1787071599.914006
1787071600.081087
1787071600.253927
1787071600.426972
1787071600.596190
1787071600.766703
1787071600.937593
1787071601.101004
1787071601.266789
1787071601.436159
1787071601.602653
1787071601.769440
1787071601.939780
1787071602.104609
1787071602.272387
1787071602.438106
1787071602.607277
1787071602.772681
1787071602.944153
1787071603.113170
1787071603.277807
1787071603.450056
1787071603.622708
1787071603.795866
1787071603.965606
1787071604.135668
1787071604.307005
1787071604.476391
1787071604.645838
1787071604.814827
1787071604.985466
1787071605.155350
1787071605.318871
1787071605.486096
1787071605.654251
1787071605.820277
1787071605.984348
1787071606.153884
1787071606.326738
1787071606.490904
1787071606.661990
1787071606.825105
1787071606.996975
1787071607.168724
1787071607.330946
1787071607.503039
1787071607.673158
1787071607.839542
1787071608.009558
1787071608.177805
1787071608.347937
1787071608.528042
1787071608.694242
1787071608.858430
1787071609.031673
1787071609.194367
1787071609.362384
1787071609.523526
1787071609.694211
1787071609.862326
1787071610.027081
1787071610.200099
1787071610.365561
1787071610.541740
1787071610.725051
1787071610.897910
1787071611.066690
1787071611.229779
1787071611.398204
1787071611.563608
1787071611.729048
1787071611.889476
1787071612.059952
1787071612.221993
1787071612.393238
1787071612.557841
1787071612.727782
1787071612.896635
1787071613.065093
1787071613.228843
1787071613.392663
1787071613.562569
1787071613.731122
1787071613.900971
1787071614.068329
1787071614.233065
1787071614.407203
1787071614.578102
1787071614.742455
1787071614.915637
1787071615.088591
1787071615.254445
1787071615.419583
1787071615.583515
1787071615.748226
1787071615.911647
1787071616.083060
1787071616.248055
1787071616.419940
1787071616.592562
1787071616.762423
1787071616.924848
1787071617.093081
1787071617.262377
1787071617.433804
1787071617.599125
1787071617.770753
1787071617.948866
1787071618.120294
1787071618.283750
1787071618.455889
1787071618.618057
1787071618.791791
1787071618.963468
1787071619.131775
1787071619.295929
1787071619.465085
1787071619.632714
1787071619.805739
1787071619.975342
1787071620.139273
1787071620.311502
1787071620.479064
1787071620.643576
1787071620.806869
1787071620.976341
1787071621.145682
1787071621.309528
1787071621.483015
1787071621.646168
1787071621.817140
1787071621.985324
1787071622.149327
1787071622.319571
1787071622.482296
1787071622.652047
1787071622.814368
1787071622.985569
1787071623.156668
1787071623.320577
1787071623.491868
1787071623.656315
1787071623.824403
1787071623.992131
1787071624.156119
1787071624.326112
1787071624.490079
1787071624.656443
1787071624.823920
1787071624.993843
1787071625.159583
1787071625.328895
1787071625.500495
1787071625.672950
1787071625.836429
1787071626.007039
1787071626.178712
1787071626.343716
1787071626.508993
1787071626.682102
1787071626.849293
1787071627.012881
1787071627.184587
1787071627.350365
1787071627.516828
1787071627.676288
1787071627.848195
1787071628.019222
1787071628.186474
1787071628.357753
1787071628.536680
1787071628.697397
1787071628.870321
1787071629.040892
1787071629.204047
1787071629.375590
1787071629.548848
1787071629.719255
1787071629.890167
1787071630.052533
1787071630.222304
1787071630.397028
1787071630.565813
1787071630.736474
1787071630.909779
1787071631.073162
1787071631.239586
1787071631.404885
1787071631.574355
1787071631.745707
1787071631.918511
1787071632.079231
1787071632.254256
1787071632.420854
1787071632.594318
1787071632.766928
1787071632.937406
1787071633.102896
1787071633.265893
1787071633.445480
1787071633.629206
1787071633.803969
1787071633.980644
1787071634.155387
1787071634.337375
1787071634.511046
1787071634.689495
1787071634.871314
1787071635.050943
1787071635.238175
1787071635.412755
1787071635.591387
1787071635.767369
1787071635.947252
1787071636.123262
1787071636.306647
1787071636.479032
1787071636.659855
1787071636.837172
1787071637.019826
1787071637.196295
1787071637.381516
1787071637.565125
1787071637.741971
1787071637.917755
1787071638.095581
1787071638.273864
1787071638.454684
1787071638.637072
1787071638.817084
1787071638.994957
1787071639.173520
1787071639.354134
1787071639.534500
1787071639.715613
1787071639.901127
1787071640.077976
1787071640.251021
1787071640.432542
1787071640.604318
1787071640.784896
1787071640.964134
1787071641.143329
1787071641.323308
1787071641.500945
1787071641.685972
1787071641.861612
1787071642.044693
1787071642.220056
1787071642.388988
1787071642.569771
1787071642.743414
1787071642.920452
1787071643.098675
1787071643.280918
1787071643.463452
1787071643.639942
1787071643.817547
1787071643.997585
1787071644.169955
1787071644.347813
1787071644.520676
1787071644.698662
1787071644.875543
1787071645.051256
1787071645.231659
1787071645.412737
1787071645.596428
1787071645.769536
1787071645.950625
1787071646.128669
1787071646.306951
1787071646.493440
1787071646.666224
1787071646.848267
1787071647.024658
1787071647.206520
1787071647.385177
1787071647.564219
1787071647.745806
1787071647.925750
1787071648.105621
1787071648.285250
1787071648.462355
1787071648.637034
1787071648.808054
1787071648.986789
1787071649.162385
1787071649.336167
1787071649.505633
1787071649.682666
1787071649.853574
1787071650.024295
1787071650.190747
1787071650.360269
1787071650.536226
1787071650.710549
1787071650.884541
1787071651.055292
1787071651.226274
1787071651.402085
1787071651.577768
1787071651.750773
1787071651.929766
1787071652.098639
1787071652.275295
1787071652.448275
1787071652.621007
1787071652.790290
1787071652.964090
1787071653.137744
1787071653.311862
1787071653.488701
1787071653.659328
1787071653.831251
1787071654.009804
1787071654.178999
1787071654.351301
1787071654.527867
1787071654.703077
1787071654.879409
1787071655.056461
1787071655.231304
1787071655.402109
1787071655.576408
1787071655.745635
1787071655.914561
1787071656.091155
1787071656.267838
1787071656.443101
1787071656.617348
1787071656.789789
1787071656.964479
1787071657.140918
1787071657.319121
1787071657.496644
1787071657.676508
1787071657.846211
1787071658.022024
1787071658.191091
1787071658.361198
1787071658.538825
1787071658.718023
1787071658.892188
1787071659.061579
1787071659.232845
1787071659.406079
1787071659.578231
1787071659.751268
1787071659.928264
1787071660.097473
1787071660.273660
1787071660.446944
1787071660.625828
1787071660.801047
1787071660.971543
1787071661.151589
1787071661.322120
1787071661.496597
1787071661.666037
1787071661.829123
1787071662.006873
1787071662.173905
1787071662.351963
1787071662.524921
1787071662.694098
1787071662.870237
1787071663.045497
1787071663.219078
1787071663.388710
1787071663.561167
1787071663.740960
1787071663.916237
1787071664.087383
1787071664.265973
1787071664.437157
1787071664.608947
1787071664.785305
1787071664.962194
1787071665.137939
1787071665.312652
1787071665.488141
1787071665.657183
1787071665.834810
1787071666.013905
1787071666.184994
1787071666.357866
1787071666.535564
1787071666.712122
1787071666.888776
1787071667.064917
1787071667.238534
1787071667.413874
1787071667.588314
1787071667.764848
1787071667.941411
1787071668.108963
1787071668.282370
1787071668.449707
1787071668.624680
1787071668.799293
1787071668.976824
1787071669.146075
1787071669.320556
1787071669.495696
1787071669.670820
1787071669.843513
1787071670.010705
1787071670.183147
1787071670.358335
1787071670.530965
1787071670.707598
1787071670.875292
1787071671.042922
1787071671.209088
1787071671.383208
1787071671.556898
1787071671.728313
1787071671.894507
1787071672.067052
1787071672.234448
1787071672.410712
1787071672.586028
1787071672.757715
1787071672.926006
1787071673.099301
1787071673.275002
1787071673.443401
1787071673.615037
1787071673.787312
1787071673.958693
1787071674.135090
1787071674.303611
1787071674.472817
1787071674.645975
1787071674.818966
1787071674.989629
1787071675.164335
1787071675.338163
1787071675.510183
1787071675.682900
1787071675.849206
1787071676.020178
1787071676.195461
1787071676.363587
1787071676.532103
1787071676.705817
1787071676.878051
