1787076452.557912
1787076452.738266
1787076452.901120
1787076453.055202
1787076453.204154
1787076453.363598
1787076453.518038
1787076453.668139
1787076453.824709
1787076453.980396
1787076454.135882
1787076454.287174
1787076454.444712
1787076454.602047
1787076454.765562
1787076454.932246
1787076455.085362
1787076455.244412
1787076455.402721
1787076455.558837
1787076455.715725
1787076455.871344
1787076456.027261
1787076456.178604
1787076456.327363
1787076456.476032
1787076456.625528
1787076456.773614
1787076456.928417
1787076457.084880
1787076457.234550
1787076457.387406
1787076457.547485
1787076457.701923
1787076457.851822
1787076458.002867
1787076458.158824
1787076458.309455
1787076458.459617
1787076458.609849
1787076458.760069
1787076458.914121
1787076459.063846
1787076459.214846
1787076459.369431
1787076459.524840
1787076459.681042
1787076459.834149
1787076459.982665
1787076460.132138
1787076460.286933
1787076460.443111
1787076460.590672
1787076460.739482
1787076460.887101
1787076461.035358
1787076461.182670
1787076461.336009
1787076461.489728
1787076461.635793
1787076461.783645
1787076461.930651
1787076462.078929
1787076462.232527
1787076462.383435
1787076462.529662
1787076462.676220
1787076462.828691
1787076462.978771
1787076463.122245
1787076463.277203
1787076463.427270
1787076463.577434
1787076463.729092
1787076463.881571
1787076464.025674
1787076464.176924
1787076464.329194
1787076464.478895
1787076464.628912
1787076464.781509
1787076464.928845
1787076465.079410
1787076465.229534
1787076465.374377
1787076465.525981
1787076465.670332
1787076465.810627
1787076465.954832
1787076466.100373
1787076466.245600
1787076466.389814
1787076466.534791
1787076466.681146
1787076466.826851
1787076466.972932
1787076467.119073
1787076467.268054
1787076467.420851
1787076467.577091
1787076467.724241
1787076467.871869
1787076468.017631
1787076468.171469
1787076468.318238
1787076468.470587
1787076468.625428
1787076468.771307
1787076468.915508
1787076469.062988
1787076469.209861
1787076469.363479
1787076469.514235
1787076469.659907
1787076469.815214
1787076469.968276
1787076470.115623
1787076470.267824
1787076470.413682
1787076470.562067
1787076470.716555
1787076470.864301
1787076471.019818
1787076471.167521
1787076471.323954
1787076471.482655
1787076471.628239
1787076471.779820
1787076471.926203
1787076472.072480
1787076472.227147
1787076472.374718
1787076472.523845
1787076472.677657
1787076472.821520
1787076472.967474
1787076473.113881
1787076473.272069
1787076473.419996
1787076473.567345
1787076473.716877
1787076473.865393
1787076474.017137
1787076474.163385
1787076474.318419
1787076474.472168
1787076474.623578
1787076474.770027
1787076474.922529
1787076475.073616
1787076475.221506
1787076475.371732
1787076475.520921
1787076475.672254
1787076475.830011
1787076475.990935
1787076476.143394
1787076476.294719
1787076476.446002
1787076476.595797
1787076476.747695
1787076476.902638
1787076477.056967
1787076477.208646
1787076477.361831
1787076477.515157
1787076477.673115
1787076477.824433
1787076477.976673
1787076478.134909
1787076478.290113
1787076478.443601
1787076478.597842
1787076478.752520
1787076478.906138
1787076479.059195
1787076479.211949
1787076479.365627
1787076479.532278
1787076479.687350
1787076479.851174
1787076480.006531
1787076480.161830
1787076480.327830
1787076480.481839
1787076480.634330
1787076480.790613
1787076480.946061
1787076481.109802
1787076481.277622
1787076481.435763
1787076481.593572
1787076481.749951
1787076481.916055
1787076482.080185
1787076482.244742
1787076482.401080
1787076482.558722
1787076482.715200
1787076482.875937
1787076483.034955
1787076483.195510
1787076483.361061
1787076483.520938
1787076483.679356
1787076483.835772
1787076483.993170
1787076484.149518
1787076484.308100
1787076484.474793
1787076484.632375
1787076484.789505
1787076484.952909
1787076485.111548
1787076485.274117
1787076485.453164
1787076485.688741
1787076486.003746
1787076486.340281
1787076486.595285
1787076486.867641
1787076487.142858
1787076487.389438
1787076487.617010
1787076487.843528
1787076488.068476
1787076488.232386
1787076488.392332
1787076488.556108
1787076488.723670
1787076488.881023
1787076489.038150
1787076489.195264
1787076489.354440
1787076489.514955
1787076489.673809
1787076489.839824
1787076490.002537
1787076490.162669
1787076490.326161
1787076490.482909
1787076490.642426
1787076490.803989
1787076490.970181
1787076491.132301
1787076491.291476
1787076491.451416
1787076491.612075
1787076491.768195
1787076491.929644
1787076492.089805
1787076492.250108
1787076492.408282
1787076492.569140
1787076492.732430
1787076492.893854
1787076493.056859
1787076493.216145
1787076493.379826
1787076493.546936
1787076493.714551
1787076493.883404
1787076494.049809
1787076494.211282
1787076494.381613
1787076494.548835
1787076494.718083
1787076494.887198
1787076495.058247
1787076495.221148
1787076495.391462
1787076495.559952
1787076495.726589
1787076495.894999
1787076496.062394
1787076496.224578
1787076496.393519
1787076496.562652
1787076496.723593
1787076496.896909
1787076497.066045
1787076497.233963
1787076497.396883
1787076497.565673
1787076497.733787
1787076497.902507
1787076498.066111
1787076498.236287
1787076498.407129
1787076498.577244
1787076498.746434
1787076498.915965
1787076499.085274
1787076499.251210
1787076499.418573
1787076499.588145
1787076499.757267
1787076499.928081
1787076500.097130
1787076500.267946
1787076500.437014
1787076500.600338
1787076500.769733
1787076500.941225
1787076501.109907
1787076501.282146
1787076501.448950
1787076501.619480
1787076501.781582
1787076501.948903
1787076502.115741
1787076502.285167
1787076502.453574
1787076502.622703
1787076502.791645
1787076502.958915
1787076503.127507
1787076503.293278
1787076503.455593
1787076503.627484
1787076503.797415
1787076503.968853
1787076504.137365
1787076504.306301
1787076504.477134
1787076504.646476
1787076504.813037
1787076504.985267
1787076505.149107
1787076505.309947
1787076505.470720
1787076505.632668
1787076505.795396
1787076505.965696
1787076506.133073
1787076506.291005
1787076506.461789
1787076506.631791
1787076506.794860
1787076506.967652
1787076507.138349
1787076507.309386
1787076507.475361
1787076507.646661
1787076507.818000
1787076507.988701
1787076508.161920
1787076508.335490
1787076508.499390
1787076508.671137
1787076508.840041
1787076509.010434
1787076509.180385
1787076509.348286
1787076509.517127
1787076509.688676
1787076509.859164
1787076510.024452
1787076510.193977
1787076510.367745
1787076510.533864
1787076510.700108
1787076510.866380
1787076511.037445
1787076511.207117
1787076511.381348
1787076511.552757
1787076511.722578
1787076511.884815
1787076512.058655
1787076512.227337
1787076512.402841
1787076512.577935
1787076512.751277
1787076512.921566
1787076513.098743
1787076513.275378
1787076513.448679
1787076513.620422
1787076513.792432
1787076513.965189
1787076514.136923
1787076514.308330
1787076514.477784
1787076514.647748
1787076514.817215
1787076514.987379
1787076515.154073
1787076515.324845
1787076515.495740
1787076515.667570
1787076515.840195
1787076516.008545
1787076516.179394
1787076516.351511
1787076516.522860
1787076516.696901
1787076516.867642
1787076517.039492
1787076517.210277
1787076517.382130
1787076517.554488
1787076517.724594
1787076517.894428
1787076518.066682
1787076518.238165
1787076518.410027
1787076518.577798
1787076518.747651
1787076518.917434
1787076519.086972
1787076519.257429
1787076519.425819
1787076519.595240
1787076519.766970
1787076519.935999
1787076520.107068
1787076520.275395
1787076520.445413
1787076520.614665
1787076520.781847
1787076520.952185
1787076521.117214
1787076521.280948
1787076521.452453
1787076521.615625
1787076521.785450
1787076521.946142
1787076522.117055
1787076522.286674
1787076522.456431
1787076522.626628
1787076522.797671
1787076522.961716
1787076523.132129
1787076523.302527
1787076523.466022
1787076523.636501
1787076523.810961
1787076523.985856
1787076524.159266
1787076524.332359
1787076524.505143
1787076524.679472
1787076524.855321
1787076525.028006
1787076525.191065
1787076525.359448
1787076525.533318
1787076525.698478
1787076525.871646
1787076526.047232
1787076526.210911
1787076526.375736
1787076526.550048
1787076526.719978
1787076526.895882
1787076527.061331
1787076527.225618
1787076527.395715
1787076527.564760
1787076527.734419
1787076527.903517
1787076528.073953
1787076528.242048
1787076528.414031
1787076528.586590
1787076528.755384
1787076528.924725
1787076529.094276
1787076529.260515
1787076529.421291
1787076529.592847
1787076529.761615
1787076529.931786
1787076530.105541
1787076530.277575
1787076530.449200
1787076530.620815
1787076530.786786
1787076530.958337
1787076531.126755
1787076531.298790
1787076531.470001
1787076531.639428
1787076531.806374
1787076531.970166
1787076532.142775
1787076532.314269
1787076532.481277
1787076532.646698
1787076532.818380
1787076532.990052
1787076533.155277
1787076533.330746
1787076533.501768
1787076533.665845
1787076533.837916
1787076534.007779
1787076534.180798
1787076534.351029
1787076534.520014
1787076534.685455
1787076534.858714
1787076535.031732
1787076535.198223
1787076535.369606
1787076535.539353
1787076535.704727
1787076535.877416
1787076536.047394
1787076536.212957
1787076536.382994
1787076536.552759
1787076536.723641
1787076536.894127
1787076537.059168
1787076537.230092
1787076537.401283
1787076537.565697
1787076537.736336
1787076537.907053
1787076538.078963
1787076538.251228
1787076538.421644
1787076538.586914
1787076538.758731
1787076538.930180
1787076539.094967
1787076539.265887
1787076539.437462
1787076539.608690
1787076539.779651
1787076539.950295
1787076540.122379
1787076540.297881
1787076540.464565
1787076540.635302
1787076540.808577
1787076540.981665
1787076541.153338
1787076541.320001
1787076541.492466
1787076541.666560
1787076541.835990
1787076542.000588
1787076542.169689
1787076542.341053
1787076542.513424
1787076542.681760
1787076542.850634
1787076543.021060
1787076543.188576
1787076543.357949
1787076543.527246
1787076543.699580
1787076543.866161
1787076544.040245
1787076544.216327
1787076544.385488
1787076544.562809
1787076544.734913
1787076544.907606
1787076545.080456
1787076545.256576
1787076545.424978
1787076545.599078
1787076545.768683
1787076545.941569
1787076546.119184
1787076546.293740
1787076546.460256
1787076546.633352
1787076546.804506
1787076546.974913
1787076547.142768
1787076547.314444
1787076547.486557
1787076547.657422
1787076547.826374
1787076547.996514
1787076548.166050
1787076548.336228
1787076548.506376
1787076548.681749
1787076548.858653
1787076549.035488
1787076549.212570
1787076549.389728
1787076549.567062
1787076549.744602
1787076549.918525
1787076550.090459
1787076550.262693
1787076550.438953
1787076550.606855
1787076550.779652
1787076550.950356
1787076551.127726
1787076551.296755
1787076551.472169
1787076551.647872
1787076551.820542
1787076552.001364
1787076552.184565
1787076552.352619
1787076552.521506
1787076552.695512
1787076552.866987
1787076553.042563
1787076553.213752
1787076553.387854
1787076553.554331
1787076553.725499
1787076553.897335
1787076554.068413
1787076554.238315
1787076554.409139
1787076554.580423
1787076554.750003
1787076554.920823
1787076555.092374
1787076555.264870
1787076555.436388
1787076555.607724
1787076555.779438
1787076555.951069
1787076556.122200
1787076556.294561
1787076556.465597
1787076556.636146
1787076556.810466
1787076556.974009
1787076557.145517
1787076557.316474
1787076557.486120
1787076557.656540
1787076557.826530
1787076557.996757
1787076558.166723
1787076558.338024
1787076558.507447
1787076558.675549
1787076558.846531
1787076559.017471
1787076559.186675
1787076559.356134
1787076559.524191
1787076559.696155
1787076559.863980
1787076560.034232
1787076560.206501
1787076560.377552
1787076560.548223
1787076560.719445
1787076560.890880
1787076561.054833
1787076561.223008
1787076561.393919
1787076561.563031
1787076561.730167
1787076561.900110
1787076562.071655
1787076562.242479
1787076562.407600
1787076562.577740
1787076562.743223
1787076562.913633
1787076563.083943
1787076563.254523
1787076563.424748
1787076563.594049
1787076563.759246
1787076563.929420
1787076564.094645
1787076564.266172
1787076564.436089
1787076564.607599
1787076564.779451
1787076564.950408
1787076565.121130
1787076565.285668
1787076565.455074
1787076565.624613
1787076565.795900
1787076565.966243
1787076566.137831
1787076566.309814
1787076566.481623
1787076566.653073
1787076566.819952
1787076566.991392
1787076567.158226
1787076567.330433
1787076567.502457
1787076567.673280
1787076567.847722
1787076568.019699
1787076568.190050
1787076568.362962
1787076568.538897
1787076568.709474
1787076568.881533
1787076569.050436
1787076569.222181
1787076569.394781
1787076569.570461
1787076569.740674
1787076569.912190
1787076570.085971
1787076570.257820
1787076570.424274
1787076570.596303
1787076570.768162
1787076570.941014
1787076571.117702
1787076571.288749
1787076571.458707
1787076571.633732
1787076571.805401
1787076571.976922
1787076572.145931
1787076572.315361
1787076572.490345
1787076572.666953
1787076572.840677
1787076573.015472
1787076573.184784
1787076573.356202
1787076573.526030
1787076573.696995
1787076573.869431
1787076574.043878
1787076574.213597
1787076574.384900
1787076574.555518
1787076574.729261
1787076574.901630
1787076575.074438
1787076575.245993
1787076575.417736
1787076575.588163
1787076575.759524
1787076575.929384
1787076576.099050
1787076576.263679
1787076576.433376
1787076576.603997
1787076576.774056
1787076576.942003
1787076577.113474
1787076577.284899
1787076577.454322
1787076577.624441
1787076577.794040
1787076577.961927
1787076578.133428
1787076578.301998
1787076578.470546
1787076578.634671
1787076578.803643
1787076578.972706
1787076579.136434
1787076579.299695
1787076579.468605
1787076579.637668
1787076579.806161
1787076579.977899
1787076580.141026
1787076580.314023
1787076580.476971
1787076580.645038
1787076580.813864
1787076580.984167
1787076581.154498
1787076581.322328
1787076581.493907
1787076581.668501
1787076581.831113
1787076582.004126
1787076582.184150
1787076582.354630
1787076582.525205
1787076582.695180
1787076582.868211
1787076583.039426
1787076583.210099
1787076583.381124
1787076583.553444
1787076583.724690
1787076583.890181
1787076584.060630
1787076584.236002
1787076584.409884
1787076584.582971
1787076584.756591
1787076584.929919
1787076585.101153
1787076585.274257
1787076585.448984
1787076585.624924
1787076585.790517
1787076585.967494
1787076586.141314
1787076586.310046
1787076586.477464
1787076586.654799
1787076586.827940
1787076586.995253
1787076587.166998
1787076587.342762
1787076587.509704
1787076587.679224
1787076587.851482
1787076588.028772
1787076588.196907
1787076588.365103
1787076588.537538
1787076588.708554
1787076588.879990
1787076589.050455
1787076589.223403
1787076589.394842
1787076589.566626
1787076589.739498
1787076589.913292
1787076590.093387
1787076590.263480
1787076590.436006
1787076590.609187
1787076590.779419
1787076590.950334
1787076591.122561
1787076591.296261
1787076591.469307
1787076591.640885
1787076591.813316
1787076591.986661
1787076592.165489
1787076592.333614
1787076592.510987
1787076592.690670
1787076592.863312
1787076593.034651
1787076593.207031
1787076593.385804
1787076593.566108
1787076593.741891
1787076593.921342
1787076594.101100
1787076594.277179
1787076594.457220
1787076594.635303
1787076594.812742
1787076594.991699
1787076595.169796
1787076595.347453
1787076595.524385
1787076595.699139
1787076595.873877
1787076596.050678
1787076596.228971
1787076596.413084
1787076596.592586
1787076596.769922
1787076596.953219
1787076597.129437
1787076597.307727
1787076597.483781
1787076597.658437
1787076597.836334
1787076598.016583
1787076598.189369
1787076598.361052
1787076598.537838
1787076598.717747
1787076598.892206
1787076599.071323
1787076599.239176
1787076599.419953
1787076599.591358
1787076599.770308
1787076599.947742
1787076600.125145
1787076600.295038
1787076600.471808
1787076600.651901
1787076600.822250
1787076601.001212
1787076601.179892
1787076601.350573
1787076601.529513
1787076601.701802
1787076601.877445
1787076602.049062
1787076602.227911
1787076602.410685
1787076602.590054
1787076602.766721
1787076602.942773
1787076603.111187
1787076603.280860
1787076603.460218
1787076603.639678
1787076603.817322
1787076603.994116
1787076604.168939
1787076604.344178
1787076604.521163
1787076604.693461
1787076604.867418
1787076605.041242
1787076605.216308
1787076605.387350
1787076605.559533
1787076605.730983
1787076605.904382
1787076606.079680
1787076606.246478
1787076606.419584
1787076606.592070
1787076606.764175
1787076606.938728
1787076607.110996
1787076607.282082
1787076607.452735
1787076607.627135
1787076607.800105
1787076607.973161
1787076608.144861
1787076608.320074
1787076608.494179
1787076608.668524
1787076608.835426
1787076609.003649
1787076609.176709
1787076609.350393
1787076609.525865
1787076609.697886
1787076609.870225
1787076610.046261
1787076610.222932
1787076610.390225
1787076610.563334
1787076610.735087
1787076610.906443
1787076611.074753
1787076611.249265
1787076611.421512
1787076611.595620
1787076611.767385
1787076611.939678
1787076612.117758
1787076612.284480
1787076612.457652
1787076612.630484
1787076612.803050
1787076612.973526
1787076613.147530
1787076613.319921
1787076613.490882
1787076613.660923
1787076613.825433
1787076613.993155
1787076614.160151
1787076614.332015
1787076614.502848
1787076614.671446
1787076614.846855
1787076615.018429
1787076615.190526
1787076615.367895
1787076615.539977
1787076615.709935
1787076615.883620
1787076616.059164
1787076616.230540
1787076616.403929
1787076616.575119
1787076616.751173
1787076616.924864
1787076617.095765
1787076617.268372
1787076617.442530
1787076617.611483
1787076617.786774
1787076617.954987
1787076618.122867
1787076618.298711
1787076618.475348
1787076618.654798
1787076618.823280
1787076618.991236
1787076619.163992
1787076619.335207
1787076619.511373
1787076619.688440
1787076619.864669
1787076620.048775
1787076620.224638
1787076620.400362
1787076620.581427
1787076620.748598
1787076620.922546
1787076621.093933
1787076621.266115
1787076621.437053
1787076621.608020
1787076621.780222
1787076621.952622
1787076622.116885
1787076622.287639
1787076622.459958
1787076622.631289
1787076622.805699
1787076622.979524
1787076623.153365
1787076623.320471
1787076623.493455
1787076623.665380
1787076623.831409
1787076624.008796
1787076624.183089
1787076624.353056
1787076624.521231
1787076624.696070
1787076624.869400
1787076625.039935
1787076625.210270
1787076625.383265
1787076625.558799
1787076625.733087
1787076625.904742
1787076626.074777
1787076626.253644
1787076626.427068
1787076626.602324
1787076626.773420
1787076626.950394
1787076627.123904
1787076627.296916
1787076627.471401
1787076627.640501
1787076627.814182
1787076627.987741
1787076628.160891
1787076628.330739
1787076628.505208
1787076628.677851
1787076628.851706
1787076629.023879
1787076629.197650
1787076629.370440
1787076629.543694
1787076629.717304
1787076629.888386
1787076630.061250
1787076630.232954
1787076630.408408
1787076630.577859
1787076630.750415
1787076630.924305
1787076631.094879
1787076631.272025
1787076631.445745
1787076631.617953
1787076631.793754
1787076631.964415
1787076632.130599
1787076632.304322
1787076632.467248
1787076632.638346
1787076632.810379
1787076632.981446
1787076633.157814
1787076633.328860
1787076633.498121
1787076633.673045
1787076633.841364
1787076634.013701
1787076634.179242
1787076634.351095
1787076634.522540
1787076634.696283
1787076634.861216
1787076635.031452
1787076635.201418
1787076635.371534
1787076635.543416
1787076635.707860
1787076635.878674
1787076636.050877
1787076636.221750
1787076636.393390
1787076636.565177
1787076636.734980
1787076636.902960
1787076637.065820
1787076637.241369
1787076637.412483
1787076637.584805
1787076637.756128
1787076637.926418
1787076638.095087
1787076638.257607
1787076638.427647
1787076638.598477
1787076638.768250
1787076638.939933
1787076639.111074
1787076639.276673
1787076639.446424
1787076639.619027
1787076639.788736
1787076639.958628
1787076640.130431
1787076640.301865
1787076640.471955
1787076640.644204
1787076640.813556
1787076640.985589
1787076641.157342
1787076641.329055
1787076641.499319
1787076641.667909
1787076641.840486
1787076642.010942
1787076642.183265
1787076642.359151
1787076642.524956
1787076642.696618
1787076642.868758
1787076643.039720
1787076643.207277
1787076643.378544
1787076643.550191
1787076643.722017
1787076643.893042
1787076644.065144
1787076644.235827
1787076644.406569
1787076644.577541
1787076644.748359
1787076644.916537
1787076645.088927
1787076645.260374
1787076645.432276
1787076645.602031
1787076645.772125
1787076645.940250
1787076646.111092
1787076646.280447
1787076646.448614
1787076646.620512
1787076646.794020
1787076646.959054
1787076647.128870
1787076647.297928
1787076647.467357
1787076647.637900
1787076647.809292
1787076647.978854
1787076648.149207
1787076648.321251
1787076648.491372
1787076648.662230
1787076648.834746
1787076649.004299
1787076649.169142
1787076649.333220
1787076649.504179
1787076649.674638
1787076649.846038
1787076650.015213
1787076650.187561
1787076650.358440
1787076650.529803
1787076650.701944
1787076650.876349
1787076651.042587
1787076651.219991
1787076651.396120
1787076651.568602
1787076651.740737
1787076651.909800
1787076652.084678
1787076652.257263
1787076652.435045
1787076652.606833
1787076652.780264
1787076652.952274
1787076653.125083
1787076653.289164
1787076653.460564
1787076653.633594
1787076653.803709
1787076653.980155
1787076654.151769
1787076654.324817
1787076654.496127
1787076654.664583
1787076654.839202
1787076655.017210
1787076655.189089
1787076655.364592
1787076655.538092
1787076655.710375
1787076655.882675
1787076656.054663
1787076656.226164
1787076656.398381
1787076656.572958
1787076656.747893
1787076656.918677
1787076657.091465
1787076657.263926
1787076657.437489
1787076657.606273
1787076657.782260
1787076657.947152
1787076658.120446
1787076658.291839
1787076658.463372
1787076658.636908
1787076658.808808
1787076658.979761
1787076659.151337
1787076659.323776
1787076659.494156
1787076659.667539
1787076659.839304
1787076660.010712
1787076660.181054
1787076660.353499
1787076660.520088
1787076660.686348
1787076660.858054
1787076661.028173
1787076661.195678
1787076661.366771
1787076661.531535
1787076661.704465
1787076661.873380
1787076662.043093
1787076662.213775
1787076662.383469
1787076662.547233
1787076662.716343
1787076662.881297
1787076663.051173
1787076663.219166
1787076663.388949
1787076663.559843
1787076663.728619
1787076663.896599
1787076664.059638
1787076664.229914
1787076664.400966
1787076664.572382
1787076664.745281
1787076664.916158
1787076665.086607
1787076665.257007
1787076665.427293
1787076665.599149
1787076665.768081
1787076665.938817
1787076666.109592
1787076666.278276
1787076666.449387
1787076666.616910
1787076666.782257
1787076666.953483
1787076667.116819
1787076667.287498
1787076667.452419
1787076667.617624
1787076667.787601
1787076667.956793
1787076668.131495
1787076668.301777
1787076668.471494
1787076668.644871
1787076668.816775
1787076668.985082
1787076669.150024
1787076669.321322
1787076669.489327
1787076669.659819
1787076669.830058
1787076669.999021
1787076670.160267
1787076670.328146
1787076670.498935
1787076670.668025
1787076670.837482
1787076671.007606
1787076671.171573
1787076671.334585
1787076671.495933
1787076671.658597
1787076671.824400
1787076671.992656
1787076672.164960
1787076672.329931
1787076672.493886
1787076672.653441
1787076672.819792
1787076672.986277
1787076673.160025
1787076673.323772
1787076673.489354
1787076673.659791
1787076673.827632
1787076673.991452
1787076674.158595
1787076674.326753
1787076674.491244
1787076674.660036
1787076674.828052
1787076674.996597
1787076675.159087
1787076675.326476
1787076675.494783
1787076675.663696
1787076675.830977
1787076676.000423
1787076676.168612
1787076676.338496
1787076676.502301
1787076676.666080
1787076676.835309
1787076677.003339
1787076677.167942
1787076677.336359
1787076677.503516
1787076677.671910
1787076677.841295
1787076678.012096
1787076678.181653
1787076678.347121
1787076678.512385
1787076678.680611
1787076678.844330
1787076679.008218
1787076679.171791
1787076679.344335
1787076679.517329
1787076679.692276
1787076679.862215
1787076680.026600
1787076680.195051
1787076680.366582
1787076680.533647
1787076680.708621
1787076680.876053
1787076681.045858
1787076681.214154
1787076681.387804
1787076681.558331
1787076681.727604
1787076681.898083
1787076682.064772
1787076682.234541
1787076682.406016
1787076682.578070
1787076682.750305
1787076682.919826
1787076683.090859
1787076683.259242
1787076683.431342
1787076683.599529
1787076683.772274
1787076683.942983
1787076684.114780
1787076684.286527
1787076684.451439
1787076684.616332
1787076684.786760
1787076684.956406
1787076685.127381
1787076685.296666
1787076685.467771
1787076685.638184
1787076685.805272
1787076685.973565
1787076686.141818
1787076686.310718
1787076686.481201
1787076686.649779
1787076686.818705
1787076686.986548
1787076687.157044
1787076687.326643
1787076687.495923
1787076687.660371
1787076687.830823
1787076687.999420
1787076688.170470
1787076688.340314
1787076688.508919
1787076688.678957
1787076688.848496
1787076689.016857
1787076689.183311
1787076689.351270
1787076689.520192
1787076689.692731
1787076689.856620
1787076690.027208
1787076690.196548
1787076690.370026
1787076690.538871
1787076690.708069
1787076690.878376
1787076691.046532
1787076691.216814
1787076691.384864
1787076691.554035
1787076691.727251
1787076691.892196
1787076692.056081
1787076692.220112
1787076692.388414
1787076692.556807
1787076692.716256
1787076692.883208
1787076693.049486
1787076693.214677
1787076693.382820
1787076693.553107
1787076693.721418
1787076693.889315
1787076694.059437
1787076694.228217
1787076694.397398
1787076694.564893
1787076694.734386
1787076694.902053
1787076695.073886
1787076695.243778
1787076695.410760
1787076695.574825
1787076695.742671
1787076695.907699
1787076696.078300
1787076696.247854
1787076696.415921
1787076696.586899
1787076696.755347
1787076696.925677
1787076697.095616
1787076697.266228
1787076697.435695
1787076697.604970
1787076697.777152
1787076697.947022
1787076698.116333
1787076698.281858
1787076698.452372
1787076698.622206
1787076698.788032
1787076698.959570
1787076699.127857
1787076699.291041
1787076699.465950
1787076699.630079
1787076699.799663
1787076699.964588
1787076700.137480
1787076700.300331
1787076700.463684
1787076700.637224
1787076700.801340
1787076700.971236
1787076701.135292
1787076701.306780
1787076701.475047
1787076701.646428
1787076701.815571
1787076701.984481
1787076702.151380
1787076702.322582
1787076702.491569
1787076702.657161
1787076702.829220
1787076702.999065
1787076703.170364
1787076703.340595
1787076703.513280
1787076703.686758
1787076703.858437
1787076704.029150
1787076704.198050
1787076704.368234
1787076704.539880
1787076704.708846
1787076704.879331
1787076705.048485
1787076705.218162
1787076705.387442
1787076705.555703
1787076705.729441
1787076705.900312
1787076706.070864
1787076706.239665
1787076706.408936
1787076706.580432
1787076706.750758
1787076706.924081
1787076707.095941
1787076707.267702
1787076707.438020
1787076707.609382
1787076707.781098
1787076707.954830
1787076708.131008
1787076708.306239
1787076708.483921
1787076708.656568
1787076708.821684
1787076708.992554
1787076709.165629
1787076709.330028
1787076709.503389
1787076709.674673
1787076709.843701
1787076710.010007
1787076710.183135
1787076710.354118
1787076710.528067
1787076710.701050
1787076710.872054
1787076711.042854
1787076711.215335
1787076711.389316
1787076711.562087
1787076711.731838
1787076711.904559
1787076712.079430
1787076712.251472
1787076712.425102
1787076712.598560
1787076712.765188
1787076712.935986
1787076713.101728
1787076713.273919
1787076713.444098
1787076713.614938
1787076713.787852
1787076713.961121
1787076714.129113
1787076714.302717
1787076714.474003
1787076714.645927
1787076714.813826
1787076714.986058
1787076715.158095
1787076715.330822
1787076715.502074
1787076715.675267
1787076715.839865
1787076716.012614
1787076716.184048
1787076716.356166
1787076716.527914
1787076716.701724
1787076716.874875
1787076717.046879
1787076717.218489
1787076717.389369
1787076717.559740
1787076717.729386
1787076717.903007
1787076718.069538
1787076718.240647
1787076718.412157
1787076718.584616
1787076718.756444
1787076718.926898
1787076719.098377
1787076719.271522
1787076719.444759
1787076719.619024
1787076719.791360
1787076719.962564
1787076720.133935
1787076720.299326
1787076720.472157
1787076720.641764
1787076720.813205
1787076720.987198
1787076721.161137
1787076721.328569
1787076721.500838
1787076721.674275
1787076721.843772
1787076722.016882
1787076722.188846
1787076722.363471
1787076722.535527
