1787083856.948050
1787083857.103902
1787083857.256055
1787083857.408025
1787083857.563328
1787083857.719699
1787083857.868629
1787083858.016856
1787083858.166697
1787083858.315015
1787083858.464609
1787083858.618154
1787083858.768708
1787083858.919711
1787083859.078641
1787083859.237519
1787083859.393608
1787083859.553347
1787083859.710463
1787083859.867989
1787083860.028712
1787083860.180940
1787083860.332398
1787083860.489332
1787083860.645252
1787083860.802753
1787083860.958306
1787083861.115408
1787083861.267988
1787083861.424911
1787083861.586824
1787083861.740516
1787083861.889293
1787083862.037783
1787083862.187056
1787083862.344036
1787083862.495339
1787083862.651865
1787083862.811787
1787083862.966513
1787083863.116824
1787083863.272927
1787083863.429169
1787083863.578387
1787083863.737178
1787083863.887767
1787083864.043002
1787083864.200542
1787083864.350829
1787083864.510386
1787083864.661807
1787083864.816688
1787083864.971323
1787083865.124958
1787083865.276915
1787083865.424587
1787083865.572279
1787083865.720560
1787083865.872788
1787083866.024298
1787083866.170483
1787083866.321250
1787083866.474729
1787083866.620694
1787083866.771907
1787083866.925531
1787083867.071497
1787083867.223404
1787083867.379031
1787083867.528320
1787083867.677226
1787083867.827819
1787083867.978894
1787083868.125197
1787083868.271968
1787083868.418527
1787083868.572767
1787083868.721669
1787083868.873610
1787083869.019699
1787083869.170921
1787083869.322119
1787083869.468038
1787083869.619345
1787083869.771623
1787083869.925481
1787083870.075629
1787083870.225574
1787083870.371217
1787083870.521397
1787083870.676399
1787083870.828905
1787083870.976678
1787083871.116339
1787083871.267769
1787083871.420745
1787083871.572672
1787083871.726121
1787083871.871870
1787083872.022658
1787083872.174165
1787083872.319464
1787083872.471987
1787083872.621827
1787083872.768249
1787083872.920368
1787083873.072284
1787083873.223391
1787083873.375738
1787083873.522578
1787083873.673228
1787083873.822409
1787083873.973490
1787083874.124831
1787083874.277398
1787083874.427421
1787083874.575206
1787083874.722073
1787083874.878247
1787083875.026308
1787083875.178726
1787083875.331755
1787083875.486973
1787083875.635451
1787083875.789737
1787083875.944308
1787083876.097877
1787083876.254219
1787083876.402086
1787083876.556352
1787083876.705464
1787083876.860318
1787083877.016972
1787083877.172683
1787083877.328318
1787083877.484287
1787083877.641026
1787083877.790820
1787083877.948824
1787083878.106495
1787083878.266512
1787083878.422468
1787083878.577747
1787083878.734436
1787083878.894074
1787083879.051125
1787083879.204709
1787083879.355542
1787083879.514805
1787083879.672614
1787083879.828852
1787083879.980145
1787083880.141145
1787083880.302256
1787083880.462900
1787083880.615353
1787083880.767375
1787083880.919276
1787083881.079597
1787083881.240155
1787083881.396179
1787083881.554897
1787083881.713856
1787083881.870644
1787083882.029896
1787083882.191120
1787083882.350478
1787083882.517114
1787083882.682573
1787083882.842442
1787083883.004269
1787083883.163152
1787083883.322332
1787083883.479052
1787083883.639799
1787083883.801858
1787083883.963789
1787083884.127837
1787083884.294194
1787083884.457645
1787083884.615320
1787083884.774540
1787083884.936765
1787083885.093501
1787083885.253226
1787083885.414599
1787083885.578779
1787083885.741268
1787083885.904715
1787083886.069733
1787083886.234226
1787083886.399832
1787083886.563266
1787083886.726640
1787083886.889432
1787083887.052337
1787083887.215001
1787083887.377092
1787083887.541879
1787083887.706992
1787083887.864609
1787083888.028577
1787083888.186113
1787083888.347559
1787083888.508680
1787083888.672136
1787083888.837967
1787083889.003804
1787083889.166533
1787083889.326330
1787083889.485462
1787083889.651375
1787083889.816880
1787083889.984130
1787083890.145784
1787083890.310630
1787083890.470253
1787083890.636331
1787083890.796103
1787083890.955943
1787083891.121267
1787083891.282006
1787083891.449253
1787083891.615062
1787083891.774215
1787083891.939139
1787083892.101455
1787083892.268336
1787083892.435593
1787083892.600976
1787083892.761572
1787083892.928568
1787083893.093344
1787083893.260676
1787083893.426290
1787083893.594027
1787083893.760494
1787083893.925788
1787083894.092034
1787083894.254115
1787083894.419638
1787083894.589481
1787083894.755423
1787083894.922027
1787083895.082772
1787083895.244464
1787083895.410571
1787083895.575619
1787083895.742516
1787083895.903940
1787083896.072470
1787083896.232433
1787083896.398437
1787083896.558412
1787083896.725572
1787083896.892850
1787083897.056117
1787083897.222990
1787083897.387932
1787083897.547961
1787083897.713492
1787083897.881055
1787083898.047190
1787083898.209859
1787083898.370911
1787083898.539035
1787083898.700149
1787083898.867958
1787083899.034559
1787083899.203286
1787083899.368853
1787083899.529613
1787083899.691754
1787083899.860680
1787083900.029482
1787083900.191132
1787083900.358313
1787083900.528441
1787083900.696000
1787083900.863100
1787083901.029699
1787083901.192198
1787083901.358664
1787083901.525491
1787083901.691248
1787083901.856004
1787083902.017048
1787083902.178050
1787083902.345608
1787083902.513280
1787083902.680278
1787083902.841630
1787083903.006838
1787083903.173860
1787083903.333290
1787083903.493971
1787083903.660750
1787083903.827632
1787083903.994896
1787083904.161540
1787083904.330299
1787083904.497152
1787083904.665511
1787083904.833771
1787083905.000651
1787083905.169242
1787083905.340240
1787083905.500640
1787083905.668789
1787083905.837177
1787083905.999591
1787083906.160486
1787083906.328248
1787083906.492195
1787083906.662876
1787083906.832393
1787083907.003293
1787083907.167216
1787083907.336784
1787083907.507634
1787083907.677011
1787083907.849287
1787083908.021093
1787083908.193905
1787083908.365946
1787083908.538387
1787083908.710975
1787083908.882903
1787083909.057060
1787083909.228938
1787083909.398692
1787083909.567295
1787083909.738363
1787083909.908427
1787083910.076993
1787083910.247150
1787083910.415498
1787083910.580472
1787083910.750988
1787083910.921404
1787083911.091917
1787083911.261218
1787083911.427731
1787083911.597284
1787083911.766944
1787083911.940966
1787083912.111086
1787083912.279706
1787083912.450220
1787083912.613175
1787083912.782971
1787083912.951705
1787083913.120563
1787083913.288760
1787083913.451153
1787083913.613961
1787083913.782545
1787083913.951968
1787083914.121317
1787083914.291459
1787083914.461457
1787083914.628087
1787083914.798255
1787083914.971492
1787083915.139082
1787083915.309994
1787083915.478825
1787083915.651532
1787083915.814318
1787083915.984303
1787083916.156588
1787083916.323872
1787083916.495613
1787083916.660472
1787083916.831089
1787083917.002672
1787083917.177548
1787083917.342139
1787083917.519410
1787083917.690029
1787083917.859971
1787083918.030883
1787083918.195725
1787083918.365497
1787083918.536956
1787083918.706634
1787083918.875317
1787083919.048069
1787083919.217011
1787083919.387086
1787083919.559378
1787083919.728570
1787083919.900077
1787083920.068781
1787083920.232787
1787083920.396212
1787083920.559691
1787083920.727420
1787083920.897555
1787083921.066201
1787083921.235466
1787083921.402280
1787083921.572749
1787083921.741649
1787083921.911722
1787083922.080545
1787083922.250712
1787083922.418754
1787083922.588323
1787083922.758495
1787083922.927873
1787083923.095753
1787083923.263837
1787083923.434270
1787083923.604843
1787083923.773517
1787083923.948177
1787083924.109556
1787083924.278280
1787083924.438938
1787083924.608588
1787083924.781662
1787083924.953278
1787083925.122030
1787083925.294271
1787083925.463330
1787083925.633844
1787083925.801787
1787083925.972962
1787083926.143379
1787083926.312853
1787083926.489098
1787083926.650386
1787083926.819432
1787083926.988517
1787083927.158223
1787083927.323539
1787083927.492045
1787083927.660866
1787083927.830244
1787083928.000499
1787083928.169438
1787083928.334535
1787083928.504619
1787083928.671714
1787083928.841587
1787083929.009730
1787083929.175947
1787083929.345692
1787083929.516444
1787083929.685811
1787083929.850190
1787083930.014501
1787083930.183558
1787083930.353398
1787083930.521773
1787083930.690343
1787083930.861733
1787083931.032354
1787083931.199629
1787083931.364732
1787083931.532460
1787083931.702472
1787083931.870211
1787083932.036735
1787083932.209636
1787083932.364151
1787083932.532782
1787083932.695963
1787083932.866635
1787083933.029889
1787083933.192788
1787083933.357443
1787083933.526259
1787083933.693857
1787083933.856595
1787083934.025530
1787083934.201160
1787083934.368334
1787083934.538307
1787083934.700710
1787083934.869678
1787083935.037487
1787083935.197558
1787083935.365434
1787083935.534684
1787083935.696465
1787083935.858655
1787083936.023261
1787083936.192310
1787083936.356182
1787083936.522225
1787083936.681887
1787083936.851564
1787083937.018708
1787083937.186867
1787083937.354741
1787083937.523671
1787083937.691715
1787083937.860422
1787083938.027359
1787083938.195574
1787083938.365255
1787083938.532696
1787083938.698183
1787083938.865904
1787083939.032600
1787083939.195757
1787083939.363375
1787083939.531876
1787083939.700244
1787083939.866966
1787083940.037458
1787083940.205590
1787083940.376264
1787083940.544914
1787083940.711486
1787083940.874019
1787083941.041188
1787083941.208873
1787083941.376327
1787083941.545571
1787083941.712933
1787083941.874820
1787083942.043050
1787083942.204017
1787083942.370149
1787083942.537653
1787083942.705390
1787083942.872656
1787083943.040635
1787083943.206510
1787083943.368471
1787083943.537425
1787083943.706571
1787083943.875704
1787083944.042645
1787083944.212041
1787083944.375780
1787083944.542031
1787083944.711164
1787083944.877529
1787083945.044719
1787083945.212480
1787083945.375124
1787083945.543072
1787083945.716098
1787083945.877639
1787083946.047496
1787083946.216343
1787083946.385805
1787083946.551100
1787083946.713681
1787083946.883466
1787083947.054535
1787083947.222837
1787083947.385343
1787083947.554184
1787083947.722590
1787083947.891220
1787083948.058969
1787083948.227329
1787083948.393057
1787083948.561308
1787083948.728677
1787083948.895405
1787083949.064001
1787083949.230548
1787083949.397991
1787083949.566616
1787083949.736784
1787083949.905597
1787083950.073468
1787083950.237455
1787083950.398215
1787083950.574883
1787083950.741009
1787083950.903346
1787083951.073499
1787083951.237615
1787083951.408759
1787083951.577654
1787083951.748662
1787083951.918563
1787083952.090043
1787083952.259676
1787083952.430545
1787083952.603330
1787083952.775526
1787083952.948969
1787083953.124655
1787083953.293835
1787083953.465232
1787083953.640350
1787083953.811654
1787083953.982500
1787083954.154112
1787083954.319154
1787083954.489804
1787083954.661684
1787083954.831791
1787083955.001106
1787083955.165831
1787083955.338152
1787083955.509133
1787083955.679054
1787083955.852058
1787083956.024761
1787083956.188254
1787083956.358185
1787083956.530202
1787083956.700905
1787083956.868381
1787083957.035003
1787083957.198023
1787083957.367065
1787083957.536608
1787083957.704991
1787083957.872378
1787083958.041581
1787083958.212370
1787083958.384173
1787083958.550991
1787083958.722450
1787083958.887959
1787083959.058945
1787083959.230455
1787083959.399926
1787083959.570234
1787083959.741450
1787083959.912265
1787083960.084462
1787083960.258483
1787083960.430805
1787083960.604725
1787083960.778080
1787083960.949852
1787083961.122532
1787083961.289308
1787083961.462008
1787083961.635452
1787083961.805932
1787083961.972194
1787083962.145384
1787083962.313323
1787083962.485112
1787083962.656636
1787083962.828281
1787083962.998306
1787083963.170950
1787083963.343326
1787083963.514703
1787083963.685673
1787083963.854737
1787083964.025151
1787083964.195801
1787083964.365638
1787083964.534412
1787083964.704953
1787083964.878034
1787083965.040971
1787083965.211302
1787083965.381867
1787083965.552666
1787083965.723245
1787083965.895441
1787083966.065399
1787083966.235590
1787083966.406255
1787083966.576487
1787083966.750381
1787083966.915414
1787083967.087217
1787083967.253660
1787083967.424242
1787083967.594530
1787083967.759641
1787083967.928959
1787083968.101592
1787083968.271594
1787083968.441947
1787083968.613670
1787083968.778984
1787083968.948504
1787083969.119832
1787083969.290079
1787083969.448689
1787083969.618547
1787083969.787753
1787083969.956536
1787083970.125398
1787083970.294271
1787083970.464044
1787083970.632442
1787083970.795471
1787083970.967255
1787083971.130519
1787083971.293924
1787083971.462860
1787083971.631252
1787083971.798772
1787083971.970683
1787083972.134542
1787083972.304785
1787083972.477470
1787083972.646096
1787083972.813546
1787083972.976455
1787083973.138574
1787083973.311374
1787083973.479727
1787083973.646427
1787083973.816883
1787083973.988420
1787083974.155836
1787083974.326491
1787083974.493342
1787083974.663447
1787083974.831904
1787083974.999391
1787083975.168857
1787083975.337026
1787083975.508813
1787083975.670002
1787083975.838815
1787083976.006589
1787083976.174887
1787083976.343291
1787083976.511997
1787083976.682791
1787083976.851156
1787083977.018889
1787083977.187453
1787083977.355941
1787083977.525820
1787083977.689063
1787083977.856447
1787083978.025544
1787083978.193144
1787083978.358421
1787083978.527264
1787083978.696588
1787083978.866082
1787083979.037033
1787083979.204763
1787083979.373328
1787083979.540642
1787083979.708394
1787083979.881351
1787083980.049356
1787083980.211707
1787083980.378791
1787083980.546465
1787083980.714678
1787083980.875777
1787083981.043419
1787083981.211022
1787083981.372577
1787083981.537174
1787083981.704853
1787083981.871904
1787083982.041451
1787083982.212194
1787083982.379491
1787083982.547539
1787083982.714766
1787083982.883253
1787083983.050374
1787083983.216616
1787083983.385490
1787083983.553331
1787083983.721771
1787083983.897839
1787083984.058593
1787083984.226869
1787083984.394526
1787083984.567255
1787083984.737083
1787083984.904376
1787083985.066795
1787083985.232216
1787083985.394690
1787083985.560845
1787083985.729045
1787083985.897713
1787083986.063616
1787083986.234271
1787083986.400518
1787083986.569085
1787083986.737537
1787083986.908243
1787083987.075285
1787083987.243721
1787083987.406272
1787083987.575773
1787083987.736790
1787083987.906340
1787083988.078368
1787083988.243957
1787083988.404224
1787083988.571348
1787083988.737927
1787083988.907680
1787083989.074891
1787083989.242162
1787083989.409707
1787083989.577826
1787083989.744463
1787083989.911699
1787083990.073130
1787083990.239125
1787083990.399784
1787083990.566314
1787083990.736594
1787083990.895515
1787083991.064461
1787083991.230004
1787083991.396506
1787083991.566139
1787083991.728209
1787083991.893142
1787083992.060058
1787083992.231986
1787083992.396928
1787083992.563332
1787083992.730321
1787083992.893626
1787083993.058300
1787083993.220908
1787083993.379324
1787083993.542626
1787083993.706751
1787083993.871242
1787083994.036436
1787083994.201985
1787083994.364628
1787083994.529925
1787083994.689828
1787083994.856092
1787083995.021221
1787083995.186314
1787083995.351855
1787083995.515106
1787083995.680356
1787083995.844638
1787083996.010155
1787083996.175837
1787083996.340673
1787083996.499845
1787083996.664621
1787083996.831648
1787083996.990919
1787083997.156545
1787083997.321162
1787083997.488421
1787083997.655299
1787083997.816628
1787083997.981311
1787083998.148511
1787083998.313561
1787083998.480884
1787083998.646341
1787083998.811404
1787083998.974098
1787083999.138938
1787083999.304813
1787083999.469414
1787083999.634964
1787083999.800479
1787083999.967016
1787084000.133763
1787084000.301466
1787084000.462251
1787084000.628519
1787084000.793341
1787084000.957648
1787084001.125023
1787084001.290670
1787084001.454595
1787084001.619906
1787084001.779376
1787084001.945010
1787084002.110023
1787084002.275853
1787084002.441854
1787084002.608824
1787084002.775311
1787084002.943370
1787084003.105162
1787084003.272283
1787084003.437014
1787084003.604212
1787084003.769757
1787084003.938264
1787084004.105343
1787084004.274426
1787084004.441362
1787084004.609396
1787084004.768814
1787084004.934747
1787084005.095261
1787084005.256270
1787084005.421829
1787084005.581650
1787084005.750743
1787084005.911094
1787084006.077034
1787084006.243217
1787084006.409237
1787084006.574977
1787084006.743654
1787084006.911679
1787084007.070737
1787084007.235955
1787084007.401200
1787084007.569803
1787084007.734752
1787084007.895536
1787084008.060662
1787084008.227578
1787084008.394421
1787084008.563500
1787084008.736201
1787084008.895476
1787084009.063768
1787084009.230735
1787084009.390679
1787084009.559596
1787084009.727596
1787084009.895564
1787084010.062087
1787084010.231280
1787084010.398110
1787084010.568141
1787084010.739544
1787084010.907816
1787084011.076845
1787084011.243857
1787084011.407743
1787084011.574632
1787084011.737310
1787084011.908504
1787084012.077848
1787084012.248775
1787084012.422297
1787084012.594557
1787084012.768964
1787084012.939180
1787084013.110915
1787084013.280222
1787084013.454442
1787084013.623729
1787084013.794063
1787084013.964731
1787084014.132748
1787084014.300496
1787084014.469407
1787084014.632362
1787084014.802099
1787084014.969494
1787084015.142714
1787084015.304246
1787084015.470780
1787084015.634684
1787084015.801040
1787084015.964775
1787084016.130268
1787084016.290653
1787084016.457443
1787084016.626580
1787084016.796190
1787084016.958975
1787084017.121376
1787084017.289164
1787084017.457408
1787084017.626342
1787084017.795730
1787084017.966026
1787084018.134794
1787084018.302953
1787084018.468848
1787084018.629836
1787084018.791673
1787084018.960239
1787084019.121322
1787084019.288563
1787084019.456861
1787084019.623483
1787084019.791897
1787084019.960119
1787084020.127912
1787084020.298742
1787084020.465786
1787084020.632504
1787084020.793592
1787084020.959532
1787084021.127759
1787084021.298280
1787084021.468747
1787084021.636934
1787084021.806182
1787084021.967581
1787084022.133919
1787084022.301574
1787084022.466649
1787084022.630637
1787084022.798251
1787084022.965631
1787084023.133769
1787084023.302059
1787084023.471498
1787084023.640052
1787084023.809375
1787084023.978626
1787084024.148025
1787084024.317970
1787084024.487981
1787084024.656372
1787084024.827028
1787084024.996396
1787084025.166159
1787084025.331863
1787084025.503436
1787084025.675695
1787084025.847774
1787084026.019166
1787084026.190032
1787084026.358469
1787084026.529292
1787084026.700260
1787084026.871946
1787084027.044865
1787084027.217346
1787084027.386918
1787084027.559609
1787084027.732422
1787084027.904199
1787084028.075162
1787084028.244327
1787084028.415914
1787084028.580974
1787084028.753311
1787084028.925517
1787084029.097490
1787084029.270367
1787084029.441638
1787084029.613745
1787084029.786454
1787084029.957322
1787084030.128989
1787084030.300833
1787084030.465555
1787084030.636131
1787084030.807975
1787084030.978232
1787084031.151766
1787084031.323031
1787084031.495700
1787084031.668396
1787084031.841349
1787084032.014368
1787084032.179470
1787084032.350403
1787084032.522772
1787084032.691764
1787084032.864456
1787084033.034848
1787084033.199988
1787084033.373885
1787084033.543468
1787084033.706921
1787084033.877887
1787084034.049106
1787084034.213597
1787084034.383840
1787084034.555275
1787084034.719934
1787084034.890982
1787084035.059610
1787084035.233197
1787084035.404628
1787084035.574564
1787084035.745217
1787084035.915174
1787084036.083570
1787084036.254905
1787084036.424554
1787084036.595748
1787084036.769059
1787084036.934985
1787084037.103919
1787084037.265607
1787084037.435220
1787084037.607462
1787084037.777044
1787084037.942851
1787084038.113261
1787084038.283463
1787084038.454925
1787084038.625995
1787084038.797311
1787084038.967484
1787084039.131504
1787084039.301486
1787084039.470191
1787084039.642088
1787084039.811932
1787084039.980802
1787084040.146707
1787084040.313007
1787084040.475360
1787084040.641191
1787084040.804620
1787084040.967162
1787084041.130252
1787084041.299813
1787084041.470431
1787084041.638162
1787084041.809726
1787084041.979341
1787084042.148346
1787084042.316663
1787084042.486999
1787084042.653649
1787084042.822759
1787084042.992665
1787084043.161968
1787084043.331463
1787084043.500740
1787084043.669338
1787084043.840132
1787084044.011125
1787084044.182723
1787084044.348689
1787084044.513670
1787084044.682125
1787084044.852881
1787084045.016946
1787084045.182596
1787084045.346204
1787084045.515074
1787084045.677567
1787084045.847802
1787084046.016468
1787084046.179803
1787084046.350260
1787084046.519376
1787084046.690167
1787084046.859762
1787084047.029639
1787084047.202971
1787084047.371363
1787084047.543374
1787084047.707383
1787084047.877717
1787084048.041453
1787084048.209895
1787084048.372935
1787084048.544160
1787084048.714739
1787084048.878865
1787084049.049990
1787084049.219028
1787084049.387178
1787084049.558195
1787084049.731530
1787084049.901433
1787084050.071663
1787084050.236392
1787084050.405667
1787084050.575743
1787084050.746804
1787084050.916772
1787084051.086343
1787084051.256320
1787084051.426201
1787084051.597269
1787084051.762003
1787084051.935930
1787084052.107625
1787084052.275416
1787084052.443570
1787084052.611187
1787084052.781430
1787084052.950335
1787084053.119763
1787084053.289234
1787084053.458949
1787084053.630532
1787084053.800349
1787084053.968982
1787084054.138794
1787084054.308251
1787084054.478421
1787084054.647451
1787084054.819423
1787084054.990502
1787084055.160567
1787084055.331556
1787084055.502335
1787084055.671782
1787084055.840795
1787084056.011568
1787084056.176833
1787084056.347358
1787084056.517166
1787084056.686859
1787084056.857309
1787084057.025561
1787084057.190053
1787084057.352418
1787084057.521070
1787084057.690382
1787084057.859753
1787084058.030069
1787084058.200854
1787084058.373094
1787084058.543032
1787084058.713559
1787084058.879945
1787084059.053008
1787084059.221572
1787084059.388867
1787084059.559801
1787084059.729317
1787084059.899187
1787084060.068675
1787084060.238048
1787084060.407711
1787084060.577975
1787084060.745505
1787084060.908405
1787084061.076791
1787084061.246238
1787084061.414613
1787084061.583420
1787084061.752604
1787084061.922813
1787084062.090064
1787084062.251595
1787084062.421462
1787084062.590583
1787084062.757101
1787084062.925516
1787084063.096401
1787084063.265549
1787084063.434676
1787084063.606231
1787084063.768836
1787084063.937380
1787084064.105071
1787084064.267784
1787084064.436685
1787084064.606955
1787084064.776655
1787084064.944220
1787084065.106688
1787084065.274311
1787084065.436110
1787084065.605849
1787084065.775151
1787084065.947535
1787084066.114484
1787084066.280136
1787084066.440543
1787084066.608899
1787084066.776728
1787084066.946208
1787084067.115628
1787084067.286480
1787084067.456059
1787084067.623099
1787084067.792577
1787084067.958827
1787084068.127538
1787084068.296680
1787084068.470163
1787084068.634866
1787084068.803526
1787084068.973948
1787084069.142032
1787084069.310182
1787084069.481457
1787084069.651873
1787084069.821432
1787084069.989514
1787084070.159090
1787084070.325310
1787084070.491979
1787084070.661445
1787084070.832065
1787084071.003223
1787084071.167330
1787084071.337096
1787084071.506247
1787084071.676554
1787084071.844620
1787084072.006711
1787084072.176109
1787084072.341729
1787084072.510902
1787084072.679278
1787084072.849079
1787084073.017597
1787084073.180937
1787084073.349378
1787084073.516798
1787084073.685388
1787084073.855372
1787084074.024626
1787084074.194733
1787084074.364908
1787084074.535418
1787084074.705603
1787084074.875790
1787084075.048041
1787084075.217447
1787084075.387993
1787084075.553865
1787084075.723027
1787084075.893217
1787084076.057287
1787084076.225595
1787084076.397258
1787084076.568533
1787084076.738228
1787084076.906084
1787084077.076483
1787084077.245449
1787084077.410997
1787084077.581552
1787084077.748953
1787084077.918782
1787084078.089493
1787084078.258785
1787084078.428818
1787084078.598852
1787084078.768064
1787084078.936753
1787084079.103683
1787084079.270063
1787084079.438629
1787084079.608172
1787084079.778304
1787084079.948303
1787084080.119078
1787084080.289988
1787084080.459156
1787084080.628716
1787084080.798188
1787084080.966563
1787084081.137749
1787084081.310624
1787084081.480271
1787084081.650277
1787084081.820506
1787084081.990674
1787084082.159854
1787084082.329926
1787084082.499922
1787084082.669827
1787084082.839496
1787084083.008269
1787084083.178488
1787084083.348175
1787084083.510713
1787084083.672821
1787084083.840878
1787084084.010771
1787084084.173207
1787084084.336070
1787084084.502929
1787084084.672216
1787084084.839935
1787084085.009286
1787084085.177989
1787084085.344294
1787084085.517061
1787084085.678564
1787084085.843473
1787084086.009133
1787084086.178238
1787084086.349382
1787084086.518336
1787084086.688499
1787084086.855780
1787084087.023171
1787084087.190757
1787084087.365379
1787084087.536366
1787084087.697450
1787084087.862972
1787084088.031276
1787084088.199014
1787084088.369630
1787084088.536573
1787084088.702755
1787084088.871467
1787084089.036794
1787084089.198660
1787084089.368936
1787084089.539568
1787084089.707985
1787084089.878510
1787084090.040312
1787084090.205941
1787084090.377241
1787084090.545894
1787084090.713686
1787084090.874788
1787084091.039886
1787084091.208240
1787084091.375143
1787084091.541377
1787084091.705401
1787084091.871915
1787084092.038133
1787084092.205867
1787084092.365122
1787084092.526746
1787084092.686091
1787084092.855422
1787084093.016347
1787084093.184146
1787084093.346347
1787084093.513884
1787084093.680983
1787084093.847667
1787084094.013698
1787084094.173466
1787084094.344035
1787084094.514919
1787084094.682860
1787084094.849579
1787084095.015489
1787084095.181331
1787084095.341401
1787084095.506925
1787084095.673628
1787084095.837398
1787084096.003599
1787084096.172964
1787084096.333093
1787084096.497311
1787084096.664421
1787084096.831235
1787084096.998049
1787084097.162568
1787084097.324551
1787084097.484964
1787084097.652378
1787084097.816906
1787084097.983661
1787084098.149989
1787084098.316097
1787084098.485512
1787084098.649803
1787084098.816376
1787084098.985852
1787084099.152395
1787084099.321260
1787084099.488786
1787084099.656557
1787084099.825165
1787084099.992607
1787084100.161994
1787084100.329698
1787084100.494995
1787084100.666373
1787084100.835569
1787084100.996523
1787084101.164944
1787084101.331298
1787084101.499668
1787084101.666664
1787084101.836754
1787084102.004943
1787084102.171427
1787084102.335407
1787084102.500395
1787084102.670147
1787084102.836166
1787084103.006042
1787084103.175033
1787084103.336440
1787084103.503052
1787084103.669842
1787084103.837777
1787084104.004180
1787084104.167062
1787084104.333488
1787084104.501279
1787084104.667514
1787084104.835361
1787084105.004025
1787084105.169796
1787084105.330417
1787084105.494552
1787084105.661288
1787084105.827252
1787084105.993841
1787084106.154794
1787084106.315003
1787084106.482697
1787084106.648466
1787084106.815564
1787084106.983229
1787084107.148195
1787084107.307833
1787084107.474452
1787084107.641652
1787084107.807135
1787084107.973626
1787084108.138700
1787084108.305124
1787084108.473713
1787084108.637117
1787084108.804983
1787084108.971169
1787084109.136981
1787084109.303290
1787084109.474402
1787084109.638109
1787084109.807945
1787084109.972538
1787084110.138436
1787084110.304132
1787084110.470958
1787084110.635481
1787084110.800051
1787084110.966835
1787084111.133158
1787084111.302803
1787084111.463733
1787084111.629981
1787084111.795862
1787084111.961523
1787084112.133079
1787084112.292324
1787084112.461237
1787084112.627621
1787084112.793408
1787084112.958431
1787084113.124409
1787084113.287102
1787084113.453112
1787084113.614292
1787084113.778661
1787084113.945308
1787084114.112893
1787084114.274888
1787084114.443180
1787084114.609975
1787084114.776950
1787084114.944569
1787084115.112767
1787084115.278111
1787084115.447701
1787084115.615120
1787084115.782020
1787084115.949389
1787084116.115559
1787084116.282923
1787084116.450215
1787084116.616390
1787084116.783250
1787084116.951175
1787084117.121064
1787084117.288740
1787084117.457800
1787084117.625310
1787084117.794041
1787084117.961963
1787084118.125454
1787084118.296165
1787084118.467190
1787084118.632138
1787084118.803840
1787084118.968719
1787084119.136506
1787084119.302921
1787084119.464411
1787084119.632856
1787084119.800379
1787084119.966747
1787084120.134789
1787084120.303543
1787084120.464801
1787084120.634734
1787084120.800240
1787084120.966165
1787084121.133698
1787084121.300004
1787084121.468020
1787084121.636606
1787084121.804866
1787084121.973562
1787084122.135547
1787084122.304842
1787084122.465796
1787084122.633089
