1787077561.949870
1787077562.109542
1787077562.264915
1787077562.417772
1787077562.566037
1787077562.715306
1787077562.870213
1787077563.028390
1787077563.184842
1787077563.344185
1787077563.493607
1787077563.645487
1787077563.805055
1787077563.956469
1787077564.113977
1787077564.269053
1787077564.425214
1787077564.583041
1787077564.739294
1787077564.896011
1787077565.053177
1787077565.208602
1787077565.368179
1787077565.524408
1787077565.680132
1787077565.831737
1787077565.982005
1787077566.137394
1787077566.295784
1787077566.445087
1787077566.601584
1787077566.758530
1787077566.914754
1787077567.063940
1787077567.219597
1787077567.377278
1787077567.533967
1787077567.691275
1787077567.847965
1787077567.997752
1787077568.147458
1787077568.297321
1787077568.452698
1787077568.607271
1787077568.762837
1787077568.920011
1787077569.073821
1787077569.223836
1787077569.372520
1787077569.528153
1787077569.681821
1787077569.837352
1787077569.984845
1787077570.133788
1787077570.290860
1787077570.445312
1787077570.599232
1787077570.750315
1787077570.896725
1787077571.052447
1787077571.198949
1787077571.353872
1787077571.506679
1787077571.659492
1787077571.814033
1787077571.967369
1787077572.121268
1787077572.263019
1787077572.415216
1787077572.562075
1787077572.708979
1787077572.860126
1787077573.014424
1787077573.166173
1787077573.317280
1787077573.472340
1787077573.625006
1787077573.779040
1787077573.925568
1787077574.079711
1787077574.224802
1787077574.374928
1787077574.526104
1787077574.676924
1787077574.827826
1787077574.972512
1787077575.124262
1787077575.275264
1787077575.424566
1787077575.575978
1787077575.724052
1787077575.874772
1787077576.026798
1787077576.176276
1787077576.327170
1787077576.471163
1787077576.622166
1787077576.774829
1787077576.926166
1787077577.071345
1787077577.221965
1787077577.375156
1787077577.527996
1787077577.681884
1787077577.833946
1787077577.985583
1787077578.134321
1787077578.286839
1787077578.440383
1787077578.591910
1787077578.736126
1787077578.882182
1787077579.034063
1787077579.190244
1787077579.340145
1787077579.494582
1787077579.648161
1787077579.794840
1787077579.942444
1787077580.094038
1787077580.246024
1787077580.399658
1787077580.552939
1787077580.704946
1787077580.858054
1787077581.013463
1787077581.166679
1787077581.319820
1787077581.473908
1787077581.621020
1787077581.767466
1787077581.923425
1787077582.079281
1787077582.233695
1787077582.388960
1787077582.540781
1787077582.692842
1787077582.838464
1787077582.987844
1787077583.140749
1787077583.287502
1787077583.442190
1787077583.596349
1787077583.749356
1787077583.903719
1787077584.053957
1787077584.208857
1787077584.364868
1787077584.522202
1787077584.673077
1787077584.823179
1787077584.978971
1787077585.135891
1787077585.291803
1787077585.449461
1787077585.605244
1787077585.763143
1787077585.922158
1787077586.075877
1787077586.231920
1787077586.387743
1787077586.544481
1787077586.705406
1787077586.858502
1787077587.017910
1787077587.179906
1787077587.332895
1787077587.492745
1787077587.652344
1787077587.812129
1787077587.974014
1787077588.135083
1787077588.289399
1787077588.454933
1787077588.617677
1787077588.779326
1787077588.942086
1787077589.098511
1787077589.263470
1787077589.422228
1787077589.588148
1787077589.749581
1787077589.912806
1787077590.070002
1787077590.232993
1787077590.394791
1787077590.557089
1787077590.720811
1787077590.876482
1787077591.038547
1787077591.196117
1787077591.352397
1787077591.517294
1787077591.679461
1787077591.840443
1787077592.001869
1787077592.165027
1787077592.328239
1787077592.495993
1787077592.654172
1787077592.817681
1787077592.976058
1787077593.138733
1787077593.306813
1787077593.469532
1787077593.635660
1787077593.793630
1787077593.960244
1787077594.118330
1787077594.284726
1787077594.442647
1787077594.607315
1787077594.771911
1787077594.939347
1787077595.097686
1787077595.263566
1787077595.428831
1787077595.593722
1787077595.769881
1787077595.933110
1787077596.100499
1787077596.265533
1787077596.431410
1787077596.597325
1787077596.765448
1787077596.932209
1787077597.095636
1787077597.262626
1787077597.429060
1787077597.596809
1787077597.761738
1787077597.928147
1787077598.094064
1787077598.254634
1787077598.421690
1787077598.584265
1787077598.750705
1787077598.917218
1787077599.084247
1787077599.245689
1787077599.413985
1787077599.574487
1787077599.738573
1787077599.904808
1787077600.070127
1787077600.237709
1787077600.403402
1787077600.563334
1787077600.730412
1787077600.896215
1787077601.056460
1787077601.221782
1787077601.386640
1787077601.551342
1787077601.718455
1787077601.883090
1787077602.050103
1787077602.214920
1787077602.382472
1787077602.542701
1787077602.707426
1787077602.875242
1787077603.041651
1787077603.204342
1787077603.370649
1787077603.538162
1787077603.708337
1787077603.877057
1787077604.047438
1787077604.218653
1787077604.381690
1787077604.555391
1787077604.723624
1787077604.891260
1787077605.060534
1787077605.227628
1787077605.394697
1787077605.562176
1787077605.730220
1787077605.898499
1787077606.060229
1787077606.226753
1787077606.393576
1787077606.561579
1787077606.730358
1787077606.898691
1787077607.059528
1787077607.215577
1787077607.382387
1787077607.548633
1787077607.717600
1787077607.884073
1787077608.050320
1787077608.217521
1787077608.386905
1787077608.555145
1787077608.724138
1787077608.893911
1787077609.060819
1787077609.229686
1787077609.399601
1787077609.568469
1787077609.739331
1787077609.912411
1787077610.081292
1787077610.250736
1787077610.413726
1787077610.582137
1787077610.745659
1787077610.913547
1787077611.081302
1787077611.252834
1787077611.415088
1787077611.584090
1787077611.752489
1787077611.922335
1787077612.084895
1787077612.248230
1787077612.418559
1787077612.587444
1787077612.757509
1787077612.928238
1787077613.098347
1787077613.265369
1787077613.438463
1787077613.609862
1787077613.786888
1787077613.957829
1787077614.134058
1787077614.298268
1787077614.469853
1787077614.640299
1787077614.810484
1787077614.982064
1787077615.148695
1787077615.320301
1787077615.493503
1787077615.664706
1787077615.833247
1787077615.997977
1787077616.166766
1787077616.338544
1787077616.511219
1787077616.681937
1787077616.851019
1787077617.020113
1787077617.189948
1787077617.359077
1787077617.532565
1787077617.705197
1787077617.876121
1787077618.047585
1787077618.218689
1787077618.388345
1787077618.553565
1787077618.717337
1787077618.885117
1787077619.056445
1787077619.227211
1787077619.396646
1787077619.566726
1787077619.736452
1787077619.904611
1787077620.077319
1787077620.241735
1787077620.412986
1787077620.583070
1787077620.748793
1787077620.921548
1787077621.095277
1787077621.270737
1787077621.441287
1787077621.612454
1787077621.781519
1787077621.951599
1787077622.116007
1787077622.286252
1787077622.457087
1787077622.621635
1787077622.792476
1787077622.955745
1787077623.124661
1787077623.292997
1787077623.463797
1787077623.634019
1787077623.803628
1787077623.973272
1787077624.145505
1787077624.312328
1787077624.480879
1787077624.649533
1787077624.818685
1787077624.989771
1787077625.159597
1787077625.335073
1787077625.505557
1787077625.677249
1787077625.846559
1787077626.015960
1787077626.194319
1787077626.363831
1787077626.533304
1787077626.704833
1787077626.873662
1787077627.042738
1787077627.212683
1787077627.380881
1787077627.551576
1787077627.720353
1787077627.888971
1787077628.056624
1787077628.226770
1787077628.396872
1787077628.567969
1787077628.740502
1787077628.910752
1787077629.081895
1787077629.255362
1787077629.425283
1787077629.594279
1787077629.764523
1787077629.934937
1787077630.105408
1787077630.276166
1787077630.446172
1787077630.616244
1787077630.786483
1787077630.955060
1787077631.126522
1787077631.290427
1787077631.458890
1787077631.631152
1787077631.800695
1787077631.968969
1787077632.134310
1787077632.304261
1787077632.475101
1787077632.641602
1787077632.812027
1787077632.982358
1787077633.152534
1787077633.323162
1787077633.495372
1787077633.666416
1787077633.837605
1787077634.006740
1787077634.175211
1787077634.346236
1787077634.515544
1787077634.687355
1787077634.857326
1787077635.030163
1787077635.198024
1787077635.371618
1787077635.546606
1787077635.722835
1787077635.901091
1787077636.071184
1787077636.244859
1787077636.416521
1787077636.585630
1787077636.762280
1787077636.936893
1787077637.108848
1787077637.288256
1787077637.460695
1787077637.634867
1787077637.806326
1787077637.977925
1787077638.149220
1787077638.320260
1787077638.492946
1787077638.658699
1787077638.827428
1787077638.998578
1787077639.166651
1787077639.340045
1787077639.509883
1787077639.680272
1787077639.852526
1787077640.024892
1787077640.196331
1787077640.369980
1787077640.536885
1787077640.706903
1787077640.873095
1787077641.045730
1787077641.219294
1787077641.383587
1787077641.555151
1787077641.727251
1787077641.895996
1787077642.068132
1787077642.241727
1787077642.414129
1787077642.585621
1787077642.757801
1787077642.924471
1787077643.091274
1787077643.262998
1787077643.433907
1787077643.607675
1787077643.781504
1787077643.953360
1787077644.123795
1787077644.293059
1787077644.465120
1787077644.634896
1787077644.801085
1787077644.974040
1787077645.146591
1787077645.314760
1787077645.485564
1787077645.659311
1787077645.829752
1787077645.996078
1787077646.167712
1787077646.335981
1787077646.505901
1787077646.676503
1787077646.844770
1787077647.015682
1787077647.189369
1787077647.363727
1787077647.531743
1787077647.695672
1787077647.864222
1787077648.032426
1787077648.202866
1787077648.373053
1787077648.541791
1787077648.712968
1787077648.882225
1787077649.052483
1787077649.226415
1787077649.391605
1787077649.566952
1787077649.736347
1787077649.907271
1787077650.082129
1787077650.248812
1787077650.414363
1787077650.587929
1787077650.760729
1787077650.933018
1787077651.098258
1787077651.271240
1787077651.442774
1787077651.608170
1787077651.783654
1787077651.957083
1787077652.121855
1787077652.295187
1787077652.466522
1787077652.638596
1787077652.813260
1787077652.985541
1787077653.157292
1787077653.325065
1787077653.496919
1787077653.665327
1787077653.836718
1787077654.011862
1787077654.182218
1787077654.357569
1787077654.536828
1787077654.716366
1787077654.886713
1787077655.063640
1787077655.243712
1787077655.421563
1787077655.599175
1787077655.776510
1787077655.954294
1787077656.130943
1787077656.306084
1787077656.480507
1787077656.656322
1787077656.834050
1787077657.009115
1787077657.186005
1787077657.356286
1787077657.520957
1787077657.690164
1787077657.860493
1787077658.033542
1787077658.201988
1787077658.371517
1787077658.537776
1787077658.713396
1787077658.882124
1787077659.049275
1787077659.224521
1787077659.397671
1787077659.568801
1787077659.742131
1787077659.914387
1787077660.084998
1787077660.253212
1787077660.426612
1787077660.597357
1787077660.766672
1787077660.941368
1787077661.113850
1787077661.286246
1787077661.454827
1787077661.625004
1787077661.796727
1787077661.967076
1787077662.139969
1787077662.311331
1787077662.478367
1787077662.655303
1787077662.827529
1787077662.999215
1787077663.168881
1787077663.338580
1787077663.511812
1787077663.683297
1787077663.856040
1787077664.029780
1787077664.202588
1787077664.375626
1787077664.550803
1787077664.723219
1787077664.903350
1787077665.080209
1787077665.254464
1787077665.427235
1787077665.600635
1787077665.774585
1787077665.946887
1787077666.120029
1787077666.289870
1787077666.461070
1787077666.632091
1787077666.806455
1787077666.975938
1787077667.149979
1787077667.325521
1787077667.492082
1787077667.665368
1787077667.837115
1787077668.011311
1787077668.184485
1787077668.354922
1787077668.526992
1787077668.695771
1787077668.862671
1787077669.034950
1787077669.212983
1787077669.378997
1787077669.550094
1787077669.724056
1787077669.896954
1787077670.068415
1787077670.243516
1787077670.416354
1787077670.588631
1787077670.762039
1787077670.936508
1787077671.106941
1787077671.282676
1787077671.450144
1787077671.627411
1787077671.800407
1787077671.974986
1787077672.145878
1787077672.315325
1787077672.487686
1787077672.658813
1787077672.825558
1787077672.997939
1787077673.172651
1787077673.346086
1787077673.516632
1787077673.690509
1787077673.862691
1787077674.034115
1787077674.209182
1787077674.388626
1787077674.566747
1787077674.741262
1787077674.914986
1787077675.088283
1787077675.262042
1787077675.435356
1787077675.608394
1787077675.783169
1787077675.956870
1787077676.128935
1787077676.304123
1787077676.478623
1787077676.655242
1787077676.829335
1787077677.002401
1787077677.170504
1787077677.348377
1787077677.516085
1787077677.688692
1787077677.864020
1787077678.037491
1787077678.214883
1787077678.383096
1787077678.556772
1787077678.728701
1787077678.900018
1787077679.074172
1787077679.246733
1787077679.423073
1787077679.596149
1787077679.770522
1787077679.942673
1787077680.111690
1787077680.283950
1787077680.443353
1787077680.615636
1787077680.787163
1787077680.958304
1787077681.129637
1787077681.302841
1787077681.476903
1787077681.650154
1787077681.823035
1787077681.999530
1787077682.174958
1787077682.351450
1787077682.524814
1787077682.699369
1787077682.875042
1787077683.051648
1787077683.231449
1787077683.409113
1787077683.590057
1787077683.765879
1787077683.939867
1787077684.118729
1787077684.285161
1787077684.459276
1787077684.633097
1787077684.807496
1787077684.979766
1787077685.153673
1787077685.327891
1787077685.500049
1787077685.674473
1787077685.845318
1787077686.020118
1787077686.194415
1787077686.366383
1787077686.536549
1787077686.708755
1787077686.881578
1787077687.055813
1787077687.226625
1787077687.399941
1787077687.571757
1787077687.745775
1787077687.917897
1787077688.091509
1787077688.265702
1787077688.439433
1787077688.611063
1787077688.783084
1787077688.955938
1787077689.130358
1787077689.305785
1787077689.477898
1787077689.650800
1787077689.826461
1787077690.000358
1787077690.172933
1787077690.340544
1787077690.513675
1787077690.689357
1787077690.854570
1787077691.028254
1787077691.202589
1787077691.371430
1787077691.543514
1787077691.716054
1787077691.886668
1787077692.067327
1787077692.230919
1787077692.404006
1787077692.572687
1787077692.737138
1787077692.902054
1787077693.073829
1787077693.248050
1787077693.418133
1787077693.588368
1787077693.758786
1787077693.929240
1787077694.097268
1787077694.261674
1787077694.431495
1787077694.595206
1787077694.765494
1787077694.932498
1787077695.102775
1787077695.275184
1787077695.446190
1787077695.618957
1787077695.793050
1787077695.957535
1787077696.128692
1787077696.298819
1787077696.468708
1787077696.640000
1787077696.810728
1787077696.981659
1787077697.152441
1787077697.323432
1787077697.498729
1787077697.666013
1787077697.836501
1787077698.011225
1787077698.177154
1787077698.349408
1787077698.526279
1787077698.702906
1787077698.876415
1787077699.051335
1787077699.218406
1787077699.391034
1787077699.564463
1787077699.736016
1787077699.911757
1787077700.086446
1787077700.266792
1787077700.440435
1787077700.617636
1787077700.793545
1787077700.966239
1787077701.140350
1787077701.317129
1787077701.495251
1787077701.666348
1787077701.844555
1787077702.018314
1787077702.197137
1787077702.371863
1787077702.547669
1787077702.725360
1787077702.898146
1787077703.070890
1787077703.250055
1787077703.423768
1787077703.600319
1787077703.774640
1787077703.951698
1787077704.120513
1787077704.289892
1787077704.465750
1787077704.644541
1787077704.816592
1787077704.989905
1787077705.167990
1787077705.342876
1787077705.517933
1787077705.692905
1787077705.868865
1787077706.042884
1787077706.212053
1787077706.390639
1787077706.566938
1787077706.747446
1787077706.928375
1787077707.109453
1787077707.285251
1787077707.464217
1787077707.643504
1787077707.819221
1787077707.993457
1787077708.172902
1787077708.346544
1787077708.516600
1787077708.691581
1787077708.863639
1787077709.037797
1787077709.210827
1787077709.385570
1787077709.560090
1787077709.737770
1787077709.908556
1787077710.076185
1787077710.254792
1787077710.423380
1787077710.595061
1787077710.773165
1787077710.949784
1787077711.125099
1787077711.299853
1787077711.473693
1787077711.649426
1787077711.824054
1787077711.996572
1787077712.170660
1787077712.339288
1787077712.513026
1787077712.685111
1787077712.861392
1787077713.034036
1787077713.208003
1787077713.381557
1787077713.552933
1787077713.723305
1787077713.894680
1787077714.065612
1787077714.237354
1787077714.410405
1787077714.583027
1787077714.755372
1787077714.927086
1787077715.099175
1787077715.269814
1787077715.442859
1787077715.617564
1787077715.785106
1787077715.957674
1787077716.128686
1787077716.295706
1787077716.465749
1787077716.638092
1787077716.806914
1787077716.981294
1787077717.155924
1787077717.329240
1787077717.492525
1787077717.663769
1787077717.835487
1787077718.005240
1787077718.176346
1787077718.345644
1787077718.515400
1787077718.687252
1787077718.858384
1787077719.029144
1787077719.200832
1787077719.372772
1787077719.544659
1787077719.718721
1787077719.884019
1787077720.055895
1787077720.223144
1787077720.391353
1787077720.560075
1787077720.726629
1787077720.898100
1787077721.067515
1787077721.237042
1787077721.411433
1787077721.576361
1787077721.746642
1787077721.911503
1787077722.084142
1787077722.251850
1787077722.424858
1787077722.592275
1787077722.763222
1787077722.933363
1787077723.105879
1787077723.278902
1787077723.457796
1787077723.625214
1787077723.793110
1787077723.962754
1787077724.131209
1787077724.295363
1787077724.464393
1787077724.632434
1787077724.802232
1787077724.970317
1787077725.142502
1787077725.311154
1787077725.482383
1787077725.644068
1787077725.816770
1787077725.989984
1787077726.161003
1787077726.331961
1787077726.502323
1787077726.668925
1787077726.838011
1787077727.005060
1787077727.175769
1787077727.343791
1787077727.507464
1787077727.682009
1787077727.843300
1787077728.013705
1787077728.182864
1787077728.353961
1787077728.524536
1787077728.692341
1787077728.861980
1787077729.034279
1787077729.207525
1787077729.376577
1787077729.546528
1787077729.715270
1787077729.881434
1787077730.043195
1787077730.210288
1787077730.381126
1787077730.547039
1787077730.709649
1787077730.873818
1787077731.032067
1787077731.205602
1787077731.377449
1787077731.551970
1787077731.716471
1787077731.886332
1787077732.055539
1787077732.220836
1787077732.394713
1787077732.565397
1787077732.738806
1787077732.907055
1787077733.080398
1787077733.245499
1787077733.418642
1787077733.592414
1787077733.762744
1787077733.934138
1787077734.106184
1787077734.279225
1787077734.448452
1787077734.617889
1787077734.791748
1787077734.957468
1787077735.122517
1787077735.293767
1787077735.460151
1787077735.631387
1787077735.802938
1787077735.975089
1787077736.146387
1787077736.317096
1787077736.489149
1787077736.659208
1787077736.829027
1787077736.998876
1787077737.162595
1787077737.330588
1787077737.496056
1787077737.667039
1787077737.828916
1787077737.993211
1787077738.168531
1787077738.341436
1787077738.512671
1787077738.685298
1787077738.856691
1787077739.027518
1787077739.199629
1787077739.370978
1787077739.538263
1787077739.709265
1787077739.880025
1787077740.046259
1787077740.211785
1787077740.382562
1787077740.554352
1787077740.724103
1787077740.896125
1787077741.070085
1787077741.243611
1787077741.420326
1787077741.593204
1787077741.765125
1787077741.936872
1787077742.120709
1787077742.292985
1787077742.465126
1787077742.647429
1787077742.829560
1787077743.005088
1787077743.182328
1787077743.358777
1787077743.536652
1787077743.715029
1787077743.893298
1787077744.071747
1787077744.250871
1787077744.431518
1787077744.609127
1787077744.785530
1787077744.964224
1787077745.141344
1787077745.321828
1787077745.493412
1787077745.667958
1787077745.848512
1787077746.026223
1787077746.205670
1787077746.385897
1787077746.565233
1787077746.743549
1787077746.922071
1787077747.101038
1787077747.279803
1787077747.458217
1787077747.637049
1787077747.808742
1787077747.979601
1787077748.155619
1787077748.331446
1787077748.506123
1787077748.681098
1787077748.852777
1787077749.026863
1787077749.201613
1787077749.378303
1787077749.558313
1787077749.729771
1787077749.897543
1787077750.073270
1787077750.247501
1787077750.423607
1787077750.597625
1787077750.767651
1787077750.941717
1787077751.114402
1787077751.289975
1787077751.467413
1787077751.645329
1787077751.820155
1787077751.995431
1787077752.171579
1787077752.337479
1787077752.509746
1787077752.685078
1787077752.861114
1787077753.036275
1787077753.210848
1787077753.384482
1787077753.559097
1787077753.733943
1787077753.908983
1787077754.082076
1787077754.251245
1787077754.428666
1787077754.605124
1787077754.779898
1787077754.955717
1787077755.134867
1787077755.303321
1787077755.477957
1787077755.651000
1787077755.825963
1787077755.999902
1787077756.172125
1787077756.348379
1787077756.520689
1787077756.694646
1787077756.867534
1787077757.038644
1787077757.211883
1787077757.388168
1787077757.561260
1787077757.735853
1787077757.905838
1787077758.080588
1787077758.253972
1787077758.426371
1787077758.597821
1787077758.774010
1787077758.952697
1787077759.129317
1787077759.309122
1787077759.477616
1787077759.651627
1787077759.821102
1787077759.997374
1787077760.172612
1787077760.346321
1787077760.518737
1787077760.685305
1787077760.856667
1787077761.027491
1787077761.200519
1787077761.374863
1787077761.548917
1787077761.725205
1787077761.898013
1787077762.071530
1787077762.244189
1787077762.420708
1787077762.587382
1787077762.763060
1787077762.935903
1787077763.109943
1787077763.277683
1787077763.450027
1787077763.622946
1787077763.793918
1787077763.966341
1787077764.138221
1787077764.312716
1787077764.482712
1787077764.656590
1787077764.829363
1787077765.002626
1787077765.168481
1787077765.340858
1787077765.513320
1787077765.685088
1787077765.860042
1787077766.030980
1787077766.202706
1787077766.378425
1787077766.550158
1787077766.722643
1787077766.894464
1787077767.066375
1787077767.237250
1787077767.408952
1787077767.582625
1787077767.752659
1787077767.926061
1787077768.098290
1787077768.273305
1787077768.434026
1787077768.604819
1787077768.782426
1787077768.953834
1787077769.124009
1787077769.294647
1787077769.466949
1787077769.633450
1787077769.806455
1787077769.975317
1787077770.145856
1787077770.318281
1787077770.493318
1787077770.661522
1787077770.833640
1787077771.005320
1787077771.177889
1787077771.350571
1787077771.524446
1787077771.696599
1787077771.873405
1787077772.037307
1787077772.208210
1787077772.381258
1787077772.559838
1787077772.734360
1787077772.911203
1787077773.089395
1787077773.267109
1787077773.450741
1787077773.631971
1787077773.811676
1787077773.992442
1787077774.165876
1787077774.349767
1787077774.525975
1787077774.710793
1787077774.885020
1787077775.062210
1787077775.237137
1787077775.413883
1787077775.583548
1787077775.753422
1787077775.928241
1787077776.104057
1787077776.276914
1787077776.452643
1787077776.628423
1787077776.807615
1787077776.989834
1787077777.171324
1787077777.349949
1787077777.525071
1787077777.704313
1787077777.881216
1787077778.044777
1787077778.216064
1787077778.401977
1787077778.581906
1787077778.762929
1787077778.941460
1787077779.123521
1787077779.303668
1787077779.486024
1787077779.669583
1787077779.847633
1787077780.028293
1787077780.213362
1787077780.400086
1787077780.589314
1787077780.771150
1787077780.951132
1787077781.129644
1787077781.310093
1787077781.491711
1787077781.672289
1787077781.852190
1787077782.029254
1787077782.207493
1787077782.384251
1787077782.563753
1787077782.742052
1787077782.917873
1787077783.096313
1787077783.267522
1787077783.440929
1787077783.618855
1787077783.793644
1787077783.970420
1787077784.150956
1787077784.326382
1787077784.501373
1787077784.677720
1787077784.853217
1787077785.031823
1787077785.207124
1787077785.382149
1787077785.557423
1787077785.732515
1787077785.906515
1787077786.078419
1787077786.256171
1787077786.430555
1787077786.607543
1787077786.776948
1787077786.952415
1787077787.130264
1787077787.309198
1787077787.484706
1787077787.664242
1787077787.842837
1787077788.021553
1787077788.197747
1787077788.374644
1787077788.549021
1787077788.721745
1787077788.897505
1787077789.073317
1787077789.247946
1787077789.422014
1787077789.600835
1787077789.770725
1787077789.947795
1787077790.125042
1787077790.301599
1787077790.478334
1787077790.653529
1787077790.826826
1787077791.001399
1787077791.180872
1787077791.356302
1787077791.530802
1787077791.707683
1787077791.884181
1787077792.056624
1787077792.231350
1787077792.406455
1787077792.582085
1787077792.758322
1787077792.932119
1787077793.106848
1787077793.274559
1787077793.446825
1787077793.622716
1787077793.796331
1787077793.968522
1787077794.143411
1787077794.317544
1787077794.491592
1787077794.665119
1787077794.838095
1787077795.012587
1787077795.192905
1787077795.365041
1787077795.541120
1787077795.714170
1787077795.882773
1787077796.056736
1787077796.228975
1787077796.394839
1787077796.568960
1787077796.745043
1787077796.921590
1787077797.095916
1787077797.268684
1787077797.443259
1787077797.621922
1787077797.796703
1787077797.974228
1787077798.140231
1787077798.314272
1787077798.486979
1787077798.662766
1787077798.838236
1787077799.012376
1787077799.181467
1787077799.356101
1787077799.528624
1787077799.704468
1787077799.879460
1787077800.057782
1787077800.228420
1787077800.405316
1787077800.583698
1787077800.755219
1787077800.929011
1787077801.098757
1787077801.272482
1787077801.439513
1787077801.615923
1787077801.790570
1787077801.973967
1787077802.151202
1787077802.327021
1787077802.501522
1787077802.676452
1787077802.850140
1787077803.028185
1787077803.202530
1787077803.382006
1787077803.561213
1787077803.737454
1787077803.913847
1787077804.084927
1787077804.257373
1787077804.431713
1787077804.605117
1787077804.777533
1787077804.949655
1787077805.123852
1787077805.297857
1787077805.467304
1787077805.641440
1787077805.817451
1787077805.991674
1787077806.166336
1787077806.339795
1787077806.512436
1787077806.688147
1787077806.861876
1787077807.036146
1787077807.208383
1787077807.378282
1787077807.551172
1787077807.724598
1787077807.900143
1787077808.073482
1787077808.239329
1787077808.407687
1787077808.580185
1787077808.753422
1787077808.927655
1787077809.102180
1787077809.269118
1787077809.442473
1787077809.619094
1787077809.795199
1787077809.964668
1787077810.139553
1787077810.313287
1787077810.487469
1787077810.659679
1787077810.834462
1787077811.002428
1787077811.176195
1787077811.348891
1787077811.523045
1787077811.697887
1787077811.871425
1787077812.052849
1787077812.218589
1787077812.389829
1787077812.566408
1787077812.740305
1787077812.915773
1787077813.092210
1787077813.260705
1787077813.433445
1787077813.608484
1787077813.784323
1787077813.956596
1787077814.123895
1787077814.300393
1787077814.478960
1787077814.650938
1787077814.825610
1787077814.997801
1787077815.170981
1787077815.343790
1787077815.513132
1787077815.682824
1787077815.858178
1787077816.036961
1787077816.208149
1787077816.384863
1787077816.558698
1787077816.739508
1787077816.915194
1787077817.090360
1787077817.265396
1787077817.441098
1787077817.617644
1787077817.786261
1787077817.960863
1787077818.128503
1787077818.297023
1787077818.477135
1787077818.655810
1787077818.830102
1787077819.006754
1787077819.186758
1787077819.361478
1787077819.537297
1787077819.709063
1787077819.885438
1787077820.061151
1787077820.238822
1787077820.416802
1787077820.594020
1787077820.765286
1787077820.941652
1787077821.118060
1787077821.290119
1787077821.467576
1787077821.643477
1787077821.818171
1787077821.993342
1787077822.173838
1787077822.348886
1787077822.527120
1787077822.703211
1787077822.882826
1787077823.059297
1787077823.236090
1787077823.415327
1787077823.591555
1787077823.769219
1787077823.943596
1787077824.120205
1787077824.299015
1787077824.474891
1787077824.651630
1787077824.827601
1787077825.007588
1787077825.178397
1787077825.348000
1787077825.526437
1787077825.697611
1787077825.874458
1787077826.054264
1787077826.233568
1787077826.402052
1787077826.577641
1787077826.753745
1787077826.930919
1787077827.108176
1787077827.289668
1787077827.467304
1787077827.637389
1787077827.811711
1787077827.987481
1787077828.166104
1787077828.338576
1787077828.514784
1787077828.689680
1787077828.864170
1787077829.042698
1787077829.218615
1787077829.396186
1787077829.574144
1787077829.751002
1787077829.928639
1787077830.100270
1787077830.277482
1787077830.450224
1787077830.625338
1787077830.803337
1787077830.978040
1787077831.147346
1787077831.323281
1787077831.503057
1787077831.681380
1787077831.857944
1787077832.027421
1787077832.203575
1787077832.378593
1787077832.554830
1787077832.734768
1787077832.908603
1787077833.083053
1787077833.261199
1787077833.436340
1787077833.617449
1787077833.787407
1787077833.961601
1787077834.137667
