1787071961.427352
1787071961.576690
1787071961.725765
1787071961.874249
1787071962.025322
1787071962.174524
1787071962.323989
1787071962.472865
1787071962.622008
1787071962.771214
1787071962.919754
1787071963.069623
1787071963.221020
1787071963.382010
1787071963.531440
1787071963.680107
1787071963.833616
1787071963.984123
1787071964.131787
1787071964.291963
1787071964.445836
1787071964.605880
1787071964.762667
1787071964.916533
1787071965.066587
1787071965.216624
1787071965.368507
1787071965.519937
1787071965.673927
1787071965.823719
1787071965.973292
1787071966.124962
1787071966.282925
1787071966.438545
1787071966.594865
1787071966.745290
1787071966.896012
1787071967.051979
1787071967.203221
1787071967.361806
1787071967.518456
1787071967.675467
1787071967.832797
1787071967.984089
1787071968.133686
1787071968.283466
1787071968.441406
1787071968.597671
1787071968.753951
1787071968.904682
1787071969.054273
1787071969.203400
1787071969.356070
1787071969.501546
1787071969.654234
1787071969.807770
1787071969.955502
1787071970.104734
1787071970.254187
1787071970.406258
1787071970.559749
1787071970.711808
1787071970.867804
1787071971.020238
1787071971.173661
1787071971.320859
1787071971.472444
1787071971.625698
1787071971.779231
1787071971.925508
1787071972.078689
1787071972.224835
1787071972.371206
1787071972.516308
1787071972.668804
1787071972.819469
1787071972.971335
1787071973.126908
1787071973.273158
1787071973.425524
1787071973.571482
1787071973.723222
1787071973.874577
1787071974.025249
1787071974.177556
1787071974.335365
1787071974.482722
1787071974.628368
1787071974.776842
1787071974.922940
1787071975.075517
1787071975.227823
1787071975.383316
1787071975.533920
1787071975.678998
1787071975.830563
1787071975.976554
1787071976.128333
1787071976.275959
1787071976.427537
1787071976.578029
1787071976.723852
1787071976.874473
1787071977.025457
1787071977.177482
1787071977.324162
1787071977.475142
1787071977.627606
1787071977.780568
1787071977.925191
1787071978.079899
1787071978.230894
1787071978.378765
1787071978.531405
1787071978.677499
1787071978.830302
1787071978.976023
1787071979.127544
1787071979.283575
1787071979.433779
1787071979.583575
1787071979.731887
1787071979.878597
1787071980.029078
1787071980.183664
1787071980.329570
1787071980.485104
1787071980.639032
1787071980.792160
1787071980.947360
1787071981.102696
1787071981.252185
1787071981.408599
1787071981.564551
1787071981.712318
1787071981.860412
1787071982.013542
1787071982.164804
1787071982.319695
1787071982.468847
1787071982.617623
1787071982.774413
1787071982.925079
1787071983.074742
1787071983.224160
1787071983.373383
1787071983.522895
1787071983.671404
1787071983.828631
1787071983.977430
1787071984.135070
1787071984.291778
1787071984.445951
1787071984.597682
1787071984.749457
1787071984.900512
1787071985.052534
1787071985.205012
1787071985.357234
1787071985.515887
1787071985.675644
1787071985.833526
1787071985.987699
1787071986.140954
1787071986.305959
1787071986.462656
1787071986.615176
1787071986.767796
1787071986.927112
1787071987.088675
1787071987.244146
1787071987.398182
1787071987.552363
1787071987.713644
1787071987.876519
1787071988.033791
1787071988.195339
1787071988.359075
1787071988.515083
1787071988.677659
1787071988.839719
1787071989.001438
1787071989.164278
1787071989.328697
1787071989.496797
1787071989.656335
1787071989.819030
1787071989.984353
1787071990.142878
1787071990.309156
1787071990.477931
1787071990.642453
1787071990.808264
1787071990.972050
1787071991.135087
1787071991.301896
1787071991.467657
1787071991.634771
1787071991.795434
1787071991.958426
1787071992.118680
1787071992.281635
1787071992.452015
1787071992.620289
1787071992.780634
1787071992.947095
1787071993.106808
1787071993.275278
1787071993.437051
1787071993.598961
1787071993.766264
1787071993.928258
1787071994.097001
1787071994.264621
1787071994.431396
1787071994.598091
1787071994.760601
1787071994.926237
1787071995.092398
1787071995.259579
1787071995.421763
1787071995.588295
1787071995.757524
1787071995.926985
1787071996.094379
1787071996.268732
1787071996.435662
1787071996.605791
1787071996.778626
1787071996.952633
1787071997.117314
1787071997.286336
1787071997.454165
1787071997.619209
1787071997.788663
1787071997.955126
1787071998.127472
1787071998.296886
1787071998.461045
1787071998.630233
1787071998.795649
1787071998.965112
1787071999.131458
1787071999.293571
1787071999.462151
1787071999.625632
1787071999.794154
1787071999.957185
1787072000.120502
1787072000.286748
1787072000.449330
1787072000.617433
1787072000.786946
1787072000.956330
1787072001.126875
1787072001.295736
1787072001.464237
1787072001.634127
1787072001.803272
1787072001.966819
1787072002.138076
1787072002.299838
1787072002.462547
1787072002.622671
1787072002.785256
1787072002.956910
1787072003.112381
1787072003.281408
1787072003.448586
1787072003.611695
1787072003.779446
1787072003.948635
1787072004.118407
1787072004.286078
1787072004.454645
1787072004.622200
1787072004.790666
1787072004.962895
1787072005.127093
1787072005.291846
1787072005.453881
1787072005.624225
1787072005.791305
1787072005.954338
1787072006.122931
1787072006.284278
1787072006.454468
1787072006.618633
1787072006.787780
1787072006.953819
1787072007.122752
1787072007.294196
1787072007.464151
1787072007.633081
1787072007.801192
1787072007.964414
1787072008.128809
1787072008.297951
1787072008.470989
1787072008.634306
1787072008.804062
1787072008.979110
1787072009.144777
1787072009.304618
1787072009.471383
1787072009.642917
1787072009.806590
1787072009.975205
1787072010.140206
1787072010.311350
1787072010.476600
1787072010.645740
1787072010.814320
1787072010.977615
1787072011.141993
1787072011.312215
1787072011.478985
1787072011.652132
1787072011.815415
1787072011.985245
1787072012.152180
1787072012.325100
1787072012.495812
1787072012.667362
1787072012.837521
1787072013.002495
1787072013.174504
1787072013.344687
1787072013.515450
1787072013.685451
1787072013.848606
1787072014.017831
1787072014.184748
1787072014.354883
1787072014.524772
1787072014.688669
1787072014.851370
1787072015.015341
1787072015.186745
1787072015.354488
1787072015.524568
1787072015.692433
1787072015.859115
1787072016.036453
1787072016.205721
1787072016.372433
1787072016.546249
1787072016.720050
1787072016.884604
1787072017.056682
1787072017.226256
1787072017.393447
1787072017.566250
1787072017.739236
1787072017.905031
1787072018.079931
1787072018.245962
1787072018.416009
1787072018.586768
1787072018.759839
1787072018.933370
1787072019.100500
1787072019.275416
1787072019.443350
1787072019.611289
1787072019.786420
1787072019.960925
1787072020.134651
1787072020.315495
1787072020.479633
1787072020.654788
1787072020.825934
1787072020.990371
1787072021.164162
1787072021.338483
1787072021.505575
1787072021.677992
1787072021.850525
1787072022.022542
1787072022.199821
1787072022.376900
1787072022.554839
1787072022.731184
1787072022.909063
1787072023.083564
1787072023.252073
1787072023.420411
1787072023.595847
1787072023.770952
1787072023.941187
1787072024.108431
1787072024.289753
1787072024.460236
1787072024.636770
1787072024.813357
1787072024.984599
1787072025.161994
1787072025.337705
1787072025.506900
1787072025.682158
1787072025.858018
1787072026.037304
1787072026.215631
1787072026.388236
1787072026.559175
1787072026.729525
1787072026.901760
1787072027.076108
1787072027.247891
1787072027.422301
1787072027.598518
1787072027.778822
1787072027.960577
1787072028.144247
1787072028.324433
1787072028.503443
1787072028.680641
1787072028.853097
1787072029.023727
1787072029.198204
1787072029.372747
1787072029.549853
1787072029.723856
1787072029.901435
1787072030.075055
1787072030.250987
1787072030.425738
1787072030.593858
1787072030.769465
1787072030.938359
1787072031.107332
1787072031.284869
1787072031.458478
1787072031.633264
1787072031.807067
1787072031.975836
1787072032.151781
1787072032.322783
1787072032.491369
1787072032.660170
1787072032.836462
1787072033.013832
1787072033.187988
1787072033.359071
1787072033.533642
1787072033.711429
1787072033.887357
1787072034.066521
1787072034.241112
1787072034.412645
1787072034.579456
1787072034.754059
1787072034.928944
1787072035.105868
1787072035.282371
1787072035.461031
1787072035.636673
1787072035.812166
1787072035.984869
1787072036.164480
1787072036.335456
1787072036.505457
1787072036.677981
1787072036.850100
1787072037.016920
1787072037.191691
1787072037.360425
1787072037.537977
1787072037.707556
1787072037.881476
1787072038.048301
1787072038.215362
1787072038.388532
1787072038.565542
1787072038.732780
1787072038.897413
1787072039.069422
1787072039.236795
1787072039.407533
1787072039.578337
1787072039.743813
1787072039.912712
1787072040.082285
1787072040.246709
1787072040.417995
1787072040.582932
1787072040.753476
1787072040.924170
1787072041.087808
1787072041.258754
1787072041.437548
1787072041.615474
1787072041.789138
1787072041.965879
1787072042.144655
1787072042.317479
1787072042.497643
1787072042.684245
1787072042.856385
1787072043.032651
1787072043.212204
1787072043.383483
1787072043.561452
1787072043.743077
1787072043.913037
1787072044.091101
1787072044.270314
1787072044.447443
1787072044.618452
1787072044.792727
1787072044.965138
1787072045.135201
1787072045.316122
1787072045.487244
1787072045.661615
1787072045.837642
1787072046.014385
1787072046.189119
1787072046.358288
1787072046.528968
1787072046.702868
1787072046.878155
1787072047.057061
1787072047.226604
1787072047.400207
1787072047.574822
1787072047.748109
1787072047.924392
1787072048.090117
1787072048.261210
1787072048.437038
1787072048.609022
1787072048.776818
1787072048.950317
1787072049.117799
1787072049.289847
1787072049.464741
1787072049.639732
1787072049.811039
1787072049.982418
1787072050.158715
1787072050.328971
1787072050.504589
1787072050.667876
1787072050.840739
1787072051.008140
1787072051.175168
1787072051.348965
1787072051.520988
1787072051.688167
1787072051.859515
1787072052.034815
1787072052.202676
1787072052.366361
1787072052.533463
1787072052.705100
1787072052.873661
1787072053.047781
1787072053.216361
1787072053.389819
1787072053.565034
1787072053.733973
1787072053.908095
1787072054.079590
1787072054.254150
1787072054.424413
1787072054.598384
1787072054.763661
1787072054.931704
1787072055.102152
1787072055.274729
1787072055.445229
1787072055.609654
1787072055.781170
1787072055.949769
1787072056.115934
1787072056.282542
1787072056.452450
1787072056.626314
1787072056.799269
1787072056.971880
1787072057.145801
1787072057.318559
1787072057.488938
1787072057.658152
1787072057.823277
1787072057.992642
1787072058.163234
1787072058.338046
1787072058.506819
1787072058.673930
1787072058.840068
1787072059.006859
1787072059.178777
1787072059.343376
1787072059.507643
1787072059.679694
1787072059.849778
1787072060.021318
1787072060.193166
1787072060.357979
1787072060.530791
1787072060.703545
1787072060.873258
1787072061.040279
1787072061.212191
1787072061.377537
1787072061.550991
1787072061.719647
1787072061.889965
1787072062.056971
1787072062.228530
1787072062.395454
1787072062.568600
1787072062.742084
1787072062.910884
1787072063.076568
1787072063.246625
1787072063.419528
1787072063.590015
1787072063.761299
1787072063.926873
1787072064.098751
1787072064.272962
1787072064.435595
1787072064.608116
1787072064.777689
1787072064.950132
1787072065.117967
1787072065.286491
1787072065.457482
1787072065.628493
1787072065.797508
1787072065.963529
1787072066.127721
1787072066.293638
1787072066.464417
1787072066.633733
1787072066.807030
1787072066.971752
1787072067.140690
1787072067.310436
1787072067.482666
1787072067.653694
1787072067.816017
1787072067.986529
1787072068.161068
1787072068.335965
1787072068.510596
1787072068.682545
1787072068.854636
1787072069.025888
1787072069.197347
1787072069.369190
1787072069.539486
1787072069.713546
1787072069.890564
1787072070.063761
1787072070.233967
1787072070.402648
1787072070.583420
1787072070.752848
1787072070.933002
1787072071.105970
1787072071.285317
1787072071.467175
1787072071.642688
1787072071.820355
1787072071.998369
1787072072.173118
1787072072.353093
1787072072.532664
1787072072.713017
1787072072.895023
1787072073.066251
1787072073.243078
1787072073.412878
1787072073.588608
1787072073.766333
1787072073.942739
1787072074.125548
1787072074.318459
1787072074.513962
1787072074.707176
1787072074.897818
1787072075.083667
1787072075.273603
1787072075.466945
1787072075.659289
1787072075.853519
1787072076.042282
1787072076.228220
1787072076.409374
1787072076.588550
1787072076.773084
1787072076.959532
1787072077.145972
1787072077.326478
1787072077.508487
1787072077.689227
1787072077.872344
1787072078.053444
1787072078.239897
1787072078.420460
1787072078.602552
1787072078.785346
1787072078.964420
1787072079.139639
1787072079.320720
1787072079.498460
1787072079.677583
1787072079.858646
1787072080.052425
1787072080.226452
1787072080.403565
1787072080.582206
1787072080.750310
1787072080.925933
1787072081.100397
1787072081.281099
1787072081.461606
1787072081.631691
1787072081.807051
1787072081.984057
1787072082.154405
1787072082.326649
1787072082.494291
1787072082.661025
1787072082.829918
1787072082.998253
1787072083.175090
1787072083.345211
1787072083.520796
1787072083.690095
1787072083.865767
1787072084.040369
1787072084.211112
1787072084.382782
1787072084.555331
1787072084.724522
1787072084.891437
1787072085.065344
1787072085.237148
1787072085.409824
1787072085.586621
1787072085.760540
1787072085.932431
1787072086.097505
1787072086.272295
1787072086.440026
1787072086.612159
1787072086.786168
1787072086.958245
1787072087.134112
1787072087.299449
1787072087.464575
1787072087.635725
1787072087.817239
1787072087.980453
1787072088.149499
1787072088.316630
1787072088.482967
1787072088.653474
1787072088.825934
1787072088.996166
1787072089.168724
1787072089.334840
1787072089.504663
1787072089.675411
1787072089.839551
1787072090.011514
1787072090.175599
1787072090.346579
1787072090.517823
1787072090.682591
1787072090.851902
1787072091.021057
1787072091.190545
1787072091.355523
1787072091.520501
1787072091.694124
1787072091.855618
1787072092.027533
1787072092.197719
1787072092.360920
1787072092.524036
1787072092.696537
1787072092.865355
1787072093.035622
1787072093.199301
1787072093.370884
1787072093.535809
1787072093.705593
1787072093.872880
1787072094.042825
1787072094.213701
1787072094.380829
1787072094.548232
1787072094.716747
1787072094.878957
1787072095.048834
1787072095.215899
1787072095.390877
1787072095.558868
1787072095.729519
1787072095.892073
1787072096.056207
1787072096.226660
1787072096.395974
1787072096.564483
1787072096.735713
1787072096.907658
1787072097.075992
1787072097.247399
1787072097.422259
1787072097.589318
1787072097.763430
1787072097.931046
1787072098.100598
1787072098.274407
1787072098.453042
1787072098.628841
1787072098.805784
1787072098.980093
1787072099.152848
1787072099.329090
1787072099.507269
1787072099.683389
1787072099.859302
1787072100.035511
1787072100.205327
1787072100.379546
1787072100.560221
1787072100.731403
1787072100.908507
1787072101.084131
1787072101.254334
1787072101.426878
1787072101.601187
1787072101.772795
1787072101.946811
1787072102.118116
1787072102.296604
1787072102.474331
1787072102.651137
1787072102.825114
1787072103.000654
1787072103.171363
1787072103.350165
1787072103.526355
1787072103.702291
1787072103.877638
1787072104.061761
1787072104.233410
1787072104.411484
1787072104.589429
1787072104.767575
1787072104.944793
1787072105.112810
1787072105.289008
1787072105.457063
1787072105.632171
1787072105.811648
1787072105.983276
1787072106.162248
1787072106.343059
1787072106.514418
1787072106.691248
1787072106.865393
1787072107.044881
1787072107.220556
1787072107.405934
1787072107.578168
1787072107.759113
1787072107.937406
1787072108.107093
1787072108.273802
1787072108.448802
1787072108.623160
1787072108.795653
1787072108.964476
1787072109.133929
1787072109.310243
1787072109.484919
1787072109.651797
1787072109.826455
1787072109.999675
1787072110.170246
1787072110.342189
1787072110.520154
1787072110.698736
1787072110.868361
1787072111.043961
1787072111.217656
1787072111.389055
1787072111.562686
1787072111.731630
1787072111.910519
1787072112.080856
1787072112.249598
1787072112.424293
1787072112.590765
1787072112.759006
1787072112.930271
1787072113.099655
1787072113.273255
1787072113.444611
1787072113.619232
1787072113.787009
1787072113.961892
1787072114.135752
1787072114.302600
1787072114.476871
1787072114.649509
1787072114.822048
1787072114.993118
1787072115.169320
1787072115.340288
1787072115.514014
1787072115.682769
1787072115.854839
1787072116.027656
1787072116.200192
1787072116.371212
1787072116.543605
1787072116.719573
1787072116.886843
1787072117.053167
1787072117.225001
1787072117.395535
1787072117.561917
1787072117.736890
1787072117.902727
1787072118.076614
1787072118.250894
1787072118.423749
1787072118.596029
1787072118.763057
1787072118.936439
1787072119.104235
1787072119.269584
1787072119.440894
1787072119.608007
1787072119.778970
1787072119.951689
1787072120.119422
1787072120.286551
1787072120.457974
1787072120.635501
1787072120.806124
1787072120.978608
1787072121.150714
1787072121.321820
1787072121.489110
1787072121.661535
1787072121.837179
1787072122.003462
1787072122.171022
1787072122.338638
1787072122.514830
1787072122.689801
1787072122.862344
1787072123.031778
1787072123.206869
1787072123.375832
1787072123.548059
1787072123.723311
1787072123.897833
1787072124.074020
1787072124.244483
1787072124.417477
1787072124.596813
1787072124.774141
1787072124.952455
1787072125.119563
1787072125.294782
1787072125.469501
1787072125.637001
1787072125.812212
1787072125.990221
1787072126.162322
1787072126.329101
1787072126.504954
1787072126.683772
1787072126.853740
1787072127.023123
1787072127.197981
1787072127.369284
1787072127.540014
1787072127.712708
1787072127.894304
1787072128.072897
1787072128.254975
1787072128.433891
1787072128.614541
1787072128.797359
1787072128.975670
1787072129.152551
1787072129.328435
1787072129.501440
1787072129.680341
1787072129.855329
1787072130.025550
1787072130.202800
1787072130.385235
1787072130.564213
1787072130.737690
1787072130.911363
1787072131.083804
1787072131.260890
1787072131.425488
1787072131.603730
1787072131.782593
1787072131.962236
1787072132.139118
1787072132.316449
1787072132.491736
1787072132.662174
1787072132.841944
1787072133.018571
1787072133.199613
1787072133.378342
1787072133.557835
1787072133.731119
1787072133.910473
1787072134.083008
1787072134.260273
1787072134.438225
1787072134.608614
1787072134.785609
1787072134.961881
1787072135.139404
1787072135.318832
1787072135.495141
1787072135.673870
1787072135.850529
1787072136.029095
1787072136.201607
1787072136.379279
1787072136.551191
1787072136.725630
1787072136.899158
1787072137.072874
1787072137.248878
1787072137.420666
1787072137.596508
1787072137.771952
1787072137.941761
1787072138.114344
1787072138.292128
1787072138.463026
1787072138.633450
1787072138.804410
1787072138.979074
1787072139.154762
1787072139.329493
1787072139.506463
1787072139.681716
1787072139.860100
1787072140.037854
1787072140.222512
1787072140.400938
1787072140.584945
1787072140.759702
1787072140.938179
1787072141.110676
1787072141.286071
1787072141.467185
1787072141.644123
1787072141.813885
1787072141.993265
1787072142.171463
1787072142.347302
1787072142.529662
1787072142.699193
1787072142.877155
1787072143.048673
1787072143.223814
1787072143.400715
1787072143.579595
1787072143.757449
1787072143.932925
1787072144.113424
1787072144.284109
1787072144.459857
1787072144.636805
1787072144.814815
1787072144.990218
1787072145.167881
1787072145.347274
1787072145.525817
1787072145.705047
1787072145.881793
1787072146.056736
1787072146.229786
1787072146.401803
1787072146.582123
1787072146.762889
1787072146.941495
1787072147.113991
1787072147.291055
1787072147.469185
1787072147.643891
1787072147.815156
1787072147.993907
1787072148.172266
1787072148.343747
1787072148.521879
1787072148.695799
1787072148.873187
1787072149.043994
1787072149.220208
1787072149.395459
1787072149.569568
1787072149.743747
1787072149.913737
1787072150.092966
1787072150.267670
1787072150.444159
1787072150.619572
1787072150.796502
1787072150.966231
1787072151.133208
1787072151.311921
1787072151.487535
1787072151.656522
1787072151.831684
1787072152.007944
1787072152.186473
1787072152.364105
1787072152.540929
1787072152.715216
1787072152.890512
1787072153.066795
1787072153.244843
1787072153.423755
1787072153.594494
1787072153.768258
1787072153.945298
1787072154.115929
1787072154.285598
1787072154.463746
1787072154.634327
1787072154.803463
1787072154.973536
1787072155.149795
1787072155.319180
1787072155.494361
1787072155.669938
1787072155.846452
1787072156.025243
1787072156.201511
1787072156.382558
1787072156.558182
1787072156.730519
1787072156.900948
1787072157.079594
1787072157.261888
1787072157.440606
1787072157.620296
1787072157.799379
1787072157.978240
1787072158.155128
1787072158.331622
1787072158.510351
1787072158.682283
1787072158.857454
1787072159.046338
1787072159.227159
1787072159.411177
1787072159.593545
1787072159.771215
1787072159.954839
1787072160.140911
1787072160.328065
1787072160.512429
1787072160.699913
1787072160.877720
1787072161.058192
1787072161.249716
1787072161.427164
1787072161.611790
1787072161.797655
1787072161.981287
1787072162.160690
1787072162.343746
1787072162.523042
1787072162.706767
1787072162.886496
1787072163.072267
1787072163.251767
1787072163.436597
1787072163.621177
1787072163.802782
1787072163.988268
1787072164.171988
1787072164.357484
1787072164.539202
1787072164.718657
1787072164.900843
1787072165.081019
1787072165.261255
1787072165.451764
1787072165.632439
1787072165.817181
1787072166.002575
1787072166.183441
1787072166.367667
1787072166.556325
1787072166.735187
1787072166.913109
1787072167.104211
1787072167.284219
1787072167.469427
1787072167.653929
1787072167.836674
1787072168.015791
1787072168.199859
1787072168.381056
1787072168.573419
1787072168.755311
1787072168.938261
1787072169.121600
1787072169.306442
1787072169.493706
1787072169.675246
1787072169.857787
1787072170.042340
1787072170.219733
1787072170.398135
1787072170.575864
1787072170.755869
1787072170.942112
1787072171.130679
1787072171.316180
1787072171.493415
1787072171.676796
1787072171.854426
1787072172.035856
1787072172.213585
1787072172.397580
1787072172.572245
1787072172.755561
1787072172.936559
1787072173.121938
1787072173.306788
1787072173.493052
1787072173.677449
1787072173.860511
1787072174.045323
1787072174.227323
1787072174.405106
1787072174.590414
1787072174.767032
1787072174.942850
1787072175.119033
1787072175.303317
1787072175.487959
1787072175.669391
1787072175.847514
1787072176.029229
1787072176.210014
1787072176.386900
1787072176.572305
1787072176.756524
1787072176.937471
1787072177.117470
1787072177.302507
1787072177.487588
1787072177.673827
1787072177.853184
1787072178.031404
1787072178.209024
1787072178.392995
1787072178.575469
1787072178.759925
1787072178.942833
1787072179.121529
1787072179.303899
1787072179.483541
1787072179.668932
1787072179.853923
1787072180.032295
1787072180.217713
1787072180.400848
1787072180.586740
1787072180.767488
1787072180.952939
1787072181.139298
1787072181.315140
1787072181.503573
1787072181.683998
1787072181.870025
1787072182.055257
1787072182.237274
1787072182.420286
1787072182.601020
1787072182.780089
1787072182.961809
1787072183.145138
1787072183.329366
1787072183.516708
1787072183.701855
1787072183.884902
1787072184.077414
1787072184.266242
1787072184.444880
1787072184.625087
1787072184.809803
1787072184.996972
1787072185.180179
1787072185.367068
1787072185.549086
1787072185.732531
1787072185.917994
1787072186.098350
1787072186.278995
1787072186.465834
1787072186.651460
1787072186.831080
1787072187.013098
1787072187.206235
1787072187.396180
1787072187.581569
1787072187.768140
1787072187.951605
1787072188.130315
1787072188.317778
1787072188.503612
1787072188.693392
1787072188.876336
1787072189.061481
1787072189.235922
1787072189.417273
1787072189.603841
1787072189.784779
1787072189.963869
1787072190.145191
1787072190.326828
1787072190.507268
1787072190.685380
1787072190.864298
1787072191.045699
1787072191.228464
1787072191.408165
1787072191.588516
1787072191.766909
1787072191.944371
1787072192.128562
1787072192.310254
1787072192.483738
1787072192.667445
1787072192.840517
1787072193.019662
1787072193.199448
1787072193.380153
1787072193.561779
1787072193.741220
1787072193.931010
1787072194.116411
1787072194.303634
1787072194.490279
1787072194.675379
1787072194.859478
1787072195.048580
1787072195.237762
1787072195.423165
1787072195.614056
1787072195.792061
1787072195.965419
1787072196.147597
1787072196.327698
1787072196.505810
1787072196.685786
1787072196.862998
1787072197.043396
1787072197.224660
1787072197.408126
1787072197.588984
1787072197.766156
1787072197.946646
1787072198.124406
1787072198.297156
1787072198.477800
1787072198.658604
1787072198.839147
1787072199.022518
1787072199.205046
1787072199.379482
1787072199.560696
1787072199.740901
1787072199.922716
1787072200.102938
1787072200.284096
1787072200.462239
1787072200.641275
1787072200.819041
1787072200.995855
1787072201.176919
1787072201.344016
1787072201.518399
1787072201.696062
1787072201.874037
1787072202.051882
1787072202.229961
1787072202.410101
1787072202.584010
1787072202.764021
1787072202.943158
1787072203.125661
1787072203.304124
1787072203.478917
1787072203.651458
1787072203.828464
1787072204.000178
1787072204.176948
1787072204.351705
1787072204.527123
1787072204.706457
1787072204.877219
1787072205.051600
1787072205.223532
1787072205.394958
1787072205.567767
1787072205.736544
1787072205.909479
1787072206.074681
1787072206.249736
1787072206.422959
1787072206.592205
1787072206.763175
1787072206.936535
1787072207.104940
1787072207.273025
1787072207.446669
1787072207.620462
1787072207.791103
1787072207.960965
1787072208.134261
1787072208.304116
1787072208.472905
1787072208.639511
1787072208.814220
1787072208.973606
1787072209.141969
1787072209.308792
1787072209.477352
1787072209.654244
1787072209.824898
1787072209.992379
1787072210.163100
1787072210.333199
1787072210.504852
1787072210.678911
1787072210.843778
1787072211.031711
1787072211.198193
1787072211.361511
1787072211.531246
1787072211.702354
1787072211.873753
1787072212.045134
1787072212.219657
1787072212.395066
1787072212.568018
1787072212.734145
1787072212.899807
1787072213.066568
1787072213.238486
1787072213.412288
1787072213.588121
1787072213.753382
1787072213.929257
1787072214.097617
1787072214.268742
1787072214.436171
1787072214.612457
1787072214.779547
1787072214.952438
1787072215.117375
1787072215.283163
1787072215.451315
1787072215.620663
1787072215.786308
1787072215.954006
1787072216.126016
1787072216.291820
1787072216.461888
1787072216.632427
1787072216.804991
1787072216.978689
1787072217.149114
1787072217.321541
1787072217.492450
1787072217.663923
1787072217.832405
1787072218.008924
1787072218.177456
1787072218.344761
1787072218.519281
1787072218.694063
1787072218.870325
1787072219.038928
1787072219.213481
1787072219.388126
1787072219.562968
1787072219.741142
1787072219.907764
1787072220.075434
1787072220.244921
1787072220.412975
1787072220.584036
1787072220.755272
1787072220.925098
1787072221.098708
1787072221.273182
1787072221.440632
1787072221.610480
1787072221.785689
1787072221.961739
1787072222.129360
1787072222.296400
1787072222.473220
1787072222.649962
1787072222.825438
1787072222.991468
1787072223.165191
1787072223.342074
1787072223.517447
1787072223.685419
1787072223.859040
1787072224.035269
1787072224.213586
1787072224.380243
1787072224.546930
1787072224.721444
1787072224.892952
1787072225.070386
1787072225.246292
1787072225.420291
1787072225.595375
1787072225.770185
1787072225.945042
1787072226.115065
1787072226.287303
1787072226.454682
1787072226.627375
1787072226.799860
1787072226.965944
1787072227.132757
1787072227.306657
1787072227.481124
1787072227.653022
1787072227.819990
1787072227.996505
1787072228.169899
1787072228.341010
1787072228.505944
1787072228.678761
1787072228.849703
1787072229.021695
1787072229.196547
1787072229.366919
1787072229.532930
1787072229.699281
1787072229.874089
1787072230.040949
1787072230.214159
1787072230.389788
1787072230.561006
1787072230.728755
1787072230.903775
1787072231.084299
1787072231.255600
1787072231.426746
1787072231.594266
1787072231.768160
1787072231.944184
1787072232.110604
1787072232.282462
1787072232.457721
1787072232.624179
1787072232.799346
1787072232.968482
1787072233.134345
1787072233.314938
1787072233.480819
1787072233.651293
1787072233.822729
1787072233.992421
1787072234.160413
1787072234.327599
1787072234.496557
1787072234.670058
1787072234.837809
1787072235.009828
1787072235.182673
1787072235.348690
1787072235.524949
1787072235.695213
1787072235.860585
