1787084398.138840
1787084398.293714
1787084398.447825
1787084398.596145
1787084398.744108
1787084398.891644
1787084399.040084
1787084399.195520
1787084399.344110
1787084399.493743
1787084399.649196
1787084399.808527
1787084399.959563
1787084400.110970
1787084400.268045
1787084400.418602
1787084400.574979
1787084400.736108
1787084400.891565
1787084401.048898
1787084401.203372
1787084401.354838
1787084401.510629
1787084401.670408
1787084401.821087
1787084401.976518
1787084402.132090
1787084402.288508
1787084402.437474
1787084402.596810
1787084402.745954
1787084402.902659
1787084403.058186
1787084403.212831
1787084403.367622
1787084403.517399
1787084403.667888
1787084403.818274
1787084403.973274
1787084404.128760
1787084404.289722
1787084404.444858
1787084404.594099
1787084404.744504
1787084404.894140
1787084405.042794
1787084405.199535
1787084405.353793
1787084405.502006
1787084405.650502
1787084405.798764
1787084405.953923
1787084406.114676
1787084406.269319
1787084406.426616
1787084406.575647
1787084406.725523
1787084406.872704
1787084407.020358
1787084407.171161
1787084407.317395
1787084407.468088
1787084407.619813
1787084407.767385
1787084407.919585
1787084408.066557
1787084408.218678
1787084408.365038
1787084408.515911
1787084408.666437
1787084408.825209
1787084408.969953
1787084409.117577
1787084409.266433
1787084409.416857
1787084409.566588
1787084409.713510
1787084409.866455
1787084410.016477
1787084410.166589
1787084410.311370
1787084410.464720
1787084410.617388
1787084410.766979
1787084410.912776
1787084411.064522
1787084411.214720
1787084411.364956
1787084411.514989
1787084411.664906
1787084411.816391
1787084411.960808
1787084412.118672
1787084412.270573
1787084412.416284
1787084412.563613
1787084412.707423
1787084412.859555
1787084413.005711
1787084413.156216
1787084413.302897
1787084413.455426
1787084413.608455
1787084413.759404
1787084413.913111
1787084414.064674
1787084414.216013
1787084414.367769
1787084414.520066
1787084414.667703
1787084414.817871
1787084414.969215
1787084415.117352
1787084415.268799
1787084415.422148
1787084415.568645
1787084415.722260
1787084415.870236
1787084416.023838
1787084416.174942
1787084416.322064
1787084416.468315
1787084416.622643
1787084416.770017
1787084416.917775
1787084417.070386
1787084417.217142
1787084417.369787
1787084417.522592
1787084417.669973
1787084417.823031
1787084417.974090
1787084418.128611
1787084418.275770
1787084418.431499
1787084418.580910
1787084418.729128
1787084418.889595
1787084419.040232
1787084419.195375
1787084419.352404
1787084419.501979
1787084419.650340
1787084419.801667
1787084419.950680
1787084420.102210
1787084420.255184
1787084420.403910
1787084420.553875
1787084420.704862
1787084420.854401
1787084421.004116
1787084421.155380
1787084421.305473
1787084421.455960
1787084421.607508
1787084421.758991
1787084421.910103
1787084422.061957
1787084422.215734
1787084422.367615
1787084422.525434
1787084422.683012
1787084422.835235
1787084422.994007
1787084423.153884
1787084423.314176
1787084423.475103
1787084423.634938
1787084423.796508
1787084423.951688
1787084424.106910
1787084424.267921
1787084424.427206
1787084424.581552
1787084424.736229
1787084424.895940
1787084425.061503
1787084425.216677
1787084425.373780
1787084425.532424
1787084425.689121
1787084425.843012
1787084426.005062
1787084426.165238
1787084426.321744
1787084426.477635
1787084426.641716
1787084426.803511
1787084426.966799
1787084427.129351
1787084427.286005
1787084427.443760
1787084427.607413
1787084427.770228
1787084427.932827
1787084428.099322
1787084428.256312
1787084428.419174
1787084428.583125
1787084428.747296
1787084428.914732
1787084429.071220
1787084429.228966
1787084429.391895
1787084429.557050
1787084429.723348
1787084429.881181
1787084430.043517
1787084430.201881
1787084430.359372
1787084430.521745
1787084430.679327
1787084430.843067
1787084431.009175
1787084431.167615
1787084431.331819
1787084431.490149
1787084431.655264
1787084431.820173
1787084431.985075
1787084432.152941
1787084432.316030
1787084432.473631
1787084432.637462
1787084432.803763
1787084432.961612
1787084433.125451
1787084433.286774
1787084433.448159
1787084433.612084
1787084433.773278
1787084433.940080
1787084434.108099
1787084434.274609
1787084434.440038
1787084434.605212
1787084434.770801
1787084434.938519
1787084435.104954
1787084435.269773
1787084435.435902
1787084435.602700
1787084435.770380
1787084435.936167
1787084436.102262
1787084436.270054
1787084436.435397
1787084436.596550
1787084436.761925
1787084436.927796
1787084437.093918
1787084437.261108
1787084437.426197
1787084437.594011
1787084437.760180
1787084437.925659
1787084438.092402
1787084438.259037
1787084438.427613
1787084438.596297
1787084438.758833
1787084438.927390
1787084439.088034
1787084439.254998
1787084439.419855
1787084439.588115
1787084439.750147
1787084439.918654
1787084440.087153
1787084440.257947
1787084440.425512
1787084440.587951
1787084440.754440
1787084440.922569
1787084441.089660
1787084441.258986
1787084441.430478
1787084441.594433
1787084441.763799
1787084441.931925
1787084442.099906
1787084442.274213
1787084442.446477
1787084442.608477
1787084442.777813
1787084442.944264
1787084443.105750
1787084443.267657
1787084443.436122
1787084443.602537
1787084443.769584
1787084443.938032
1787084444.105239
1787084444.274049
1787084444.437093
1787084444.605399
1787084444.774180
1787084444.935688
1787084445.103007
1787084445.271197
1787084445.438190
1787084445.605953
1787084445.774245
1787084445.941879
1787084446.109501
1787084446.276822
1787084446.440044
1787084446.607418
1787084446.775232
1787084446.942986
1787084447.114274
1787084447.283333
1787084447.451783
1787084447.618889
1787084447.788126
1787084447.957220
1787084448.125435
1787084448.295377
1787084448.462864
1787084448.631238
1787084448.798262
1787084448.968273
1787084449.136961
1787084449.306859
1787084449.476739
1787084449.645415
1787084449.814875
1787084449.981085
1787084450.149635
1787084450.315746
1787084450.483241
1787084450.653139
1787084450.817554
1787084450.986288
1787084451.150186
1787084451.321349
1787084451.485078
1787084451.655392
1787084451.823336
1787084451.992504
1787084452.161854
1787084452.327705
1787084452.502638
1787084452.673119
1787084452.843229
1787084453.014546
1787084453.183062
1787084453.357004
1787084453.525709
1787084453.693921
1787084453.864385
1787084454.033098
1787084454.202223
1787084454.371453
1787084454.539967
1787084454.708160
1787084454.871623
1787084455.038081
1787084455.207302
1787084455.376732
1787084455.544735
1787084455.714785
1787084455.884880
1787084456.053464
1787084456.224224
1787084456.393611
1787084456.561834
1787084456.734537
1787084456.896394
1787084457.067013
1787084457.235631
1787084457.408323
1787084457.575540
1787084457.747355
1787084457.916768
1787084458.088215
1787084458.254554
1787084458.429206
1787084458.601393
1787084458.776804
1787084458.954076
1787084459.116738
1787084459.288477
1787084459.463805
1787084459.643433
1787084459.821138
1787084459.987154
1787084460.164341
1787084460.336504
1787084460.507940
1787084460.676170
1787084460.847026
1787084461.017392
1787084461.186919
1787084461.351150
1787084461.519912
1787084461.688845
1787084461.856977
1787084462.027942
1787084462.191830
1787084462.360943
1787084462.530950
1787084462.699023
1787084462.867706
1787084463.031105
1787084463.199089
1787084463.361769
1787084463.528828
1787084463.699170
1787084463.868985
1787084464.035104
1787084464.204936
1787084464.372556
1787084464.541527
1787084464.710967
1787084464.879502
1787084465.042168
1787084465.211823
1787084465.375556
1787084465.545497
1787084465.708649
1787084465.879328
1787084466.042104
1787084466.210213
1787084466.378330
1787084466.547531
1787084466.715064
1787084466.882552
1787084467.051529
1787084467.222662
1787084467.388055
1787084467.557546
1787084467.720906
1787084467.891594
1787084468.060954
1787084468.225024
1787084468.397192
1787084468.563137
1787084468.731487
1787084468.898741
1787084469.070671
1787084469.242943
1787084469.413814
1787084469.581296
1787084469.751365
1787084469.921659
1787084470.083822
1787084470.252308
1787084470.422074
1787084470.590833
1787084470.762223
1787084470.933079
1787084471.101069
1787084471.268829
1787084471.432461
1787084471.599589
1787084471.767708
1787084471.936338
1787084472.103753
1787084472.276494
1787084472.444180
1787084472.613001
1787084472.781527
1787084472.946688
1787084473.117337
1787084473.282461
1787084473.445974
1787084473.617301
1787084473.785295
1787084473.954783
1787084474.124664
1787084474.292951
1787084474.460915
1787084474.627770
1787084474.800359
1787084474.963321
1787084475.133381
1787084475.300553
1787084475.468013
1787084475.637838
1787084475.806524
1787084475.975523
1787084476.145645
1787084476.315517
1787084476.484176
1787084476.651286
1787084476.820205
1787084476.988279
1787084477.154643
1787084477.317682
1787084477.486586
1787084477.646164
1787084477.815624
1787084477.981582
1787084478.145367
1787084478.312680
1787084478.479200
1787084478.645742
1787084478.813733
1787084478.981530
1787084479.151037
1787084479.321922
1787084479.489868
1787084479.659019
1787084479.830787
1787084479.993757
1787084480.164170
1787084480.332019
1787084480.495173
1787084480.663550
1787084480.827460
1787084480.997661
1787084481.166537
1787084481.337841
1787084481.505489
1787084481.674092
1787084481.843199
1787084482.011773
1787084482.181851
1787084482.345038
1787084482.507734
1787084482.675834
1787084482.844105
1787084483.014046
1787084483.183196
1787084483.352889
1787084483.523302
1787084483.690686
1787084483.861177
1787084484.028696
1787084484.192805
1787084484.361617
1787084484.523314
1787084484.691849
1787084484.859265
1787084485.027134
1787084485.194116
1787084485.362301
1787084485.529097
1787084485.694505
1787084485.862185
1787084486.029828
1787084486.197669
1787084486.363045
1787084486.535157
1787084486.707494
1787084486.874197
1787084487.035420
1787084487.195912
1787084487.356920
1787084487.517846
1787084487.683135
1787084487.847489
1787084488.012311
1787084488.174792
1787084488.342378
1787084488.507650
1787084488.676563
1787084488.842573
1787084489.008802
1787084489.174570
1787084489.335867
1787084489.505695
1787084489.675892
1787084489.848610
1787084490.012671
1787084490.176054
1787084490.339684
1787084490.511241
1787084490.678465
1787084490.843997
1787084491.013892
1787084491.178723
1787084491.346173
1787084491.511963
1787084491.676851
1787084491.843190
1787084492.010832
1787084492.178903
1787084492.345825
1787084492.514749
1787084492.683726
1787084492.847952
1787084493.014732
1787084493.179840
1787084493.346114
1787084493.515366
1787084493.683299
1787084493.847545
1787084494.015594
1787084494.181148
1787084494.351862
1787084494.519594
1787084494.686318
1787084494.861862
1787084495.026678
1787084495.192276
1787084495.361476
1787084495.534100
1787084495.707313
1787084495.878192
1787084496.048475
1787084496.213697
1787084496.383244
1787084496.552681
1787084496.721991
1787084496.890512
1787084497.055022
1787084497.225183
1787084497.396337
1787084497.566232
1787084497.736152
1787084497.905194
1787084498.073941
1787084498.243356
1787084498.405996
1787084498.574841
1787084498.744278
1787084498.913689
1787084499.084105
1787084499.257048
1787084499.427587
1787084499.597223
1787084499.766917
1787084499.930161
1787084500.097888
1787084500.263288
1787084500.432636
1787084500.598897
1787084500.769093
1787084500.934598
1787084501.103338
1787084501.271325
1787084501.440020
1787084501.610333
1787084501.782507
1787084501.945275
1787084502.116642
1787084502.285909
1787084502.456166
1787084502.628276
1787084502.798587
1787084502.969984
1787084503.140049
1787084503.307327
1787084503.475974
1787084503.644427
1787084503.814721
1787084503.986220
1787084504.156610
1787084504.327750
1787084504.497871
1787084504.667099
1787084504.839445
1787084505.011360
1787084505.181911
1787084505.349653
1787084505.523763
1787084505.696010
1787084505.857774
1787084506.021407
1787084506.188603
1787084506.358415
1787084506.521633
1787084506.685508
1787084506.856571
1787084507.024798
1787084507.194758
1787084507.362549
1787084507.532419
1787084507.700734
1787084507.869733
1787084508.040691
1787084508.208964
1787084508.378284
1787084508.541291
1787084508.709408
1787084508.870793
1787084509.037254
1787084509.205253
1787084509.364765
1787084509.532607
1787084509.700861
1787084509.868729
1787084510.037967
1787084510.204503
1787084510.372559
1787084510.537268
1787084510.703958
1787084510.864858
1787084511.032537
1787084511.199624
1787084511.369601
1787084511.538321
1787084511.707623
1787084511.870978
1787084512.039355
1787084512.209946
1787084512.378900
1787084512.548000
1787084512.718023
1787084512.887024
1787084513.055417
1787084513.219977
1787084513.388409
1787084513.561599
1787084513.727781
1787084513.894635
1787084514.062122
1787084514.229563
1787084514.397715
1787084514.565442
1787084514.732052
1787084514.899549
1787084515.064340
1787084515.224454
1787084515.384869
1787084515.548417
1787084515.710460
1787084515.875166
1787084516.041447
1787084516.209254
1787084516.369384
1787084516.533027
1787084516.698245
1787084516.865275
1787084517.031672
1787084517.196012
1787084517.355405
1787084517.518999
1787084517.683895
1787084517.850616
1787084518.016579
1787084518.181194
1787084518.347003
1787084518.512323
1787084518.671771
1787084518.836833
1787084519.003004
1787084519.161232
1787084519.329874
1787084519.497699
1787084519.660467
1787084519.825732
1787084519.989520
1787084520.159189
1787084520.323864
1787084520.489829
1787084520.655122
1787084520.820188
1787084520.985875
1787084521.150491
1787084521.315561
1787084521.480228
1787084521.647929
1787084521.803673
1787084521.969121
1787084522.139821
1787084522.302753
1787084522.468692
1787084522.635611
1787084522.802382
1787084522.968779
1787084523.133571
1787084523.301493
1787084523.467700
1787084523.633608
1787084523.800356
1787084523.965497
1787084524.129386
1787084524.295470
1787084524.465164
1787084524.625263
1787084524.791727
1787084524.961564
1787084525.127162
1787084525.291466
1787084525.458771
1787084525.626021
1787084525.791544
1787084525.958831
1787084526.122729
1787084526.288055
1787084526.449223
1787084526.610052
1787084526.776587
1787084526.941763
1787084527.108174
1787084527.277684
1787084527.444242
1787084527.611984
1787084527.779976
1787084527.949320
1787084528.111349
1787084528.279250
1787084528.446519
1787084528.609396
1787084528.773896
1787084528.940499
1787084529.107535
1787084529.271230
1787084529.431306
1787084529.601889
1787084529.771573
1787084529.936265
1787084530.102848
1787084530.273248
1787084530.443544
1787084530.620972
1787084530.783211
1787084530.949802
1787084531.118444
1787084531.282266
1787084531.451229
1787084531.624061
1787084531.795006
1787084531.967420
1787084532.142443
1787084532.302586
1787084532.473704
1787084532.643988
1787084532.814289
1787084532.986155
1787084533.151443
1787084533.324621
1787084533.497237
1787084533.662406
1787084533.834484
1787084534.009714
1787084534.179695
1787084534.352923
1787084534.525946
1787084534.694039
1787084534.857043
1787084535.026852
1787084535.196442
1787084535.367818
1787084535.538456
1787084535.712026
1787084535.885956
1787084536.056907
1787084536.229407
1787084536.397458
1787084536.569124
1787084536.740108
1787084536.903179
1787084537.072997
1787084537.237352
1787084537.401448
1787084537.570520
1787084537.741150
1787084537.914667
1787084538.075450
1787084538.244883
1787084538.417810
1787084538.581956
1787084538.753306
1787084538.922879
1787084539.091942
1787084539.263758
1787084539.437927
1787084539.607703
1787084539.771754
1787084539.942495
1787084540.113473
1787084540.282993
1787084540.452994
1787084540.616521
1787084540.787788
1787084540.959096
1787084541.129609
1787084541.300200
1787084541.467416
1787084541.637804
1787084541.809094
1787084541.972762
1787084542.142742
1787084542.310761
1787084542.479204
1787084542.650902
1787084542.820091
1787084542.995118
1787084543.167624
1787084543.330804
1787084543.503961
1787084543.676918
1787084543.848897
1787084544.020178
1787084544.183931
1787084544.353362
1787084544.528156
1787084544.689880
1787084544.856338
1787084545.030038
1787084545.195068
1787084545.363862
1787084545.534069
1787084545.703574
1787084545.874745
1787084546.044359
1787084546.211762
1787084546.375673
1787084546.544268
1787084546.712500
1787084546.881653
1787084547.050076
1787084547.211117
1787084547.378994
1787084547.541080
1787084547.709862
1787084547.873652
1787084548.040577
1787084548.203074
1787084548.372779
1787084548.542395
1787084548.711362
1787084548.872449
1787084549.040360
1787084549.208147
1787084549.376184
1787084549.536830
1787084549.705786
1787084549.875052
1787084550.046583
1787084550.212933
1787084550.378065
1787084550.551014
1787084550.720808
1787084550.883715
1787084551.054584
1787084551.226667
1787084551.396808
1787084551.561147
1787084551.732101
1787084551.906657
1787084552.077720
1787084552.250530
1787084552.419278
1787084552.593612
1787084552.768568
1787084552.934555
1787084553.101776
1787084553.277713
1787084553.449977
1787084553.623709
1787084553.791629
1787084553.965655
1787084554.135606
1787084554.308859
1787084554.486242
1787084554.662190
1787084554.837844
1787084555.004607
1787084555.172141
1787084555.346215
1787084555.521458
1787084555.696297
1787084555.863275
1787084556.029181
1787084556.201270
1787084556.372034
1787084556.543081
1787084556.716999
1787084556.885864
1787084557.057968
1787084557.228357
1787084557.397026
1787084557.566333
1787084557.736448
1787084557.902408
1787084558.072832
1787084558.241978
1787084558.411754
1787084558.580246
1787084558.751529
1787084558.915317
1787084559.083282
1787084559.252234
1787084559.423729
1787084559.587212
1787084559.757535
1787084559.926727
1787084560.094431
1787084560.265816
1787084560.436679
1787084560.606398
1787084560.776736
1787084560.948147
1787084561.117483
1787084561.292222
1787084561.461381
1787084561.631675
1787084561.801442
1787084561.974300
1787084562.144501
1787084562.309465
1787084562.483893
1787084562.653112
1787084562.818419
1787084562.988390
1787084563.156376
1787084563.327252
1787084563.497914
1787084563.666422
1787084563.836078
1787084564.005834
1787084564.175880
1787084564.346155
1787084564.514104
1787084564.684856
1787084564.855384
1787084565.026383
1787084565.195872
1787084565.366258
1787084565.531530
1787084565.697588
1787084565.862699
1787084566.032377
1787084566.196468
1787084566.365844
1787084566.536216
1787084566.705453
1787084566.878031
1787084567.047479
1787084567.211919
1787084567.375451
1787084567.546926
1787084567.714856
1787084567.885666
1787084568.055305
1787084568.219251
1787084568.389825
1787084568.561570
1787084568.736438
1787084568.907485
1787084569.074452
1787084569.239594
1787084569.411283
1787084569.583944
1787084569.753762
1787084569.924630
1787084570.093013
1787084570.258186
1787084570.426406
1787084570.590299
1787084570.761944
1787084570.932771
1787084571.099854
1787084571.267473
1787084571.436364
1787084571.606732
1787084571.778005
1787084571.949331
1787084572.118046
1787084572.287426
1787084572.456522
1787084572.619046
1787084572.789562
1787084572.960773
1787084573.130367
1787084573.302188
1787084573.472829
1787084573.641280
1787084573.813530
1787084573.981383
1787084574.153406
1787084574.317460
1787084574.481555
1787084574.650837
1787084574.813427
1787084574.980804
1787084575.152856
1787084575.323963
1787084575.492268
1787084575.662142
1787084575.831788
1787084575.999359
1787084576.162066
1787084576.328152
1787084576.490930
1787084576.659640
1787084576.828727
1787084576.997915
1787084577.164351
1787084577.333936
1787084577.501777
1787084577.671436
1787084577.841694
1787084578.005305
1787084578.174138
1787084578.342328
1787084578.512329
1787084578.680778
1787084578.847210
1787084579.016677
1787084579.178369
1787084579.346341
1787084579.515743
1787084579.676600
1787084579.843976
1787084580.013267
1787084580.179815
1787084580.345998
1787084580.508751
1787084580.676119
1787084580.840163
1787084581.007343
1787084581.168883
1787084581.336404
1787084581.497756
1787084581.663741
1787084581.833235
1787084582.000377
1787084582.169132
1787084582.336082
1787084582.501680
1787084582.670851
1787084582.835992
1787084583.002133
1787084583.167754
1787084583.328368
1787084583.493622
1787084583.661159
1787084583.829340
1787084583.990165
1787084584.153685
1787084584.319575
1787084584.486284
1787084584.649201
1787084584.815337
1787084584.976021
1787084585.140200
1787084585.300341
1787084585.470246
1787084585.636289
1787084585.800220
1787084585.967440
1787084586.127490
1787084586.296489
1787084586.461297
1787084586.629669
1787084586.798275
1787084586.964277
1787084587.130965
1787084587.298499
1787084587.464447
1787084587.630716
1787084587.797130
1787084587.966208
1787084588.125599
1787084588.290313
1787084588.457021
1787084588.621087
1787084588.781169
1787084588.942361
1787084589.109503
1787084589.277387
1787084589.441383
1787084589.607553
1787084589.772721
1787084589.938500
1787084590.105632
1787084590.265415
1787084590.429550
1787084590.605784
1787084590.778222
1787084590.941141
1787084591.106558
1787084591.271260
1787084591.436133
1787084591.602449
1787084591.777183
1787084591.952629
1787084592.133103
1787084592.305635
1787084592.479154
1787084592.652472
1787084592.825997
1787084593.001696
1787084593.176431
1787084593.344584
1787084593.523023
1787084593.695552
1787084593.874080
1787084594.050771
1787084594.227947
1787084594.395042
1787084594.567097
1787084594.741187
1787084594.917157
1787084595.089742
1787084595.260159
1787084595.434941
1787084595.610054
1787084595.784912
1787084595.960001
1787084596.134110
1787084596.299029
1787084596.471000
1787084596.644603
1787084596.820798
1787084596.991426
1787084597.167919
1787084597.338902
1787084597.516004
1787084597.684916
1787084597.858271
1787084598.032861
1787084598.210181
1787084598.376254
1787084598.551368
1787084598.727168
1787084598.901871
1787084599.074676
1787084599.251013
1787084599.418126
1787084599.595835
1787084599.758339
1787084599.935340
1787084600.112375
1787084600.287835
1787084600.463807
1787084600.637182
1787084600.804886
1787084600.979020
1787084601.145330
1787084601.321181
1787084601.496843
1787084601.669730
1787084601.844680
1787084602.017847
1787084602.186819
1787084602.358579
1787084602.528657
1787084602.702826
1787084602.879743
1787084603.047465
1787084603.226716
1787084603.395462
1787084603.561906
1787084603.737228
1787084603.911529
1787084604.083958
1787084604.252048
1787084604.423741
1787084604.596099
1787084604.764415
1787084604.938310
1787084605.113626
1787084605.284757
1787084605.454928
1787084605.629973
1787084605.808952
1787084605.975475
1787084606.147470
1787084606.313349
1787084606.486629
1787084606.657852
1787084606.830134
1787084607.006692
1787084607.176033
1787084607.344186
1787084607.518641
1787084607.693153
1787084607.867586
1787084608.039430
1787084608.218163
1787084608.394001
1787084608.569541
1787084608.743041
1787084608.912219
1787084609.077105
1787084609.253724
1787084609.428870
1787084609.605036
1787084609.781321
1787084609.956365
1787084610.127315
1787084610.301129
1787084610.473807
1787084610.650769
1787084610.824497
1787084610.996392
1787084611.168519
1787084611.338784
1787084611.508476
1787084611.682512
1787084611.856790
1787084612.020950
1787084612.194144
1787084612.365464
1787084612.539385
1787084612.712702
1787084612.884054
1787084613.059512
1787084613.224609
1787084613.398206
1787084613.572517
1787084613.737181
1787084613.909869
1787084614.083470
1787084614.249509
1787084614.421399
1787084614.592464
1787084614.761730
1787084614.931493
1787084615.102257
1787084615.274436
1787084615.445624
1787084615.617794
1787084615.789996
1787084615.961915
1787084616.133225
1787084616.303713
1787084616.476167
1787084616.647683
1787084616.814607
1787084616.985062
1787084617.156494
1787084617.330183
1787084617.508246
1787084617.672993
1787084617.843646
1787084618.017884
1787084618.185590
1787084618.355674
1787084618.537583
1787084618.716428
1787084618.895049
1787084619.073514
1787084619.245980
1787084619.414805
1787084619.587592
1787084619.756378
1787084619.935927
1787084620.104038
1787084620.278928
1787084620.451257
1787084620.627014
1787084620.800611
1787084620.970554
1787084621.145655
1787084621.313807
1787084621.484535
1787084621.664408
1787084621.829947
1787084622.003037
1787084622.175257
1787084622.343065
1787084622.516796
1787084622.690202
1787084622.862805
1787084623.034471
1787084623.203731
1787084623.370616
1787084623.537355
1787084623.708518
1787084623.883209
1787084624.054969
1787084624.228514
1787084624.401342
1787084624.577026
1787084624.749813
1787084624.924024
1787084625.097529
1787084625.272193
1787084625.447870
1787084625.619057
1787084625.790358
1787084625.961642
1787084626.128833
1787084626.294873
1787084626.465812
1787084626.635117
1787084626.805285
1787084626.974883
1787084627.143849
1787084627.318887
1787084627.491975
1787084627.661126
1787084627.833765
1787084628.003752
1787084628.175779
1787084628.346078
1787084628.519957
1787084628.692165
1787084628.863395
1787084629.033662
1787084629.200328
1787084629.368970
1787084629.539300
1787084629.712734
1787084629.882808
1787084630.054423
1787084630.216637
1787084630.385572
1787084630.555502
1787084630.729671
1787084630.896235
1787084631.067194
1787084631.241378
1787084631.405680
1787084631.580112
1787084631.751135
1787084631.923168
1787084632.092766
1787084632.264323
1787084632.434667
1787084632.606237
1787084632.779210
1787084632.951779
1787084633.124389
1787084633.298524
1787084633.473836
1787084633.647871
1787084633.821504
1787084633.993469
1787084634.159245
1787084634.330625
1787084634.502098
1787084634.673482
1787084634.845069
1787084635.016346
1787084635.185628
1787084635.359072
1787084635.535682
1787084635.701526
1787084635.870387
1787084636.040238
1787084636.204651
1787084636.377576
1787084636.549236
1787084636.720482
1787084636.892474
1787084637.067184
1787084637.233978
1787084637.399320
1787084637.572327
1787084637.747119
1787084637.922775
1787084638.089601
1787084638.263095
1787084638.431958
1787084638.599960
1787084638.776905
1787084638.949310
1787084639.121473
1787084639.287957
1787084639.460355
1787084639.625237
1787084639.798868
1787084639.961890
1787084640.135351
1787084640.309423
1787084640.482816
1787084640.651874
1787084640.826625
1787084641.001844
1787084641.174980
1787084641.342107
1787084641.510286
1787084641.684640
1787084641.852357
1787084642.026906
1787084642.201964
1787084642.377729
1787084642.550436
1787084642.722889
1787084642.890653
1787084643.064882
1787084643.235752
1787084643.405032
1787084643.580824
1787084643.755384
1787084643.922773
1787084644.096776
1787084644.273124
1787084644.448896
1787084644.624068
1787084644.794094
1787084644.970096
1787084645.140366
1787084645.318586
1787084645.487742
1787084645.661138
1787084645.837023
1787084646.011932
1787084646.186806
1787084646.361885
1787084646.536558
1787084646.711590
1787084646.886216
1787084647.059694
1787084647.233096
1787084647.399832
1787084647.575439
1787084647.745426
1787084647.920046
1787084648.094080
1787084648.264423
1787084648.439155
1787084648.614621
1787084648.786699
1787084648.957734
1787084649.132002
1787084649.306996
1787084649.483150
1787084649.655775
1787084649.827010
1787084649.995520
1787084650.171317
1787084650.345287
1787084650.520757
1787084650.688058
1787084650.860663
1787084651.029176
1787084651.197834
1787084651.372894
1787084651.545259
1787084651.718451
1787084651.893460
1787084652.068149
1787084652.249334
1787084652.424078
1787084652.592055
1787084652.768286
1787084652.942051
1787084653.117940
1787084653.296003
1787084653.464746
1787084653.640662
1787084653.817460
1787084653.993429
1787084654.169913
1787084654.338294
1787084654.512414
1787084654.691180
1787084654.868956
1787084655.044727
1787084655.220104
1787084655.395733
1787084655.565557
1787084655.740279
1787084655.919235
1787084656.093081
1787084656.269640
1787084656.445386
1787084656.622419
1787084656.795667
1787084656.965420
1787084657.140482
1787084657.315809
1787084657.489609
1787084657.665464
1787084657.841197
1787084658.018223
1787084658.193825
1787084658.369279
1787084658.543289
1787084658.720460
1787084658.889657
1787084659.068017
1787084659.244421
1787084659.420622
1787084659.593636
1787084659.763792
1787084659.941335
1787084660.110081
1787084660.287048
1787084660.462066
1787084660.639132
1787084660.813077
1787084660.990998
1787084661.160530
1787084661.337447
1787084661.516295
1787084661.691145
1787084661.866363
1787084662.038004
1787084662.214370
1787084662.390515
1787084662.564559
1787084662.738564
1787084662.914392
1787084663.089334
1787084663.264592
1787084663.440679
1787084663.616561
1787084663.791200
1787084663.964536
1787084664.138288
1787084664.312666
1787084664.487399
1787084664.662597
1787084664.838360
1787084665.009212
1787084665.187076
1787084665.361573
1787084665.537278
1787084665.713343
