1787077013.557131
1787077013.703425
1787077013.847216
1787077013.993984
1787077014.141786
1787077014.286944
1787077014.434494
1787077014.582068
1787077014.729580
1787077014.876101
1787077015.024979
1787077015.172186
1787077015.321717
1787077015.488969
1787077015.636759
1787077015.786595
1787077015.943012
1787077016.100630
1787077016.258482
1787077016.411790
1787077016.569256
1787077016.725037
1787077016.882752
1787077017.038822
1787077017.196286
1787077017.346558
1787077017.519213
1787077017.667071
1787077017.815382
1787077017.962178
1787077018.109902
1787077018.259093
1787077018.408098
1787077018.558744
1787077018.709968
1787077018.858359
1787077019.006973
1787077019.156279
1787077019.304734
1787077019.452697
1787077019.623234
1787077019.771888
1787077019.926209
1787077020.076092
1787077020.230118
1787077020.386930
1787077020.536540
1787077020.685101
1787077020.833709
1787077020.982276
1787077021.131987
1787077021.279363
1787077021.428192
1787077021.574910
1787077021.727688
1787077021.873585
1787077022.020748
1787077022.167350
1787077022.313604
1787077022.459888
1787077022.606129
1787077022.751249
1787077022.904005
1787077023.057046
1787077023.208747
1787077023.362230
1787077023.513641
1787077023.665685
1787077023.818093
1787077023.969149
1787077024.123601
1787077024.281440
1787077024.433778
1787077024.584922
1787077024.736398
1787077024.887427
1787077025.036236
1787077025.187502
1787077025.339499
1787077025.488536
1787077025.638365
1787077025.791276
1787077025.935506
1787077026.087268
1787077026.240654
1787077026.386398
1787077026.535872
1787077026.686285
1787077026.836789
1787077026.987143
1787077027.132490
1787077027.284100
1787077027.434288
1787077027.587059
1787077027.737901
1787077027.887696
1787077028.032518
1787077028.177465
1787077028.328814
1787077028.480541
1787077028.632363
1787077028.789261
1787077028.940488
1787077029.091285
1787077029.239638
1787077029.392501
1787077029.539043
1787077029.689943
1787077029.837094
1787077029.989215
1787077030.139153
1787077030.287239
1787077030.437619
1787077030.589328
1787077030.740201
1787077030.887483
1787077031.039727
1787077031.190674
1787077031.343539
1787077031.496249
1787077031.648593
1787077031.800503
1787077031.955970
1787077032.107151
1787077032.253989
1787077032.401458
1787077032.549610
1787077032.697720
1787077032.846353
1787077032.994479
1787077033.141703
1787077033.292561
1787077033.441026
1787077033.593988
1787077033.741899
1787077033.889594
1787077034.046119
1787077034.197814
1787077034.347943
1787077034.503380
1787077034.660226
1787077034.817379
1787077034.972079
1787077035.126848
1787077035.281048
1787077035.436240
1787077035.591218
1787077035.750466
1787077035.908348
1787077036.052157
1787077036.205380
1787077036.355304
1787077036.511827
1787077036.668766
1787077036.821067
1787077036.979922
1787077037.136738
1787077037.292694
1787077037.450997
1787077037.610034
1787077037.768399
1787077037.928137
1787077038.087845
1787077038.245865
1787077038.405436
1787077038.564718
1787077038.726959
1787077038.886763
1787077039.047216
1787077039.209571
1787077039.370665
1787077039.530667
1787077039.692975
1787077039.854897
1787077040.017719
1787077040.179003
1787077040.341485
1787077040.505368
1787077040.666529
1787077040.827139
1787077040.990469
1787077041.152905
1787077041.316581
1787077041.479122
1787077041.643950
1787077041.805785
1787077041.969028
1787077042.132169
1787077042.288105
1787077042.448335
1787077042.611572
1787077042.775021
1787077042.939102
1787077043.102364
1787077043.268219
1787077043.426486
1787077043.594130
1787077043.752785
1787077043.921091
1787077044.092697
1787077044.250917
1787077044.416034
1787077044.581666
1787077044.747045
1787077044.911195
1787077045.068584
1787077045.227147
1787077045.393185
1787077045.552696
1787077045.712493
1787077045.874026
1787077046.033233
1787077046.194588
1787077046.357007
1787077046.516912
1787077046.681195
1787077046.847256
1787077047.013560
1787077047.173381
1787077047.341670
1787077047.506902
1787077047.671659
1787077047.838314
1787077048.003437
1787077048.172200
1787077048.337962
1787077048.498704
1787077048.663845
1787077048.830246
1787077048.994804
1787077049.154750
1787077049.315859
1787077049.482882
1787077049.651850
1787077049.818293
1787077049.985657
1787077050.147180
1787077050.308811
1787077050.474273
1787077050.641466
1787077050.813148
1787077050.976567
1787077051.137421
1787077051.302712
1787077051.469893
1787077051.633885
1787077051.798971
1787077051.964806
1787077052.125751
1787077052.285988
1787077052.451993
1787077052.618789
1787077052.785665
1787077052.951797
1787077053.118290
1787077053.280422
1787077053.449682
1787077053.617349
1787077053.784763
1787077053.952495
1787077054.115663
1787077054.285161
1787077054.454113
1787077054.623822
1787077054.786854
1787077054.950032
1787077055.119644
1787077055.282407
1787077055.451727
1787077055.620199
1787077055.787007
1787077055.958005
1787077056.123010
1787077056.298741
1787077056.461268
1787077056.630095
1787077056.798219
1787077056.967145
1787077057.135066
1787077057.303381
1787077057.469466
1787077057.636388
1787077057.802895
1787077057.969691
1787077058.133384
1787077058.304152
1787077058.465178
1787077058.633200
1787077058.802428
1787077058.971810
1787077059.140444
1787077059.308690
1787077059.477089
1787077059.644852
1787077059.816250
1787077059.988366
1787077060.162743
1787077060.334144
1787077060.500461
1787077060.668103
1787077060.836020
1787077061.008169
1787077061.178176
1787077061.349554
1787077061.521401
1787077061.689570
1787077061.859689
1787077062.029649
1787077062.197930
1787077062.372078
1787077062.541172
1787077062.707083
1787077062.879067
1787077063.053063
1787077063.221336
1787077063.397566
1787077063.572070
1787077063.744966
1787077063.916604
1787077064.086077
1787077064.257414
1787077064.428236
1787077064.591218
1787077064.760552
1787077064.930913
1787077065.102175
1787077065.272377
1787077065.441869
1787077065.607634
1787077065.778784
1787077065.948710
1787077066.120934
1787077066.295439
1787077066.469075
1787077066.644565
1787077066.816287
1787077066.988674
1787077067.163291
1787077067.331256
1787077067.507737
1787077067.679544
1787077067.850662
1787077068.021074
1787077068.187449
1787077068.357082
1787077068.525537
1787077068.698813
1787077068.882724
1787077069.054124
1787077069.227078
1787077069.397354
1787077069.570375
1787077069.745546
1787077069.921517
1787077070.096081
1787077070.263555
1787077070.438061
1787077070.604073
1787077070.771472
1787077070.944678
1787077071.113484
1787077071.283560
1787077071.456073
1787077071.629184
1787077071.804117
1787077071.974826
1787077072.145628
1787077072.314926
1787077072.483482
1787077072.654896
1787077072.827309
1787077072.998359
1787077073.164467
1787077073.333314
1787077073.503085
1787077073.673130
1787077073.840579
1787077074.010633
1787077074.180806
1787077074.349087
1787077074.520235
1787077074.692760
1787077074.859000
1787077075.032072
1787077075.205667
1787077075.382174
1787077075.558607
1787077075.741036
1787077075.913563
1787077076.090550
1787077076.270026
1787077076.450272
1787077076.633338
1787077076.810203
1787077076.986499
1787077077.161458
1787077077.335753
1787077077.509303
1787077077.682322
1787077077.856240
1787077078.029121
1787077078.204584
1787077078.372551
1787077078.547273
1787077078.721805
1787077078.895944
1787077079.069609
1787077079.242777
1787077079.417702
1787077079.595702
1787077079.770784
1787077079.942758
1787077080.110689
1787077080.287385
1787077080.459056
1787077080.629944
1787077080.801712
1787077080.968700
1787077081.141570
1787077081.308883
1787077081.490808
1787077081.664718
1787077081.839602
1787077082.013851
1787077082.188288
1787077082.356081
1787077082.531243
1787077082.704221
1787077082.875731
1787077083.047601
1787077083.214503
1787077083.387363
1787077083.557003
1787077083.729618
1787077083.902044
1787077084.076035
1787077084.247570
1787077084.421166
1787077084.583196
1787077084.755128
1787077084.929141
1787077085.094499
1787077085.263972
1787077085.433751
1787077085.607583
1787077085.780630
1787077085.956810
1787077086.124080
1787077086.300828
1787077086.466910
1787077086.638942
1787077086.809666
1787077086.981758
1787077087.147005
1787077087.318181
1787077087.489376
1787077087.654498
1787077087.825248
1787077087.994148
1787077088.164867
1787077088.334109
1787077088.508602
1787077088.678874
1787077088.849840
1787077089.019355
1787077089.183406
1787077089.352546
1787077089.523160
1787077089.692743
1787077089.861667
1787077090.032925
1787077090.203139
1787077090.373146
1787077090.544321
1787077090.709152
1787077090.877106
1787077091.048880
1787077091.221133
1787077091.389230
1787077091.560428
1787077091.735558
1787077091.900131
1787077092.073559
1787077092.237144
1787077092.407342
1787077092.577862
1787077092.751862
1787077092.925488
1787077093.093759
1787077093.268569
1787077093.437194
1787077093.611245
1787077093.786807
1787077093.961322
1787077094.135042
1787077094.308290
1787077094.478527
1787077094.653832
1787077094.831661
1787077095.008161
1787077095.173137
1787077095.349544
1787077095.513456
1787077095.687998
1787077095.857820
1787077096.031231
1787077096.205314
1787077096.377506
1787077096.554014
1787077096.719173
1787077096.891143
1787077097.062411
1787077097.228391
1787077097.398672
1787077097.570059
1787077097.734846
1787077097.905766
1787077098.079856
1787077098.245051
1787077098.415425
1787077098.585247
1787077098.755181
1787077098.924587
1787077099.095042
1787077099.259713
1787077099.433872
1787077099.603975
1787077099.776745
1787077099.948634
1787077100.113164
1787077100.284929
1787077100.456608
1787077100.626486
1787077100.797847
1787077100.968664
1787077101.137570
1787077101.308945
1787077101.480650
1787077101.652559
1787077101.826423
1787077101.997419
1787077102.167423
1787077102.337018
1787077102.514787
1787077102.693063
1787077102.872510
1787077103.042800
1787077103.217589
1787077103.396912
1787077103.574506
1787077103.752187
1787077103.929276
1787077104.112625
1787077104.290431
1787077104.469573
1787077104.641577
1787077104.820553
1787077104.999321
1787077105.171744
1787077105.350902
1787077105.527560
1787077105.702330
1787077105.890630
1787077106.075927
1787077106.259192
1787077106.448924
1787077106.638383
1787077106.817995
1787077106.994665
1787077107.166713
1787077107.343410
1787077107.518878
1787077107.694339
1787077107.869153
1787077108.041657
1787077108.217634
1787077108.394588
1787077108.569541
1787077108.744466
1787077108.918641
1787077109.092674
1787077109.263006
1787077109.436549
1787077109.610563
1787077109.782754
1787077109.952116
1787077110.128510
1787077110.303984
1787077110.473331
1787077110.641833
1787077110.814618
1787077110.985437
1787077111.154175
1787077111.327808
1787077111.499645
1787077111.671800
1787077111.839547
1787077112.006574
1787077112.176850
1787077112.351126
1787077112.516492
1787077112.686907
1787077112.859411
1787077113.031257
1787077113.203502
1787077113.371870
1787077113.546498
1787077113.720358
1787077113.889024
1787077114.057096
1787077114.231696
1787077114.399030
1787077114.572979
1787077114.753330
1787077114.926164
1787077115.102097
1787077115.280689
1787077115.448947
1787077115.620017
1787077115.793997
1787077115.961250
1787077116.127609
1787077116.302423
1787077116.474295
1787077116.648973
1787077116.818220
1787077116.993363
1787077117.165050
1787077117.331511
1787077117.505107
1787077117.678498
1787077117.849629
1787077118.022180
1787077118.195985
1787077118.368379
1787077118.535432
1787077118.706484
1787077118.877106
1787077119.048362
1787077119.218536
1787077119.388946
1787077119.557260
1787077119.728868
1787077119.901888
1787077120.073351
1787077120.242408
1787077120.415494
1787077120.589451
1787077120.756164
1787077120.927569
1787077121.110994
1787077121.289234
1787077121.465877
1787077121.641329
1787077121.819657
1787077121.996147
1787077122.159740
1787077122.335456
1787077122.503872
1787077122.677493
1787077122.850399
1787077123.022353
1787077123.204919
1787077123.380315
1787077123.554926
1787077123.732935
1787077123.914191
1787077124.094039
1787077124.275887
1787077124.457794
1787077124.641805
1787077124.820096
1787077124.995442
1787077125.166340
1787077125.341160
1787077125.520462
1787077125.696494
1787077125.871598
1787077126.045159
1787077126.219673
1787077126.394449
1787077126.568000
1787077126.742289
1787077126.916891
1787077127.089706
1787077127.257574
1787077127.431167
1787077127.604139
1787077127.770816
1787077127.942014
1787077128.108732
1787077128.284996
1787077128.453487
1787077128.625621
1787077128.791579
1787077128.963518
1787077129.132428
1787077129.297564
1787077129.469778
1787077129.641136
1787077129.809099
1787077129.975607
1787077130.142102
1787077130.314226
1787077130.483640
1787077130.656381
1787077130.828631
1787077131.001023
1787077131.166016
1787077131.337511
1787077131.507591
1787077131.679643
1787077131.859905
1787077132.041672
1787077132.222120
1787077132.410727
1787077132.594862
1787077132.774721
1787077132.953441
1787077133.130336
1787077133.306493
1787077133.482853
1787077133.663042
1787077133.846001
1787077134.027969
1787077134.205759
1787077134.384317
1787077134.566673
1787077134.746562
1787077134.918601
1787077135.096909
1787077135.271990
1787077135.451591
1787077135.633001
1787077135.805173
1787077135.977761
1787077136.150568
1787077136.328172
1787077136.506543
1787077136.683881
1787077136.861692
1787077137.036175
1787077137.211944
1787077137.386605
1787077137.561464
1787077137.738177
1787077137.913998
1787077138.092077
1787077138.267264
1787077138.442426
1787077138.616117
1787077138.790876
1787077138.964912
1787077139.140087
1787077139.313346
1787077139.481682
1787077139.659519
1787077139.830925
1787077140.005823
1787077140.184729
1787077140.357769
1787077140.533579
1787077140.706855
1787077140.877946
1787077141.050500
1787077141.220970
1787077141.385328
1787077141.557302
1787077141.729559
1787077141.900874
1787077142.067424
1787077142.238460
1787077142.411500
1787077142.582778
1787077142.753331
1787077142.923372
1787077143.100881
1787077143.275830
1787077143.444233
1787077143.621942
1787077143.801473
1787077143.976274
1787077144.142309
1787077144.316070
1787077144.491267
1787077144.667206
1787077144.842581
1787077145.019452
1787077145.185126
1787077145.352198
1787077145.527415
1787077145.704266
1787077145.869292
1787077146.040741
1787077146.212453
1787077146.382244
1787077146.557690
1787077146.729014
1787077146.903636
1787077147.076240
1787077147.241372
1787077147.413025
1787077147.583351
1787077147.752337
1787077147.924338
1787077148.091070
1787077148.256550
1787077148.419402
1787077148.593215
1787077148.758131
1787077148.921996
1787077149.091809
1787077149.261869
1787077149.434417
1787077149.608269
1787077149.779570
1787077149.949954
1787077150.119602
1787077150.291542
1787077150.460464
1787077150.634965
1787077150.808067
1787077150.979771
1787077151.150047
1787077151.320059
1787077151.490932
1787077151.659989
1787077151.831246
1787077152.007416
1787077152.191451
1787077152.362489
1787077152.534227
1787077152.705655
1787077152.876185
1787077153.047803
1787077153.217296
1787077153.392290
1787077153.565107
1787077153.730581
1787077153.901121
1787077154.073959
1787077154.244883
1787077154.415741
1787077154.587832
1787077154.759242
1787077154.932072
1787077155.103078
1787077155.274980
1787077155.446033
1787077155.617061
1787077155.791158
1787077155.963930
1787077156.137121
1787077156.309757
1787077156.476492
1787077156.657291
1787077156.832158
1787077157.003962
1787077157.179907
1787077157.351824
1787077157.524806
1787077157.697102
1787077157.870016
1787077158.044196
1787077158.218466
1787077158.394269
1787077158.560428
1787077158.732676
1787077158.909884
1787077159.078978
1787077159.251997
1787077159.424484
1787077159.596673
1787077159.769961
1787077159.941827
1787077160.109818
1787077160.283084
1787077160.451879
1787077160.627184
1787077160.799671
1787077160.975672
1787077161.142249
1787077161.310188
1787077161.484237
1787077161.659194
1787077161.830997
1787077162.001467
1787077162.175827
1787077162.353217
1787077162.522110
1787077162.695708
1787077162.868804
1787077163.040296
1787077163.212621
1787077163.383895
1787077163.555053
1787077163.727025
1787077163.900408
1787077164.067537
1787077164.238212
1787077164.408149
1787077164.578578
1787077164.743952
1787077164.915268
1787077165.081689
1787077165.250579
1787077165.420185
1787077165.591889
1787077165.762497
1787077165.927813
1787077166.096851
1787077166.266081
1787077166.438143
1787077166.610583
1787077166.781453
1787077166.956321
1787077167.129071
1787077167.303154
1787077167.469792
1787077167.642523
1787077167.814840
1787077167.985070
1787077168.160501
1787077168.334469
1787077168.506675
1787077168.679768
1787077168.852501
1787077169.027681
1787077169.201423
1787077169.373386
1787077169.545898
1787077169.717818
1787077169.889129
1787077170.062243
1787077170.234305
1787077170.409515
1787077170.582759
1787077170.755865
1787077170.928936
1787077171.100232
1787077171.272089
1787077171.449097
1787077171.614025
1787077171.786908
1787077171.960506
1787077172.134053
1787077172.310580
1787077172.478261
1787077172.651886
1787077172.826602
1787077173.001671
1787077173.177200
1787077173.351085
1787077173.523496
1787077173.698143
1787077173.872871
1787077174.042345
1787077174.218065
1787077174.394625
1787077174.569061
1787077174.743248
1787077174.918026
1787077175.087251
1787077175.261691
1787077175.437353
1787077175.612382
1787077175.788123
1787077175.959293
1787077176.134012
1787077176.308426
1787077176.485260
1787077176.659403
1787077176.834513
1787077177.007873
1787077177.184412
1787077177.359763
1787077177.535633
1787077177.707980
1787077177.882076
1787077178.057406
1787077178.231652
1787077178.407655
1787077178.584810
1787077178.760532
1787077178.933175
1787077179.108985
1787077179.288361
1787077179.464147
1787077179.639303
1787077179.815366
1787077179.991457
1787077180.163665
1787077180.337741
1787077180.513023
1787077180.686656
1787077180.865522
1787077181.044157
1787077181.215149
1787077181.383972
1787077181.558756
1787077181.733770
1787077181.910238
1787077182.084558
1787077182.261377
1787077182.442383
1787077182.611451
1787077182.786711
1787077182.962878
1787077183.137080
1787077183.314341
1787077183.490126
1787077183.663945
1787077183.840312
1787077184.015527
1787077184.188468
1787077184.359129
1787077184.534106
1787077184.711328
1787077184.889135
1787077185.069683
1787077185.246603
1787077185.421078
1787077185.597838
1787077185.771877
1787077185.948733
1787077186.123885
1787077186.297929
1787077186.473085
1787077186.648030
1787077186.825056
1787077186.999581
1787077187.177375
1787077187.353128
1787077187.528043
1787077187.702014
1787077187.877254
1787077188.050934
1787077188.224473
1787077188.399037
1787077188.574461
1787077188.749189
1787077188.924053
1787077189.098285
1787077189.273147
1787077189.448924
1787077189.622837
1787077189.799662
1787077189.967548
1787077190.143368
1787077190.317155
1787077190.489712
1787077190.664568
1787077190.843118
1787077191.017905
1787077191.191450
1787077191.365820
1787077191.539892
1787077191.712690
1787077191.885734
1787077192.063621
1787077192.245301
1787077192.417870
1787077192.593811
1787077192.767109
1787077192.936445
1787077193.110060
1787077193.283872
1787077193.453085
1787077193.626307
1787077193.802649
1787077193.977895
1787077194.150332
1787077194.318282
1787077194.491570
1787077194.667947
1787077194.846912
1787077195.023579
1787077195.189852
1787077195.364749
1787077195.538400
1787077195.711908
1787077195.884687
1787077196.052576
1787077196.226272
1787077196.394015
1787077196.568563
1787077196.741456
1787077196.916596
1787077197.084362
1787077197.258822
1787077197.432501
1787077197.606337
1787077197.779846
1787077197.952348
1787077198.119019
1787077198.292929
1787077198.466896
1787077198.638222
1787077198.813201
1787077198.986655
1787077199.161523
1787077199.333585
1787077199.508482
1787077199.680599
1787077199.856990
1787077200.030989
1787077200.201074
1787077200.373978
1787077200.551319
1787077200.716342
1787077200.891518
1787077201.066969
1787077201.239266
1787077201.409940
1787077201.581951
1787077201.756121
1787077201.928291
1787077202.101770
1787077202.274501
1787077202.440950
1787077202.612642
1787077202.783047
1787077202.957960
1787077203.123780
1787077203.294746
1787077203.460763
1787077203.631614
1787077203.803566
1787077203.974383
1787077204.145171
1787077204.316497
1787077204.488466
1787077204.660094
1787077204.826846
1787077204.992544
1787077205.172853
1787077205.345321
1787077205.516068
1787077205.685515
1787077205.857729
1787077206.028381
1787077206.197974
1787077206.373387
1787077206.545158
1787077206.717772
1787077206.887766
1787077207.060553
1787077207.234058
1787077207.405108
1787077207.576137
1787077207.748566
1787077207.919590
1787077208.090245
1787077208.264303
1787077208.434772
1787077208.609847
1787077208.777171
1787077208.948467
1787077209.117397
1787077209.285022
1787077209.460321
1787077209.636889
1787077209.802344
1787077209.973966
1787077210.146972
1787077210.317116
1787077210.487948
1787077210.658128
1787077210.828323
1787077210.998245
1787077211.170244
1787077211.343096
1787077211.513515
1787077211.679773
1787077211.850663
1787077212.020235
1787077212.192602
1787077212.364342
1787077212.535760
1787077212.710002
1787077212.880717
1787077213.054116
1787077213.218322
1787077213.391844
1787077213.559387
1787077213.729967
1787077213.895896
1787077214.064486
1787077214.237697
1787077214.410547
1787077214.585304
1787077214.758304
1787077214.923694
1787077215.093772
1787077215.255625
1787077215.427687
1787077215.599531
1787077215.769718
1787077215.944875
1787077216.113007
1787077216.286554
1787077216.457470
1787077216.632227
1787077216.804759
1787077216.975355
1787077217.146684
1787077217.319616
1787077217.487041
1787077217.656234
1787077217.827091
1787077217.996208
1787077218.168772
1787077218.340245
1787077218.513418
1787077218.687399
1787077218.852218
1787077219.024969
1787077219.197281
1787077219.370357
1787077219.540963
1787077219.713312
1787077219.877687
1787077220.050320
1787077220.220233
1787077220.389777
1787077220.561381
1787077220.733730
1787077220.897986
1787077221.070110
1787077221.239193
1787077221.408231
1787077221.579306
1787077221.752646
1787077221.918372
1787077222.090489
1787077222.263342
1787077222.432808
1787077222.609700
1787077222.781044
1787077222.952667
1787077223.118286
1787077223.290301
1787077223.462241
1787077223.632907
1787077223.802271
1787077223.974321
1787077224.141299
1787077224.315253
1787077224.486693
1787077224.657700
1787077224.827009
1787077224.999159
1787077225.172194
1787077225.337445
1787077225.510518
1787077225.686214
1787077225.851490
1787077226.024037
1787077226.193893
1787077226.365770
1787077226.537014
1787077226.714131
1787077226.888813
1787077227.062452
1787077227.234981
1787077227.411335
1787077227.579418
1787077227.750059
1787077227.920345
1787077228.086062
1787077228.259856
1787077228.425218
1787077228.595900
1787077228.767356
1787077228.936693
1787077229.107845
1787077229.282423
1787077229.447494
1787077229.620325
1787077229.797905
1787077229.963718
1787077230.131961
1787077230.306493
1787077230.471641
1787077230.639379
1787077230.814193
1787077230.985331
1787077231.154096
1787077231.325832
1787077231.495671
1787077231.670407
1787077231.840639
1787077232.013162
1787077232.182565
1787077232.354793
1787077232.527183
1787077232.699364
1787077232.872142
1787077233.043641
1787077233.215563
1787077233.386057
1787077233.551246
1787077233.721147
1787077233.885167
1787077234.056956
1787077234.226743
1787077234.391981
1787077234.562881
1787077234.732602
1787077234.905380
1787077235.076778
1787077235.247293
1787077235.410209
1787077235.582711
1787077235.749051
1787077235.917563
1787077236.092386
1787077236.259103
1787077236.424933
1787077236.595447
1787077236.761751
1787077236.936910
1787077237.103131
1787077237.275173
1787077237.447694
1787077237.620462
1787077237.791319
1787077237.957897
1787077238.131784
1787077238.301524
1787077238.474686
1787077238.648275
1787077238.822232
1787077238.993678
1787077239.165490
1787077239.337360
1787077239.508822
1787077239.682021
1787077239.857102
1787077240.031919
1787077240.205096
1787077240.370787
1787077240.543562
1787077240.715773
1787077240.888206
1787077241.054721
1787077241.226823
1787077241.399236
1787077241.573905
1787077241.745339
1787077241.917774
1787077242.092744
1787077242.250204
1787077242.422626
1787077242.595842
1787077242.768753
1787077242.940882
1787077243.114413
1787077243.285542
1787077243.452198
1787077243.625113
1787077243.797631
1787077243.969079
1787077244.141530
1787077244.316501
1787077244.489684
1787077244.663803
1787077244.838218
1787077245.009279
1787077245.183946
1787077245.357393
1787077245.527643
1787077245.698298
1787077245.870118
1787077246.038093
1787077246.210525
1787077246.381057
1787077246.551932
1787077246.723186
1787077246.896005
1787077247.066756
1787077247.231933
1787077247.405055
1787077247.577327
1787077247.750033
1787077247.923234
1787077248.095659
1787077248.267125
1787077248.436168
1787077248.607256
1787077248.777933
1787077248.948412
1787077249.117232
1787077249.285939
1787077249.453895
1787077249.626440
1787077249.799828
1787077249.971694
1787077250.145044
1787077250.311765
1787077250.483680
1787077250.656020
1787077250.829693
1787077251.002393
1787077251.173668
1787077251.347335
1787077251.518488
1787077251.694576
1787077251.868687
1787077252.032991
1787077252.212053
1787077252.388107
1787077252.566944
1787077252.736110
1787077252.906368
1787077253.079716
1787077253.253442
1787077253.424147
1787077253.597472
1787077253.773657
1787077253.947946
1787077254.115890
1787077254.284217
1787077254.459452
1787077254.633510
1787077254.810096
1787077254.982345
1787077255.157820
1787077255.334135
1787077255.510463
1787077255.685971
1787077255.859424
1787077256.032649
1787077256.202444
1787077256.377779
1787077256.553011
1787077256.726037
1787077256.902945
1787077257.078039
1787077257.252815
1787077257.427854
1787077257.597930
1787077257.773746
1787077257.947247
1787077258.121663
1787077258.303545
1787077258.469518
1787077258.645089
1787077258.817183
1787077258.992558
1787077259.166716
1787077259.340185
1787077259.512215
1787077259.687279
1787077259.861473
1787077260.036510
1787077260.204077
1787077260.372261
1787077260.545216
1787077260.719016
1787077260.889964
1787077261.065694
1787077261.233494
1787077261.406232
1787077261.575350
1787077261.750543
1787077261.925174
1787077262.097551
1787077262.271535
1787077262.446578
1787077262.623093
1787077262.797960
1787077262.974632
1787077263.147233
1787077263.320363
1787077263.493255
1787077263.665355
1787077263.834836
1787077264.011629
1787077264.185259
1787077264.360407
1787077264.536535
1787077264.710984
1787077264.881264
1787077265.055756
1787077265.230331
1787077265.408626
1787077265.575205
1787077265.753973
1787077265.928627
1787077266.104079
1787077266.280746
1787077266.457113
1787077266.634079
1787077266.811902
1787077266.979656
1787077267.154955
1787077267.331902
1787077267.508666
1787077267.685960
1787077267.855934
1787077268.031003
1787077268.201002
1787077268.375122
1787077268.552248
1787077268.723443
1787077268.901684
1787077269.077076
1787077269.251169
1787077269.425344
1787077269.600955
1787077269.777219
1787077269.946080
1787077270.122419
1787077270.299381
1787077270.475382
1787077270.649519
1787077270.818467
1787077270.994902
1787077271.172949
1787077271.349751
1787077271.528928
1787077271.698901
1787077271.874952
1787077272.061144
1787077272.228768
1787077272.404494
1787077272.579158
1787077272.757491
1787077272.934591
1787077273.110260
1787077273.280772
1787077273.456920
1787077273.631659
1787077273.808099
1787077273.983049
1787077274.157889
1787077274.331387
1787077274.506848
1787077274.682162
1787077274.857257
1787077275.034056
1787077275.206526
1787077275.384055
1787077275.550723
1787077275.725558
1787077275.900368
1787077276.075672
1787077276.249961
1787077276.425251
1787077276.608517
1787077276.785594
1787077276.962448
1787077277.133106
1787077277.303816
1787077277.482960
1787077277.660756
1787077277.844749
1787077278.022874
1787077278.200031
1787077278.377598
1787077278.555207
1787077278.733140
1787077278.911256
1787077279.089546
1787077279.266317
1787077279.445692
1787077279.623220
1787077279.799177
1787077279.971092
1787077280.149083
1787077280.326888
1787077280.504143
1787077280.680606
1787077280.858251
1787077281.030314
1787077281.208260
1787077281.384262
1787077281.563108
1787077281.741449
1787077281.920027
1787077282.097518
1787077282.268239
1787077282.447361
1787077282.619420
1787077282.795179
1787077282.976480
1787077283.156701
1787077283.339386
1787077283.521746
1787077283.700346
1787077283.881628
1787077284.058979
1787077284.235680
1787077284.418561
1787077284.594400
1787077284.775484
1787077284.952259
1787077285.130442
1787077285.307764
1787077285.486885
