1787074486.360169
1787074486.507342
1787074486.656674
1787074486.807325
1787074486.954196
1787074487.102622
1787074487.249744
1787074487.398024
1787074487.547487
1787074487.694792
1787074487.857948
1787074488.008103
1787074488.173921
1787074488.324399
1787074488.473089
1787074488.620173
1787074488.769256
1787074488.916847
1787074489.065788
1787074489.212932
1787074489.361533
1787074489.511496
1787074489.660971
1787074489.819628
1787074489.967834
1787074490.117724
1787074490.290348
1787074490.440413
1787074490.588944
1787074490.736010
1787074490.885646
1787074491.033923
1787074491.182322
1787074491.329717
1787074491.485016
1787074491.641174
1787074491.799382
1787074491.945061
1787074492.101486
1787074492.275458
1787074492.420615
1787074492.571755
1787074492.722925
1787074492.871521
1787074493.017715
1787074493.165735
1787074493.319621
1787074493.474972
1787074493.630155
1787074493.785032
1787074493.939857
1787074494.088231
1787074494.242071
1787074494.400536
1787074494.551907
1787074494.706568
1787074494.855536
1787074495.007419
1787074495.154446
1787074495.307530
1787074495.459203
1787074495.610710
1787074495.760710
1787074495.912380
1787074496.063261
1787074496.207981
1787074496.356374
1787074496.507887
1787074496.657382
1787074496.808455
1787074496.959604
1787074497.102583
1787074497.250030
1787074497.402841
1787074497.547642
1787074497.699975
1787074497.850015
1787074498.004207
1787074498.147800
1787074498.300087
1787074498.444210
1787074498.593326
1787074498.742998
1787074498.891929
1787074499.041990
1787074499.190171
1787074499.340632
1787074499.489500
1787074499.639350
1787074499.788366
1787074499.938154
1787074500.088724
1787074500.236047
1787074500.381167
1787074500.523768
1787074500.668516
1787074500.818081
1787074500.968080
1787074501.122285
1787074501.269807
1787074501.419902
1787074501.570184
1787074501.717920
1787074501.869699
1787074502.016312
1787074502.166851
1787074502.319185
1787074502.473225
1787074502.618296
1787074502.770144
1787074502.920779
1787074503.070804
1787074503.216761
1787074503.370826
1787074503.525819
1787074503.676646
1787074503.829818
1787074503.982729
1787074504.136691
1787074504.283665
1787074504.429286
1787074504.575403
1787074504.727978
1787074504.878786
1787074505.030502
1787074505.182899
1787074505.333203
1787074505.484619
1787074505.635225
1787074505.786705
1787074505.943018
1787074506.093336
1787074506.247183
1787074506.401724
1787074506.553529
1787074506.701743
1787074506.853654
1787074507.007696
1787074507.155345
1787074507.308444
1787074507.456971
1787074507.611591
1787074507.766379
1787074507.919759
1787074508.075548
1787074508.228479
1787074508.381510
1787074508.533959
1787074508.689766
1787074508.837048
1787074508.989502
1787074509.143019
1787074509.293833
1787074509.447904
1787074509.596201
1787074509.751322
1787074509.907197
1787074510.063378
1787074510.222217
1787074510.371971
1787074510.536272
1787074510.694958
1787074510.852005
1787074511.008783
1787074511.167384
1787074511.320677
1787074511.477211
1787074511.635220
1787074511.795896
1787074511.955933
1787074512.107787
1787074512.268094
1787074512.426784
1787074512.590307
1787074512.750453
1787074512.911388
1787074513.071175
1787074513.233054
1787074513.391860
1787074513.553012
1787074513.715281
1787074513.876611
1787074514.038601
1787074514.201269
1787074514.365807
1787074514.522236
1787074514.678527
1787074514.839061
1787074515.002533
1787074515.165255
1787074515.321487
1787074515.490200
1787074515.652027
1787074515.817634
1787074515.983115
1787074516.151433
1787074516.315922
1787074516.480887
1787074516.645567
1787074516.811336
1787074516.971473
1787074517.135862
1787074517.303304
1787074517.469040
1787074517.638350
1787074517.806305
1787074517.969835
1787074518.135816
1787074518.303336
1787074518.463280
1787074518.629338
1787074518.789893
1787074518.955765
1787074519.122132
1787074519.286022
1787074519.454033
1787074519.620605
1787074519.784456
1787074519.949612
1787074520.109745
1787074520.279133
1787074520.447709
1787074520.614813
1787074520.787852
1787074520.955602
1787074521.122425
1787074521.289284
1787074521.454234
1787074521.624593
1787074521.793028
1787074521.961614
1787074522.122027
1787074522.287679
1787074522.461555
1787074522.622149
1787074522.789757
1787074522.957645
1787074523.122517
1787074523.290298
1787074523.450051
1787074523.616248
1787074523.777620
1787074523.939754
1787074524.109137
1787074524.278054
1787074524.445994
1787074524.613829
1787074524.781452
1787074524.948849
1787074525.118015
1787074525.288802
1787074525.455086
1787074525.623523
1787074525.792431
1787074525.957274
1787074526.131855
1787074526.290169
1787074526.457911
1787074526.620525
1787074526.782947
1787074526.954371
1787074527.126807
1787074527.299213
1787074527.466994
1787074527.638482
1787074527.808680
1787074527.980790
1787074528.150742
1787074528.321279
1787074528.484166
1787074528.653126
1787074528.824678
1787074528.995841
1787074529.159946
1787074529.326375
1787074529.492362
1787074529.663321
1787074529.832603
1787074530.006990
1787074530.182607
1787074530.353397
1787074530.527389
1787074530.698924
1787074530.869263
1787074531.041426
1787074531.213778
1787074531.384828
1787074531.557400
1787074531.728886
1787074531.903155
1787074532.068622
1787074532.236010
1787074532.407056
1787074532.578991
1787074532.749830
1787074532.921277
1787074533.085268
1787074533.254810
1787074533.425123
1787074533.596585
1787074533.770699
1787074533.937087
1787074534.107107
1787074534.279025
1787074534.449794
1787074534.618887
1787074534.788684
1787074534.959054
1787074535.125074
1787074535.298484
1787074535.467463
1787074535.637257
1787074535.810563
1787074535.981979
1787074536.156814
1787074536.323880
1787074536.488507
1787074536.659062
1787074536.829814
1787074537.000213
1787074537.171115
1787074537.340958
1787074537.510109
1787074537.683043
1787074537.858014
1787074538.023736
1787074538.188576
1787074538.361378
1787074538.532923
1787074538.703396
1787074538.874438
1787074539.048336
1787074539.219953
1787074539.392604
1787074539.568866
1787074539.741548
1787074539.914253
1787074540.084532
1787074540.252334
1787074540.424958
1787074540.600035
1787074540.769784
1787074540.940930
1787074541.118283
1787074541.284855
1787074541.452368
1787074541.623024
1787074541.792779
1787074541.966853
1787074542.144938
1787074542.319812
1787074542.493253
1787074542.674434
1787074542.847196
1787074543.023546
1787074543.202196
1787074543.376807
1787074543.551343
1787074543.726068
1787074543.901699
1787074544.068801
1787074544.235903
1787074544.408643
1787074544.579955
1787074544.754174
1787074544.929296
1787074545.104912
1787074545.281706
1787074545.455559
1787074545.629222
1787074545.802900
1787074545.977035
1787074546.150477
1787074546.322171
1787074546.494865
1787074546.670433
1787074546.835900
1787074547.008235
1787074547.181191
1787074547.353975
1787074547.519315
1787074547.691651
1787074547.863077
1787074548.036407
1787074548.201686
1787074548.373906
1787074548.541559
1787074548.713948
1787074548.889033
1787074549.056087
1787074549.228421
1787074549.401386
1787074549.573713
1787074549.750113
1787074549.920115
1787074550.095254
1787074550.271761
1787074550.451128
1787074550.627179
1787074550.802624
1787074550.975563
1787074551.151738
1787074551.327928
1787074551.502335
1787074551.676630
1787074551.847009
1787074552.020818
1787074552.201589
1787074552.376118
1787074552.546962
1787074552.718155
1787074552.888048
1787074553.063251
1787074553.237333
1787074553.410404
1787074553.577669
1787074553.749810
1787074553.923808
1787074554.095366
1787074554.270598
1787074554.444901
1787074554.617782
1787074554.791179
1787074554.960805
1787074555.136105
1787074555.309632
1787074555.483915
1787074555.657738
1787074555.835682
1787074556.009370
1787074556.183276
1787074556.359694
1787074556.528168
1787074556.704824
1787074556.878869
1787074557.052020
1787074557.225612
1787074557.400046
1787074557.576150
1787074557.745155
1787074557.919054
1787074558.093749
1787074558.268397
1787074558.442410
1787074558.616911
1787074558.793546
1787074558.971306
1787074559.149444
1787074559.327433
1787074559.505037
1787074559.680678
1787074559.855156
1787074560.024885
1787074560.198650
1787074560.369442
1787074560.545193
1787074560.725168
1787074560.895372
1787074561.070018
1787074561.238542
1787074561.412140
1787074561.582762
1787074561.749485
1787074561.922585
1787074562.089098
1787074562.268692
1787074562.435978
1787074562.604082
1787074562.777323
1787074562.949008
1787074563.120382
1787074563.292363
1787074563.464930
1787074563.630748
1787074563.802907
1787074563.974714
1787074564.141416
1787074564.315467
1787074564.487377
1787074564.660544
1787074564.830737
1787074565.004664
1787074565.177844
1787074565.349551
1787074565.520405
1787074565.692807
1787074565.865500
1787074566.035060
1787074566.206916
1787074566.379273
1787074566.550500
1787074566.719616
1787074566.897477
1787074567.073492
1787074567.248735
1787074567.423373
1787074567.596293
1787074567.771712
1787074567.946057
1787074568.124251
1787074568.298009
1787074568.465238
1787074568.644043
1787074568.817341
1787074568.991040
1787074569.163867
1787074569.338158
1787074569.511968
1787074569.685759
1787074569.857351
1787074570.031648
1787074570.206141
1787074570.386511
1787074570.558536
1787074570.732193
1787074570.907973
1787074571.081815
1787074571.250578
1787074571.426060
1787074571.605047
1787074571.778901
1787074571.955353
1787074572.133074
1787074572.305841
1787074572.479735
1787074572.655291
1787074572.832850
1787074573.009232
1787074573.186247
1787074573.359680
1787074573.532783
1787074573.712289
1787074573.888682
1787074574.063900
1787074574.238549
1787074574.411956
1787074574.586200
1787074574.763449
1787074574.941829
1787074575.109345
1787074575.282003
1787074575.454858
1787074575.629202
1787074575.802057
1787074575.976986
1787074576.144080
1787074576.317401
1787074576.490114
1787074576.661653
1787074576.835003
1787074577.001143
1787074577.174778
1787074577.346778
1787074577.512275
1787074577.684493
1787074577.855809
1787074578.022967
1787074578.191847
1787074578.366201
1787074578.539914
1787074578.714480
1787074578.887121
1787074579.057406
1787074579.225447
1787074579.398004
1787074579.570463
1787074579.743971
1787074579.917541
1787074580.092937
1787074580.264680
1787074580.435018
1787074580.608433
1787074580.781306
1787074580.954262
1787074581.125648
1787074581.297472
1787074581.469469
1787074581.641822
1787074581.811609
1787074581.984104
1787074582.156481
1787074582.322649
1787074582.488510
1787074582.661217
1787074582.834069
1787074583.004906
1787074583.177337
1787074583.342504
1787074583.517543
1787074583.695008
1787074583.868117
1787074584.039453
1787074584.205806
1787074584.380481
1787074584.552767
1787074584.730331
1787074584.909894
1787074585.088311
1787074585.265691
1787074585.444186
1787074585.620126
1787074585.796205
1787074585.972010
1787074586.150470
1787074586.329765
1787074586.509035
1787074586.679185
1787074586.852162
1787074587.026366
1787074587.201905
1787074587.375861
1787074587.552670
1787074587.720318
1787074587.894593
1787074588.072758
1787074588.244294
1787074588.417646
1787074588.588422
1787074588.765070
1787074588.940592
1787074589.117492
1787074589.293290
1787074589.465545
1787074589.643470
1787074589.817824
1787074589.993842
1787074590.169946
1787074590.351484
1787074590.529796
1787074590.706367
1787074590.881791
1787074591.054916
1787074591.229214
1787074591.403500
1787074591.576616
1787074591.753048
1787074591.928845
1787074592.101708
1787074592.277845
1787074592.454027
1787074592.634029
1787074592.812154
1787074592.992115
1787074593.163556
1787074593.334363
1787074593.514627
1787074593.689920
1787074593.868073
1787074594.044020
1787074594.219087
1787074594.394506
1787074594.564624
1787074594.740924
1787074594.917804
1787074595.094125
1787074595.271686
1787074595.441992
1787074595.614612
1787074595.790063
1787074595.963345
1787074596.136789
1787074596.304296
1787074596.477131
1787074596.650193
1787074596.824280
1787074596.997165
1787074597.171052
1787074597.350857
1787074597.526286
1787074597.700895
1787074597.875060
1787074598.047589
1787074598.215586
1787074598.389750
1787074598.562305
1787074598.731659
1787074598.905574
1787074599.080629
1787074599.255176
1787074599.427938
1787074599.601057
1787074599.768883
1787074599.943074
1787074600.115777
1787074600.288446
1787074600.459482
1787074600.632115
1787074600.801959
1787074600.971758
1787074601.146811
1787074601.319165
1787074601.492493
1787074601.663400
1787074601.836854
1787074602.010176
1787074602.176481
1787074602.346968
1787074602.518113
1787074602.686687
1787074602.859676
1787074603.031348
1787074603.201191
1787074603.374210
1787074603.544156
1787074603.708906
1787074603.878668
1787074604.047427
1787074604.216732
1787074604.388306
1787074604.558120
1787074604.729084
1787074604.898055
1787074605.066482
1787074605.231451
1787074605.401701
1787074605.573058
1787074605.745848
1787074605.916343
1787074606.087054
1787074606.251636
1787074606.422619
1787074606.593505
1787074606.759285
1787074606.932328
1787074607.097628
1787074607.268871
1787074607.443416
1787074607.613155
1787074607.784336
1787074607.955028
1787074608.124825
1787074608.289579
1787074608.459598
1787074608.627920
1787074608.799060
1787074608.969897
1787074609.140591
1787074609.311286
1787074609.481935
1787074609.650340
1787074609.823181
1787074609.999900
1787074610.161800
1787074610.333508
1787074610.505365
1787074610.669485
1787074610.840413
1787074611.010399
1787074611.176632
1787074611.347226
1787074611.517924
1787074611.682144
1787074611.852610
1787074612.021795
1787074612.187563
1787074612.357720
1787074612.527161
1787074612.698055
1787074612.867371
1787074613.040990
1787074613.212766
1787074613.382388
1787074613.549358
1787074613.719650
1787074613.887970
1787074614.057066
1787074614.228852
1787074614.396642
1787074614.569545
1787074614.741166
1787074614.916244
1787074615.080818
1787074615.251042
1787074615.420471
1787074615.588763
1787074615.758043
1787074615.926895
1787074616.099483
1787074616.267226
1787074616.439469
1787074616.604133
1787074616.776794
1787074616.949716
1787074617.119038
1787074617.289159
1787074617.461895
1787074617.631228
1787074617.801282
1787074617.973772
1787074618.144247
1787074618.319724
1787074618.492860
1787074618.666342
1787074618.841841
1787074619.010086
1787074619.180812
1787074619.353174
1787074619.524497
1787074619.700089
1787074619.872863
1787074620.050889
1787074620.218694
1787074620.390528
1787074620.564187
1787074620.740392
1787074620.909492
1787074621.078850
1787074621.252673
1787074621.428949
1787074621.595786
1787074621.768793
1787074621.942519
1787074622.117626
1787074622.286345
1787074622.467988
1787074622.650157
1787074622.838679
1787074623.020725
1787074623.201735
1787074623.387305
1787074623.570762
1787074623.750365
1787074623.934177
1787074624.116263
1787074624.295967
1787074624.477074
1787074624.657785
1787074624.840817
1787074625.022212
1787074625.202679
1787074625.376439
1787074625.554817
1787074625.736709
1787074625.921856
1787074626.107201
1787074626.286458
1787074626.469626
1787074626.651712
1787074626.833440
1787074627.016418
1787074627.198256
1787074627.377308
1787074627.558137
1787074627.737409
1787074627.916969
1787074628.095615
1787074628.274833
1787074628.455051
1787074628.628379
1787074628.802017
1787074628.971485
1787074629.148305
1787074629.327844
1787074629.506856
1787074629.683281
1787074629.860576
1787074630.029753
1787074630.203332
1787074630.382625
1787074630.561883
1787074630.728412
1787074630.901747
1787074631.070986
1787074631.246656
1787074631.422727
1787074631.599388
1787074631.775059
1787074631.950007
1787074632.124989
1787074632.303047
1787074632.485611
1787074632.661118
1787074632.838592
1787074633.015966
1787074633.182826
1787074633.352110
1787074633.529574
1787074633.704952
1787074633.882995
1787074634.060044
1787074634.240225
1787074634.411356
1787074634.585318
1787074634.778219
1787074634.963500
1787074635.146250
1787074635.330148
1787074635.513597
1787074635.703810
1787074635.880554
1787074636.060786
1787074636.241103
1787074636.421042
1787074636.600540
1787074636.778924
1787074636.958313
1787074637.139863
1787074637.320777
1787074637.497089
1787074637.677711
1787074637.858057
1787074638.040029
1787074638.219749
1787074638.399358
1787074638.578700
1787074638.763836
1787074638.954647
1787074639.146620
1787074639.331665
1787074639.519058
1787074639.704767
1787074639.891051
1787074640.076015
1787074640.261761
1787074640.452239
1787074640.638958
1787074640.824676
1787074641.008914
1787074641.198894
1787074641.373194
1787074641.554540
1787074641.733212
1787074641.911410
1787074642.094183
1787074642.275220
1787074642.459488
1787074642.639777
1787074642.813602
1787074642.992400
1787074643.170037
1787074643.349920
1787074643.525938
1787074643.705392
1787074643.885620
1787074644.059485
1787074644.235505
1787074644.408043
1787074644.586342
1787074644.762898
1787074644.939044
1787074645.115007
1787074645.296259
1787074645.477644
1787074645.654665
1787074645.835688
1787074646.020908
1787074646.197400
1787074646.375898
1787074646.556012
1787074646.735991
1787074646.915045
1787074647.092778
1787074647.275841
1787074647.458193
1787074647.629706
1787074647.802841
1787074647.984551
1787074648.164132
1787074648.342779
1787074648.523512
1787074648.706300
1787074648.884185
1787074649.062617
1787074649.240874
1787074649.412777
1787074649.588802
1787074649.765972
1787074649.944469
1787074650.117785
1787074650.288993
1787074650.466161
1787074650.645256
1787074650.824438
1787074651.001495
1787074651.179472
1787074651.359912
1787074651.537681
1787074651.715606
1787074651.897127
1787074652.073229
1787074652.253303
1787074652.433701
1787074652.613923
1787074652.796602
1787074652.977193
1787074653.155497
1787074653.335710
1787074653.514371
1787074653.694800
1787074653.869889
1787074654.060294
1787074654.242212
1787074654.419459
1787074654.599348
1787074654.776977
1787074654.956521
1787074655.137969
1787074655.318337
1787074655.499824
1787074655.681052
1787074655.857605
1787074656.034733
1787074656.213001
1787074656.390982
1787074656.570176
1787074656.748589
1787074656.927338
1787074657.107611
1787074657.286940
1787074657.470272
1787074657.644144
1787074657.816584
1787074657.993410
1787074658.171248
1787074658.343864
1787074658.527609
1787074658.711950
1787074658.892695
1787074659.070947
1787074659.251054
1787074659.432771
1787074659.610995
1787074659.787075
1787074659.968256
1787074660.147579
1787074660.327551
1787074660.505833
1787074660.684666
1787074660.863442
1787074661.042230
1787074661.221345
1787074661.395969
1787074661.574804
1787074661.751580
1787074661.931252
1787074662.103797
1787074662.284553
1787074662.459433
1787074662.635784
1787074662.817122
1787074662.989323
1787074663.160552
1787074663.335609
1787074663.509557
1787074663.680996
1787074663.858306
1787074664.034783
1787074664.214584
1787074664.395324
1787074664.574621
1787074664.753621
1787074664.932175
1787074665.107527
1787074665.282957
1787074665.461988
1787074665.642082
1787074665.819932
1787074665.997560
1787074666.173846
1787074666.350891
1787074666.528702
1787074666.708670
1787074666.891255
1787074667.069464
1787074667.249336
1787074667.429945
1787074667.608788
1787074667.786028
1787074667.966867
1787074668.147811
1787074668.325851
1787074668.503353
1787074668.683606
1787074668.854779
1787074669.032977
1787074669.206211
1787074669.386075
1787074669.568928
1787074669.743539
1787074669.922446
1787074670.100150
1787074670.276459
1787074670.453872
1787074670.631012
1787074670.803474
1787074670.978605
1787074671.155846
1787074671.332871
1787074671.512226
1787074671.689354
1787074671.866453
1787074672.044566
1787074672.223022
1787074672.402248
1787074672.583534
1787074672.756686
1787074672.927419
1787074673.108600
1787074673.286316
1787074673.464450
1787074673.645252
1787074673.822523
1787074674.004526
1787074674.185091
1787074674.365305
1787074674.549331
1787074674.726280
1787074674.905319
1787074675.080361
1787074675.260593
1787074675.439374
1787074675.620591
1787074675.791782
1787074675.969462
1787074676.145000
1787074676.315821
1787074676.495588
1787074676.679062
1787074676.856324
1787074677.034380
1787074677.214174
1787074677.389315
1787074677.568809
1787074677.747282
1787074677.924620
1787074678.103078
1787074678.279338
1787074678.454700
1787074678.630907
1787074678.801917
1787074678.978637
1787074679.153880
1787074679.329686
1787074679.503672
1787074679.675745
1787074679.852102
1787074680.025722
1787074680.199594
1787074680.369362
1787074680.548017
1787074680.724993
1787074680.899379
1787074681.076933
1787074681.254040
1787074681.431304
1787074681.606976
1787074681.781398
1787074681.955195
1787074682.133939
1787074682.313688
1787074682.491611
1787074682.668388
1787074682.846366
1787074683.018178
1787074683.188543
1787074683.364934
1787074683.540325
1787074683.715877
1787074683.891592
1787074684.062172
1787074684.242336
1787074684.417527
1787074684.592772
1787074684.769792
1787074684.945163
1787074685.122539
1787074685.299874
1787074685.477171
1787074685.651797
1787074685.824235
1787074686.001774
1787074686.177042
1787074686.353683
1787074686.529928
1787074686.705896
1787074686.889487
1787074687.065050
1787074687.237796
1787074687.414354
1787074687.593672
1787074687.773626
1787074687.948976
1787074688.125250
1787074688.299898
1787074688.478000
1787074688.656391
1787074688.831783
1787074688.999913
1787074689.173458
1787074689.348583
1787074689.524934
1787074689.691718
1787074689.866683
1787074690.041674
1787074690.216561
1787074690.385293
1787074690.558971
1787074690.734271
1787074690.908224
1787074691.073374
1787074691.250895
1787074691.419276
1787074691.593716
1787074691.763629
1787074691.943722
1787074692.120737
1787074692.293404
1787074692.465839
1787074692.644301
1787074692.813159
1787074692.984580
1787074693.160509
1787074693.334227
1787074693.512458
1787074693.687181
1787074693.865659
1787074694.047788
1787074694.220033
1787074694.392273
1787074694.566336
1787074694.738211
1787074694.907977
1787074695.081543
1787074695.257946
1787074695.430650
1787074695.602524
1787074695.775458
1787074695.949595
1787074696.122893
1787074696.296383
1787074696.471632
1787074696.647039
1787074696.822548
1787074696.989139
1787074697.169009
1787074697.344811
1787074697.521479
1787074697.695567
1787074697.871145
1787074698.045234
1787074698.216195
1787074698.393390
1787074698.573806
1787074698.750556
1787074698.930264
1787074699.110583
1787074699.287755
1787074699.461498
1787074699.632542
1787074699.802940
1787074699.978114
1787074700.153566
1787074700.328936
1787074700.506585
1787074700.679881
1787074700.854912
1787074701.023480
1787074701.198238
1787074701.365842
1787074701.539562
1787074701.713700
1787074701.889737
1787074702.066577
1787074702.240512
1787074702.408229
1787074702.584433
1787074702.760073
1787074702.939246
1787074703.108816
1787074703.285432
1787074703.456007
1787074703.624819
1787074703.793967
1787074703.970538
1787074704.146365
1787074704.323760
1787074704.498765
1787074704.673113
1787074704.847343
1787074705.021714
1787074705.202536
1787074705.370883
1787074705.546260
1787074705.724172
1787074705.897706
1787074706.077029
1787074706.245861
1787074706.416704
1787074706.591133
1787074706.768237
1787074706.944689
1787074707.122947
1787074707.300598
1787074707.477451
1787074707.655366
1787074707.833892
1787074708.011209
1787074708.190182
1787074708.365956
1787074708.542813
1787074708.719992
1787074708.897490
1787074709.070426
1787074709.248911
1787074709.427056
1787074709.602181
1787074709.778795
1787074709.956653
1787074710.133717
1787074710.307693
1787074710.486978
1787074710.665995
1787074710.843751
1787074711.020844
1787074711.197034
1787074711.376011
1787074711.556262
1787074711.727618
1787074711.903702
1787074712.075947
1787074712.255929
1787074712.436986
1787074712.620406
1787074712.798252
1787074712.982048
1787074713.153560
1787074713.333870
1787074713.516437
1787074713.697697
1787074713.876526
1787074714.060078
1787074714.240029
1787074714.420584
1787074714.597252
1787074714.778811
1787074714.958516
1787074715.138137
1787074715.320276
1787074715.496674
1787074715.680437
1787074715.858415
1787074716.037207
1787074716.214336
1787074716.392301
1787074716.570624
1787074716.749132
1787074716.929232
1787074717.107184
1787074717.285003
1787074717.466281
1787074717.645752
1787074717.824767
1787074718.004140
1787074718.181130
1787074718.358591
1787074718.538932
1787074718.718520
1787074718.894472
1787074719.072952
1787074719.256909
1787074719.435400
1787074719.613337
1787074719.789198
1787074719.968583
1787074720.141461
1787074720.320438
1787074720.498836
1787074720.676333
1787074720.854611
1787074721.034024
1787074721.215032
1787074721.395140
1787074721.573948
1787074721.747834
1787074721.925113
1787074722.097807
1787074722.279314
1787074722.458303
1787074722.638536
1787074722.820139
1787074722.998479
1787074723.172645
1787074723.352991
1787074723.536831
1787074723.715822
1787074723.894666
1787074724.076546
1787074724.256964
1787074724.437245
1787074724.615961
1787074724.795718
1787074724.974094
1787074725.155272
1787074725.331205
1787074725.510192
1787074725.689715
1787074725.869596
1787074726.046380
1787074726.223622
1787074726.402933
1787074726.576739
1787074726.749619
1787074726.931629
1787074727.110483
1787074727.287698
1787074727.467806
1787074727.648760
1787074727.823776
1787074727.996197
1787074728.180153
1787074728.360763
1787074728.538889
1787074728.725122
1787074728.906857
1787074729.087957
1787074729.269142
1787074729.447692
1787074729.629570
1787074729.806338
1787074729.981106
1787074730.158521
1787074730.338529
1787074730.518573
1787074730.699795
1787074730.879782
1787074731.062154
1787074731.240536
1787074731.419556
1787074731.598947
1787074731.781043
1787074731.961732
1787074732.141390
1787074732.319535
1787074732.500509
1787074732.680573
1787074732.852490
1787074733.032225
1787074733.215612
1787074733.393059
1787074733.571810
1787074733.754995
1787074733.928585
1787074734.109890
1787074734.287966
1787074734.460221
1787074734.638796
1787074734.818836
1787074734.999259
1787074735.176587
1787074735.355292
1787074735.534665
1787074735.712972
1787074735.892534
1787074736.073094
1787074736.254779
1787074736.435292
1787074736.623211
1787074736.799432
1787074736.982801
1787074737.163323
1787074737.341142
1787074737.519810
1787074737.704059
1787074737.879600
1787074738.053931
1787074738.233791
1787074738.415189
1787074738.594498
1787074738.774083
1787074738.953546
1787074739.132342
1787074739.318918
1787074739.502593
1787074739.681813
1787074739.861758
1787074740.043307
1787074740.217114
1787074740.396676
1787074740.577372
1787074740.764827
1787074740.947814
1787074741.127007
1787074741.308842
1787074741.491864
1787074741.667137
1787074741.848253
1787074742.022869
1787074742.201931
1787074742.381733
1787074742.562459
1787074742.740421
1787074742.918914
1787074743.099556
1787074743.280679
1787074743.463388
1787074743.644496
1787074743.826325
1787074744.000633
1787074744.180072
1787074744.360186
1787074744.543380
1787074744.722764
1787074744.900800
1787074745.079389
1787074745.259463
1787074745.438407
1787074745.621931
1787074745.804675
1787074745.984869
1787074746.171134
1787074746.346740
1787074746.526491
1787074746.701024
1787074746.883133
1787074747.063266
1787074747.243391
1787074747.419282
1787074747.601673
1787074747.779804
1787074747.960529
1787074748.140387
1787074748.322254
1787074748.505997
1787074748.686039
1787074748.861939
1787074749.038269
1787074749.216704
1787074749.396809
1787074749.579206
1787074749.759836
1787074749.938225
1787074750.115438
1787074750.296353
1787074750.480165
1787074750.655430
1787074750.837302
1787074751.020619
1787074751.199955
1787074751.382616
1787074751.562547
1787074751.741562
1787074751.921785
1787074752.104603
1787074752.274881
1787074752.456074
1787074752.639106
1787074752.819850
1787074753.002766
1787074753.186336
1787074753.361308
1787074753.548362
1787074753.732504
1787074753.915541
1787074754.100422
1787074754.275928
1787074754.456497
1787074754.636422
1787074754.817087
1787074754.999285
1787074755.184703
1787074755.360709
1787074755.543680
1787074755.720415
1787074755.900766
1787074756.084035
1787074756.264226
1787074756.446602
1787074756.623206
1787074756.803728
1787074756.983428
1787074757.164114
1787074757.347086
1787074757.528882
1787074757.707513
1787074757.883425
1787074758.063115
1787074758.243744
1787074758.421755
1787074758.592120
1787074758.772390
1787074758.949577
1787074759.129919
1787074759.303236
1787074759.480179
1787074759.662099
1787074759.844073
1787074760.021053
1787074760.201197
1787074760.381802
1787074760.562454
1787074760.740649
1787074760.919743
1787074761.099427
1787074761.278273
1787074761.464716
1787074761.642381
1787074761.820506
1787074761.995916
1787074762.176642
1787074762.360743
1787074762.542154
