1787077838.470429
1787077838.626430
1787077838.777299
1787077838.923689
1787077839.071104
1787077839.218474
1787077839.366230
1787077839.514639
1787077839.663537
1787077839.812776
1787077839.962484
1787077840.110801
1787077840.267322
1787077840.431101
1787077840.583536
1787077840.736092
1787077840.885454
1787077841.036041
1787077841.186373
1787077841.337172
1787077841.485155
1787077841.635075
1787077841.783915
1787077841.930902
1787077842.078404
1787077842.226846
1787077842.382872
1787077842.541240
1787077842.696991
1787077842.851032
1787077843.003612
1787077843.156154
1787077843.309970
1787077843.466734
1787077843.613281
1787077843.762251
1787077843.918261
1787077844.071481
1787077844.226421
1787077844.382940
1787077844.543575
1787077844.693278
1787077844.845704
1787077844.993442
1787077845.139434
1787077845.294630
1787077845.448433
1787077845.601516
1787077845.755152
1787077845.908203
1787077846.061982
1787077846.214927
1787077846.367117
1787077846.520053
1787077846.673442
1787077846.821361
1787077846.975400
1787077847.129085
1787077847.277661
1787077847.429716
1787077847.582577
1787077847.734903
1787077847.887469
1787077848.041175
1787077848.194380
1787077848.339987
1787077848.491808
1787077848.644094
1787077848.796633
1787077848.948609
1787077849.095526
1787077849.240318
1787077849.394716
1787077849.540045
1787077849.685776
1787077849.839116
1787077849.989450
1787077850.143584
1787077850.297044
1787077850.442632
1787077850.588048
1787077850.739451
1787077850.890033
1787077851.042737
1787077851.187361
1787077851.341597
1787077851.486438
1787077851.637608
1787077851.789434
1787077851.939974
1787077852.090788
1787077852.241885
1787077852.392721
1787077852.538050
1787077852.690447
1787077852.841130
1787077852.992729
1787077853.137923
1787077853.289948
1787077853.440321
1787077853.591187
1787077853.747454
1787077853.902783
1787077854.056332
1787077854.203274
1787077854.356481
1787077854.503680
1787077854.649635
1787077854.806438
1787077854.961138
1787077855.115483
1787077855.272468
1787077855.423426
1787077855.569812
1787077855.717156
1787077855.872839
1787077856.030132
1787077856.177610
1787077856.321999
1787077856.470251
1787077856.619413
1787077856.767481
1787077856.916132
1787077857.070752
1787077857.225514
1787077857.381510
1787077857.539347
1787077857.695705
1787077857.853451
1787077858.006464
1787077858.152953
1787077858.299823
1787077858.445479
1787077858.599963
1787077858.751903
1787077858.905112
1787077859.052450
1787077859.204391
1787077859.355542
1787077859.510228
1787077859.658836
1787077859.813279
1787077859.969413
1787077860.125316
1787077860.279020
1787077860.433666
1787077860.590430
1787077860.740316
1787077860.897473
1787077861.050848
1787077861.205684
1787077861.356960
1787077861.515556
1787077861.672279
1787077861.829366
1787077861.988460
1787077862.141212
1787077862.294715
1787077862.454097
1787077862.612632
1787077862.771222
1787077862.930033
1787077863.084289
1787077863.237708
1787077863.392463
1787077863.558697
1787077863.717042
1787077863.876768
1787077864.037757
1787077864.199692
1787077864.354921
1787077864.517499
1787077864.678628
1787077864.838457
1787077865.000658
1787077865.155939
1787077865.316508
1787077865.482289
1787077865.638800
1787077865.797531
1787077865.961520
1787077866.117558
1787077866.272355
1787077866.427379
1787077866.590234
1787077866.751639
1787077866.914931
1787077867.077189
1787077867.240974
1787077867.406472
1787077867.570906
1787077867.731783
1787077867.894994
1787077868.061720
1787077868.220016
1787077868.382717
1787077868.549953
1787077868.708076
1787077868.872828
1787077869.038036
1787077869.199694
1787077869.363840
1787077869.527415
1787077869.685525
1787077869.850596
1787077870.014982
1787077870.175808
1787077870.342447
1787077870.509172
1787077870.671576
1787077870.838892
1787077871.003919
1787077871.170579
1787077871.334651
1787077871.498946
1787077871.664665
1787077871.830193
1787077871.994346
1787077872.156634
1787077872.323772
1787077872.490709
1787077872.651195
1787077872.816975
1787077872.981837
1787077873.146446
1787077873.313040
1787077873.478236
1787077873.642434
1787077873.807307
1787077873.972115
1787077874.139663
1787077874.307891
1787077874.471208
1787077874.637397
1787077874.799240
1787077874.965734
1787077875.132457
1787077875.299439
1787077875.459455
1787077875.625921
1787077875.793479
1787077875.960872
1787077876.123214
1787077876.291198
1787077876.458549
1787077876.624683
1787077876.796557
1787077876.961736
1787077877.127918
1787077877.291256
1787077877.457516
1787077877.623642
1787077877.793181
1787077877.960958
1787077878.131065
1787077878.299118
1787077878.470568
1787077878.638068
1787077878.804012
1787077878.972281
1787077879.140218
1787077879.304153
1787077879.471352
1787077879.638947
1787077879.802634
1787077879.962437
1787077880.130708
1787077880.299906
1787077880.467646
1787077880.636329
1787077880.807442
1787077880.975770
1787077881.138166
1787077881.305581
1787077881.473409
1787077881.642520
1787077881.811270
1787077881.974374
1787077882.139505
1787077882.307796
1787077882.476532
1787077882.646999
1787077882.817118
1787077882.984543
1787077883.148005
1787077883.318814
1787077883.487441
1787077883.649513
1787077883.816557
1787077883.984203
1787077884.152925
1787077884.325280
1787077884.491980
1787077884.662542
1787077884.826906
1787077884.996940
1787077885.166329
1787077885.326138
1787077885.493523
1787077885.660838
1787077885.829022
1787077885.992655
1787077886.160714
1787077886.331023
1787077886.499995
1787077886.668537
1787077886.839255
1787077887.008421
1787077887.176112
1787077887.347236
1787077887.516983
1787077887.685927
1787077887.856439
1787077888.025523
1787077888.190073
1787077888.358640
1787077888.534648
1787077888.703179
1787077888.873713
1787077889.041411
1787077889.205806
1787077889.374092
1787077889.545295
1787077889.714638
1787077889.883687
1787077890.047440
1787077890.216672
1787077890.385278
1787077890.554681
1787077890.722831
1787077890.887294
1787077891.058858
1787077891.225526
1787077891.389705
1787077891.555430
1787077891.725655
1787077891.895525
1787077892.065750
1787077892.235892
1787077892.405734
1787077892.575089
1787077892.744134
1787077892.911309
1787077893.081752
1787077893.250209
1787077893.417133
1787077893.590613
1787077893.757473
1787077893.926111
1787077894.097421
1787077894.264070
1787077894.429666
1787077894.599995
1787077894.768587
1787077894.931254
1787077895.096179
1787077895.267300
1787077895.436897
1787077895.605162
1787077895.774633
1787077895.941599
1787077896.113029
1787077896.282539
1787077896.447136
1787077896.615824
1787077896.787701
1787077896.952026
1787077897.121387
1787077897.293300
1787077897.460462
1787077897.630422
1787077897.801485
1787077897.966477
1787077898.137984
1787077898.308770
1787077898.481853
1787077898.643900
1787077898.818497
1787077898.987886
1787077899.159469
1787077899.331742
1787077899.502892
1787077899.674328
1787077899.845381
1787077900.015791
1787077900.187576
1787077900.360972
1787077900.527094
1787077900.697659
1787077900.868037
1787077901.037929
1787077901.204354
1787077901.375690
1787077901.548046
1787077901.718136
1787077901.892404
1787077902.062905
1787077902.234052
1787077902.406339
1787077902.580273
1787077902.757169
1787077902.928345
1787077903.101609
1787077903.275934
1787077903.444371
1787077903.610861
1787077903.784243
1787077903.955417
1787077904.120816
1787077904.292966
1787077904.463861
1787077904.633873
1787077904.804293
1787077904.974318
1787077905.143013
1787077905.318954
1787077905.484906
1787077905.661656
1787077905.831758
1787077906.002162
1787077906.173874
1787077906.347640
1787077906.519092
1787077906.689191
1787077906.862493
1787077907.032388
1787077907.197745
1787077907.367101
1787077907.537721
1787077907.708549
1787077907.880303
1787077908.052146
1787077908.226826
1787077908.390984
1787077908.562621
1787077908.726923
1787077908.894346
1787077909.066491
1787077909.236583
1787077909.406174
1787077909.574780
1787077909.743890
1787077909.914528
1787077910.083395
1787077910.255696
1787077910.422111
1787077910.594016
1787077910.756356
1787077910.924577
1787077911.092142
1787077911.258838
1787077911.429083
1787077911.601005
1787077911.764033
1787077911.933033
1787077912.096231
1787077912.265171
1787077912.432671
1787077912.600926
1787077912.768942
1787077912.939209
1787077913.109512
1787077913.277995
1787077913.446625
1787077913.616653
1787077913.785707
1787077913.955603
1787077914.124489
1787077914.288822
1787077914.456945
1787077914.626844
1787077914.796656
1787077914.967420
1787077915.136788
1787077915.302915
1787077915.467093
1787077915.637461
1787077915.808000
1787077915.977973
1787077916.149284
1787077916.320102
1787077916.482211
1787077916.657718
1787077916.829041
1787077917.002079
1787077917.174640
1787077917.347247
1787077917.520709
1787077917.691230
1787077917.869449
1787077918.041139
1787077918.214181
1787077918.379357
1787077918.554543
1787077918.718987
1787077918.888858
1787077919.060034
1787077919.229410
1787077919.399900
1787077919.571475
1787077919.743136
1787077919.913986
1787077920.089120
1787077920.263807
1787077920.439827
1787077920.613928
1787077920.786338
1787077920.962655
1787077921.137702
1787077921.310654
1787077921.484297
1787077921.656093
1787077921.828320
1787077922.001504
1787077922.170377
1787077922.338913
1787077922.513204
1787077922.691285
1787077922.858325
1787077923.034274
1787077923.206452
1787077923.378452
1787077923.552079
1787077923.723471
1787077923.893914
1787077924.064428
1787077924.236045
1787077924.410975
1787077924.585358
1787077924.757587
1787077924.923354
1787077925.094493
1787077925.267136
1787077925.438864
1787077925.610165
1787077925.785389
1787077925.961512
1787077926.127229
1787077926.295130
1787077926.466486
1787077926.638241
1787077926.812283
1787077926.985333
1787077927.157015
1787077927.329199
1787077927.499778
1787077927.676362
1787077927.851709
1787077928.028659
1787077928.192894
1787077928.361744
1787077928.536190
1787077928.719601
1787077928.895108
1787077929.064939
1787077929.239941
1787077929.417662
1787077929.591685
1787077929.763772
1787077929.934011
1787077930.107909
1787077930.279863
1787077930.452253
1787077930.624465
1787077930.797429
1787077930.972844
1787077931.147718
1787077931.320116
1787077931.496655
1787077931.671343
1787077931.848304
1787077932.025747
1787077932.214182
1787077932.388071
1787077932.557473
1787077932.721637
1787077932.889345
1787077933.063903
1787077933.230513
1787077933.408695
1787077933.585792
1787077933.762887
1787077933.936522
1787077934.111051
1787077934.284492
1787077934.457749
1787077934.631045
1787077934.809118
1787077934.983234
1787077935.160960
1787077935.336353
1787077935.509824
1787077935.688836
1787077935.866353
1787077936.043438
1787077936.219590
1787077936.398462
1787077936.569486
1787077936.742748
1787077936.912337
1787077937.087621
1787077937.261085
1787077937.433659
1787077937.607311
1787077937.782010
1787077937.956154
1787077938.133901
1787077938.298441
1787077938.471347
1787077938.648158
1787077938.814831
1787077938.990133
1787077939.161770
1787077939.335123
1787077939.500985
1787077939.672238
1787077939.842376
1787077940.011199
1787077940.183065
1787077940.355551
1787077940.525027
1787077940.696527
1787077940.870643
1787077941.037005
1787077941.203745
1787077941.380582
1787077941.550869
1787077941.720287
1787077941.889688
1787077942.059407
1787077942.229077
1787077942.398562
1787077942.568101
1787077942.733124
1787077942.903869
1787077943.072949
1787077943.241727
1787077943.410448
1787077943.582662
1787077943.752355
1787077943.925338
1787077944.092080
1787077944.264911
1787077944.436480
1787077944.609266
1787077944.779969
1787077944.952113
1787077945.122487
1787077945.287276
1787077945.457861
1787077945.627795
1787077945.797071
1787077945.967258
1787077946.142889
1787077946.308828
1787077946.479213
1787077946.652636
1787077946.817015
1787077946.985573
1787077947.153217
1787077947.322328
1787077947.492501
1787077947.660384
1787077947.830885
1787077947.999606
1787077948.169302
1787077948.339172
1787077948.507465
1787077948.677152
1787077948.844296
1787077949.011862
1787077949.182086
1787077949.352863
1787077949.520400
1787077949.687833
1787077949.857154
1787077950.025938
1787077950.188191
1787077950.353009
1787077950.515355
1787077950.685403
1787077950.851623
1787077951.018794
1787077951.185923
1787077951.356250
1787077951.525065
1787077951.693766
1787077951.864858
1787077952.028082
1787077952.196763
1787077952.366356
1787077952.534806
1787077952.705101
1787077952.876717
1787077953.047218
1787077953.218919
1787077953.386061
1787077953.556472
1787077953.726928
1787077953.897053
1787077954.068832
1787077954.239546
1787077954.409561
1787077954.580782
1787077954.751702
1787077954.924920
1787077955.084602
1787077955.253677
1787077955.419012
1787077955.589891
1787077955.758669
1787077955.930515
1787077956.095726
1787077956.269233
1787077956.440490
1787077956.605861
1787077956.774711
1787077956.947165
1787077957.116637
1787077957.290157
1787077957.459522
1787077957.629621
1787077957.799051
1787077957.969041
1787077958.138945
1787077958.310359
1787077958.481818
1787077958.651665
1787077958.821855
1787077958.985791
1787077959.155047
1787077959.325147
1787077959.498203
1787077959.666543
1787077959.835834
1787077960.006588
1787077960.179325
1787077960.349511
1787077960.522810
1787077960.686762
1787077960.857595
1787077961.030828
1787077961.207259
1787077961.373091
1787077961.542703
1787077961.715410
1787077961.884934
1787077962.057244
1787077962.230243
1787077962.407760
1787077962.574108
1787077962.744475
1787077962.917602
1787077963.090971
1787077963.265891
1787077963.437491
1787077963.611347
1787077963.784293
1787077963.950682
1787077964.124633
1787077964.297581
1787077964.472034
1787077964.648468
1787077964.817862
1787077964.992291
1787077965.165829
1787077965.340950
1787077965.514038
1787077965.692185
1787077965.867021
1787077966.038443
1787077966.207845
1787077966.379448
1787077966.544698
1787077966.717841
1787077966.883725
1787077967.056445
1787077967.226841
1787077967.399519
1787077967.570209
1787077967.740995
1787077967.911067
1787077968.083140
1787077968.247823
1787077968.412215
1787077968.583418
1787077968.753800
1787077968.923942
1787077969.095194
1787077969.267487
1787077969.439571
1787077969.611845
1787077969.782955
1787077969.951080
1787077970.126430
1787077970.292084
1787077970.456090
1787077970.626062
1787077970.796181
1787077970.968575
1787077971.139970
1787077971.307139
1787077971.470410
1787077971.640193
1787077971.809067
1787077971.980524
1787077972.150956
1787077972.319417
1787077972.489270
1787077972.659233
1787077972.828162
1787077973.000315
1787077973.163100
1787077973.333373
1787077973.503210
1787077973.674257
1787077973.846357
1787077974.017452
1787077974.189960
1787077974.353470
1787077974.522177
1787077974.691081
1787077974.861109
1787077975.031720
1787077975.196000
1787077975.364941
1787077975.534014
1787077975.704805
1787077975.874296
1787077976.045031
1787077976.209321
1787077976.377420
1787077976.542770
1787077976.714231
1787077976.883484
1787077977.046519
1787077977.215208
1787077977.385184
1787077977.554152
1787077977.725032
1787077977.898732
1787077978.069993
1787077978.243908
1787077978.413099
1787077978.587208
1787077978.757513
1787077978.930099
1787077979.096755
1787077979.269448
1787077979.437484
1787077979.608386
1787077979.781454
1787077979.953518
1787077980.125104
1787077980.298447
1787077980.470215
1787077980.643498
1787077980.815472
1787077980.988436
1787077981.161161
1787077981.333734
1787077981.505694
1787077981.679852
1787077981.848383
1787077982.021571
1787077982.189947
1787077982.358078
1787077982.528636
1787077982.698195
1787077982.869831
1787077983.040165
1787077983.209991
1787077983.379928
1787077983.550428
1787077983.719635
1787077983.890616
1787077984.063870
1787077984.232612
1787077984.399618
1787077984.569504
1787077984.738992
1787077984.910245
1787077985.079271
1787077985.247690
1787077985.415890
1787077985.583715
1787077985.755542
1787077985.926035
1787077986.093498
1787077986.256548
1787077986.421693
1787077986.585035
1787077986.752035
1787077986.916263
1787077987.085872
1787077987.256917
1787077987.426332
1787077987.592742
1787077987.758842
1787077987.944604
1787077988.113501
1787077988.277008
1787077988.436235
1787077988.599747
1787077988.769660
1787077988.938995
1787077989.098373
1787077989.266338
1787077989.428457
1787077989.590739
1787077989.749472
1787077989.917166
1787077990.086134
1787077990.247747
1787077990.416117
1787077990.584146
1787077990.755596
1787077990.917781
1787077991.085911
1787077991.253892
1787077991.426179
1787077991.593620
1787077991.761096
1787077991.930768
1787077992.106373
1787077992.262281
1787077992.431660
1787077992.593498
1787077992.761711
1787077992.929866
1787077993.096564
1787077993.262133
1787077993.434712
1787077993.600431
1787077993.773403
1787077993.942906
1787077994.112039
1787077994.282311
1787077994.445484
1787077994.607689
1787077994.773657
1787077994.943759
1787077995.108063
1787077995.279099
1787077995.445924
1787077995.617396
1787077995.787082
1787077995.958115
1787077996.130512
1787077996.300353
1787077996.468776
1787077996.641188
1787077996.810644
1787077996.980341
1787077997.146547
1787077997.313188
1787077997.478700
1787077997.655621
1787077997.816938
1787077997.986585
1787077998.155796
1787077998.328998
1787077998.498434
1787077998.668153
1787077998.837029
1787077999.008602
1787077999.165851
1787077999.330858
1787077999.500516
1787077999.664052
1787077999.835855
1787078000.003435
1787078000.172449
1787078000.347825
1787078000.524288
1787078000.701661
1787078000.877126
1787078001.053444
1787078001.227840
1787078001.402335
1787078001.575438
1787078001.748968
1787078001.923301
1787078002.099880
1787078002.262622
1787078002.435452
1787078002.606386
1787078002.780181
1787078002.950527
1787078003.126693
1787078003.294366
1787078003.466685
1787078003.641547
1787078003.811731
1787078003.982864
1787078004.155039
1787078004.319526
1787078004.488449
1787078004.659448
1787078004.829105
1787078005.000466
1787078005.170861
1787078005.341913
1787078005.514423
1787078005.684004
1787078005.858099
1787078006.030000
1787078006.200938
1787078006.364692
1787078006.537213
1787078006.707723
1787078006.878532
1787078007.051812
1787078007.225161
1787078007.396803
1787078007.567407
1787078007.742367
1787078007.914814
1787078008.091215
1787078008.264441
1787078008.437690
1787078008.610595
1787078008.782039
1787078008.953789
1787078009.121710
1787078009.291547
1787078009.465117
1787078009.627259
1787078009.800683
1787078009.971484
1787078010.141297
1787078010.314407
1787078010.484490
1787078010.657820
1787078010.831272
1787078011.006631
1787078011.179332
1787078011.351886
1787078011.525969
1787078011.700733
1787078011.870506
1787078012.039998
1787078012.214407
1787078012.388856
1787078012.561363
1787078012.733170
1787078012.909767
1787078013.080263
1787078013.255523
1787078013.428727
1787078013.596368
1787078013.769979
1787078013.947169
1787078014.115241
1787078014.290636
1787078014.466143
1787078014.641315
1787078014.816226
1787078014.992389
1787078015.168065
1787078015.342952
1787078015.519769
1787078015.697671
1787078015.875032
1787078016.059084
1787078016.230187
1787078016.408952
1787078016.583982
1787078016.755826
1787078016.935617
1787078017.113402
1787078017.292182
1787078017.465559
1787078017.638435
1787078017.809912
1787078017.982828
1787078018.156288
1787078018.330524
1787078018.505619
1787078018.681228
1787078018.847945
1787078019.022042
1787078019.190647
1787078019.365247
1787078019.538427
1787078019.712375
1787078019.884991
1787078020.057117
1787078020.225015
1787078020.399301
1787078020.572879
1787078020.744903
1787078020.918921
1787078021.092310
1787078021.269867
1787078021.444554
1787078021.620251
1787078021.791756
1787078021.965267
1787078022.133853
1787078022.299548
1787078022.472662
1787078022.646718
1787078022.819640
1787078022.993096
1787078023.168693
1787078023.343053
1787078023.520831
1787078023.694519
1787078023.867221
1787078024.035638
1787078024.211231
1787078024.386233
1787078024.560690
1787078024.728074
1787078024.904457
1787078025.077388
1787078025.245776
1787078025.415514
1787078025.594155
1787078025.772148
1787078025.947668
1787078026.115062
1787078026.282872
1787078026.462703
1787078026.630998
1787078026.800794
1787078026.974445
1787078027.149982
1787078027.318909
1787078027.486665
1787078027.661740
1787078027.836212
1787078028.008950
1787078028.182135
1787078028.355647
1787078028.529944
1787078028.705918
1787078028.876600
1787078029.051088
1787078029.228429
1787078029.402851
1787078029.581305
1787078029.751001
1787078029.920064
1787078030.088317
1787078030.263132
1787078030.435829
1787078030.610416
1787078030.784097
1787078030.959391
1787078031.129825
1787078031.297537
1787078031.471578
1787078031.644965
1787078031.819531
1787078031.992190
1787078032.170297
1787078032.347177
1787078032.522502
1787078032.701626
1787078032.878557
1787078033.050013
1787078033.223416
1787078033.402062
1787078033.578809
1787078033.755439
1787078033.936714
1787078034.116370
1787078034.297765
1787078034.473990
1787078034.651670
1787078034.820751
1787078034.990651
1787078035.169969
1787078035.348434
1787078035.524813
1787078035.701225
1787078035.878186
1787078036.053392
1787078036.233366
1787078036.409254
1787078036.579863
1787078036.758833
1787078036.940549
1787078037.125124
1787078037.302431
1787078037.477065
1787078037.654988
1787078037.831841
1787078038.008661
1787078038.190917
1787078038.362689
1787078038.539042
1787078038.716202
1787078038.893802
1787078039.072494
1787078039.252118
1787078039.428718
1787078039.604946
1787078039.781671
1787078039.961473
1787078040.141428
1787078040.312612
1787078040.482351
1787078040.658858
1787078040.837432
1787078041.013304
1787078041.196697
1787078041.368109
1787078041.538956
1787078041.714528
1787078041.898165
1787078042.078813
1787078042.254399
1787078042.433486
1787078042.616163
1787078042.794338
1787078042.972461
1787078043.144648
1787078043.324871
1787078043.504658
1787078043.684380
1787078043.861812
1787078044.038543
1787078044.209855
1787078044.386699
1787078044.568013
1787078044.738646
1787078044.914525
1787078045.090610
1787078045.266666
1787078045.440995
1787078045.615583
1787078045.796168
1787078045.970647
1787078046.147909
1787078046.323789
1787078046.501012
1787078046.675886
1787078046.851025
1787078047.029391
1787078047.204858
1787078047.382185
1787078047.558699
1787078047.735149
1787078047.912640
1787078048.091082
1787078048.262520
1787078048.433112
1787078048.609489
1787078048.787333
1787078048.958776
1787078049.136172
1787078049.315502
1787078049.492588
1787078049.667527
1787078049.843371
1787078050.019474
1787078050.194598
1787078050.370806
1787078050.545999
1787078050.722708
1787078050.895673
1787078051.072017
1787078051.250098
1787078051.426944
1787078051.602178
1787078051.774456
1787078051.942061
1787078052.116116
1787078052.284786
1787078052.457059
1787078052.626292
1787078052.794717
1787078052.962431
1787078053.136193
1787078053.308862
1787078053.481572
1787078053.656148
1787078053.826105
1787078053.999210
1787078054.171946
1787078054.346138
1787078054.519402
1787078054.687706
1787078054.858676
1787078055.025447
1787078055.198434
1787078055.369487
1787078055.535821
1787078055.709078
1787078055.880604
1787078056.056322
1787078056.228953
1787078056.401320
1787078056.577900
1787078056.745066
1787078056.912122
1787078057.082852
1787078057.256430
1787078057.427894
1787078057.599451
1787078057.771765
1787078057.943894
1787078058.109390
1787078058.281275
1787078058.450963
1787078058.622157
1787078058.792869
1787078058.963561
1787078059.129279
1787078059.302733
1787078059.466435
1787078059.636216
1787078059.805437
1787078059.978620
1787078060.144186
1787078060.315022
1787078060.488172
1787078060.659924
1787078060.832939
1787078060.997298
1787078061.169450
1787078061.339112
1787078061.503726
1787078061.674574
1787078061.838566
1787078062.010308
1787078062.181005
1787078062.350803
1787078062.520960
1787078062.690626
1787078062.855916
1787078063.028494
1787078063.199238
1787078063.364588
1787078063.535272
1787078063.705359
1787078063.876682
1787078064.049138
1787078064.220706
1787078064.394148
1787078064.569488
1787078064.739987
1787078064.911858
1787078065.082660
1787078065.251938
1787078065.424046
1787078065.596913
1787078065.762200
1787078065.933088
1787078066.099899
1787078066.268189
1787078066.439470
1787078066.608636
1787078066.781705
1787078066.950372
1787078067.119382
1787078067.289741
1787078067.460584
1787078067.632580
1787078067.799743
1787078067.964107
1787078068.135507
1787078068.310959
1787078068.480354
1787078068.650128
1787078068.824112
1787078068.997404
1787078069.167194
1787078069.337528
1787078069.508365
1787078069.677953
1787078069.845165
1787078070.015994
1787078070.180614
1787078070.349928
1787078070.520529
1787078070.690236
1787078070.861245
1787078071.029222
1787078071.198128
1787078071.367952
1787078071.537836
1787078071.709538
1787078071.879268
1787078072.048822
1787078072.220181
1787078072.390218
1787078072.561086
1787078072.729828
1787078072.900331
1787078073.067364
1787078073.234787
1787078073.406309
1787078073.576659
1787078073.746615
1787078073.920206
1787078074.095090
1787078074.254854
1787078074.429190
1787078074.594561
1787078074.767979
1787078074.941045
1787078075.106220
1787078075.273336
1787078075.448106
1787078075.612474
1787078075.779452
1787078075.951640
1787078076.122648
1787078076.293695
1787078076.457413
1787078076.622910
1787078076.793758
1787078076.960479
1787078077.130116
1787078077.300664
1787078077.469166
1787078077.639579
1787078077.807269
1787078077.977271
1787078078.147616
1787078078.316907
1787078078.487862
1787078078.658128
1787078078.827424
1787078078.997465
1787078079.169257
1787078079.340172
1787078079.503238
1787078079.674597
1787078079.846328
1787078080.010944
1787078080.183798
1787078080.348065
1787078080.511184
1787078080.683866
1787078080.855462
1787078081.028721
1787078081.202488
1787078081.374372
1787078081.545825
1787078081.715627
1787078081.886745
1787078082.052573
1787078082.223199
1787078082.392695
1787078082.562489
1787078082.732858
1787078082.903042
1787078083.073237
1787078083.244625
1787078083.415763
1787078083.583066
1787078083.755718
1787078083.926907
1787078084.092881
1787078084.257629
1787078084.429961
1787078084.601195
1787078084.769928
1787078084.943052
1787078085.114722
1787078085.285307
1787078085.454696
1787078085.626178
1787078085.796630
1787078085.959893
1787078086.131951
1787078086.302399
1787078086.474325
1787078086.647040
1787078086.817369
1787078086.986441
1787078087.156234
1787078087.327316
1787078087.500319
1787078087.668289
1787078087.839068
1787078088.005408
1787078088.179129
1787078088.349640
1787078088.517475
1787078088.683845
1787078088.855730
1787078089.024991
1787078089.192611
1787078089.362159
1787078089.528557
1787078089.698416
1787078089.870488
1787078090.041147
1787078090.206159
1787078090.376630
1787078090.543386
1787078090.712967
1787078090.885615
1787078091.055937
1787078091.227391
1787078091.396525
1787078091.572746
1787078091.744099
1787078091.915597
1787078092.079481
1787078092.248798
1787078092.419626
1787078092.590255
1787078092.759941
1787078092.931674
1787078093.099019
1787078093.270569
1787078093.440988
1787078093.611222
1787078093.783655
1787078093.954402
1787078094.126612
1787078094.297112
1787078094.467183
1787078094.640985
1787078094.805928
1787078094.976600
1787078095.146413
1787078095.320801
1787078095.491196
1787078095.662859
1787078095.835689
1787078096.009203
1787078096.179435
1787078096.349409
1787078096.520904
1787078096.690709
1787078096.861033
1787078097.029879
1787078097.199688
1787078097.368411
1787078097.538303
1787078097.707802
1787078097.880547
1787078098.050139
1787078098.221447
1787078098.392130
1787078098.560139
1787078098.731323
1787078098.902146
1787078099.074262
1787078099.244407
1787078099.414715
1787078099.588893
1787078099.760397
1787078099.932265
1787078100.104341
1787078100.275893
1787078100.451675
1787078100.626780
1787078100.801355
1787078100.982239
1787078101.145344
1787078101.319874
1787078101.496162
1787078101.672655
1787078101.846824
1787078102.022443
1787078102.195753
1787078102.363228
1787078102.538311
1787078102.707013
1787078102.874639
1787078103.046496
1787078103.211228
1787078103.385635
1787078103.561611
1787078103.736439
1787078103.910326
1787078104.076529
1787078104.254361
1787078104.421304
1787078104.595620
1787078104.769654
1787078104.945122
1787078105.118445
1787078105.290319
1787078105.458740
1787078105.628659
1787078105.801112
1787078105.970230
1787078106.140827
1787078106.313367
1787078106.486249
1787078106.662780
1787078106.835324
1787078107.005753
1787078107.177831
1787078107.350091
1787078107.522115
1787078107.694024
1787078107.864062
1787078108.037157
1787078108.205712
1787078108.377830
