1787090060.355372
1787090060.512793
1787090060.661105
1787090060.808872
1787090060.954327
1787090061.102710
1787090061.259686
1787090061.416376
1787090061.569557
1787090061.720918
1787090061.871831
1787090062.023202
1787090062.174479
1787090062.323990
1787090062.477201
1787090062.629946
1787090062.781780
1787090062.933744
1787090063.084713
1787090063.236021
1787090063.387409
1787090063.538170
1787090063.693243
1787090063.849906
1787090064.000543
1787090064.155461
1787090064.302972
1787090064.459276
1787090064.614656
1787090064.763913
1787090064.920856
1787090065.070974
1787090065.227811
1787090065.381527
1787090065.530578
1787090065.680128
1787090065.831530
1787090065.982202
1787090066.138834
1787090066.283373
1787090066.433576
1787090066.582839
1787090066.732763
1787090066.884380
1787090067.030077
1787090067.176718
1787090067.325055
1787090067.481207
1787090067.634298
1787090067.782070
1787090067.933004
1787090068.081728
1787090068.230583
1787090068.379806
1787090068.529473
1787090068.676308
1787090068.823351
1787090068.971005
1787090069.118669
1787090069.270890
1787090069.418246
1787090069.566191
1787090069.712572
1787090069.865673
1787090070.018012
1787090070.169796
1787090070.315682
1787090070.468505
1787090070.615880
1787090070.763392
1787090070.909061
1787090071.055513
1787090071.201788
1787090071.348293
1787090071.493874
1787090071.645222
1787090071.790129
1787090071.940353
1787090072.092636
1787090072.237681
1787090072.388587
1787090072.542303
1787090072.695860
1787090072.845547
1787090072.990626
1787090073.141245
1787090073.296924
1787090073.447334
1787090073.594868
1787090073.750350
1787090073.897005
1787090074.050344
1787090074.197479
1787090074.343415
1787090074.494796
1787090074.645403
1787090074.794031
1787090074.945850
1787090075.093794
1787090075.239670
1787090075.391511
1787090075.538056
1787090075.689853
1787090075.837516
1787090075.991028
1787090076.143207
1787090076.296768
1787090076.446096
1787090076.599212
1787090076.747989
1787090076.900920
1787090077.047261
1787090077.197428
1787090077.348144
1787090077.503405
1787090077.652417
1787090077.800760
1787090077.948494
1787090078.101228
1787090078.245720
1787090078.394209
1787090078.544249
1787090078.697983
1787090078.848429
1787090079.002023
1787090079.149850
1787090079.298435
1787090079.448293
1787090079.596917
1787090079.744535
1787090079.894781
1787090080.047745
1787090080.196337
1787090080.347272
1787090080.504359
1787090080.658508
1787090080.814034
1787090080.962842
1787090081.118436
1787090081.273250
1787090081.434465
1787090081.585627
1787090081.736409
1787090081.894357
1787090082.044705
1787090082.204172
1787090082.359515
1787090082.515788
1787090082.666732
1787090082.817004
1787090082.973589
1787090083.125806
1787090083.282491
1787090083.440506
1787090083.598276
1787090083.750782
1787090083.903749
1787090084.056436
1787090084.216774
1787090084.366175
1787090084.523600
1787090084.675205
1787090084.827355
1787090084.980512
1787090085.134745
1787090085.287285
1787090085.446806
1787090085.607325
1787090085.762968
1787090085.918880
1787090086.075140
1787090086.233895
1787090086.385303
1787090086.542177
1787090086.697418
1787090086.854494
1787090087.011438
1787090087.172010
1787090087.327318
1787090087.483284
1787090087.645825
1787090087.805632
1787090087.962694
1787090088.126209
1787090088.287158
1787090088.445655
1787090088.609977
1787090088.768499
1787090088.928380
1787090089.090575
1787090089.248511
1787090089.405511
1787090089.569035
1787090089.728586
1787090089.887849
1787090090.051053
1787090090.210493
1787090090.370455
1787090090.531102
1787090090.688893
1787090090.849648
1787090091.004792
1787090091.163246
1787090091.321466
1787090091.486892
1787090091.645989
1787090091.803790
1787090091.966186
1787090092.125111
1787090092.282942
1787090092.446544
1787090092.612873
1787090092.775628
1787090092.940309
1787090093.101856
1787090093.261588
1787090093.421751
1787090093.582509
1787090093.742697
1787090093.903595
1787090094.066689
1787090094.233600
1787090094.388247
1787090094.553524
1787090094.712779
1787090094.877455
1787090095.044918
1787090095.202971
1787090095.367810
1787090095.532112
1787090095.700368
1787090095.866215
1787090096.033804
1787090096.194169
1787090096.353447
1787090096.514084
1787090096.683208
1787090096.843413
1787090097.011125
1787090097.171935
1787090097.332029
1787090097.497200
1787090097.656446
1787090097.814998
1787090097.975816
1787090098.136652
1787090098.296711
1787090098.464381
1787090098.622294
1787090098.785158
1787090098.945836
1787090099.108081
1787090099.269366
1787090099.429334
1787090099.593652
1787090099.754701
1787090099.916258
1787090100.083897
1787090100.244549
1787090100.405551
1787090100.567084
1787090100.732111
1787090100.893226
1787090101.059836
1787090101.225786
1787090101.387154
1787090101.557983
1787090101.720448
1787090101.888923
1787090102.052240
1787090102.218062
1787090102.383840
1787090102.554970
1787090102.723780
1787090102.888113
1787090103.055438
1787090103.220899
1787090103.384155
1787090103.546635
1787090103.709096
1787090103.870549
1787090104.035251
1787090104.197842
1787090104.364928
1787090104.527392
1787090104.693055
1787090104.856116
1787090105.020058
1787090105.191777
1787090105.353926
1787090105.516997
1787090105.683970
1787090105.846152
1787090106.009147
1787090106.170645
1787090106.332470
1787090106.497645
1787090106.659723
1787090106.825842
1787090106.987431
1787090107.152527
1787090107.314168
1787090107.479697
1787090107.640649
1787090107.802177
1787090107.968433
1787090108.131466
1787090108.297284
1787090108.459017
1787090108.619030
1787090108.785892
1787090108.946989
1787090109.111674
1787090109.273790
1787090109.433791
1787090109.594640
1787090109.757051
1787090109.916998
1787090110.078223
1787090110.243793
1787090110.400719
1787090110.567753
1787090110.733840
1787090110.894465
1787090111.056346
1787090111.217342
1787090111.378284
1787090111.545102
1787090111.710914
1787090111.878007
1787090112.044916
1787090112.208844
1787090112.365156
1787090112.534241
1787090112.699431
1787090112.864314
1787090113.025091
1787090113.187809
1787090113.348608
1787090113.513218
1787090113.673380
1787090113.838182
1787090114.005116
1787090114.174182
1787090114.332916
1787090114.489294
1787090114.648254
1787090114.807291
1787090114.965583
1787090115.127106
1787090115.288295
1787090115.449460
1787090115.610038
1787090115.775020
1787090115.938710
1787090116.104260
1787090116.270074
1787090116.425729
1787090116.585476
1787090116.751155
1787090116.912367
1787090117.075412
1787090117.237633
1787090117.398127
1787090117.559523
1787090117.720713
1787090117.881167
1787090118.041415
1787090118.203778
1787090118.365395
1787090118.526233
1787090118.687762
1787090118.849619
1787090119.012349
1787090119.174431
1787090119.335003
1787090119.495976
1787090119.661634
1787090119.823804
1787090119.988441
1787090120.150797
1787090120.321696
1787090120.484196
1787090120.647045
1787090120.811252
1787090120.976555
1787090121.139365
1787090121.301342
1787090121.464194
1787090121.626653
1787090121.796730
1787090121.960131
1787090122.123703
1787090122.292198
1787090122.455806
1787090122.623868
1787090122.790103
1787090122.953818
1787090123.117484
1787090123.281701
1787090123.445674
1787090123.609164
1787090123.770507
1787090123.940873
1787090124.103136
1787090124.265649
1787090124.442201
1787090124.611013
1787090124.770564
1787090124.939589
1787090125.109251
1787090125.279897
1787090125.443923
1787090125.606714
1787090125.773382
1787090125.935557
1787090126.104798
1787090126.272440
1787090126.437327
1787090126.601171
1787090126.766469
1787090126.935896
1787090127.097523
1787090127.261357
1787090127.423883
1787090127.587785
1787090127.750668
1787090127.914361
1787090128.081563
1787090128.248487
1787090128.409772
1787090128.574752
1787090128.736614
1787090128.905337
1787090129.072089
1787090129.240547
1787090129.410880
1787090129.583399
1787090129.748493
1787090129.918928
1787090130.085708
1787090130.253209
1787090130.419550
1787090130.588008
1787090130.750586
1787090130.919519
1787090131.089176
1787090131.252531
1787090131.413815
1787090131.580115
1787090131.746999
1787090131.919278
1787090132.088328
1787090132.252236
1787090132.421638
1787090132.592154
1787090132.758052
1787090132.921612
1787090133.087395
1787090133.247675
1787090133.411331
1787090133.574234
1787090133.737969
1787090133.900309
1787090134.072186
1787090134.236178
1787090134.412549
1787090134.573038
1787090134.741630
1787090134.908961
1787090135.079789
1787090135.250542
1787090135.414613
1787090135.578409
1787090135.743471
1787090135.905058
1787090136.075660
1787090136.236705
1787090136.404101
1787090136.573873
1787090136.741759
1787090136.903249
1787090137.072156
1787090137.240373
1787090137.398947
1787090137.562602
1787090137.726851
1787090137.889282
1787090138.056603
1787090138.218174
1787090138.378612
1787090138.541054
1787090138.701877
1787090138.869711
1787090139.030333
1787090139.198931
1787090139.368071
1787090139.538480
1787090139.709305
1787090139.869711
1787090140.036386
1787090140.202055
1787090140.366396
1787090140.521109
1787090140.683091
1787090140.852570
1787090141.014531
1787090141.176548
1787090141.337226
1787090141.498565
1787090141.659051
1787090141.825028
1787090141.989595
1787090142.156317
1787090142.325167
1787090142.486521
1787090142.652250
1787090142.815530
1787090142.984775
1787090143.146502
1787090143.314300
1787090143.475896
1787090143.636712
1787090143.803455
1787090143.969203
1787090144.136598
1787090144.304628
1787090144.470708
1787090144.627905
1787090144.794343
1787090144.960939
1787090145.126351
1787090145.293376
1787090145.455471
1787090145.623561
1787090145.786486
1787090145.953018
1787090146.114262
1787090146.275362
1787090146.437140
1787090146.603035
1787090146.764699
1787090146.931030
1787090147.098565
1787090147.266648
1787090147.426842
1787090147.588118
1787090147.755687
1787090147.916747
1787090148.079875
1787090148.242540
1787090148.408478
1787090148.573015
1787090148.738836
1787090148.901649
1787090149.066383
1787090149.229927
1787090149.395685
1787090149.561503
1787090149.725110
1787090149.888785
1787090150.055816
1787090150.218871
1787090150.381832
1787090150.552117
1787090150.721656
1787090150.884346
1787090151.047658
1787090151.211927
1787090151.375511
1787090151.539279
1787090151.707624
1787090151.870300
1787090152.038438
1787090152.205216
1787090152.370696
1787090152.533229
1787090152.701261
1787090152.873150
1787090153.044186
1787090153.212821
1787090153.379207
1787090153.549879
1787090153.719381
1787090153.883009
1787090154.049600
1787090154.214975
1787090154.378528
1787090154.545199
1787090154.714793
1787090154.884948
1787090155.054545
1787090155.219496
1787090155.385193
1787090155.551871
1787090155.722230
1787090155.890865
1787090156.059735
1787090156.224284
1787090156.389260
1787090156.565662
1787090156.735589
1787090156.905829
1787090157.073342
1787090157.245901
1787090157.412866
1787090157.584858
1787090157.751156
1787090157.924576
1787090158.090469
1787090158.256437
1787090158.420799
1787090158.586616
1787090158.752600
1787090158.919533
1787090159.084128
1787090159.249941
1787090159.415082
1787090159.581426
1787090159.746907
1787090159.911661
1787090160.077454
1787090160.244647
1787090160.416403
1787090160.580386
1787090160.744740
1787090160.911917
1787090161.076221
1787090161.241832
1787090161.406866
1787090161.580892
1787090161.745682
1787090161.912119
1787090162.076164
1787090162.240059
1787090162.406325
1787090162.576411
1787090162.741144
1787090162.913515
1787090163.084174
1787090163.253586
1787090163.419060
1787090163.587471
1787090163.750754
1787090163.923253
1787090164.092746
1787090164.257241
1787090164.422475
1787090164.593840
1787090164.762292
1787090164.928107
1787090165.096746
1787090165.263198
1787090165.433537
1787090165.600713
1787090165.770717
1787090165.934324
1787090166.099832
1787090166.271545
1787090166.442586
1787090166.608817
1787090166.773840
1787090166.938992
1787090167.109469
1787090167.273226
1787090167.437465
1787090167.607578
1787090167.775252
1787090167.940756
1787090168.105678
1787090168.270582
1787090168.436476
1787090168.609172
1787090168.779663
1787090168.944407
1787090169.114396
1787090169.277385
1787090169.444204
1787090169.611954
1787090169.780848
1787090169.944692
1787090170.115394
1787090170.286262
1787090170.454041
1787090170.627090
1787090170.792421
1787090170.957423
1787090171.127361
1787090171.292050
1787090171.457807
1787090171.625845
1787090171.797196
1787090171.961135
1787090172.126143
1787090172.293775
1787090172.464958
1787090172.634050
1787090172.802228
1787090172.972116
1787090173.140454
1787090173.308707
1787090173.476864
1787090173.643951
1787090173.807554
1787090173.977782
1787090174.142530
1787090174.316928
1787090174.480888
1787090174.646836
1787090174.816085
1787090174.983308
1787090175.152015
1787090175.320578
1787090175.484353
1787090175.654005
1787090175.820799
1787090175.985726
1787090176.150958
1787090176.315042
1787090176.485637
1787090176.648755
1787090176.815064
1787090176.982850
1787090177.149818
1787090177.311978
1787090177.479556
1787090177.643324
1787090177.807142
1787090177.970066
1787090178.138158
1787090178.301529
1787090178.469118
1787090178.631609
1787090178.798070
1787090178.960404
1787090179.126958
1787090179.289621
1787090179.451632
1787090179.618069
1787090179.780166
1787090179.949042
1787090180.110525
1787090180.279885
1787090180.440483
1787090180.603491
1787090180.766406
1787090180.927084
1787090181.090646
1787090181.252614
1787090181.413469
1787090181.577660
1787090181.741285
1787090181.903435
1787090182.069051
1787090182.231238
1787090182.397784
1787090182.561149
1787090182.721519
1787090182.887177
1787090183.053299
1787090183.214217
1787090183.382109
1787090183.544038
1787090183.710644
1787090183.876095
1787090184.037125
1787090184.203860
1787090184.368975
1787090184.534982
1787090184.695828
1787090184.862769
1787090185.027511
1787090185.193577
1787090185.352454
1787090185.522553
1787090185.688837
1787090185.855984
1787090186.016395
1787090186.176671
1787090186.337297
1787090186.502494
1787090186.664906
1787090186.824914
1787090186.993021
1787090187.153303
1787090187.315458
1787090187.476376
1787090187.643704
1787090187.807065
1787090187.972680
1787090188.135786
1787090188.302186
1787090188.470867
1787090188.634061
1787090188.795359
1787090188.957473
1787090189.126228
1787090189.287361
1787090189.450440
1787090189.612498
1787090189.772882
1787090189.939462
1787090190.099928
1787090190.262904
1787090190.424186
1787090190.589179
1787090190.756208
1787090190.918133
1787090191.079076
1787090191.244723
1787090191.406634
1787090191.569951
1787090191.737197
1787090191.897471
1787090192.063850
1787090192.226187
1787090192.388565
1787090192.551809
1787090192.718335
1787090192.878711
1787090193.044812
1787090193.204840
1787090193.371614
1787090193.548449
1787090193.715095
1787090193.880407
1787090194.042844
1787090194.213808
1787090194.373932
1787090194.540084
1787090194.704685
1787090194.864594
1787090195.035769
1787090195.195997
1787090195.365053
1787090195.527298
1787090195.694699
1787090195.865548
1787090196.036215
1787090196.204324
1787090196.367662
1787090196.537999
1787090196.700455
1787090196.867426
1787090197.034364
1787090197.200358
1787090197.360997
1787090197.521798
1787090197.683276
1787090197.844369
1787090198.006196
1787090198.171698
1787090198.333774
1787090198.493741
1787090198.654847
1787090198.816098
1787090198.982414
1787090199.151200
1787090199.311344
1787090199.474761
1787090199.639826
1787090199.812961
1787090199.975821
1787090200.138208
1787090200.300022
1787090200.463378
1787090200.626572
1787090200.794247
1787090200.958620
1787090201.121399
1787090201.284874
1787090201.448497
1787090201.611116
1787090201.778468
1787090201.941278
1787090202.104065
1787090202.267633
1787090202.431007
1787090202.595196
1787090202.762740
1787090202.925984
1787090203.087990
1787090203.249873
1787090203.412075
1787090203.579196
1787090203.740336
1787090203.903874
1787090204.064947
1787090204.231216
1787090204.391926
1787090204.552633
1787090204.720004
1787090204.879346
1787090205.044821
1787090205.205560
1787090205.369855
1787090205.536500
1787090205.698903
1787090205.868450
1787090206.034792
1787090206.194693
1787090206.360119
1787090206.527532
1787090206.688078
1787090206.856246
1787090207.019928
1787090207.185614
1787090207.347502
1787090207.513172
1787090207.674755
1787090207.841077
1787090208.010865
1787090208.172352
1787090208.332824
1787090208.494301
1787090208.655706
1787090208.824705
1787090208.987114
1787090209.153413
1787090209.314714
1787090209.476506
1787090209.643118
1787090209.804269
1787090209.965360
1787090210.125339
1787090210.285569
1787090210.448539
1787090210.610246
1787090210.770371
1787090210.931573
1787090211.092487
1787090211.258733
1787090211.423556
1787090211.584343
1787090211.746491
1787090211.908544
1787090212.069078
1787090212.230347
1787090212.389303
1787090212.552997
1787090212.720286
1787090212.886892
1787090213.050752
1787090213.215839
1787090213.376850
1787090213.545663
1787090213.706223
1787090213.870138
1787090214.030845
1787090214.197104
1787090214.358337
1787090214.536133
1787090214.690066
1787090214.857657
1787090215.026974
1787090215.189670
1787090215.350777
1787090215.516077
1787090215.677509
1787090215.842933
1787090216.003135
1787090216.163134
1787090216.328182
1787090216.488692
1787090216.648115
1787090216.815882
1787090216.976228
1787090217.142710
1787090217.307878
1787090217.473932
1787090217.641613
1787090217.807888
1787090217.975952
1787090218.136452
1787090218.303476
1787090218.463953
1787090218.632049
1787090218.794747
1787090218.958249
1787090219.121843
1787090219.282706
1787090219.448009
1787090219.610021
1787090219.770941
1787090219.933354
1787090220.096422
1787090220.258707
1787090220.420941
1787090220.583241
1787090220.746135
1787090220.912835
1787090221.076791
1787090221.241251
1787090221.410831
1787090221.575381
1787090221.739053
1787090221.906238
1787090222.069280
1787090222.235338
1787090222.398443
1787090222.560707
1787090222.724255
1787090222.888381
1787090223.050294
1787090223.220223
1787090223.390334
1787090223.553805
1787090223.724345
1787090223.891909
1787090224.054610
1787090224.224555
1787090224.392327
1787090224.562302
1787090224.729778
1787090224.895197
1787090225.061193
1787090225.224347
1787090225.393796
1787090225.561221
1787090225.725425
1787090225.891540
1787090226.060028
1787090226.226917
1787090226.390293
1787090226.559022
1787090226.722618
1787090226.890398
1787090227.059124
1787090227.227880
1787090227.390282
1787090227.559426
1787090227.727481
1787090227.896664
1787090228.067651
1787090228.230927
1787090228.396364
1787090228.568784
1787090228.733393
1787090228.901068
1787090229.066550
1787090229.229807
1787090229.392940
1787090229.561720
1787090229.725037
1787090229.888556
1787090230.052438
1787090230.216132
1787090230.379381
1787090230.549316
1787090230.713582
1787090230.884807
1787090231.048614
1787090231.212163
1787090231.382661
1787090231.545932
1787090231.715673
1787090231.880724
1787090232.050569
1787090232.218503
1787090232.376866
1787090232.540495
1787090232.708033
1787090232.867929
1787090233.040505
1787090233.203655
1787090233.371585
1787090233.535137
1787090233.704731
1787090233.874106
1787090234.044405
1787090234.214302
1787090234.383790
1787090234.555671
1787090234.723366
1787090234.891720
1787090235.051410
1787090235.220640
1787090235.389453
1787090235.550886
1787090235.717878
1787090235.886569
1787090236.050873
1787090236.213842
1787090236.377716
1787090236.547355
1787090236.717901
1787090236.888833
1787090237.052568
1787090237.218489
1787090237.385311
1787090237.557842
1787090237.725068
1787090237.888752
1787090238.058506
1787090238.223816
1787090238.388754
1787090238.561191
1787090238.725953
1787090238.895508
1787090239.062555
1787090239.233009
1787090239.401786
1787090239.574062
1787090239.742985
1787090239.916241
1787090240.081126
1787090240.245353
1787090240.411055
1787090240.581987
1787090240.745955
1787090240.911054
1787090241.083307
1787090241.248567
1787090241.418294
1787090241.587160
1787090241.751922
1787090241.914890
1787090242.086731
1787090242.252552
1787090242.418398
1787090242.584846
1787090242.751680
1787090242.922742
1787090243.092406
1787090243.258506
1787090243.432266
1787090243.598246
1787090243.762385
1787090243.932749
1787090244.098517
1787090244.269830
1787090244.440463
1787090244.606288
1787090244.778056
1787090244.951320
1787090245.115847
1787090245.287332
1787090245.457675
1787090245.630165
1787090245.794947
1787090245.965278
1787090246.136308
1787090246.306154
1787090246.476540
1787090246.642508
1787090246.807786
1787090246.973625
1787090247.147251
1787090247.316884
1787090247.489323
1787090247.655484
1787090247.822130
1787090247.994898
1787090248.165063
1787090248.335579
1787090248.507503
1787090248.679321
1787090248.843346
1787090249.014980
1787090249.180145
1787090249.347138
1787090249.514010
1787090249.681431
1787090249.847815
1787090250.019602
1787090250.184428
1787090250.350194
1787090250.516966
1787090250.679226
1787090250.838902
1787090251.002296
1787090251.168951
1787090251.333146
1787090251.505450
1787090251.676514
1787090251.840534
1787090252.005672
1787090252.172869
1787090252.336361
1787090252.500895
1787090252.665309
1787090252.834285
1787090252.998106
1787090253.166254
1787090253.332785
1787090253.501125
1787090253.665320
1787090253.829353
1787090253.999343
1787090254.165649
1787090254.336804
1787090254.506868
1787090254.678180
1787090254.841091
1787090255.013629
1787090255.177195
1787090255.341091
1787090255.510117
1787090255.674693
1787090255.847071
1787090256.014722
1787090256.178199
1787090256.343392
1787090256.513600
1787090256.683954
1787090256.848500
1787090257.019031
1787090257.184941
1787090257.355004
1787090257.525200
1787090257.698687
1787090257.869335
1787090258.041231
1787090258.211799
1787090258.379670
1787090258.544704
1787090258.717397
1787090258.891047
1787090259.067835
1787090259.235865
1787090259.402299
1787090259.570949
1787090259.736070
1787090259.904380
1787090260.080545
1787090260.248743
1787090260.420239
1787090260.579193
1787090260.753022
1787090260.926817
1787090261.106256
1787090261.269066
1787090261.435555
1787090261.603651
1787090261.771212
1787090261.938694
1787090262.110578
1787090262.277622
1787090262.443997
1787090262.612532
1787090262.778360
1787090262.944221
1787090263.109445
1787090263.274184
1787090263.447606
1787090263.612486
1787090263.778244
1787090263.949762
1787090264.112787
1787090264.278502
1787090264.442171
1787090264.601924
1787090264.764443
1787090264.932854
1787090265.100593
1787090265.265615
1787090265.425707
1787090265.592246
1787090265.756207
1787090265.919328
1787090266.083508
1787090266.250507
1787090266.414137
1787090266.580074
1787090266.743432
1787090266.914316
1787090267.084303
1787090267.254122
1787090267.423360
1787090267.587921
1787090267.751998
1787090267.914374
1787090268.081553
1787090268.248291
1787090268.409265
1787090268.571262
1787090268.733902
1787090268.904587
1787090269.077504
1787090269.244072
1787090269.408560
1787090269.575867
1787090269.747035
1787090269.913113
1787090270.076665
1787090270.240867
1787090270.405373
1787090270.571714
1787090270.737381
1787090270.898817
1787090271.069435
1787090271.239813
1787090271.402732
1787090271.574393
1787090271.741810
1787090271.907731
1787090272.077465
1787090272.246097
1787090272.410992
1787090272.582984
1787090272.747075
1787090272.912661
1787090273.078374
1787090273.243258
1787090273.406567
1787090273.574154
1787090273.737537
1787090273.907403
1787090274.077359
1787090274.241720
1787090274.406017
1787090274.575100
1787090274.746035
1787090274.909708
1787090275.081420
1787090275.242800
1787090275.411605
1787090275.581969
1787090275.745181
1787090275.911842
1787090276.076122
1787090276.239733
1787090276.402942
1787090276.567131
1787090276.731795
1787090276.900803
1787090277.064476
1787090277.231790
1787090277.396935
1787090277.563596
1787090277.727674
1787090277.899863
1787090278.065908
1787090278.236719
1787090278.407535
1787090278.572343
1787090278.743572
1787090278.911757
1787090279.076771
1787090279.247340
1787090279.411323
1787090279.577837
1787090279.743597
1787090279.910166
1787090280.075400
1787090280.240517
1787090280.404048
1787090280.568958
1787090280.739115
1787090280.904832
1787090281.068756
1787090281.233725
1787090281.397940
1787090281.563168
1787090281.728870
1787090281.893098
1787090282.057458
1787090282.221776
1787090282.389200
1787090282.553625
1787090282.723863
1787090282.888069
1787090283.060613
1787090283.225951
1787090283.390188
1787090283.559181
1787090283.723185
1787090283.887605
1787090284.052479
1787090284.222143
1787090284.386412
1787090284.552528
1787090284.716388
1787090284.885589
1787090285.053284
1787090285.220241
1787090285.383564
1787090285.553201
1787090285.724120
1787090285.893112
1787090286.062358
1787090286.229604
1787090286.392829
1787090286.560998
1787090286.722872
1787090286.889667
1787090287.052485
1787090287.215311
1787090287.378911
1787090287.547012
1787090287.711651
1787090287.874691
1787090288.036511
1787090288.205701
1787090288.369470
1787090288.537286
1787090288.701097
1787090288.866384
1787090289.034273
1787090289.200437
1787090289.361307
1787090289.527908
1787090289.689931
1787090289.850199
1787090290.011729
1787090290.173501
1787090290.335637
1787090290.497403
1787090290.660067
1787090290.824188
1787090290.988019
1787090291.151379
1787090291.330761
1787090291.487798
1787090291.650220
1787090291.813793
1787090291.975549
1787090292.137909
1787090292.304159
1787090292.466536
1787090292.629580
1787090292.791432
1787090292.958966
1787090293.126084
1787090293.288378
1787090293.453433
1787090293.617923
1787090293.782035
1787090293.945840
1787090294.113295
1787090294.277590
1787090294.444310
1787090294.607781
1787090294.773228
1787090294.940344
1787090295.107469
1787090295.271826
1787090295.441210
1787090295.603749
1787090295.775045
1787090295.941897
1787090296.111001
1787090296.277683
1787090296.440527
1787090296.603253
1787090296.765297
1787090296.934610
1787090297.102556
1787090297.265472
1787090297.429239
1787090297.596346
1787090297.761261
1787090297.931356
1787090298.097926
1787090298.256352
1787090298.414861
1787090298.577756
1787090298.742082
1787090298.909973
1787090299.072092
1787090299.235734
1787090299.400259
1787090299.564108
1787090299.730759
1787090299.894398
1787090300.061009
1787090300.224399
1787090300.388072
1787090300.552436
1787090300.714465
1787090300.885000
1787090301.047003
1787090301.209963
1787090301.372786
1787090301.535724
1787090301.701052
1787090301.871368
1787090302.034433
1787090302.196785
1787090302.359357
1787090302.521470
1787090302.684580
1787090302.846620
1787090303.008015
1787090303.170483
1787090303.332635
1787090303.495147
1787090303.663957
1787090303.834099
1787090303.996973
1787090304.163448
1787090304.328552
1787090304.498946
1787090304.662559
1787090304.825788
1787090304.995772
1787090305.165630
1787090305.330534
1787090305.503270
1787090305.671799
1787090305.841533
1787090306.014142
1787090306.186186
1787090306.360818
1787090306.529533
1787090306.697341
1787090306.862830
1787090307.028172
1787090307.198072
1787090307.374793
1787090307.547024
1787090307.720186
1787090307.885918
1787090308.056507
1787090308.235574
1787090308.401682
1787090308.571724
1787090308.742321
1787090308.916389
1787090309.082474
1787090309.248061
1787090309.413212
1787090309.584743
1787090309.757799
1787090309.924942
1787090310.091643
1787090310.264046
1787090310.432434
1787090310.605823
1787090310.772045
1787090310.937768
1787090311.109975
1787090311.277839
1787090311.443454
1787090311.609699
1787090311.774940
1787090311.940274
1787090312.105167
1787090312.279672
1787090312.446156
1787090312.611657
1787090312.781901
1787090312.947317
1787090313.115767
1787090313.279353
1787090313.447220
1787090313.613283
1787090313.778688
1787090313.942396
1787090314.116637
1787090314.285065
1787090314.449349
1787090314.621691
1787090314.792224
1787090314.957075
1787090315.127978
1787090315.295086
1787090315.468644
1787090315.634928
1787090315.805987
1787090315.978714
1787090316.149343
1787090316.321478
1787090316.493058
1787090316.663344
1787090316.827454
1787090316.991743
1787090317.163869
1787090317.333586
1787090317.500022
1787090317.671601
1787090317.837068
1787090318.011167
1787090318.180995
1787090318.346906
1787090318.511691
1787090318.674379
1787090318.842554
1787090319.007746
1787090319.173449
1787090319.340278
1787090319.505174
1787090319.674465
1787090319.852317
1787090320.010593
1787090320.174496
1787090320.342906
1787090320.506860
1787090320.677430
1787090320.842507
1787090321.008503
1787090321.177265
1787090321.342659
1787090321.507939
1787090321.674195
1787090321.838701
1787090322.003383
1787090322.172463
1787090322.337863
1787090322.502847
1787090322.670476
