1787078940.156984
1787078940.306235
1787078940.456265
1787078940.606511
1787078940.754883
1787078940.906942
1787078941.053704
1787078941.201853
1787078941.349267
1787078941.495849
1787078941.645506
1787078941.798295
1787078941.948599
1787078942.104599
1787078942.252675
1787078942.401437
1787078942.555014
1787078942.703239
1787078942.852940
1787078943.003310
1787078943.152559
1787078943.302753
1787078943.451811
1787078943.599200
1787078943.755266
1787078943.905462
1787078944.058615
1787078944.217245
1787078944.371271
1787078944.525643
1787078944.680386
1787078944.829733
1787078944.978886
1787078945.131994
1787078945.281524
1787078945.437013
1787078945.591884
1787078945.741618
1787078945.897051
1787078946.053097
1787078946.211337
1787078946.364938
1787078946.514477
1787078946.665032
1787078946.815929
1787078946.966113
1787078947.116149
1787078947.265039
1787078947.415402
1787078947.570947
1787078947.720237
1787078947.868217
1787078948.016169
1787078948.171384
1787078948.319853
1787078948.466787
1787078948.615675
1787078948.763522
1787078948.911199
1787078949.058368
1787078949.209874
1787078949.355592
1787078949.505456
1787078949.653353
1787078949.805277
1787078949.952235
1787078950.103733
1787078950.254888
1787078950.404114
1787078950.555170
1787078950.705661
1787078950.855052
1787078951.006076
1787078951.151668
1787078951.303552
1787078951.449035
1787078951.599988
1787078951.753855
1787078951.903123
1787078952.056907
1787078952.209432
1787078952.357884
1787078952.504199
1787078952.655252
1787078952.800953
1787078952.952339
1787078953.102362
1787078953.252555
1787078953.403137
1787078953.555624
1787078953.703454
1787078953.852849
1787078954.001215
1787078954.152478
1787078954.305403
1787078954.453740
1787078954.605001
1787078954.757701
1787078954.909503
1787078955.053375
1787078955.205487
1787078955.354470
1787078955.499863
1787078955.654768
1787078955.805619
1787078955.954904
1787078956.100104
1787078956.252693
1787078956.404411
1787078956.556270
1787078956.710762
1787078956.861755
1787078957.015918
1787078957.167490
1787078957.312922
1787078957.464453
1787078957.616876
1787078957.770034
1787078957.922099
1787078958.075361
1787078958.233479
1787078958.385073
1787078958.536768
1787078958.688101
1787078958.837302
1787078958.990764
1787078959.143264
1787078959.295682
1787078959.449082
1787078959.601546
1787078959.753142
1787078959.906673
1787078960.054961
1787078960.208209
1787078960.362240
1787078960.515854
1787078960.667681
1787078960.820728
1787078960.967431
1787078961.117201
1787078961.274233
1787078961.430580
1787078961.578251
1787078961.727901
1787078961.878449
1787078962.035501
1787078962.193486
1787078962.347530
1787078962.501527
1787078962.651376
1787078962.802142
1787078962.950561
1787078963.107520
1787078963.265139
1787078963.415846
1787078963.571518
1787078963.729883
1787078963.886822
1787078964.046312
1787078964.208979
1787078964.368377
1787078964.526900
1787078964.685570
1787078964.843886
1787078965.003029
1787078965.162974
1787078965.321242
1787078965.482843
1787078965.641614
1787078965.802706
1787078965.960742
1787078966.124464
1787078966.283931
1787078966.444966
1787078966.605823
1787078966.771085
1787078966.936522
1787078967.091838
1787078967.248196
1787078967.404809
1787078967.562365
1787078967.718498
1787078967.880213
1787078968.038359
1787078968.210466
1787078968.369536
1787078968.536562
1787078968.704689
1787078968.865884
1787078969.030456
1787078969.193575
1787078969.357723
1787078969.522504
1787078969.685952
1787078969.848741
1787078970.010848
1787078970.174772
1787078970.331738
1787078970.494966
1787078970.658792
1787078970.823276
1787078970.981236
1787078971.145868
1787078971.308834
1787078971.473354
1787078971.647738
1787078971.811603
1787078971.970501
1787078972.129175
1787078972.295399
1787078972.460602
1787078972.626300
1787078972.792579
1787078972.959123
1787078973.123614
1787078973.288616
1787078973.456858
1787078973.623796
1787078973.783739
1787078973.951188
1787078974.118103
1787078974.279356
1787078974.440615
1787078974.608243
1787078974.776021
1787078974.942379
1787078975.108592
1787078975.276967
1787078975.438804
1787078975.604709
1787078975.767880
1787078975.934780
1787078976.097821
1787078976.263289
1787078976.427880
1787078976.592948
1787078976.759016
1787078976.926446
1787078977.087806
1787078977.256100
1787078977.425362
1787078977.587152
1787078977.752466
1787078977.912138
1787078978.073193
1787078978.244337
1787078978.414332
1787078978.575398
1787078978.741375
1787078978.902986
1787078979.067897
1787078979.236557
1787078979.402474
1787078979.569201
1787078979.737712
1787078979.898781
1787078980.068660
1787078980.237032
1787078980.404174
1787078980.570564
1787078980.739615
1787078980.908139
1787078981.076939
1787078981.244032
1787078981.414887
1787078981.576313
1787078981.742589
1787078981.903489
1787078982.070377
1787078982.237504
1787078982.403944
1787078982.573637
1787078982.737238
1787078982.898294
1787078983.066069
1787078983.228179
1787078983.395690
1787078983.564043
1787078983.732069
1787078983.898932
1787078984.065601
1787078984.232888
1787078984.404766
1787078984.566249
1787078984.731020
1787078984.899222
1787078985.066195
1787078985.232849
1787078985.399674
1787078985.568436
1787078985.737201
1787078985.905055
1787078986.075270
1787078986.242936
1787078986.405787
1787078986.577623
1787078986.745782
1787078986.914761
1787078987.083434
1787078987.254276
1787078987.427222
1787078987.592043
1787078987.762147
1787078987.930874
1787078988.094242
1787078988.265501
1787078988.433582
1787078988.602635
1787078988.772871
1787078988.941195
1787078989.111520
1787078989.281022
1787078989.451349
1787078989.622382
1787078989.793184
1787078989.961812
1787078990.131855
1787078990.301293
1787078990.471133
1787078990.641622
1787078990.810626
1787078990.978374
1787078991.147335
1787078991.315571
1787078991.482857
1787078991.651797
1787078991.821172
1787078991.990016
1787078992.157102
1787078992.319632
1787078992.490657
1787078992.654096
1787078992.824157
1787078992.991951
1787078993.156212
1787078993.323852
1787078993.489368
1787078993.659401
1787078993.822129
1787078993.992858
1787078994.156192
1787078994.329632
1787078994.493379
1787078994.661850
1787078994.832246
1787078995.003253
1787078995.166111
1787078995.335551
1787078995.501962
1787078995.671596
1787078995.840622
1787078996.009728
1787078996.176571
1787078996.345512
1787078996.514446
1787078996.681525
1787078996.850524
1787078997.020419
1787078997.191097
1787078997.364393
1787078997.539967
1787078997.712868
1787078997.884341
1787078998.054851
1787078998.225281
1787078998.391862
1787078998.564712
1787078998.741405
1787078998.918707
1787078999.090760
1787078999.264115
1787078999.436646
1787078999.612296
1787078999.777627
1787078999.950886
1787079000.121135
1787079000.290816
1787079000.460263
1787079000.629803
1787079000.800372
1787079000.973424
1787079001.148731
1787079001.324558
1787079001.497302
1787079001.668570
1787079001.830313
1787079001.998321
1787079002.163986
1787079002.337901
1787079002.504778
1787079002.676003
1787079002.846277
1787079003.016181
1787079003.187530
1787079003.358516
1787079003.528053
1787079003.694829
1787079003.858790
1787079004.031592
1787079004.203577
1787079004.377062
1787079004.549605
1787079004.722648
1787079004.895051
1787079005.069089
1787079005.240449
1787079005.413772
1787079005.586065
1787079005.757748
1787079005.928772
1787079006.100720
1787079006.270773
1787079006.438452
1787079006.607777
1787079006.779465
1787079006.942960
1787079007.113492
1787079007.283380
1787079007.458784
1787079007.629072
1787079007.797919
1787079007.965866
1787079008.135505
1787079008.309080
1787079008.482091
1787079008.646594
1787079008.820070
1787079008.983613
1787079009.147318
1787079009.318198
1787079009.482175
1787079009.656553
1787079009.829977
1787079009.996888
1787079010.172022
1787079010.343270
1787079010.507977
1787079010.672511
1787079010.842049
1787079011.012427
1787079011.186092
1787079011.361396
1787079011.528399
1787079011.703570
1787079011.875725
1787079012.050716
1787079012.218225
1787079012.389060
1787079012.560599
1787079012.734784
1787079012.907615
1787079013.079654
1787079013.243964
1787079013.418375
1787079013.595010
1787079013.772183
1787079013.941117
1787079014.116477
1787079014.296759
1787079014.471723
1787079014.648951
1787079014.819845
1787079014.993802
1787079015.164691
1787079015.338237
1787079015.511744
1787079015.684331
1787079015.857733
1787079016.030633
1787079016.205864
1787079016.383286
1787079016.557206
1787079016.730608
1787079016.903249
1787079017.078788
1787079017.253909
1787079017.427457
1787079017.600945
1787079017.775409
1787079017.953232
1787079018.127195
1787079018.301253
1787079018.473098
1787079018.645413
1787079018.825770
1787079019.001923
1787079019.177736
1787079019.352609
1787079019.528873
1787079019.704757
1787079019.878956
1787079020.053316
1787079020.229467
1787079020.406690
1787079020.583337
1787079020.751493
1787079020.925051
1787079021.093523
1787079021.268891
1787079021.445354
1787079021.622033
1787079021.795074
1787079021.966789
1787079022.136880
1787079022.308072
1787079022.481406
1787079022.654614
1787079022.826555
1787079022.997671
1787079023.170899
1787079023.343096
1787079023.516660
1787079023.693412
1787079023.861443
1787079024.037563
1787079024.208391
1787079024.371135
1787079024.541462
1787079024.715285
1787079024.889364
1787079025.062685
1787079025.235356
1787079025.408221
1787079025.573256
1787079025.750115
1787079025.925243
1787079026.100047
1787079026.268729
1787079026.443813
1787079026.620538
1787079026.793435
1787079026.963439
1787079027.129982
1787079027.301526
1787079027.472652
1787079027.643467
1787079027.813602
1787079027.987437
1787079028.157045
1787079028.326130
1787079028.502697
1787079028.667133
1787079028.843018
1787079029.015721
1787079029.186661
1787079029.358729
1787079029.523371
1787079029.694568
1787079029.864165
1787079030.033193
1787079030.204397
1787079030.367266
1787079030.535637
1787079030.705539
1787079030.867168
1787079031.034569
1787079031.202853
1787079031.370181
1787079031.532535
1787079031.703075
1787079031.870491
1787079032.039681
1787079032.207165
1787079032.374069
1787079032.542682
1787079032.713757
1787079032.885756
1787079033.058795
1787079033.232778
1787079033.401609
1787079033.574805
1787079033.748609
1787079033.915483
1787079034.079855
1787079034.248646
1787079034.422461
1787079034.592356
1787079034.761943
1787079034.932237
1787079035.103532
1787079035.274889
1787079035.445144
1787079035.613740
1787079035.783115
1787079035.953761
1787079036.122118
1787079036.290846
1787079036.459642
1787079036.629364
1787079036.799921
1787079036.968730
1787079037.132438
1787079037.310913
1787079037.486048
1787079037.661227
1787079037.831166
1787079038.005493
1787079038.177853
1787079038.353259
1787079038.528162
1787079038.701833
1787079038.869860
1787079039.047552
1787079039.227011
1787079039.402411
1787079039.576290
1787079039.750243
1787079039.919852
1787079040.095049
1787079040.267892
1787079040.442831
1787079040.619951
1787079040.789580
1787079040.968173
1787079041.143879
1787079041.326386
1787079041.504007
1787079041.679467
1787079041.852890
1787079042.028246
1787079042.203256
1787079042.376858
1787079042.551014
1787079042.724540
1787079042.898438
1787079043.066438
1787079043.238932
1787079043.410964
1787079043.584960
1787079043.751188
1787079043.922817
1787079044.088451
1787079044.262404
1787079044.433710
1787079044.603209
1787079044.772639
1787079044.943753
1787079045.112554
1787079045.279272
1787079045.450418
1787079045.619411
1787079045.785039
1787079045.957109
1787079046.130017
1787079046.305392
1787079046.477276
1787079046.655880
1787079046.828917
1787079046.999911
1787079047.173785
1787079047.345361
1787079047.521379
1787079047.688231
1787079047.863135
1787079048.033910
1787079048.205767
1787079048.379257
1787079048.552881
1787079048.726006
1787079048.901327
1787079049.068329
1787079049.235824
1787079049.408438
1787079049.573678
1787079049.745633
1787079049.917965
1787079050.091827
1787079050.264995
1787079050.437421
1787079050.610985
1787079050.784058
1787079050.955071
1787079051.129969
1787079051.304023
1787079051.475680
1787079051.647932
1787079051.819918
1787079051.993704
1787079052.167727
1787079052.342245
1787079052.515304
1787079052.687570
1787079052.864852
1787079053.032552
1787079053.204556
1787079053.378407
1787079053.553061
1787079053.724710
1787079053.899807
1787079054.064867
1787079054.242058
1787079054.409056
1787079054.583136
1787079054.755836
1787079054.927844
1787079055.099814
1787079055.264109
1787079055.436372
1787079055.609316
1787079055.785088
1787079055.961204
1787079056.134509
1787079056.310803
1787079056.481468
1787079056.653882
1787079056.827364
1787079057.001710
1787079057.176813
1787079057.349840
1787079057.525489
1787079057.701331
1787079057.877483
1787079058.053944
1787079058.223485
1787079058.396150
1787079058.572810
1787079058.746325
1787079058.922291
1787079059.095382
1787079059.271795
1787079059.435288
1787079059.605186
1787079059.777381
1787079059.953540
1787079060.127724
1787079060.303162
1787079060.476906
1787079060.652234
1787079060.829621
1787079061.004189
1787079061.178541
1787079061.353943
1787079061.528586
1787079061.701964
1787079061.868929
1787079062.044666
1787079062.220203
1787079062.394163
1787079062.568347
1787079062.743465
1787079062.920764
1787079063.095593
1787079063.273362
1787079063.445036
1787079063.617210
1787079063.798519
1787079063.975965
1787079064.147485
1787079064.320557
1787079064.491530
1787079064.664137
1787079064.836746
1787079065.010121
1787079065.176903
1787079065.346562
1787079065.514922
1787079065.683940
1787079065.858337
1787079066.035502
1787079066.209263
1787079066.384604
1787079066.555923
1787079066.728402
1787079066.900213
1787079067.070349
1787079067.243363
1787079067.416459
1787079067.588780
1787079067.762884
1787079067.930689
1787079068.102649
1787079068.273936
1787079068.444211
1787079068.616945
1787079068.788230
1787079068.959849
1787079069.131959
1787079069.298864
1787079069.469608
1787079069.636269
1787079069.808053
1787079069.975168
1787079070.151148
1787079070.324633
1787079070.491106
1787079070.653912
1787079070.821989
1787079070.987977
1787079071.156611
1787079071.327390
1787079071.491201
1787079071.659412
1787079071.831536
1787079072.000187
1787079072.174212
1787079072.337795
1787079072.507088
1787079072.677979
1787079072.852398
1787079073.026239
1787079073.192886
1787079073.358270
1787079073.526459
1787079073.698204
1787079073.865446
1787079074.036481
1787079074.201767
1787079074.363670
1787079074.534279
1787079074.703737
1787079074.872560
1787079075.042934
1787079075.212215
1787079075.382768
1787079075.553616
1787079075.723253
1787079075.893018
1787079076.064103
1787079076.234382
1787079076.402701
1787079076.571562
1787079076.740332
1787079076.915265
1787079077.078168
1787079077.250626
1787079077.419084
1787079077.588278
1787079077.757287
1787079077.925336
1787079078.093196
1787079078.263086
1787079078.431370
1787079078.601314
1787079078.770558
1787079078.932928
1787079079.100501
1787079079.272604
1787079079.445446
1787079079.617482
1787079079.781424
1787079079.944475
1787079080.108484
1787079080.270555
1787079080.438194
1787079080.609110
1787079080.769803
1787079080.939106
1787079081.100128
1787079081.269343
1787079081.436871
1787079081.605580
1787079081.774794
1787079081.938951
1787079082.107247
1787079082.269024
1787079082.437656
1787079082.605188
1787079082.778995
1787079082.946568
1787079083.113983
1787079083.277367
1787079083.443733
1787079083.612649
1787079083.780674
1787079083.948950
1787079084.120184
1787079084.279743
1787079084.448844
1787079084.616055
1787079084.784118
1787079084.951501
1787079085.122057
1787079085.290632
1787079085.455600
1787079085.624093
1787079085.791956
1787079085.959704
1787079086.122138
1787079086.284346
1787079086.445958
1787079086.612416
1787079086.772232
1787079086.938551
1787079087.101300
1787079087.268265
1787079087.433152
1787079087.600192
1787079087.769397
1787079087.931397
1787079088.101998
1787079088.263787
1787079088.429990
1787079088.596663
1787079088.764359
1787079088.930216
1787079089.098105
1787079089.263921
1787079089.431393
1787079089.600557
1787079089.768680
1787079089.934770
1787079090.097733
1787079090.265342
1787079090.431045
1787079090.597221
1787079090.763376
1787079090.930823
1787079091.096203
1787079091.259900
1787079091.424615
1787079091.582482
1787079091.750674
1787079091.909501
1787079092.078182
1787079092.246332
1787079092.416975
1787079092.585848
1787079092.754424
1787079092.921273
1787079093.089122
1787079093.255307
1787079093.419331
1787079093.590314
1787079093.754905
1787079093.926216
1787079094.095047
1787079094.260772
1787079094.427731
1787079094.593926
1787079094.763597
1787079094.933026
1787079095.101945
1787079095.270544
1787079095.440238
1787079095.610165
1787079095.776297
1787079095.941214
1787079096.112485
1787079096.282950
1787079096.456074
1787079096.627998
1787079096.793385
1787079096.965897
1787079097.137060
1787079097.306260
1787079097.471781
1787079097.642930
1787079097.812747
1787079097.983697
1787079098.153724
1787079098.319321
1787079098.490451
1787079098.662054
1787079098.831166
1787079099.002281
1787079099.171315
1787079099.340201
1787079099.513661
1787079099.685471
1787079099.855406
1787079100.027128
1787079100.209116
1787079100.376053
1787079100.543377
1787079100.715214
1787079100.886968
1787079101.053964
1787079101.226014
1787079101.400391
1787079101.571498
1787079101.736989
1787079101.909404
1787079102.080571
1787079102.248430
1787079102.421676
1787079102.586546
1787079102.758314
1787079102.930198
1787079103.099032
1787079103.265954
1787079103.441763
1787079103.609075
1787079103.781923
1787079103.953836
1787079104.120284
1787079104.287322
1787079104.460683
1787079104.627366
1787079104.799523
1787079104.971737
1787079105.141467
1787079105.315922
1787079105.491709
1787079105.663631
1787079105.833094
1787079106.003394
1787079106.175551
1787079106.351446
1787079106.515406
1787079106.686220
1787079106.856790
1787079107.030553
1787079107.203066
1787079107.376375
1787079107.548891
1787079107.716769
1787079107.890443
1787079108.065701
1787079108.241103
1787079108.416792
1787079108.590215
1787079108.756575
1787079108.930882
1787079109.102612
1787079109.269086
1787079109.442703
1787079109.621091
1787079109.787612
1787079109.962020
1787079110.132477
1787079110.308042
1787079110.481231
1787079110.655391
1787079110.829260
1787079111.000551
1787079111.169910
1787079111.344839
1787079111.523512
1787079111.694777
1787079111.864666
1787079112.038542
1787079112.215393
1787079112.390093
1787079112.563146
1787079112.737864
1787079112.912778
1787079113.086858
1787079113.265055
1787079113.440856
1787079113.611835
1787079113.788270
1787079113.965363
1787079114.140782
1787079114.318157
1787079114.496254
1787079114.674933
1787079114.851398
1787079115.028011
1787079115.205289
1787079115.382334
1787079115.557022
1787079115.730293
1787079115.908000
1787079116.087730
1787079116.265787
1787079116.437866
1787079116.615688
1787079116.791535
1787079116.967615
1787079117.140430
1787079117.317630
1787079117.491767
1787079117.669807
1787079117.847049
1787079118.024689
1787079118.194343
1787079118.362398
1787079118.533026
1787079118.701888
1787079118.877697
1787079119.047534
1787079119.219019
1787079119.389321
1787079119.552984
1787079119.724488
1787079119.889958
1787079120.060408
1787079120.231653
1787079120.398018
1787079120.569055
1787079120.743101
1787079120.909434
1787079121.080973
1787079121.249414
1787079121.419287
1787079121.590155
1787079121.761736
1787079121.929241
1787079122.093078
1787079122.260989
1787079122.429303
1787079122.601712
1787079122.766909
1787079122.936430
1787079123.104139
1787079123.276338
1787079123.446644
1787079123.610774
1787079123.781257
1787079123.950603
1787079124.114062
1787079124.283415
1787079124.447080
1787079124.618122
1787079124.790865
1787079124.962213
1787079125.132314
1787079125.302264
1787079125.473056
1787079125.642726
1787079125.817786
1787079125.988541
1787079126.155191
1787079126.329368
1787079126.501870
1787079126.677761
1787079126.853684
1787079127.026192
1787079127.199765
1787079127.372209
1787079127.541810
1787079127.713090
1787079127.885118
1787079128.055182
1787079128.226504
1787079128.396409
1787079128.570853
1787079128.735424
1787079128.919858
1787079129.104132
1787079129.284847
1787079129.468432
1787079129.649088
1787079129.831277
1787079130.009018
1787079130.190929
1787079130.375947
1787079130.561745
1787079130.742075
1787079130.925841
1787079131.110147
1787079131.292262
1787079131.475664
1787079131.658033
1787079131.847583
1787079132.029918
1787079132.212728
1787079132.387970
1787079132.566229
1787079132.748726
1787079132.927016
1787079133.109362
1787079133.294502
1787079133.469369
1787079133.650653
1787079133.830485
1787079134.007869
1787079134.188772
1787079134.371050
1787079134.556034
1787079134.743507
1787079134.919982
1787079135.101078
1787079135.282256
1787079135.461267
1787079135.641743
1787079135.821980
1787079136.001066
1787079136.181442
1787079136.361802
1787079136.541782
1787079136.719479
1787079136.899638
1787079137.081698
1787079137.261769
1787079137.442717
1787079137.622076
1787079137.801796
1787079137.979637
1787079138.159503
1787079138.342274
1787079138.516120
1787079138.698743
1787079138.873800
1787079139.048880
1787079139.226339
1787079139.401749
1787079139.579601
1787079139.756770
1787079139.934660
1787079140.113593
1787079140.292576
1787079140.471136
1787079140.649327
1787079140.826854
1787079141.012322
1787079141.197432
1787079141.386149
1787079141.572281
1787079141.763585
1787079141.952333
1787079142.135827
1787079142.319706
1787079142.509288
1787079142.686253
1787079142.863748
1787079143.041014
1787079143.222462
1787079143.410018
1787079143.601617
1787079143.781224
1787079143.968145
1787079144.152123
1787079144.339666
1787079144.516691
1787079144.701757
1787079144.883447
1787079145.069114
1787079145.257090
1787079145.445857
1787079145.623526
1787079145.808282
1787079145.996191
1787079146.180141
1787079146.369915
1787079146.551559
1787079146.735299
1787079146.921169
1787079147.106111
1787079147.290004
1787079147.473957
1787079147.659368
1787079147.838760
1787079148.019229
1787079148.200701
1787079148.384091
1787079148.570527
1787079148.754159
1787079148.940862
1787079149.119083
1787079149.302415
1787079149.487158
1787079149.670732
1787079149.849728
1787079150.029770
1787079150.209565
1787079150.388294
1787079150.569165
1787079150.749313
1787079150.931380
1787079151.116054
1787079151.293349
1787079151.486362
1787079151.669911
1787079151.849413
1787079152.031158
1787079152.210729
1787079152.395065
1787079152.585439
1787079152.768652
1787079152.957379
1787079153.137568
1787079153.325557
1787079153.504562
1787079153.687986
1787079153.874331
1787079154.064926
1787079154.244537
1787079154.427191
1787079154.612467
1787079154.794018
1787079154.979273
1787079155.160790
1787079155.336122
1787079155.525976
1787079155.709330
1787079155.897459
1787079156.080468
1787079156.262323
1787079156.447382
1787079156.640934
1787079156.820520
1787079157.006799
1787079157.192554
1787079157.380406
1787079157.560335
1787079157.747665
1787079157.924079
1787079158.104560
1787079158.282359
1787079158.462064
1787079158.645850
1787079158.834603
1787079159.019370
1787079159.204352
1787079159.392148
1787079159.580989
1787079159.761817
1787079159.946779
1787079160.128065
1787079160.316669
1787079160.507567
1787079160.684482
1787079160.863832
1787079161.049555
1787079161.235645
1787079161.425470
1787079161.608914
1787079161.797592
1787079161.980385
1787079162.162746
1787079162.354589
1787079162.540006
1787079162.727632
1787079162.912373
1787079163.101778
1787079163.288440
1787079163.477813
1787079163.660631
1787079163.843806
1787079164.026493
1787079164.215826
1787079164.402129
1787079164.590168
1787079164.779739
1787079164.967734
1787079165.146005
1787079165.330334
1787079165.522887
1787079165.705050
1787079165.885532
1787079166.078443
1787079166.266976
1787079166.456105
1787079166.644867
1787079166.830902
1787079167.020001
1787079167.209244
1787079167.393027
1787079167.581336
1787079167.765866
1787079167.945477
1787079168.119383
1787079168.295973
1787079168.471255
1787079168.645918
1787079168.821502
1787079169.000041
1787079169.185962
1787079169.366869
1787079169.542560
1787079169.718601
1787079169.895429
1787079170.072489
1787079170.248005
1787079170.421391
1787079170.600003
1787079170.781218
1787079170.962234
1787079171.134923
1787079171.313955
1787079171.492938
1787079171.674271
1787079171.852987
1787079172.033286
1787079172.208053
1787079172.388239
1787079172.568909
1787079172.755184
1787079172.929934
1787079173.108385
1787079173.282638
1787079173.459085
1787079173.639656
1787079173.818430
1787079173.989988
1787079174.166577
1787079174.348110
1787079174.528267
1787079174.700794
1787079174.885802
1787079175.066953
1787079175.246452
1787079175.428959
1787079175.603809
1787079175.780504
1787079175.956886
1787079176.134134
1787079176.303190
1787079176.473781
1787079176.648180
1787079176.823437
1787079176.999477
1787079177.172817
1787079177.349703
1787079177.525209
1787079177.700326
1787079177.877755
1787079178.054957
1787079178.234774
1787079178.406367
1787079178.578572
1787079178.753322
1787079178.932984
1787079179.109207
1787079179.282195
1787079179.455925
1787079179.629390
1787079179.805613
1787079179.978003
1787079180.159714
1787079180.334097
1787079180.509188
1787079180.681401
1787079180.854321
1787079181.028552
1787079181.204324
1787079181.381093
1787079181.554069
1787079181.725562
1787079181.898817
1787079182.076823
1787079182.257703
1787079182.429001
1787079182.596872
1787079182.771270
1787079182.948346
1787079183.126332
1787079183.304771
1787079183.472863
1787079183.639287
1787079183.820803
1787079183.999863
1787079184.174984
1787079184.350987
1787079184.523020
1787079184.694225
1787079184.877483
1787079185.055119
1787079185.229710
1787079185.403079
1787079185.577003
1787079185.745036
1787079185.919077
1787079186.094623
1787079186.269551
1787079186.446834
1787079186.623533
1787079186.795437
1787079186.966838
1787079187.145434
1787079187.312931
1787079187.489127
1787079187.662924
1787079187.838211
1787079188.016185
1787079188.181903
1787079188.354954
1787079188.533466
1787079188.710206
1787079188.891010
1787079189.068151
1787079189.248600
1787079189.416044
1787079189.584525
1787079189.751738
1787079189.924857
1787079190.093908
1787079190.265157
1787079190.440163
1787079190.612554
1787079190.785020
1787079190.951932
1787079191.123676
1787079191.295626
1787079191.470250
1787079191.643431
1787079191.815147
1787079191.989458
1787079192.160083
1787079192.331343
1787079192.502338
1787079192.678749
1787079192.857178
1787079193.033810
1787079193.207167
1787079193.380851
1787079193.545396
1787079193.720783
1787079193.884594
1787079194.063303
1787079194.232792
1787079194.405483
1787079194.580279
1787079194.745344
1787079194.917620
1787079195.082800
1787079195.254636
1787079195.431278
1787079195.604735
1787079195.781217
1787079195.946319
1787079196.122049
1787079196.294225
1787079196.470302
1787079196.639812
1787079196.812496
1787079196.986557
1787079197.158871
1787079197.330218
1787079197.497970
1787079197.669941
1787079197.843491
1787079198.015819
1787079198.187550
1787079198.359595
1787079198.531124
1787079198.702677
1787079198.875246
1787079199.048210
1787079199.218207
1787079199.388810
1787079199.561489
1787079199.733248
1787079199.903348
1787079200.076876
1787079200.250850
1787079200.426123
1787079200.591433
1787079200.764999
1787079200.939818
1787079201.110035
1787079201.280611
1787079201.455306
1787079201.628098
1787079201.796649
1787079201.963075
1787079202.134080
1787079202.304669
1787079202.477221
1787079202.649082
1787079202.823518
1787079202.997201
1787079203.170446
1787079203.345576
1787079203.520025
1787079203.683946
1787079203.851738
1787079204.022752
1787079204.194721
1787079204.367415
1787079204.539516
1787079204.710270
1787079204.884429
1787079205.060376
1787079205.238748
1787079205.404034
1787079205.569215
1787079205.741120
1787079205.910784
1787079206.077679
1787079206.249386
1787079206.413422
1787079206.586464
1787079206.757141
1787079206.929172
1787079207.093704
1787079207.263590
1787079207.432390
1787079207.606380
1787079207.778855
1787079207.963089
1787079208.143532
1787079208.324010
1787079208.502446
1787079208.676981
1787079208.852455
1787079209.032599
1787079209.203108
1787079209.376394
1787079209.550185
1787079209.729373
1787079209.903388
1787079210.084820
1787079210.263926
1787079210.444502
1787079210.621228
1787079210.801809
1787079210.982873
1787079211.162945
1787079211.345088
1787079211.521960
1787079211.717147
1787079211.901129
1787079212.086565
1787079212.274290
1787079212.463116
1787079212.653823
1787079212.841440
1787079213.030621
1787079213.220901
