1787080858.078250
1787080858.234446
1787080858.380717
1787080858.534524
1787080858.689887
1787080858.845155
1787080859.000637
1787080859.154057
1787080859.309415
1787080859.460238
1787080859.620846
1787080859.771496
1787080859.935307
1787080860.092730
1787080860.243766
1787080860.395050
1787080860.546051
1787080860.703464
1787080860.860274
1787080861.017288
1787080861.168159
1787080861.318278
1787080861.474795
1787080861.632881
1787080861.788087
1787080861.946538
1787080862.095384
1787080862.245056
1787080862.392054
1787080862.537930
1787080862.697440
1787080862.846850
1787080862.997136
1787080863.146537
1787080863.303319
1787080863.458912
1787080863.612983
1787080863.770924
1787080863.925646
1787080864.075258
1787080864.225411
1787080864.373728
1787080864.522332
1787080864.669993
1787080864.825826
1787080864.975266
1787080865.123959
1787080865.272817
1787080865.426291
1787080865.579936
1787080865.734224
1787080865.887997
1787080866.042181
1787080866.196396
1787080866.350715
1787080866.503351
1787080866.656126
1787080866.808607
1787080866.962259
1787080867.114422
1787080867.260386
1787080867.412030
1787080867.558825
1787080867.703930
1787080867.848801
1787080867.998809
1787080868.145578
1787080868.295923
1787080868.446149
1787080868.599932
1787080868.748775
1787080868.900763
1787080869.046197
1787080869.197394
1787080869.348197
1787080869.496401
1787080869.648450
1787080869.798357
1787080869.951102
1787080870.097806
1787080870.247591
1787080870.398136
1787080870.542621
1787080870.694031
1787080870.845052
1787080870.995704
1787080871.146325
1787080871.295974
1787080871.446706
1787080871.598664
1787080871.747444
1787080871.902320
1787080872.052831
1787080872.204150
1787080872.355109
1787080872.499467
1787080872.653358
1787080872.803093
1787080872.954556
1787080873.105404
1787080873.257825
1787080873.408954
1787080873.560192
1787080873.710583
1787080873.861535
1787080874.013422
1787080874.158806
1787080874.303732
1787080874.455394
1787080874.607538
1787080874.753928
1787080874.904117
1787080875.050056
1787080875.196730
1787080875.348047
1787080875.500649
1787080875.653620
1787080875.800236
1787080875.950755
1787080876.103359
1787080876.250505
1787080876.401024
1787080876.555727
1787080876.712537
1787080876.860904
1787080877.015153
1787080877.167065
1787080877.313734
1787080877.466436
1787080877.618247
1787080877.771292
1787080877.924206
1787080878.076462
1787080878.230324
1787080878.387085
1787080878.532184
1787080878.686777
1787080878.836325
1787080878.985553
1787080879.135175
1787080879.283409
1787080879.437051
1787080879.591616
1787080879.746655
1787080879.903827
1787080880.059096
1787080880.214506
1787080880.363670
1787080880.521901
1787080880.673090
1787080880.822859
1787080880.978588
1787080881.138317
1787080881.294832
1787080881.444483
1787080881.602117
1787080881.759772
1787080881.919406
1787080882.081447
1787080882.239228
1787080882.394130
1787080882.545972
1787080882.707507
1787080882.859341
1787080883.018292
1787080883.176934
1787080883.333931
1787080883.490803
1787080883.655477
1787080883.816006
1787080883.973233
1787080884.132195
1787080884.288602
1787080884.448934
1787080884.603999
1787080884.757484
1787080884.916650
1787080885.078750
1787080885.232993
1787080885.395367
1787080885.557770
1787080885.718942
1787080885.875449
1787080886.040493
1787080886.203068
1787080886.364605
1787080886.526707
1787080886.691810
1787080886.848294
1787080887.015612
1787080887.171960
1787080887.325158
1787080887.478357
1787080887.634429
1787080887.794661
1787080887.960618
1787080888.121915
1787080888.278193
1787080888.437559
1787080888.597380
1787080888.758345
1787080888.922003
1787080889.083411
1787080889.245900
1787080889.411355
1787080889.571665
1787080889.736436
1787080889.900178
1787080890.064046
1787080890.225862
1787080890.384959
1787080890.547944
1787080890.707388
1787080890.869637
1787080891.030282
1787080891.191419
1787080891.355097
1787080891.519451
1787080891.682866
1787080891.846700
1787080892.009453
1787080892.172855
1787080892.333348
1787080892.495512
1787080892.660032
1787080892.824106
1787080892.987192
1787080893.152497
1787080893.314578
1787080893.485703
1787080893.649501
1787080893.812704
1787080893.973917
1787080894.137625
1787080894.303721
1787080894.463981
1787080894.623527
1787080894.781936
1787080894.948934
1787080895.116884
1787080895.276249
1787080895.444798
1787080895.615776
1787080895.782914
1787080895.949480
1787080896.118327
1787080896.285445
1787080896.451915
1787080896.622015
1787080896.788947
1787080896.953479
1787080897.116173
1787080897.277474
1787080897.441098
1787080897.608762
1787080897.778407
1787080897.943780
1787080898.111698
1787080898.273351
1787080898.439881
1787080898.605481
1787080898.770261
1787080898.937596
1787080899.103392
1787080899.271514
1787080899.438132
1787080899.604778
1787080899.771986
1787080899.939155
1787080900.105849
1787080900.273184
1787080900.440159
1787080900.607027
1787080900.772716
1787080900.940528
1787080901.104679
1787080901.268418
1787080901.433822
1787080901.601697
1787080901.769918
1787080901.938118
1787080902.108172
1787080902.277503
1787080902.449378
1787080902.611082
1787080902.779650
1787080902.948592
1787080903.113213
1787080903.282990
1787080903.451491
1787080903.620241
1787080903.788947
1787080903.957836
1787080904.127145
1787080904.295024
1787080904.462093
1787080904.631405
1787080904.802924
1787080904.965606
1787080905.135102
1787080905.305984
1787080905.477402
1787080905.647247
1787080905.816224
1787080905.985998
1787080906.156405
1787080906.326561
1787080906.494569
1787080906.662043
1787080906.829547
1787080906.998283
1787080907.165882
1787080907.333977
1787080907.504977
1787080907.666577
1787080907.835939
1787080908.004715
1787080908.174704
1787080908.343850
1787080908.517576
1787080908.686285
1787080908.855873
1787080909.024573
1787080909.195313
1787080909.365921
1787080909.535269
1787080909.705431
1787080909.874713
1787080910.044332
1787080910.213654
1787080910.382874
1787080910.552788
1787080910.722841
1787080910.885696
1787080911.058618
1787080911.231692
1787080911.396088
1787080911.566096
1787080911.734096
1787080911.901981
1787080912.070018
1787080912.233248
1787080912.403644
1787080912.580685
1787080912.748456
1787080912.913074
1787080913.082331
1787080913.251535
1787080913.422734
1787080913.595765
1787080913.764381
1787080913.936020
1787080914.108594
1787080914.275305
1787080914.446837
1787080914.617666
1787080914.784657
1787080914.955798
1787080915.130288
1787080915.303906
1787080915.470188
1787080915.639154
1787080915.806232
1787080915.976049
1787080916.144670
1787080916.315223
1787080916.484226
1787080916.654198
1787080916.824540
1787080916.994444
1787080917.165852
1787080917.329804
1787080917.500381
1787080917.670607
1787080917.834263
1787080918.002800
1787080918.174716
1787080918.347016
1787080918.519650
1787080918.690445
1787080918.862175
1787080919.035078
1787080919.205452
1787080919.374664
1787080919.543637
1787080919.715708
1787080919.883973
1787080920.054549
1787080920.220397
1787080920.383430
1787080920.552885
1787080920.721694
1787080920.890121
1787080921.058851
1787080921.224919
1787080921.394997
1787080921.563305
1787080921.734675
1787080921.901837
1787080922.071141
1787080922.242099
1787080922.406379
1787080922.577068
1787080922.737039
1787080922.900028
1787080923.067370
1787080923.237420
1787080923.407446
1787080923.578258
1787080923.746619
1787080923.914864
1787080924.084462
1787080924.254083
1787080924.423762
1787080924.594560
1787080924.764213
1787080924.933572
1787080925.104336
1787080925.275553
1787080925.444575
1787080925.614393
1787080925.783072
1787080925.949186
1787080926.118428
1787080926.285405
1787080926.454544
1787080926.622223
1787080926.790216
1787080926.953323
1787080927.121118
1787080927.292484
1787080927.455451
1787080927.620356
1787080927.788222
1787080927.956036
1787080928.128840
1787080928.298024
1787080928.465339
1787080928.633451
1787080928.800314
1787080928.968338
1787080929.137106
1787080929.308038
1787080929.470926
1787080929.637835
1787080929.804979
1787080929.972191
1787080930.134733
1787080930.301895
1787080930.469758
1787080930.636891
1787080930.806780
1787080930.972679
1787080931.140801
1787080931.308950
1787080931.479206
1787080931.647509
1787080931.814544
1787080931.981745
1787080932.153014
1787080932.311415
1787080932.485448
1787080932.657882
1787080932.826947
1787080932.996473
1787080933.164973
1787080933.336209
1787080933.502529
1787080933.669022
1787080933.839339
1787080934.002455
1787080934.174010
1787080934.344037
1787080934.511899
1787080934.682361
1787080934.850199
1787080935.022189
1787080935.183906
1787080935.353173
1787080935.521305
1787080935.683661
1787080935.854232
1787080936.022502
1787080936.190146
1787080936.357833
1787080936.520572
1787080936.687460
1787080936.860744
1787080937.029000
1787080937.191287
1787080937.364393
1787080937.528415
1787080937.697971
1787080937.870643
1787080938.034561
1787080938.205227
1787080938.374382
1787080938.544108
1787080938.710838
1787080938.882221
1787080939.055679
1787080939.225712
1787080939.395350
1787080939.564365
1787080939.733917
1787080939.903117
1787080940.073848
1787080940.243244
1787080940.413056
1787080940.586461
1787080940.750978
1787080940.921759
1787080941.093589
1787080941.261063
1787080941.431133
1787080941.595825
1787080941.763607
1787080941.928832
1787080942.094725
1787080942.261950
1787080942.430054
1787080942.600396
1787080942.760242
1787080942.930151
1787080943.093107
1787080943.259792
1787080943.428421
1787080943.599179
1787080943.768614
1787080943.929995
1787080944.098978
1787080944.268671
1787080944.436406
1787080944.605002
1787080944.772002
1787080944.941732
1787080945.112220
1787080945.281692
1787080945.452550
1787080945.625128
1787080945.795258
1787080945.966671
1787080946.132226
1787080946.298015
1787080946.469856
1787080946.642686
1787080946.816515
1787080946.989516
1787080947.161447
1787080947.334856
1787080947.507882
1787080947.680940
1787080947.852784
1787080948.023126
1787080948.195445
1787080948.364172
1787080948.535021
1787080948.705597
1787080948.874984
1787080949.045065
1787080949.214981
1787080949.384067
1787080949.553477
1787080949.722999
1787080949.892145
1787080950.056723
1787080950.221644
1787080950.384309
1787080950.553312
1787080950.725849
1787080950.897253
1787080951.068332
1787080951.231104
1787080951.400198
1787080951.567959
1787080951.736595
1787080951.905477
1787080952.076600
1787080952.247159
1787080952.418821
1787080952.590039
1787080952.759112
1787080952.931540
1787080953.097727
1787080953.268713
1787080953.438815
1787080953.612704
1787080953.789923
1787080953.962590
1787080954.135029
1787080954.305674
1787080954.477285
1787080954.649013
1787080954.822204
1787080954.994462
1787080955.166654
1787080955.339290
1787080955.513881
1787080955.680481
1787080955.853580
1787080956.023847
1787080956.193159
1787080956.366196
1787080956.537588
1787080956.711328
1787080956.876477
1787080957.048093
1787080957.221410
1787080957.391741
1787080957.557516
1787080957.729912
1787080957.901442
1787080958.070540
1787080958.243106
1787080958.411868
1787080958.587691
1787080958.759088
1787080958.930497
1787080959.095790
1787080959.268807
1787080959.440909
1787080959.614193
1787080959.781932
1787080959.953831
1787080960.118358
1787080960.283648
1787080960.452373
1787080960.623082
1787080960.794380
1787080960.959569
1787080961.130112
1787080961.301012
1787080961.470294
1787080961.642088
1787080961.814501
1787080961.986219
1787080962.153311
1787080962.319845
1787080962.489839
1787080962.659688
1787080962.831623
1787080963.003650
1787080963.175214
1787080963.347054
1787080963.521102
1787080963.696258
1787080963.865431
1787080964.035014
1787080964.206609
1787080964.379042
1787080964.548405
1787080964.717340
1787080964.889297
1787080965.061306
1787080965.232949
1787080965.404629
1787080965.573853
1787080965.735339
1787080965.905819
1787080966.077869
1787080966.249741
1787080966.421931
1787080966.593102
1787080966.765699
1787080966.937284
1787080967.109545
1787080967.276464
1787080967.446262
1787080967.618820
1787080967.786063
1787080967.957703
1787080968.123445
1787080968.295336
1787080968.465957
1787080968.634217
1787080968.804009
1787080968.972127
1787080969.145565
1787080969.316589
1787080969.485894
1787080969.660365
1787080969.831173
1787080970.004734
1787080970.175753
1787080970.344625
1787080970.513639
1787080970.683137
1787080970.851239
1787080971.021018
1787080971.183215
1787080971.354623
1787080971.525007
1787080971.696149
1787080971.864686
1787080972.035703
1787080972.206002
1787080972.377404
1787080972.548077
1787080972.719160
1787080972.884368
1787080973.051302
1787080973.219749
1787080973.388742
1787080973.555523
1787080973.726859
1787080973.894781
1787080974.063316
1787080974.235681
1787080974.397105
1787080974.567940
1787080974.739259
1787080974.911994
1787080975.083701
1787080975.254750
1787080975.424770
1787080975.595016
1787080975.764103
1787080975.932940
1787080976.104439
1787080976.273456
1787080976.444422
1787080976.615120
1787080976.786066
1787080976.957496
1787080977.126770
1787080977.297014
1787080977.467219
1787080977.639158
1787080977.809385
1787080977.978380
1787080978.146836
1787080978.309962
1787080978.477308
1787080978.644748
1787080978.811729
1787080978.982013
1787080979.151803
1787080979.315828
1787080979.483710
1787080979.652562
1787080979.825237
1787080979.993889
1787080980.161129
1787080980.323442
1787080980.495098
1787080980.664993
1787080980.835557
1787080981.005996
1787080981.175497
1787080981.343359
1787080981.511052
1787080981.678293
1787080981.845402
1787080982.013281
1787080982.181828
1787080982.350854
1787080982.514710
1787080982.688168
1787080982.846776
1787080983.013671
1787080983.180969
1787080983.347383
1787080983.511916
1787080983.678227
1787080983.845472
1787080984.013495
1787080984.180951
1787080984.351861
1787080984.519720
1787080984.686546
1787080984.848553
1787080985.010324
1787080985.173163
1787080985.334608
1787080985.500633
1787080985.661349
1787080985.821682
1787080985.988897
1787080986.154556
1787080986.323039
1787080986.490036
1787080986.660049
1787080986.837528
1787080986.999744
1787080987.169926
1787080987.339767
1787080987.509801
1787080987.673809
1787080987.846825
1787080988.015776
1787080988.184721
1787080988.355909
1787080988.524286
1787080988.694722
1787080988.864950
1787080989.033377
1787080989.203815
1787080989.376558
1787080989.544877
1787080989.713303
1787080989.882136
1787080990.051611
1787080990.222675
1787080990.390700
1787080990.562363
1787080990.734300
1787080990.899325
1787080991.069731
1787080991.235940
1787080991.405452
1787080991.578331
1787080991.748462
1787080991.918125
1787080992.095200
1787080992.257858
1787080992.428501
1787080992.599951
1787080992.774967
1787080992.941344
1787080993.111840
1787080993.275795
1787080993.438939
1787080993.606474
1787080993.773811
1787080993.944028
1787080994.113482
1787080994.278077
1787080994.455082
1787080994.619297
1787080994.793285
1787080994.963800
1787080995.126124
1787080995.292500
1787080995.465759
1787080995.636132
1787080995.805778
1787080995.978239
1787080996.151031
1787080996.329985
1787080996.504813
1787080996.679337
1787080996.855575
1787080997.029305
1787080997.196085
1787080997.372574
1787080997.544320
1787080997.712782
1787080997.888881
1787080998.063260
1787080998.238878
1787080998.413322
1787080998.587924
1787080998.759517
1787080998.931139
1787080999.101496
1787080999.275492
1787080999.440046
1787080999.611956
1787080999.782147
1787080999.947783
1787081000.119123
1787081000.288033
1787081000.461013
1787081000.632579
1787081000.802752
1787081000.973649
1787081001.138429
1787081001.305376
1787081001.475754
1787081001.645228
1787081001.815730
1787081001.987801
1787081002.154428
1787081002.319484
1787081002.493295
1787081002.658831
1787081002.829475
1787081003.005324
1787081003.176546
1787081003.346872
1787081003.518810
1787081003.689784
1787081003.859341
1787081004.026286
1787081004.196927
1787081004.361709
1787081004.525383
1787081004.696846
1787081004.870526
1787081005.040617
1787081005.212061
1787081005.386087
1787081005.555503
1787081005.724516
1787081005.896618
1787081006.065423
1787081006.235290
1787081006.404305
1787081006.572649
1787081006.742261
1787081006.904979
1787081007.075773
1787081007.242853
1787081007.411692
1787081007.574525
1787081007.743718
1787081007.911452
1787081008.076017
1787081008.245160
1787081008.417712
1787081008.588443
1787081008.758516
1787081008.922959
1787081009.093009
1787081009.255040
1787081009.424162
1787081009.591967
1787081009.756083
1787081009.925973
1787081010.097358
1787081010.263221
1787081010.429674
1787081010.598649
1787081010.768251
1787081010.938954
1787081011.102582
1787081011.271328
1787081011.437217
1787081011.606578
1787081011.775442
1787081011.944106
1787081012.115931
1787081012.284929
1787081012.453980
1787081012.624346
1787081012.794121
1787081012.965496
1787081013.128464
1787081013.293627
1787081013.464572
1787081013.635298
1787081013.805348
1787081013.976999
1787081014.141561
1787081014.313223
1787081014.476521
1787081014.647461
1787081014.819453
1787081014.987900
1787081015.157397
1787081015.327325
1787081015.497711
1787081015.668786
1787081015.846022
1787081016.008414
1787081016.179445
1787081016.350693
1787081016.519371
1787081016.688796
1787081016.859009
1787081017.028316
1787081017.192101
1787081017.360929
1787081017.530219
1787081017.700648
1787081017.872176
1787081018.036207
1787081018.206500
1787081018.376560
1787081018.550062
1787081018.724605
1787081018.895476
1787081019.066016
1787081019.239908
1787081019.414589
1787081019.589250
1787081019.758441
1787081019.932458
1787081020.094568
1787081020.267684
1787081020.441115
1787081020.614417
1787081020.781676
1787081020.950248
1787081021.118802
1787081021.287208
1787081021.456540
1787081021.626139
1787081021.795342
1787081021.964533
1787081022.133732
1787081022.305901
1787081022.473622
1787081022.640632
1787081022.802887
1787081022.969956
1787081023.131565
1787081023.297804
1787081023.466748
1787081023.635164
1787081023.803772
1787081023.973341
1787081024.135965
1787081024.303116
1787081024.470164
1787081024.637331
1787081024.805410
1787081024.976095
1787081025.147578
1787081025.316677
1787081025.485847
1787081025.654176
1787081025.822378
1787081025.985367
1787081026.154552
1787081026.323714
1787081026.494114
1787081026.661747
1787081026.830928
1787081027.000331
1787081027.170034
1787081027.339021
1787081027.511329
1787081027.677600
1787081027.847670
1787081028.018893
1787081028.188093
1787081028.358305
1787081028.529438
1787081028.700486
1787081028.872007
1787081029.043832
1787081029.208639
1787081029.379519
1787081029.549543
1787081029.718404
1787081029.888547
1787081030.059452
1787081030.230967
1787081030.402738
1787081030.575450
1787081030.747493
1787081030.917197
1787081031.090837
1787081031.248946
1787081031.423957
1787081031.599283
1787081031.774323
1787081031.940481
1787081032.106857
1787081032.276694
1787081032.451362
1787081032.618195
1787081032.783781
1787081032.955816
1787081033.129374
1787081033.302330
1787081033.471172
1787081033.641872
1787081033.812448
1787081033.982361
1787081034.146830
1787081034.314734
1787081034.487335
1787081034.656843
1787081034.827429
1787081034.996729
1787081035.167727
1787081035.343783
1787081035.508960
1787081035.677573
1787081035.850570
1787081036.020654
1787081036.191090
1787081036.366002
1787081036.530639
1787081036.702086
1787081036.875108
1787081037.039248
1787081037.204382
1787081037.374810
1787081037.538353
1787081037.708696
1787081037.878432
1787081038.049185
1787081038.217705
1787081038.386342
1787081038.556486
1787081038.723460
1787081038.892508
1787081039.061690
1787081039.230564
1787081039.399351
1787081039.567189
1787081039.735161
1787081039.902289
1787081040.072080
1787081040.238012
1787081040.407633
1787081040.576473
1787081040.747315
1787081040.916248
1787081041.084408
1787081041.253081
1787081041.420807
1787081041.590474
1787081041.758757
1787081041.926375
1787081042.094918
1787081042.257592
1787081042.424805
1787081042.594111
1787081042.757922
1787081042.926939
1787081043.095870
1787081043.256958
1787081043.424502
1787081043.593342
1787081043.759767
1787081043.921394
1787081044.085981
1787081044.253266
1787081044.425007
1787081044.593498
1787081044.765985
1787081044.933473
1787081045.103281
1787081045.269970
1787081045.437087
1787081045.604347
1787081045.771103
1787081045.940327
1787081046.107579
1787081046.269315
1787081046.431108
1787081046.597693
1787081046.763868
1787081046.929291
1787081047.096614
1787081047.262834
1787081047.429911
1787081047.597785
1787081047.765956
1787081047.932526
1787081048.098418
1787081048.264801
1787081048.436415
1787081048.603294
1787081048.768865
1787081048.937444
1787081049.104880
1787081049.271597
1787081049.437110
1787081049.603243
1787081049.769018
1787081049.934023
1787081050.101375
1787081050.267965
1787081050.428741
1787081050.594755
1787081050.762060
1787081050.929314
1787081051.097790
1787081051.264474
1787081051.431792
1787081051.600289
1787081051.767108
1787081051.935055
1787081052.105898
1787081052.266960
1787081052.433156
1787081052.603739
1787081052.771048
1787081052.931088
1787081053.089914
1787081053.255740
1787081053.421806
1787081053.588817
1787081053.756513
1787081053.925045
1787081054.091658
1787081054.258027
1787081054.426476
1787081054.593580
1787081054.758708
1787081054.924792
1787081055.094465
1787081055.263910
1787081055.424408
1787081055.592045
1787081055.759058
1787081055.926096
1787081056.090016
1787081056.256649
1787081056.422951
1787081056.588684
1787081056.753820
1787081056.921410
1787081057.087514
1787081057.256334
1787081057.418247
1787081057.578338
1787081057.743161
1787081057.903412
1787081058.067725
1787081058.234059
1787081058.402034
1787081058.573749
1787081058.741200
1787081058.909497
1787081059.069527
1787081059.226748
1787081059.386206
1787081059.562358
1787081059.721539
1787081059.879257
1787081060.040109
1787081060.205657
1787081060.363758
1787081060.530034
1787081060.690250
1787081060.859099
1787081061.017366
1787081061.181055
1787081061.343045
1787081061.506979
1787081061.677828
1787081061.838887
1787081062.007378
1787081062.174213
1787081062.342144
1787081062.506433
1787081062.674073
1787081062.837150
1787081062.995941
1787081063.162429
1787081063.322540
1787081063.489335
1787081063.656804
1787081063.823654
1787081063.995538
1787081064.162468
1787081064.326385
1787081064.494127
1787081064.657156
1787081064.823740
1787081064.992049
1787081065.159405
1787081065.325405
1787081065.492652
1787081065.660012
1787081065.827700
1787081065.996088
1787081066.163929
1787081066.332566
1787081066.500628
1787081066.663789
1787081066.830521
1787081066.992320
1787081067.158875
1787081067.325883
1787081067.492172
1787081067.655654
1787081067.823980
1787081067.993202
1787081068.157571
1787081068.320307
1787081068.488705
1787081068.648303
1787081068.819211
1787081068.979708
1787081069.143135
1787081069.307820
1787081069.478892
1787081069.642455
1787081069.809224
1787081069.972427
1787081070.137574
1787081070.304168
1787081070.475121
1787081070.641762
1787081070.808486
1787081070.976235
1787081071.143800
1787081071.305686
1787081071.469917
1787081071.640043
1787081071.804687
1787081071.974571
1787081072.145968
1787081072.318379
1787081072.486878
1787081072.660049
1787081072.823522
1787081072.991688
1787081073.155040
1787081073.325305
1787081073.493575
1787081073.662936
1787081073.831299
1787081073.995815
1787081074.164132
1787081074.329294
1787081074.499230
1787081074.668554
1787081074.834114
1787081075.003028
1787081075.171381
1787081075.335248
1787081075.504001
1787081075.675754
1787081075.843874
1787081076.011047
1787081076.174421
1787081076.344076
1787081076.506034
1787081076.671633
1787081076.840847
1787081077.008456
1787081077.174032
1787081077.344477
1787081077.513518
1787081077.684915
1787081077.853058
1787081078.019839
1787081078.188039
1787081078.355131
1787081078.523646
1787081078.694633
1787081078.862177
1787081079.030052
1787081079.198874
1787081079.364243
1787081079.533183
1787081079.701544
1787081079.863648
1787081080.025510
1787081080.195080
1787081080.361524
1787081080.528421
1787081080.696491
1787081080.864227
1787081081.032899
1787081081.199501
1787081081.367151
1787081081.535057
1787081081.702559
1787081081.870817
1787081082.030414
1787081082.198383
1787081082.360179
1787081082.528990
1787081082.695032
1787081082.863978
1787081083.030684
1787081083.200041
1787081083.362745
1787081083.521598
1787081083.688242
1787081083.848875
1787081084.015865
1787081084.183864
1787081084.343652
1787081084.511544
1787081084.679442
1787081084.849156
1787081085.013708
1787081085.176881
1787081085.342355
1787081085.509153
1787081085.676027
1787081085.842050
1787081086.008899
1787081086.170119
1787081086.340321
1787081086.508471
1787081086.676705
1787081086.844750
1787081087.014165
1787081087.186747
1787081087.352646
1787081087.522262
1787081087.683779
1787081087.850505
1787081088.014676
1787081088.178204
1787081088.340652
1787081088.507699
1787081088.675310
1787081088.845295
1787081089.012704
1787081089.179267
1787081089.348931
1787081089.517270
1787081089.685675
1787081089.854821
1787081090.022520
1787081090.193218
1787081090.362838
1787081090.529913
1787081090.698375
1787081090.867800
1787081091.035558
1787081091.205588
1787081091.373823
1787081091.543951
1787081091.702504
1787081091.870421
1787081092.042831
1787081092.207130
1787081092.376070
1787081092.543850
1787081092.706345
1787081092.873341
1787081093.036711
1787081093.205553
1787081093.375090
1787081093.537868
1787081093.706888
1787081093.876033
1787081094.044135
1787081094.210119
1787081094.381768
1787081094.553916
1787081094.725015
1787081094.895257
1787081095.065500
1787081095.236540
1787081095.406606
1787081095.578016
1787081095.747382
1787081095.918561
1787081096.090526
1787081096.263748
1787081096.434672
1787081096.603847
1787081096.771292
1787081096.942316
1787081097.114056
1787081097.282732
1787081097.452747
1787081097.626448
1787081097.790174
1787081097.962047
1787081098.131931
1787081098.301270
1787081098.471676
1787081098.640662
1787081098.810036
1787081098.981099
1787081099.145617
1787081099.315265
1787081099.485596
1787081099.657496
1787081099.821997
1787081099.992470
1787081100.158117
1787081100.328688
1787081100.502196
1787081100.674333
1787081100.845539
1787081101.014843
1787081101.178702
1787081101.350738
1787081101.520445
1787081101.688676
1787081101.859107
1787081102.028073
1787081102.199494
1787081102.370515
1787081102.541289
1787081102.711874
1787081102.887175
1787081103.053655
1787081103.229462
1787081103.401399
1787081103.564029
1787081103.733458
1787081103.901272
1787081104.077411
1787081104.242509
1787081104.407759
1787081104.582839
1787081104.755895
1787081104.927946
1787081105.103464
1787081105.277658
1787081105.440857
1787081105.605465
1787081105.774293
1787081105.946406
1787081106.115978
1787081106.284432
1787081106.447917
1787081106.616660
1787081106.785851
1787081106.954898
1787081107.126364
1787081107.296439
1787081107.465930
1787081107.633554
1787081107.798146
1787081107.967194
1787081108.135653
1787081108.300354
1787081108.464946
1787081108.634976
1787081108.804484
1787081108.975461
1787081109.146029
1787081109.314540
1787081109.481054
1787081109.652409
1787081109.823425
1787081109.989407
1787081110.158552
1787081110.330665
1787081110.502066
1787081110.673522
1787081110.835952
1787081111.007017
1787081111.177056
1787081111.341175
1787081111.509926
1787081111.679533
1787081111.850461
1787081112.021495
1787081112.193434
1787081112.355349
1787081112.525224
1787081112.690201
1787081112.861483
1787081113.031787
1787081113.198624
1787081113.363984
1787081113.534408
1787081113.707574
1787081113.877234
1787081114.043720
1787081114.214347
1787081114.383823
1787081114.551700
1787081114.717920
1787081114.889724
1787081115.063895
1787081115.238981
1787081115.412060
1787081115.578516
1787081115.752128
1787081115.925709
1787081116.099612
1787081116.271526
1787081116.444136
1787081116.616813
1787081116.792444
1787081116.963663
1787081117.131777
1787081117.305151
1787081117.476820
1787081117.647505
1787081117.822564
1787081117.990986
1787081118.169008
1787081118.339769
1787081118.509160
1787081118.682738
1787081118.849528
1787081119.021165
1787081119.196816
1787081119.371761
1787081119.546406
1787081119.715782
1787081119.890112
1787081120.063819
1787081120.238367
1787081120.408602
1787081120.582468
1787081120.756531
1787081120.931996
1787081121.096720
1787081121.270715
1787081121.444576
1787081121.615144
1787081121.788542
1787081121.963244
1787081122.129878
1787081122.303848
1787081122.479262
1787081122.652641
1787081122.827693
1787081123.003290
1787081123.169874
1787081123.345753
1787081123.520431
1787081123.687547
1787081123.861527
1787081124.033807
1787081124.208740
1787081124.382479
1787081124.558012
1787081124.724806
