1787070849.667968
1787070849.821908
1787070849.968483
1787070850.121428
1787070850.268674
1787070850.417128
1787070850.566077
1787070850.715618
1787070850.861758
1787070851.010278
1787070851.159721
1787070851.307329
1787070851.458197
1787070851.625475
1787070851.776403
1787070851.929698
1787070852.077545
1787070852.235701
1787070852.384094
1787070852.530121
1787070852.679518
1787070852.827058
1787070852.974579
1787070853.124611
1787070853.273576
1787070853.420469
1787070853.591318
1787070853.749870
1787070853.898515
1787070854.048747
1787070854.201729
1787070854.348139
1787070854.496474
1787070854.645408
1787070854.794566
1787070854.940561
1787070855.085665
1787070855.233151
1787070855.380189
1787070855.540314
1787070855.696812
1787070855.859981
1787070856.015536
1787070856.166152
1787070856.312496
1787070856.463480
1787070856.610409
1787070856.764659
1787070856.911665
1787070857.056978
1787070857.204286
1787070857.350133
1787070857.500004
1787070857.647971
1787070857.794587
1787070857.942657
1787070858.097956
1787070858.252480
1787070858.399688
1787070858.549923
1787070858.696313
1787070858.848908
1787070859.001060
1787070859.149713
1787070859.297571
1787070859.448381
1787070859.603920
1787070859.750818
1787070859.895779
1787070860.047688
1787070860.198684
1787070860.351611
1787070860.496261
1787070860.648109
1787070860.793338
1787070860.947464
1787070861.097400
1787070861.244504
1787070861.395200
1787070861.540849
1787070861.694358
1787070861.844521
1787070861.996505
1787070862.149531
1787070862.295419
1787070862.447348
1787070862.598545
1787070862.743669
1787070862.894947
1787070863.042473
1787070863.188061
1787070863.333976
1787070863.479589
1787070863.630810
1787070863.775305
1787070863.921506
1787070864.069899
1787070864.221381
1787070864.376118
1787070864.521237
1787070864.666164
1787070864.816883
1787070864.969809
1787070865.114187
1787070865.263005
1787070865.409991
1787070865.565870
1787070865.717686
1787070865.865132
1787070866.013467
1787070866.158101
1787070866.310899
1787070866.468745
1787070866.619670
1787070866.771632
1787070866.918950
1787070867.068109
1787070867.220545
1787070867.371893
1787070867.518397
1787070867.671605
1787070867.816934
1787070867.964996
1787070868.112161
1787070868.269479
1787070868.421625
1787070868.568319
1787070868.718852
1787070868.873918
1787070869.022305
1787070869.171748
1787070869.320375
1787070869.468909
1787070869.619748
1787070869.770350
1787070869.923660
1787070870.072857
1787070870.227024
1787070870.376858
1787070870.526173
1787070870.675543
1787070870.823671
1787070870.971372
1787070871.125840
1787070871.276375
1787070871.426555
1787070871.577369
1787070871.728368
1787070871.879736
1787070872.031545
1787070872.183753
1787070872.338776
1787070872.491531
1787070872.652932
1787070872.810546
1787070872.964173
1787070873.117581
1787070873.270138
1787070873.425738
1787070873.584059
1787070873.738734
1787070873.893415
1787070874.049108
1787070874.203500
1787070874.369057
1787070874.524483
1787070874.680430
1787070874.836215
1787070874.992356
1787070875.149931
1787070875.304719
1787070875.461508
1787070875.617015
1787070875.778891
1787070875.936280
1787070876.093235
1787070876.256761
1787070876.424117
1787070876.583676
1787070876.741476
1787070876.899851
1787070877.057332
1787070877.221005
1787070877.378362
1787070877.542931
1787070877.707476
1787070877.866711
1787070878.034227
1787070878.195015
1787070878.355730
1787070878.520140
1787070878.679682
1787070878.844111
1787070879.007680
1787070879.172962
1787070879.340929
1787070879.503450
1787070879.665985
1787070879.828254
1787070879.996871
1787070880.164233
1787070880.333013
1787070880.501162
1787070880.665304
1787070880.834244
1787070880.997462
1787070881.166255
1787070881.331861
1787070881.499390
1787070881.668850
1787070881.833992
1787070882.005537
1787070882.171444
1787070882.335313
1787070882.500718
1787070882.674730
1787070882.846761
1787070883.013296
1787070883.178590
1787070883.343472
1787070883.515131
1787070883.680212
1787070883.846941
1787070884.014138
1787070884.180107
1787070884.352689
1787070884.522622
1787070884.702621
1787070884.876501
1787070885.049523
1787070885.229771
1787070885.400888
1787070885.566055
1787070885.738558
1787070885.904072
1787070886.070091
1787070886.241526
1787070886.405895
1787070886.579066
1787070886.750963
1787070886.917539
1787070887.084475
1787070887.255198
1787070887.427656
1787070887.603523
1787070887.769690
1787070887.935381
1787070888.100645
1787070888.273097
1787070888.438665
1787070888.611261
1787070888.777672
1787070888.948433
1787070889.122612
1787070889.296401
1787070889.463010
1787070889.632816
1787070889.797118
1787070889.963750
1787070890.134614
1787070890.301326
1787070890.474670
1787070890.642257
1787070890.810061
1787070890.984411
1787070891.147506
1787070891.317844
1787070891.494830
1787070891.662969
1787070891.829033
1787070891.998868
1787070892.164204
1787070892.329951
1787070892.499613
1787070892.671651
1787070892.845709
1787070893.012008
1787070893.185029
1787070893.351445
1787070893.517788
1787070893.686542
1787070893.857788
1787070894.022952
1787070894.195691
1787070894.361312
1787070894.528298
1787070894.694090
1787070894.860310
1787070895.031600
1787070895.196030
1787070895.356655
1787070895.527937
1787070895.695417
1787070895.867547
1787070896.037154
1787070896.204021
1787070896.373618
1787070896.540096
1787070896.706016
1787070896.876413
1787070897.045577
1787070897.218172
1787070897.388777
1787070897.562719
1787070897.732515
1787070897.897810
1787070898.063977
1787070898.235385
1787070898.402644
1787070898.573095
1787070898.743624
1787070898.910150
1787070899.075731
1787070899.240903
1787070899.415855
1787070899.582220
1787070899.761044
1787070899.935470
1787070900.101088
1787070900.266679
1787070900.440941
1787070900.615707
1787070900.785695
1787070900.951560
1787070901.119190
1787070901.286742
1787070901.453645
1787070901.624497
1787070901.793312
1787070901.960923
1787070902.130576
1787070902.305341
1787070902.479753
1787070902.646623
1787070902.813930
1787070902.979713
1787070903.149847
1787070903.321390
1787070903.498346
1787070903.664533
1787070903.837193
1787070904.010346
1787070904.180472
1787070904.346896
1787070904.520245
1787070904.686443
1787070904.861186
1787070905.038498
1787070905.212478
1787070905.376799
1787070905.548150
1787070905.721315
1787070905.896232
1787070906.066123
1787070906.239614
1787070906.406066
1787070906.577808
1787070906.743469
1787070906.910080
1787070907.076106
1787070907.248300
1787070907.422867
1787070907.588672
1787070907.760592
1787070907.925941
1787070908.091806
1787070908.260041
1787070908.425252
1787070908.601830
1787070908.763365
1787070908.929173
1787070909.106284
1787070909.274137
1787070909.441323
1787070909.607829
1787070909.775249
1787070909.948591
1787070910.114427
1787070910.279695
1787070910.452045
1787070910.616815
1787070910.788321
1787070910.961752
1787070911.131569
1787070911.299622
1787070911.469647
1787070911.641188
1787070911.803173
1787070911.966961
1787070912.132986
1787070912.304529
1787070912.469985
1787070912.634311
1787070912.797615
1787070912.961492
1787070913.125731
1787070913.298603
1787070913.462656
1787070913.633611
1787070913.795619
1787070913.958812
1787070914.130281
1787070914.298561
1787070914.462308
1787070914.625684
1787070914.787752
1787070914.953310
1787070915.122868
1787070915.287255
1787070915.455001
1787070915.618232
1787070915.782969
1787070915.951944
1787070916.115372
1787070916.280571
1787070916.443627
1787070916.607115
1787070916.774715
1787070916.938838
1787070917.102782
1787070917.265650
1787070917.430076
1787070917.596265
1787070917.764777
1787070917.929317
1787070918.095988
1787070918.259849
1787070918.427517
1787070918.595580
1787070918.766829
1787070918.931992
1787070919.096783
1787070919.265340
1787070919.429772
1787070919.597918
1787070919.759449
1787070919.930343
1787070920.096090
1787070920.268231
1787070920.437661
1787070920.605216
1787070920.774869
1787070920.943022
1787070921.106472
1787070921.269832
1787070921.440728
1787070921.617883
1787070921.787225
1787070921.956156
1787070922.128673
1787070922.303834
1787070922.471593
1787070922.645846
1787070922.819235
1787070922.988404
1787070923.163351
1787070923.337404
1787070923.505466
1787070923.676140
1787070923.840648
1787070924.017494
1787070924.180540
1787070924.351902
1787070924.521765
1787070924.694858
1787070924.858679
1787070925.029939
1787070925.195720
1787070925.362048
1787070925.524418
1787070925.697634
1787070925.866347
1787070926.031449
1787070926.199302
1787070926.366202
1787070926.535763
1787070926.707265
1787070926.867643
1787070927.035661
1787070927.199880
1787070927.366014
1787070927.530152
1787070927.700707
1787070927.866415
1787070928.034550
1787070928.197403
1787070928.361510
1787070928.524972
1787070928.689681
1787070928.854293
1787070929.025001
1787070929.198050
1787070929.362042
1787070929.524920
1787070929.687083
1787070929.853993
1787070930.017092
1787070930.186462
1787070930.359585
1787070930.523473
1787070930.691514
1787070930.854527
1787070931.023270
1787070931.189972
1787070931.362687
1787070931.535174
1787070931.702407
1787070931.873772
1787070932.036998
1787070932.202123
1787070932.368091
1787070932.535450
1787070932.701080
1787070932.863673
1787070933.029737
1787070933.202038
1787070933.367467
1787070933.537078
1787070933.710474
1787070933.877936
1787070934.046312
1787070934.219688
1787070934.384815
1787070934.550495
1787070934.721651
1787070934.886419
1787070935.058047
1787070935.222190
1787070935.387590
1787070935.547056
1787070935.715253
1787070935.887070
1787070936.052838
1787070936.218538
1787070936.383872
1787070936.557675
1787070936.728094
1787070936.892947
1787070937.057297
1787070937.220932
1787070937.394741
1787070937.560619
1787070937.725807
1787070937.896871
1787070938.062025
1787070938.234253
1787070938.397325
1787070938.565822
1787070938.728663
1787070938.889083
1787070939.052623
1787070939.228981
1787070939.404499
1787070939.570275
1787070939.740435
1787070939.905684
1787070940.071844
1787070940.236857
1787070940.401814
1787070940.567952
1787070940.736806
1787070940.908036
1787070941.072371
1787070941.245089
1787070941.421350
1787070941.590040
1787070941.762496
1787070941.929453
1787070942.097673
1787070942.264190
1787070942.439193
1787070942.610247
1787070942.777298
1787070942.952281
1787070943.117143
1787070943.281400
1787070943.453387
1787070943.619201
1787070943.790923
1787070943.960255
1787070944.124840
1787070944.295055
1787070944.463765
1787070944.633097
1787070944.797022
1787070944.959404
1787070945.123359
1787070945.286196
1787070945.454691
1787070945.617039
1787070945.783551
1787070945.945882
1787070946.112340
1787070946.274025
1787070946.442750
1787070946.607954
1787070946.774168
1787070946.936364
1787070947.102980
1787070947.263788
1787070947.431644
1787070947.605858
1787070947.780113
1787070947.947944
1787070948.117586
1787070948.288876
1787070948.455130
1787070948.624747
1787070948.794913
1787070948.957517
1787070949.121000
1787070949.282144
1787070949.453578
1787070949.622038
1787070949.793287
1787070949.964965
1787070950.130502
1787070950.302769
1787070950.472512
1787070950.634020
1787070950.803081
1787070950.965757
1787070951.131272
1787070951.296311
1787070951.464454
1787070951.628558
1787070951.800672
1787070951.962112
1787070952.124140
1787070952.287708
1787070952.453013
1787070952.621482
1787070952.783713
1787070952.948627
1787070953.109946
1787070953.275022
1787070953.443915
1787070953.605835
1787070953.770019
1787070953.934942
1787070954.097553
1787070954.260407
1787070954.429047
1787070954.598918
1787070954.761995
1787070954.923380
1787070955.087406
1787070955.257246
1787070955.434875
1787070955.597469
1787070955.761377
1787070955.926319
1787070956.091175
1787070956.263377
1787070956.424575
1787070956.587190
1787070956.751147
1787070956.921418
1787070957.085920
1787070957.258286
1787070957.420749
1787070957.591388
1787070957.757789
1787070957.920976
1787070958.083914
1787070958.247719
1787070958.414546
1787070958.583498
1787070958.755158
1787070958.929464
1787070959.099056
1787070959.271559
1787070959.442859
1787070959.618730
1787070959.787215
1787070959.965931
1787070960.146837
1787070960.328384
1787070960.500253
1787070960.680741
1787070960.851159
1787070961.023224
1787070961.195801
1787070961.378592
1787070961.557038
1787070961.736723
1787070961.915486
1787070962.090492
1787070962.268037
1787070962.441540
1787070962.609927
1787070962.783438
1787070962.957875
1787070963.126076
1787070963.295903
1787070963.474596
1787070963.643272
1787070963.813159
1787070963.987852
1787070964.155958
1787070964.320774
1787070964.488573
1787070964.659669
1787070964.831503
1787070964.997106
1787070965.173880
1787070965.338233
1787070965.508475
1787070965.675576
1787070965.852046
1787070966.024744
1787070966.201602
1787070966.375389
1787070966.546359
1787070966.713357
1787070966.886483
1787070967.054795
1787070967.223561
1787070967.393471
1787070967.567509
1787070967.739963
1787070967.910043
1787070968.081265
1787070968.246929
1787070968.426705
1787070968.595974
1787070968.764349
1787070968.936747
1787070969.117311
1787070969.298511
1787070969.470999
1787070969.645729
1787070969.813694
1787070969.986640
1787070970.163423
1787070970.336704
1787070970.507369
1787070970.680118
1787070970.854680
1787070971.030557
1787070971.202726
1787070971.370255
1787070971.536148
1787070971.707772
1787070971.886666
1787070972.047858
1787070972.215776
1787070972.387970
1787070972.564734
1787070972.732522
1787070972.899017
1787070973.072179
1787070973.247942
1787070973.411697
1787070973.582399
1787070973.752882
1787070973.922511
1787070974.083200
1787070974.246845
1787070974.420676
1787070974.591794
1787070974.760496
1787070974.925344
1787070975.096475
1787070975.267865
1787070975.433361
1787070975.599632
1787070975.765225
1787070975.927471
1787070976.096408
1787070976.260884
1787070976.431208
1787070976.602965
1787070976.766632
1787070976.932545
1787070977.097893
1787070977.265341
1787070977.434771
1787070977.599931
1787070977.772198
1787070977.935550
1787070978.100399
1787070978.265579
1787070978.439202
1787070978.605080
1787070978.770955
1787070978.935804
1787070979.098943
1787070979.267444
1787070979.439698
1787070979.604138
1787070979.772815
1787070979.934268
1787070980.097262
1787070980.261218
1787070980.425295
1787070980.599188
1787070980.767946
1787070980.932389
1787070981.096557
1787070981.267030
1787070981.434061
1787070981.608561
1787070981.774328
1787070981.944331
1787070982.115231
1787070982.285160
1787070982.450574
1787070982.625729
1787070982.803979
1787070982.981120
1787070983.152546
1787070983.322396
1787070983.497779
1787070983.674941
1787070983.845370
1787070984.017224
1787070984.186348
1787070984.355590
1787070984.534376
1787070984.709636
1787070984.878890
1787070985.049948
1787070985.225063
1787070985.394812
1787070985.563163
1787070985.726799
1787070985.905124
1787070986.074512
1787070986.240827
1787070986.416770
1787070986.581538
1787070986.750293
1787070986.924659
1787070987.089758
1787070987.255364
1787070987.426744
1787070987.602139
1787070987.776397
1787070987.953099
1787070988.129351
1787070988.304845
1787070988.473657
1787070988.638045
1787070988.809431
1787070988.975681
1787070989.140730
1787070989.310283
1787070989.485944
1787070989.660474
1787070989.827283
1787070989.998852
1787070990.170844
1787070990.346890
1787070990.517670
1787070990.693223
1787070990.866637
1787070991.042320
1787070991.210507
1787070991.380528
1787070991.549088
1787070991.718916
1787070991.885428
1787070992.053613
1787070992.220473
1787070992.395834
1787070992.564524
1787070992.733258
1787070992.903029
1787070993.072128
1787070993.247955
1787070993.407963
1787070993.584008
1787070993.750591
1787070993.918157
1787070994.085712
1787070994.256670
1787070994.430351
1787070994.601144
1787070994.774103
1787070994.946937
1787070995.113499
1787070995.278516
1787070995.454892
1787070995.625276
1787070995.788050
1787070995.962104
1787070996.136409
1787070996.303554
1787070996.476920
1787070996.650474
1787070996.815014
1787070996.982712
1787070997.152733
1787070997.320741
1787070997.495841
1787070997.664693
1787070997.835696
1787070998.001245
1787070998.171023
1787070998.342018
1787070998.515416
1787070998.691248
1787070998.856805
1787070999.023772
1787070999.194777
1787070999.365604
1787070999.536856
1787070999.711740
1787070999.887345
1787071000.057844
1787071000.233775
1787071000.409172
1787071000.585749
1787071000.764638
1787071000.935225
1787071001.102479
1787071001.274781
1787071001.450145
1787071001.626643
1787071001.793323
1787071001.962989
1787071002.129776
1787071002.297901
1787071002.465182
1787071002.631289
1787071002.798997
1787071002.965153
1787071003.132740
1787071003.311575
1787071003.479066
1787071003.651467
1787071003.824271
1787071004.000013
1787071004.166184
1787071004.334858
1787071004.511358
1787071004.675082
1787071004.847071
1787071005.013825
1787071005.181533
1787071005.351971
1787071005.527166
1787071005.699488
1787071005.874779
1787071006.051846
1787071006.224359
1787071006.400808
1787071006.568096
1787071006.736361
1787071006.904907
1787071007.070409
1787071007.244895
1787071007.423633
1787071007.596842
1787071007.763646
1787071007.934487
1787071008.106013
1787071008.272903
1787071008.442258
1787071008.621028
1787071008.785593
1787071008.952548
1787071009.125091
1787071009.293216
1787071009.459945
1787071009.637731
1787071009.815813
1787071009.989851
1787071010.165870
1787071010.340198
1787071010.513823
1787071010.680785
1787071010.853651
1787071011.032551
1787071011.199635
1787071011.368808
1787071011.539685
1787071011.712985
1787071011.890014
1787071012.060235
1787071012.230021
1787071012.407236
1787071012.584125
1787071012.760715
1787071012.934115
1787071013.104617
1787071013.276029
1787071013.453963
1787071013.634514
1787071013.807254
1787071013.983993
1787071014.157963
1787071014.337851
1787071014.515134
1787071014.691256
1787071014.861048
1787071015.035719
1787071015.206902
1787071015.375316
1787071015.554226
1787071015.727496
1787071015.898664
1787071016.073799
1787071016.250509
1787071016.423415
1787071016.600494
1787071016.777644
1787071016.947186
1787071017.115188
1787071017.296867
1787071017.466985
1787071017.635496
1787071017.810464
1787071017.982420
1787071018.156536
1787071018.336704
1787071018.506734
1787071018.679620
1787071018.853980
1787071019.026703
1787071019.194629
1787071019.368476
1787071019.542566
1787071019.716617
1787071019.893921
1787071020.063628
1787071020.233151
1787071020.410940
1787071020.580098
1787071020.749302
1787071020.924001
1787071021.093452
1787071021.267706
1787071021.440261
1787071021.613170
1787071021.787860
1787071021.959575
1787071022.132276
1787071022.306674
1787071022.476457
1787071022.649813
1787071022.819134
1787071022.994182
1787071023.172563
1787071023.346786
1787071023.519650
1787071023.687822
1787071023.870743
1787071024.034904
1787071024.205785
1787071024.379688
1787071024.552815
1787071024.727027
1787071024.892764
1787071025.072438
1787071025.242515
1787071025.416462
1787071025.585369
1787071025.756797
1787071025.931011
1787071026.103909
1787071026.279280
1787071026.451791
1787071026.626446
1787071026.795491
1787071026.968364
1787071027.144474
1787071027.312263
1787071027.487922
1787071027.662521
1787071027.829747
1787071028.003652
1787071028.176274
1787071028.340923
1787071028.512894
1787071028.683970
1787071028.856998
1787071029.025970
1787071029.199490
1787071029.372536
1787071029.543259
1787071029.715847
1787071029.889840
1787071030.061668
1787071030.233632
1787071030.406961
1787071030.580301
1787071030.750988
1787071030.920038
1787071031.093458
1787071031.267711
1787071031.439819
1787071031.615332
1787071031.789554
1787071031.965686
1787071032.134543
1787071032.310207
1787071032.485513
1787071032.654735
1787071032.830439
1787071033.005295
1787071033.172028
1787071033.346066
1787071033.518654
1787071033.684863
1787071033.861944
1787071034.031573
1787071034.207688
1787071034.378530
1787071034.554955
1787071034.723500
1787071034.900705
1787071035.072965
1787071035.244559
1787071035.422692
1787071035.603216
1787071035.780306
1787071035.958094
1787071036.135394
1787071036.312927
1787071036.487992
1787071036.657937
1787071036.835846
1787071037.008776
1787071037.183470
1787071037.360822
1787071037.532103
1787071037.707744
1787071037.884167
1787071038.059256
1787071038.235579
1787071038.417801
1787071038.592752
1787071038.767925
1787071038.941108
1787071039.114124
1787071039.290399
1787071039.465872
1787071039.641546
1787071039.811787
1787071039.982054
1787071040.151873
1787071040.327009
1787071040.494236
1787071040.662328
1787071040.834797
1787071041.003054
1787071041.177980
1787071041.353082
1787071041.531498
1787071041.699696
1787071041.873121
1787071042.047217
1787071042.235646
1787071042.403732
1787071042.577338
1787071042.748894
1787071042.921864
1787071043.097786
1787071043.273010
1787071043.448198
1787071043.616771
1787071043.791317
1787071043.965167
1787071044.152204
1787071044.321758
1787071044.505763
1787071044.684889
1787071044.867342
1787071045.048055
1787071045.236312
1787071045.426832
1787071045.607634
1787071045.785141
1787071045.966918
1787071046.154090
1787071046.332740
1787071046.525438
1787071046.705669
1787071046.894232
1787071047.080356
1787071047.267376
1787071047.450231
1787071047.634117
1787071047.822959
1787071048.017922
1787071048.200542
1787071048.384589
1787071048.565067
1787071048.753250
1787071048.941857
1787071049.127439
1787071049.308350
1787071049.491109
1787071049.670801
1787071049.854158
1787071050.039288
1787071050.214157
1787071050.400412
1787071050.585416
1787071050.771638
1787071050.960798
1787071051.140998
1787071051.329267
1787071051.527239
1787071051.722869
1787071051.913921
1787071052.103855
1787071052.298210
1787071052.492336
1787071052.678702
1787071052.871243
1787071053.061515
1787071053.248946
1787071053.450945
1787071053.640164
1787071053.823855
1787071054.015340
1787071054.206428
1787071054.398070
1787071054.590647
1787071054.781805
1787071054.971836
1787071055.156761
1787071055.345941
1787071055.537370
1787071055.720485
1787071055.905445
1787071056.099129
1787071056.288622
1787071056.477412
1787071056.669888
1787071056.857515
1787071057.043678
1787071057.231354
1787071057.421220
1787071057.604891
1787071057.789767
1787071057.974191
1787071058.158392
1787071058.334383
1787071058.527705
1787071058.713882
1787071058.891809
1787071059.074305
1787071059.259249
1787071059.443912
1787071059.627817
1787071059.806326
1787071059.990416
1787071060.169678
1787071060.353007
1787071060.539853
1787071060.734187
1787071060.919329
1787071061.106472
1787071061.292188
1787071061.477659
1787071061.659967
1787071061.836793
1787071062.014322
1787071062.196898
1787071062.381607
1787071062.560715
1787071062.744438
1787071062.925044
1787071063.106174
1787071063.293084
1787071063.469698
1787071063.653078
1787071063.839518
1787071064.019221
1787071064.202119
1787071064.383586
1787071064.566431
1787071064.749799
1787071064.933765
1787071065.118444
1787071065.295986
1787071065.482129
1787071065.669931
1787071065.854622
1787071066.025026
1787071066.209538
1787071066.393745
1787071066.577833
1787071066.761736
1787071066.943328
1787071067.122817
1787071067.306197
1787071067.486461
1787071067.675331
1787071067.856541
1787071068.043640
1787071068.224700
1787071068.412655
1787071068.596054
1787071068.774466
1787071068.952865
1787071069.131988
1787071069.308968
1787071069.486087
1787071069.671482
1787071069.858773
1787071070.046410
1787071070.218704
1787071070.402694
1787071070.586249
1787071070.767325
1787071070.951934
1787071071.133675
1787071071.316549
1787071071.500213
1787071071.680878
1787071071.858759
1787071072.038637
1787071072.218753
1787071072.395396
1787071072.577004
1787071072.756897
1787071072.934165
1787071073.117257
1787071073.297574
1787071073.471543
1787071073.652709
1787071073.831277
1787071074.008965
1787071074.186527
1787071074.364664
1787071074.547403
1787071074.722926
1787071074.900271
1787071075.080559
1787071075.263486
1787071075.434469
1787071075.614092
1787071075.788646
1787071075.965562
1787071076.145366
1787071076.323676
1787071076.493547
1787071076.673914
1787071076.854750
1787071077.032921
1787071077.214326
1787071077.393607
1787071077.567174
1787071077.743885
1787071077.918790
1787071078.090814
1787071078.267688
1787071078.447528
1787071078.617549
1787071078.795630
1787071078.975921
1787071079.153903
1787071079.326570
1787071079.498122
1787071079.676303
1787071079.848710
1787071080.027084
1787071080.202357
1787071080.374929
1787071080.562200
1787071080.735396
1787071080.911605
1787071081.083716
1787071081.260397
1787071081.438757
1787071081.615366
1787071081.790112
1787071081.971334
1787071082.143929
1787071082.320491
1787071082.498114
1787071082.667505
1787071082.844257
1787071083.018997
1787071083.189797
1787071083.370332
1787071083.548057
1787071083.731301
1787071083.910325
1787071084.083874
1787071084.262938
1787071084.440286
1787071084.617060
1787071084.797122
1787071084.974619
1787071085.146120
1787071085.316575
1787071085.492968
1787071085.671345
1787071085.847593
1787071086.029821
1787071086.204134
1787071086.378046
1787071086.547826
1787071086.725127
1787071086.903528
1787071087.079835
1787071087.255770
1787071087.429905
1787071087.602766
1787071087.774021
1787071087.950311
1787071088.126673
1787071088.304013
1787071088.480479
1787071088.654410
1787071088.827751
1787071089.004134
1787071089.180168
1787071089.361376
1787071089.538851
1787071089.717590
1787071089.889867
1787071090.061844
1787071090.236075
1787071090.408216
1787071090.585260
1787071090.756813
1787071090.927821
1787071091.104326
1787071091.283176
1787071091.461033
1787071091.638406
1787071091.816257
1787071091.994163
1787071092.164460
1787071092.336367
1787071092.515263
1787071092.685597
1787071092.863599
1787071093.034415
1787071093.212566
1787071093.387988
1787071093.567463
1787071093.746383
1787071093.925458
1787071094.099987
1787071094.280078
1787071094.455309
1787071094.638949
1787071094.813226
1787071094.984612
1787071095.165479
1787071095.341226
1787071095.521303
1787071095.699174
1787071095.879654
1787071096.055858
1787071096.235878
1787071096.417572
1787071096.596819
1787071096.776554
1787071096.956823
1787071097.136969
1787071097.316120
1787071097.494220
1787071097.672627
1787071097.850490
1787071098.026699
1787071098.198271
1787071098.369028
1787071098.546002
1787071098.721578
1787071098.900931
1787071099.078243
1787071099.255065
1787071099.434259
1787071099.609576
1787071099.785010
1787071099.963143
1787071100.144959
1787071100.321029
1787071100.498143
1787071100.674434
1787071100.854342
1787071101.033377
1787071101.211901
1787071101.386589
1787071101.566751
1787071101.738038
1787071101.909514
1787071102.088882
1787071102.264453
1787071102.441761
1787071102.616831
1787071102.787118
1787071102.957950
1787071103.133576
1787071103.304441
1787071103.484722
1787071103.655955
1787071103.826755
1787071104.007290
1787071104.181218
1787071104.352111
1787071104.530796
1787071104.708273
1787071104.879911
1787071105.051927
1787071105.229868
1787071105.402821
1787071105.573932
1787071105.748965
1787071105.921643
1787071106.100864
1787071106.277861
1787071106.456511
1787071106.634518
1787071106.811955
1787071106.984606
1787071107.160944
1787071107.336976
1787071107.513951
1787071107.685404
1787071107.863529
1787071108.032591
1787071108.208211
1787071108.388141
1787071108.569225
1787071108.744590
1787071108.921359
1787071109.097803
1787071109.268382
1787071109.445168
1787071109.618372
1787071109.792194
1787071109.971555
1787071110.150019
1787071110.327226
1787071110.496620
1787071110.668452
1787071110.846961
1787071111.023988
1787071111.202866
1787071111.382364
1787071111.555260
1787071111.732457
1787071111.903174
1787071112.080414
1787071112.258521
1787071112.435128
1787071112.613578
1787071112.789719
1787071112.966377
1787071113.136950
1787071113.317555
1787071113.493116
1787071113.666647
1787071113.842513
1787071114.011780
1787071114.184912
1787071114.355232
1787071114.531363
1787071114.706939
1787071114.881223
1787071115.055948
1787071115.232275
1787071115.408001
1787071115.582975
1787071115.758777
1787071115.937366
1787071116.113324
1787071116.278931
1787071116.455591
1787071116.634192
1787071116.811971
1787071116.990119
1787071117.166593
1787071117.347726
1787071117.519878
1787071117.698757
1787071117.868857
1787071118.046714
1787071118.227669
1787071118.406215
1787071118.577869
1787071118.757713
1787071118.932869
1787071119.107703
1787071119.280716
1787071119.455633
1787071119.627460
1787071119.806424
1787071119.984966
1787071120.151517
1787071120.331362
1787071120.505007
1787071120.686596
1787071120.865582
1787071121.050330
1787071121.227121
1787071121.405747
1787071121.585202
1787071121.765853
1787071121.940627
1787071122.121367
