1787086296.502791
1787086296.658902
1787086296.806627
1787086296.955225
1787086297.110930
1787086297.266513
1787086297.414260
1787086297.569438
1787086297.724854
1787086297.880527
1787086298.035378
1787086298.185113
1787086298.337203
1787086298.486468
1787086298.644284
1787086298.801574
1787086298.960764
1787086299.114553
1787086299.263508
1787086299.413622
1787086299.571142
1787086299.727052
1787086299.883738
1787086300.040325
1787086300.193729
1787086300.344199
1787086300.495180
1787086300.651418
1787086300.807541
1787086300.961759
1787086301.115895
1787086301.270475
1787086301.421531
1787086301.576442
1787086301.726417
1787086301.875768
1787086302.030614
1787086302.185849
1787086302.335464
1787086302.495814
1787086302.651175
1787086302.805480
1787086302.960474
1787086303.120441
1787086303.278184
1787086303.431334
1787086303.579400
1787086303.732523
1787086303.884736
1787086304.039692
1787086304.197580
1787086304.347932
1787086304.501705
1787086304.657225
1787086304.812516
1787086304.964123
1787086305.117052
1787086305.269121
1787086305.423852
1787086305.576823
1787086305.728576
1787086305.878703
1787086306.028816
1787086306.180014
1787086306.331804
1787086306.483101
1787086306.636495
1787086306.789301
1787086306.939874
1787086307.091385
1787086307.244340
1787086307.396163
1787086307.547004
1787086307.697166
1787086307.848778
1787086308.002144
1787086308.149241
1787086308.295731
1787086308.446363
1787086308.595668
1787086308.746578
1787086308.897129
1787086309.047468
1787086309.198643
1787086309.352734
1787086309.505398
1787086309.651249
1787086309.802838
1787086309.954892
1787086310.106109
1787086310.258713
1787086310.410080
1787086310.562068
1787086310.715840
1787086310.866387
1787086311.018071
1787086311.170365
1787086311.317004
1787086311.471219
1787086311.623424
1787086311.775461
1787086311.927283
1787086312.079603
1787086312.231264
1787086312.376642
1787086312.527052
1787086312.677337
1787086312.829164
1787086312.980334
1787086313.132248
1787086313.285288
1787086313.430652
1787086313.582662
1787086313.737001
1787086313.882629
1787086314.033935
1787086314.180488
1787086314.330631
1787086314.478029
1787086314.623812
1787086314.771445
1787086314.925044
1787086315.078597
1787086315.229914
1787086315.382694
1787086315.535323
1787086315.688739
1787086315.842183
1787086315.995910
1787086316.152678
1787086316.305845
1787086316.459100
1787086316.616125
1787086316.764463
1787086316.917970
1787086317.070505
1787086317.226608
1787086317.376123
1787086317.532030
1787086317.686577
1787086317.841476
1787086317.996301
1787086318.151431
1787086318.308175
1787086318.462437
1787086318.618628
1787086318.776009
1787086318.934005
1787086319.090624
1787086319.249444
1787086319.407081
1787086319.564336
1787086319.722931
1787086319.882506
1787086320.040863
1787086320.193698
1787086320.350405
1787086320.511054
1787086320.670622
1787086320.824764
1787086320.981527
1787086321.140106
1787086321.296776
1787086321.449303
1787086321.605534
1787086321.762938
1787086321.922526
1787086322.080229
1787086322.239422
1787086322.400482
1787086322.558277
1787086322.716537
1787086322.875646
1787086323.029784
1787086323.184627
1787086323.344873
1787086323.506583
1787086323.669238
1787086323.832376
1787086323.992490
1787086324.147416
1787086324.303098
1787086324.458000
1787086324.618203
1787086324.774184
1787086324.933995
1787086325.096037
1787086325.258378
1787086325.421469
1787086325.583639
1787086325.747284
1787086325.910467
1787086326.068376
1787086326.227581
1787086326.391740
1787086326.550444
1787086326.714460
1787086326.880123
1787086327.046679
1787086327.211829
1787086327.378273
1787086327.535073
1787086327.700816
1787086327.864198
1787086328.025727
1787086328.191782
1787086328.353217
1787086328.513643
1787086328.679596
1787086328.844173
1787086329.008898
1787086329.169958
1787086329.336444
1787086329.494378
1787086329.657574
1787086329.823915
1787086329.985401
1787086330.145211
1787086330.304822
1787086330.471790
1787086330.632373
1787086330.799226
1787086330.965398
1787086331.127572
1787086331.293402
1787086331.465485
1787086331.625237
1787086331.790949
1787086331.955389
1787086332.121278
1787086332.300501
1787086332.461955
1787086332.626000
1787086332.781655
1787086332.947885
1787086333.109209
1787086333.270717
1787086333.433344
1787086333.593915
1787086333.761992
1787086333.930018
1787086334.097961
1787086334.265540
1787086334.427430
1787086334.588387
1787086334.748816
1787086334.914591
1787086335.073664
1787086335.232830
1787086335.398860
1787086335.565872
1787086335.727260
1787086335.889652
1787086336.055660
1787086336.218999
1787086336.383780
1787086336.550941
1787086336.714769
1787086336.881381
1787086337.047527
1787086337.214006
1787086337.381160
1787086337.548558
1787086337.716393
1787086337.882349
1787086338.048316
1787086338.216689
1787086338.377707
1787086338.545630
1787086338.712653
1787086338.878328
1787086339.045874
1787086339.214436
1787086339.382872
1787086339.543783
1787086339.709817
1787086339.876091
1787086340.042055
1787086340.209792
1787086340.374164
1787086340.543717
1787086340.710278
1787086340.879759
1787086341.046515
1787086341.206257
1787086341.376596
1787086341.535454
1787086341.702671
1787086341.872108
1787086342.032640
1787086342.199064
1787086342.366110
1787086342.525466
1787086342.692272
1787086342.858917
1787086343.024463
1787086343.190964
1787086343.356040
1787086343.522271
1787086343.688717
1787086343.854883
1787086344.015163
1787086344.179645
1787086344.347946
1787086344.515247
1787086344.683009
1787086344.850234
1787086345.018770
1787086345.187252
1787086345.349108
1787086345.517280
1787086345.683764
1787086345.851813
1787086346.017789
1787086346.181217
1787086346.352020
1787086346.517125
1787086346.686045
1787086346.857024
1787086347.020199
1787086347.188218
1787086347.355426
1787086347.527966
1787086347.691350
1787086347.856009
1787086348.018481
1787086348.187481
1787086348.355758
1787086348.521816
1787086348.687840
1787086348.855442
1787086349.023052
1787086349.191026
1787086349.356916
1787086349.519609
1787086349.688388
1787086349.854664
1787086350.022202
1787086350.194266
1787086350.360707
1787086350.515851
1787086350.685395
1787086350.853871
1787086351.023979
1787086351.192639
1787086351.366590
1787086351.535471
1787086351.700723
1787086351.866123
1787086352.034939
1787086352.202394
1787086352.365030
1787086352.525678
1787086352.693304
1787086352.859764
1787086353.021162
1787086353.188836
1787086353.353137
1787086353.521501
1787086353.689631
1787086353.859229
1787086354.029448
1787086354.201251
1787086354.370680
1787086354.539433
1787086354.705561
1787086354.875017
1787086355.044725
1787086355.214824
1787086355.384311
1787086355.548412
1787086355.716899
1787086355.887369
1787086356.058128
1787086356.228298
1787086356.396459
1787086356.566364
1787086356.735637
1787086356.905430
1787086357.075291
1787086357.242349
1787086357.413345
1787086357.582223
1787086357.749282
1787086357.911638
1787086358.079524
1787086358.247400
1787086358.414891
1787086358.580045
1787086358.749450
1787086358.917807
1787086359.085531
1787086359.254064
1787086359.416675
1787086359.584377
1787086359.752614
1787086359.920451
1787086360.087596
1787086360.251164
1787086360.420561
1787086360.589582
1787086360.759179
1787086360.926576
1787086361.094883
1787086361.262204
1787086361.430683
1787086361.598065
1787086361.766163
1787086361.935019
1787086362.103751
1787086362.271434
1787086362.439074
1787086362.601250
1787086362.773440
1787086362.942669
1787086363.110990
1787086363.281734
1787086363.443109
1787086363.610218
1787086363.778456
1787086363.945161
1787086364.111379
1787086364.280450
1787086364.450186
1787086364.614466
1787086364.782570
1787086364.949427
1787086365.114912
1787086365.283297
1787086365.448859
1787086365.615595
1787086365.776525
1787086365.943274
1787086366.109487
1787086366.269049
1787086366.436035
1787086366.602404
1787086366.769593
1787086366.937840
1787086367.103408
1787086367.269548
1787086367.434927
1787086367.597702
1787086367.755575
1787086367.926208
1787086368.086264
1787086368.251655
1787086368.418662
1787086368.584455
1787086368.749838
1787086368.917262
1787086369.083222
1787086369.243335
1787086369.414263
1787086369.581969
1787086369.748686
1787086369.914171
1787086370.081137
1787086370.247431
1787086370.418618
1787086370.578874
1787086370.744891
1787086370.911376
1787086371.076809
1787086371.242490
1787086371.404152
1787086371.564420
1787086371.732090
1787086371.899043
1787086372.065164
1787086372.235193
1787086372.401518
1787086372.566291
1787086372.733300
1787086372.898413
1787086373.064117
1787086373.230688
1787086373.396791
1787086373.561526
1787086373.730911
1787086373.896804
1787086374.062312
1787086374.220926
1787086374.386663
1787086374.551631
1787086374.721028
1787086374.888318
1787086375.047562
1787086375.216224
1787086375.375473
1787086375.540247
1787086375.706413
1787086375.872163
1787086376.038487
1787086376.204662
1787086376.369972
1787086376.535277
1787086376.698295
1787086376.864710
1787086377.030071
1787086377.195119
1787086377.360995
1787086377.526844
1787086377.693306
1787086377.851536
1787086378.017659
1787086378.183649
1787086378.349097
1787086378.514539
1787086378.678797
1787086378.842843
1787086379.006980
1787086379.171119
1787086379.337411
1787086379.503441
1787086379.670385
1787086379.835523
1787086380.000372
1787086380.164930
1787086380.329001
1787086380.495259
1787086380.660798
1787086380.823704
1787086380.990138
1787086381.159202
1787086381.320056
1787086381.481434
1787086381.646994
1787086381.812548
1787086381.978832
1787086382.145239
1787086382.311528
1787086382.480255
1787086382.647038
1787086382.814210
1787086382.981188
1787086383.147325
1787086383.315247
1787086383.482707
1787086383.649204
1787086383.815445
1787086383.976521
1787086384.141593
1787086384.308805
1787086384.469797
1787086384.638442
1787086384.796444
1787086384.967937
1787086385.133519
1787086385.300736
1787086385.466470
1787086385.633559
1787086385.798960
1787086385.967925
1787086386.135426
1787086386.300825
1787086386.467759
1787086386.634070
1787086386.795929
1787086386.963245
1787086387.132156
1787086387.301141
1787086387.472302
1787086387.635816
1787086387.805403
1787086387.971463
1787086388.136377
1787086388.297967
1787086388.465003
1787086388.631549
1787086388.795913
1787086388.962280
1787086389.127111
1787086389.294152
1787086389.459417
1787086389.625149
1787086389.791615
1787086389.959878
1787086390.124779
1787086390.291091
1787086390.454881
1787086390.619715
1787086390.788964
1787086390.948914
1787086391.115482
1787086391.281238
1787086391.446674
1787086391.613160
1787086391.778561
1787086391.943887
1787086392.110240
1787086392.283861
1787086392.443967
1787086392.606846
1787086392.768161
1787086392.929665
1787086393.096406
1787086393.258555
1787086393.426670
1787086393.591697
1787086393.759907
1787086393.923702
1787086394.091506
1787086394.257586
1787086394.423242
1787086394.589259
1787086394.753372
1787086394.921729
1787086395.090921
1787086395.259643
1787086395.427791
1787086395.595636
1787086395.762929
1787086395.927256
1787086396.097045
1787086396.258156
1787086396.424491
1787086396.592311
1787086396.763047
1787086396.923590
1787086397.088839
1787086397.255024
1787086397.414893
1787086397.581701
1787086397.746614
1787086397.905724
1787086398.072190
1787086398.240519
1787086398.407856
1787086398.576722
1787086398.743367
1787086398.908011
1787086399.075055
1787086399.241772
1787086399.408992
1787086399.577828
1787086399.737018
1787086399.904209
1787086400.072211
1787086400.240335
1787086400.408470
1787086400.576438
1787086400.747134
1787086400.916455
1787086401.086756
1787086401.257059
1787086401.425236
1787086401.595646
1787086401.765600
1787086401.937100
1787086402.101888
1787086402.267575
1787086402.437366
1787086402.607576
1787086402.779843
1787086402.950470
1787086403.122498
1787086403.292254
1787086403.459096
1787086403.627350
1787086403.796227
1787086403.967182
1787086404.131240
1787086404.307117
1787086404.476384
1787086404.645508
1787086404.816183
1787086404.986521
1787086405.156090
1787086405.323941
1787086405.495245
1787086405.664339
1787086405.834783
1787086406.004542
1787086406.172635
1787086406.342006
1787086406.511045
1787086406.680614
1787086406.851332
1787086407.020535
1787086407.187696
1787086407.358561
1787086407.528954
1787086407.699366
1787086407.868866
1787086408.038939
1787086408.206770
1787086408.377156
1787086408.543612
1787086408.710596
1787086408.877658
1787086409.043328
1787086409.213421
1787086409.376193
1787086409.539842
1787086409.703448
1787086409.871739
1787086410.038006
1787086410.203432
1787086410.369200
1787086410.537826
1787086410.704040
1787086410.870122
1787086411.037768
1787086411.205039
1787086411.366339
1787086411.534000
1787086411.699106
1787086411.864961
1787086412.032940
1787086412.198572
1787086412.364548
1787086412.530567
1787086412.699242
1787086412.865627
1787086413.032880
1787086413.193555
1787086413.355278
1787086413.524445
1787086413.692801
1787086413.861413
1787086414.027761
1787086414.196410
1787086414.367981
1787086414.534289
1787086414.702071
1787086414.868546
1787086415.037843
1787086415.205978
1787086415.375268
1787086415.543787
1787086415.709215
1787086415.870871
1787086416.038320
1787086416.205721
1787086416.374059
1787086416.542150
1787086416.711063
1787086416.879305
1787086417.040473
1787086417.206852
1787086417.367950
1787086417.535579
1787086417.707464
1787086417.869163
1787086418.028687
1787086418.197241
1787086418.366064
1787086418.534769
1787086418.701785
1787086418.871738
1787086419.039303
1787086419.202022
1787086419.368044
1787086419.537045
1787086419.704739
1787086419.871731
1787086420.040097
1787086420.201530
1787086420.370271
1787086420.537630
1787086420.701952
1787086420.867426
1787086421.036439
1787086421.206095
1787086421.372111
1787086421.542062
1787086421.709502
1787086421.876806
1787086422.044854
1787086422.214282
1787086422.382788
1787086422.550983
1787086422.718316
1787086422.886111
1787086423.051263
1787086423.211476
1787086423.378432
1787086423.545064
1787086423.709874
1787086423.875286
1787086424.044098
1787086424.207148
1787086424.369603
1787086424.534983
1787086424.701319
1787086424.861599
1787086425.027727
1787086425.194602
1787086425.359960
1787086425.525566
1787086425.691631
1787086425.857224
1787086426.021399
1787086426.186549
1787086426.351187
1787086426.507472
1787086426.674042
1787086426.840142
1787086427.008456
1787086427.171874
1787086427.336643
1787086427.502469
1787086427.660783
1787086427.822971
1787086427.994113
1787086428.156081
1787086428.320230
1787086428.485238
1787086428.644126
1787086428.808464
1787086428.972671
1787086429.136415
1787086429.299996
1787086429.457797
1787086429.621541
1787086429.786350
1787086429.950420
1787086430.116455
1787086430.275658
1787086430.441004
1787086430.601547
1787086430.765113
1787086430.930115
1787086431.096848
1787086431.252228
1787086431.418813
1787086431.583856
1787086431.748312
1787086431.913984
1787086432.079395
1787086432.247956
1787086432.409371
1787086432.575462
1787086432.738772
1787086432.905879
1787086433.067108
1787086433.230686
1787086433.394734
1787086433.559980
1787086433.727450
1787086433.892396
1787086434.059352
1787086434.218863
1787086434.378915
1787086434.538303
1787086434.704133
1787086434.868351
1787086435.036434
1787086435.200725
1787086435.366573
1787086435.532620
1787086435.699015
1787086435.864934
1787086436.031254
1787086436.196357
1787086436.356552
1787086436.517312
1787086436.680742
1787086436.842959
1787086437.010240
1787086437.174766
1787086437.334746
1787086437.500597
1787086437.668018
1787086437.833490
1787086437.998724
1787086438.156960
1787086438.322209
1787086438.488991
1787086438.652257
1787086438.818262
1787086438.983156
1787086439.149217
1787086439.316844
1787086439.483124
1787086439.649019
1787086439.817484
1787086439.983413
1787086440.149519
1787086440.315328
1787086440.480147
1787086440.644507
1787086440.809259
1787086440.974807
1787086441.142526
1787086441.309607
1787086441.469771
1787086441.637138
1787086441.802890
1787086441.968536
1787086442.132424
1787086442.299908
1787086442.467238
1787086442.627725
1787086442.792988
1787086442.958445
1787086443.125881
1787086443.291369
1787086443.455857
1787086443.617671
1787086443.784162
1787086443.943281
1787086444.108650
1787086444.275937
1787086444.440659
1787086444.609304
1787086444.770737
1787086444.930422
1787086445.097642
1787086445.264185
1787086445.428825
1787086445.595619
1787086445.761266
1787086445.927923
1787086446.087199
1787086446.252896
1787086446.420123
1787086446.585998
1787086446.745159
1787086446.909662
1787086447.076527
1787086447.242074
1787086447.407833
1787086447.574593
1787086447.738755
1787086447.904097
1787086448.064039
1787086448.228639
1787086448.395636
1787086448.560653
1787086448.725759
1787086448.892803
1787086449.059052
1787086449.224550
1787086449.384774
1787086449.550893
1787086449.718480
1787086449.879669
1787086450.039316
1787086450.204072
1787086450.363567
1787086450.524256
1787086450.688142
1787086450.848742
1787086451.011962
1787086451.172201
1787086451.332743
1787086451.498319
1787086451.664417
1787086451.829396
1787086451.994631
1787086452.162624
1787086452.318322
1787086452.483036
1787086452.642354
1787086452.806689
1787086452.971387
1787086453.140514
1787086453.305295
1787086453.465181
1787086453.631654
1787086453.799213
1787086453.966630
1787086454.132422
1787086454.297717
1787086454.459278
1787086454.624910
1787086454.790125
1787086454.950268
1787086455.119539
1787086455.286116
1787086455.451590
1787086455.618014
1787086455.784397
1787086455.952134
1787086456.118681
1787086456.286657
1787086456.453378
1787086456.621515
1787086456.788130
1787086456.954104
1787086457.121166
1787086457.286484
1787086457.446800
1787086457.613689
1787086457.780686
1787086457.945780
1787086458.117534
1787086458.285217
1787086458.445186
1787086458.612806
1787086458.779799
1787086458.946251
1787086459.112949
1787086459.274790
1787086459.435808
1787086459.602244
1787086459.774191
1787086459.940228
1787086460.105728
1787086460.269103
1787086460.439534
1787086460.611728
1787086460.780375
1787086460.947867
1787086461.112408
1787086461.280676
1787086461.448322
1787086461.617570
1787086461.783766
1787086461.952130
1787086462.118604
1787086462.288039
1787086462.456381
1787086462.626516
1787086462.798690
1787086462.971708
1787086463.134012
1787086463.306105
1787086463.475824
1787086463.645666
1787086463.819308
1787086463.986427
1787086464.151467
1787086464.320422
1787086464.489005
1787086464.655957
1787086464.820245
1787086464.987075
1787086465.154531
1787086465.322528
1787086465.490184
1787086465.657338
1787086465.818593
1787086465.987520
1787086466.155217
1787086466.319192
1787086466.480243
1787086466.647825
1787086466.816880
1787086466.984988
1787086467.151334
1787086467.319027
1787086467.484466
1787086467.652950
1787086467.821365
1787086467.988028
1787086468.162771
1787086468.330181
1787086468.500843
1787086468.667857
1787086468.836572
1787086469.002242
1787086469.162436
1787086469.330411
1787086469.500121
1787086469.662672
1787086469.832030
1787086470.001985
1787086470.173522
1787086470.340239
1787086470.508683
1787086470.677528
1787086470.843754
1787086471.012547
1787086471.182169
1787086471.350806
1787086471.519731
1787086471.685968
1787086471.852822
1787086472.018332
1787086472.185563
1787086472.353344
1787086472.519135
1787086472.685906
1787086472.853510
1787086473.026222
1787086473.197123
1787086473.368226
1787086473.540623
1787086473.712957
1787086473.886319
1787086474.057554
1787086474.226593
1787086474.395207
1787086474.563740
1787086474.731807
1787086474.898833
1787086475.069134
1787086475.231469
1787086475.401863
1787086475.572408
1787086475.741634
1787086475.910835
1787086476.078175
1787086476.245376
1787086476.415025
1787086476.583695
1787086476.752577
1787086476.921479
1787086477.087644
1787086477.259063
1787086477.427284
1787086477.589513
1787086477.757389
1787086477.928941
1787086478.092733
1787086478.252941
1787086478.422587
1787086478.591387
1787086478.759972
1787086478.928268
1787086479.094115
1787086479.262326
1787086479.428469
1787086479.591345
1787086479.758709
1787086479.928962
1787086480.100094
1787086480.262682
1787086480.430154
1787086480.599029
1787086480.764303
1787086480.932952
1787086481.101719
1787086481.271133
1787086481.440276
1787086481.603125
1787086481.772638
1787086481.944620
1787086482.112653
1787086482.283959
1787086482.453643
1787086482.623346
1787086482.793099
1787086482.961372
1787086483.130209
1787086483.298946
1787086483.461886
1787086483.630492
1787086483.798880
1787086483.971166
1787086484.134501
1787086484.299796
1787086484.468520
1787086484.632078
1787086484.799743
1787086484.970835
1787086485.141755
1787086485.311346
1787086485.481597
1787086485.650059
1787086485.819205
1787086485.988429
1787086486.154611
1787086486.326209
1787086486.496187
1787086486.666535
1787086486.835830
1787086487.005054
1787086487.173621
1787086487.337265
1787086487.506063
1787086487.677447
1787086487.847353
1787086488.015035
1787086488.184266
1787086488.343677
1787086488.512219
1787086488.681889
1787086488.850378
1787086489.014333
1787086489.184255
1787086489.354932
1787086489.524323
1787086489.694035
1787086489.863178
1787086490.033134
1787086490.201215
1787086490.367795
1787086490.537748
1787086490.708033
1787086490.877662
1787086491.046336
1787086491.214303
1787086491.384097
1787086491.551723
1787086491.714288
1787086491.888240
1787086492.051839
1787086492.221820
1787086492.391060
1787086492.560867
1787086492.730364
1787086492.892725
1787086493.060501
1787086493.228500
1787086493.396925
1787086493.565308
1787086493.732701
1787086493.900203
1787086494.067585
1787086494.234024
1787086494.401724
1787086494.570153
1787086494.738970
1787086494.907105
1787086495.075222
1787086495.244847
1787086495.413210
1787086495.582723
1787086495.749564
1787086495.920703
1787086496.089416
1787086496.259423
1787086496.422752
1787086496.590056
1787086496.758902
1787086496.930623
1787086497.091837
1787086497.255017
1787086497.417330
1787086497.585279
1787086497.753837
1787086497.921878
1787086498.088814
1787086498.258963
1787086498.430448
1787086498.594751
1787086498.764651
1787086498.934395
1787086499.102187
1787086499.269922
1787086499.437876
1787086499.608206
1787086499.781199
1787086499.944700
1787086500.110737
1787086500.279503
1787086500.447824
1787086500.617725
1787086500.784709
1787086500.953177
1787086501.120811
1787086501.283586
1787086501.445901
1787086501.614986
1787086501.783623
1787086501.951559
1787086502.120924
1787086502.287685
1787086502.449855
1787086502.618499
1787086502.788055
1787086502.959985
1787086503.127124
1787086503.295219
1787086503.462735
1787086503.632388
1787086503.801328
1787086503.967808
1787086504.136739
1787086504.308041
1787086504.472833
1787086504.642017
1787086504.810556
1787086504.978398
1787086505.144184
1787086505.313050
1787086505.481786
1787086505.649447
1787086505.819002
1787086505.987464
1787086506.153844
1787086506.322510
1787086506.491631
1787086506.652570
1787086506.817550
1787086506.985883
1787086507.153691
1787086507.320565
1787086507.487594
1787086507.654056
1787086507.820819
1787086507.987969
1787086508.152110
1787086508.319453
1787086508.485879
1787086508.656399
1787086508.822067
1787086508.990101
1787086509.154889
1787086509.320825
1787086509.489810
1787086509.653396
1787086509.819151
1787086509.986696
1787086510.151201
1787086510.322784
1787086510.489209
1787086510.654876
1787086510.820156
1787086510.987769
1787086511.155793
1787086511.326577
1787086511.489072
1787086511.656971
1787086511.824883
1787086511.986450
1787086512.157687
1787086512.320043
1787086512.487847
1787086512.648569
1787086512.818361
1787086512.979485
1787086513.144813
1787086513.305553
1787086513.471032
1787086513.637877
1787086513.799945
1787086513.964228
1787086514.124781
1787086514.291255
1787086514.453432
1787086514.620046
1787086514.789406
1787086514.955731
1787086515.123222
1787086515.282112
1787086515.450299
1787086515.616605
1787086515.782060
1787086515.949811
1787086516.116251
1787086516.281934
1787086516.445753
1787086516.606897
1787086516.763918
1787086516.929866
1787086517.097158
1787086517.262897
1787086517.428361
1787086517.596778
1787086517.762377
1787086517.922114
1787086518.088580
1787086518.256343
1787086518.413492
1787086518.580239
1787086518.746319
1787086518.911928
1787086519.073500
1787086519.241389
1787086519.409427
1787086519.577441
1787086519.743789
1787086519.910856
1787086520.075461
1787086520.236454
1787086520.397614
1787086520.567417
1787086520.731239
1787086520.896227
1787086521.062199
1787086521.228559
1787086521.395867
1787086521.562739
1787086521.731378
1787086521.899142
1787086522.067052
1787086522.234566
1787086522.394939
1787086522.561695
1787086522.728173
1787086522.895681
1787086523.060996
1787086523.226750
1787086523.393843
1787086523.559245
1787086523.725183
1787086523.891880
1787086524.061025
1787086524.228096
1787086524.388322
1787086524.556011
1787086524.722638
1787086524.890473
1787086525.055990
1787086525.217051
1787086525.382972
1787086525.548004
1787086525.714771
1787086525.882114
1787086526.042709
1787086526.208660
1787086526.373602
1787086526.540735
1787086526.706140
1787086526.871424
1787086527.038066
1787086527.196882
1787086527.361670
1787086527.527431
1787086527.696488
1787086527.867252
1787086528.034086
1787086528.195472
1787086528.357158
1787086528.515394
1787086528.682326
1787086528.847785
1787086529.014612
1787086529.174177
1787086529.337944
1787086529.500447
1787086529.659413
1787086529.825180
1787086529.983133
1787086530.142413
1787086530.300040
1787086530.466106
1787086530.629461
1787086530.793903
1787086530.957699
1787086531.121748
1787086531.286699
1787086531.449668
1787086531.616308
1787086531.781800
1787086531.951757
1787086532.117774
1787086532.284407
1787086532.448364
1787086532.611336
1787086532.776003
1787086532.940459
1787086533.105855
1787086533.263812
1787086533.429533
1787086533.593710
1787086533.757726
1787086533.922708
1787086534.083988
1787086534.242011
1787086534.406297
1787086534.571497
1787086534.736918
1787086534.898289
1787086535.063340
1787086535.226495
1787086535.391137
1787086535.556946
1787086535.717397
1787086535.884045
1787086536.042796
1787086536.201011
1787086536.366627
1787086536.531480
1787086536.695325
1787086536.860521
1787086537.022994
1787086537.183496
1787086537.345714
1787086537.510322
1787086537.683171
1787086537.848009
1787086538.011549
1787086538.181942
1787086538.351401
1787086538.510978
1787086538.675098
1787086538.835673
1787086538.999602
1787086539.164310
1787086539.331568
1787086539.497533
1787086539.655596
1787086539.816585
1787086539.974688
1787086540.137071
1787086540.302143
1787086540.465581
1787086540.634725
1787086540.788612
1787086540.952570
1787086541.111241
1787086541.274960
1787086541.439388
1787086541.604698
1787086541.763957
1787086541.929578
1787086542.094593
1787086542.253722
1787086542.417838
1787086542.582219
1787086542.754511
1787086542.906867
1787086543.072126
1787086543.235575
1787086543.398647
1787086543.557724
1787086543.722919
1787086543.881593
1787086544.044525
1787086544.202847
1787086544.366290
1787086544.530563
1787086544.695133
1787086544.859709
1787086545.023799
1787086545.186491
1787086545.345816
1787086545.509699
1787086545.674367
1787086545.831607
1787086545.995901
1787086546.155687
1787086546.318207
1787086546.483446
1787086546.648106
1787086546.816988
1787086546.976374
1787086547.143216
1787086547.310245
1787086547.473679
1787086547.642678
1787086547.810805
1787086547.975310
1787086548.140116
1787086548.306977
1787086548.474946
1787086548.639162
1787086548.803104
1787086548.966026
1787086549.132745
1787086549.297305
1787086549.462945
1787086549.626741
1787086549.793322
1787086549.951256
1787086550.116979
1787086550.281258
1787086550.448334
1787086550.612029
1787086550.778005
1787086550.941402
1787086551.105953
1787086551.271182
1787086551.436815
1787086551.604296
1787086551.768103
1787086551.934954
1787086552.094577
1787086552.254996
1787086552.418452
1787086552.581645
1787086552.747091
1787086552.904311
1787086553.067940
1787086553.233878
1787086553.401150
1787086553.566955
1787086553.733159
1787086553.892032
1787086554.052096
1787086554.216753
1787086554.378345
1787086554.544655
1787086554.703940
1787086554.869565
1787086555.036450
1787086555.195824
1787086555.365497
1787086555.525181
1787086555.691936
1787086555.859654
1787086556.024885
1787086556.190091
1787086556.357870
1787086556.517300
1787086556.683831
1787086556.848889
1787086557.014947
1787086557.181939
1787086557.348615
1787086557.514824
1787086557.674412
1787086557.838431
1787086558.004085
1787086558.170298
1787086558.335244
1787086558.499728
1787086558.653760
1787086558.818542
1787086558.981961
1787086559.149702
1787086559.312745
1787086559.478693
1787086559.641690
1787086559.807806
