1787088722.443446
1787088722.591926
1787088722.738909
1787088722.885563
1787088723.033222
1787088723.181076
1787088723.329340
1787088723.477431
1787088723.635978
1787088723.787048
1787088723.945760
1787088724.101589
1787088724.263891
1787088724.414844
1787088724.566230
1787088724.716670
1787088724.865698
1787088725.015016
1787088725.165078
1787088725.317310
1787088725.465763
1787088725.615322
1787088725.763794
1787088725.917917
1787088726.074113
1787088726.224030
1787088726.382743
1787088726.530120
1787088726.676331
1787088726.824404
1787088726.969143
1787088727.116625
1787088727.264705
1787088727.413087
1787088727.561086
1787088727.710268
1787088727.868324
1787088728.025656
1787088728.180414
1787088728.334826
1787088728.486178
1787088728.636345
1787088728.785794
1787088728.935392
1787088729.087003
1787088729.235038
1787088729.385180
1787088729.534841
1787088729.684497
1787088729.834310
1787088729.983257
1787088730.132067
1787088730.284501
1787088730.432739
1787088730.581450
1787088730.729685
1787088730.878137
1787088731.026743
1787088731.177023
1787088731.324442
1787088731.472582
1787088731.627200
1787088731.775453
1787088731.921094
1787088732.073009
1787088732.225521
1787088732.369632
1787088732.521582
1787088732.675676
1787088732.828011
1787088732.972882
1787088733.116010
1787088733.268887
1787088733.424774
1787088733.571033
1787088733.723685
1787088733.871438
1787088734.022994
1787088734.173923
1787088734.324817
1787088734.470625
1787088734.616401
1787088734.763763
1787088734.915455
1787088735.066052
1787088735.217468
1787088735.370540
1787088735.517227
1787088735.662700
1787088735.814472
1787088735.969365
1787088736.120329
1787088736.272892
1787088736.426991
1787088736.573895
1787088736.719830
1787088736.872092
1787088737.023979
1787088737.176161
1787088737.328166
1787088737.479446
1787088737.625720
1787088737.771995
1787088737.922733
1787088738.073620
1787088738.222275
1787088738.372355
1787088738.520926
1787088738.671208
1787088738.822258
1787088738.969887
1787088739.121286
1787088739.277169
1787088739.421719
1787088739.572895
1787088739.726851
1787088739.879633
1787088740.027422
1787088740.174489
1787088740.324745
1787088740.478652
1787088740.625460
1787088740.773339
1787088740.929085
1787088741.076853
1787088741.225454
1787088741.377330
1787088741.531355
1787088741.680382
1787088741.828454
1787088741.977051
1787088742.130922
1787088742.278506
1787088742.427563
1787088742.579352
1787088742.728068
1787088742.884391
1787088743.038695
1787088743.193617
1787088743.343576
1787088743.494710
1787088743.644471
1787088743.799670
1787088743.955800
1787088744.111721
1787088744.262793
1787088744.413551
1787088744.564041
1787088744.715056
1787088744.865892
1787088745.016681
1787088745.168048
1787088745.322435
1787088745.476000
1787088745.629551
1787088745.790369
1787088745.942047
1787088746.095014
1787088746.246841
1787088746.400677
1787088746.553318
1787088746.712656
1787088746.872789
1787088747.025999
1787088747.184628
1787088747.343093
1787088747.502524
1787088747.664788
1787088747.816921
1787088747.977427
1787088748.138771
1787088748.300520
1787088748.456398
1787088748.618842
1787088748.781225
1787088748.944828
1787088749.105635
1787088749.261265
1787088749.421872
1787088749.583951
1787088749.745708
1787088749.909586
1787088750.075024
1787088750.226838
1787088750.384048
1787088750.549212
1787088750.713400
1787088750.876819
1787088751.040597
1787088751.204589
1787088751.364788
1787088751.528326
1787088751.694473
1787088751.851424
1787088752.007654
1787088752.168973
1787088752.328875
1787088752.488617
1787088752.646206
1787088752.806289
1787088752.971645
1787088753.130897
1787088753.297412
1787088753.466598
1787088753.635327
1787088753.794617
1787088753.961274
1787088754.121413
1787088754.282639
1787088754.446579
1787088754.608342
1787088754.774069
1787088754.933608
1787088755.099518
1787088755.258799
1787088755.418231
1787088755.583605
1787088755.748643
1787088755.916139
1787088756.083616
1787088756.250113
1787088756.410265
1787088756.574199
1787088756.734091
1787088756.899667
1787088757.060185
1787088757.220079
1787088757.389457
1787088757.549450
1787088757.713402
1787088757.878067
1787088758.043762
1787088758.203259
1787088758.369242
1787088758.526485
1787088758.689072
1787088758.858875
1787088759.025178
1787088759.185487
1787088759.343941
1787088759.509330
1787088759.676083
1787088759.842725
1787088760.004537
1787088760.169711
1787088760.330197
1787088760.489598
1787088760.652472
1787088760.817547
1787088760.986302
1787088761.145324
1787088761.309443
1787088761.468660
1787088761.635207
1787088761.799366
1787088761.960054
1787088762.125693
1787088762.288925
1787088762.453544
1787088762.615453
1787088762.781563
1787088762.943563
1787088763.107220
1787088763.269466
1787088763.432659
1787088763.600784
1787088763.768103
1787088763.936260
1787088764.096511
1787088764.256437
1787088764.418133
1787088764.588297
1787088764.749556
1787088764.917729
1787088765.086616
1787088765.254853
1787088765.415990
1787088765.577499
1787088765.739108
1787088765.906490
1787088766.073779
1787088766.240671
1787088766.407202
1787088766.578916
1787088766.743102
1787088766.908275
1787088767.070719
1787088767.239463
1787088767.408045
1787088767.577811
1787088767.746476
1787088767.909680
1787088768.079338
1787088768.247723
1787088768.416060
1787088768.576869
1787088768.747956
1787088768.917546
1787088769.086384
1787088769.253856
1787088769.421302
1787088769.584382
1787088769.754533
1787088769.913849
1787088770.080880
1787088770.246969
1787088770.408334
1787088770.570966
1787088770.738696
1787088770.906516
1787088771.074625
1787088771.240430
1787088771.400785
1787088771.562638
1787088771.725107
1787088771.885803
1787088772.051492
1787088772.213029
1787088772.377382
1787088772.539162
1787088772.707297
1787088772.874203
1787088773.033820
1787088773.200170
1787088773.365285
1787088773.527841
1787088773.688889
1787088773.856238
1787088774.024649
1787088774.191804
1787088774.354476
1787088774.515600
1787088774.676882
1787088774.842228
1787088775.008449
1787088775.176075
1787088775.343734
1787088775.510420
1787088775.672336
1787088775.839212
1787088776.006202
1787088776.178736
1787088776.340925
1787088776.502779
1787088776.671716
1787088776.835140
1787088777.000655
1787088777.167621
1787088777.326616
1787088777.495916
1787088777.662889
1787088777.823856
1787088777.991053
1787088778.151622
1787088778.314805
1787088778.483408
1787088778.641997
1787088778.810786
1787088778.973189
1787088779.132778
1787088779.293461
1787088779.461924
1787088779.628081
1787088779.795856
1787088779.956187
1787088780.120966
1787088780.282160
1787088780.446343
1787088780.611688
1787088780.774365
1787088780.942292
1787088781.109997
1787088781.274442
1787088781.441060
1787088781.604674
1787088781.772881
1787088781.935980
1787088782.097709
1787088782.259144
1787088782.420722
1787088782.588836
1787088782.754594
1787088782.916414
1787088783.095512
1787088783.253821
1787088783.409626
1787088783.574895
1787088783.737206
1787088783.905696
1787088784.073945
1787088784.241897
1787088784.404758
1787088784.567205
1787088784.730800
1787088784.898804
1787088785.061084
1787088785.228681
1787088785.389589
1787088785.553336
1787088785.715555
1787088785.876772
1787088786.038928
1787088786.201703
1787088786.373755
1787088786.542816
1787088786.706671
1787088786.874544
1787088787.044038
1787088787.209518
1787088787.374363
1787088787.543692
1787088787.712785
1787088787.891897
1787088788.057798
1787088788.219675
1787088788.388086
1787088788.556459
1787088788.718955
1787088788.888089
1787088789.057151
1787088789.220832
1787088789.393374
1787088789.564034
1787088789.727262
1787088789.889463
1787088790.057809
1787088790.222292
1787088790.392066
1787088790.553909
1787088790.721696
1787088790.890019
1787088791.053241
1787088791.214426
1787088791.375043
1787088791.536072
1787088791.702451
1787088791.863383
1787088792.028434
1787088792.192034
1787088792.347831
1787088792.514005
1787088792.674669
1787088792.840127
1787088793.001607
1787088793.162234
1787088793.328540
1787088793.489305
1787088793.657673
1787088793.822989
1787088793.989953
1787088794.156466
1787088794.324678
1787088794.488409
1787088794.658337
1787088794.825029
1787088794.989309
1787088795.157792
1787088795.324960
1787088795.499572
1787088795.663855
1787088795.828554
1787088795.996775
1787088796.158864
1787088796.329488
1787088796.492537
1787088796.660746
1787088796.825211
1787088796.993911
1787088797.157596
1787088797.328862
1787088797.497840
1787088797.663617
1787088797.832206
1787088797.997672
1787088798.166409
1787088798.330033
1787088798.497128
1787088798.661023
1787088798.820972
1787088798.987624
1787088799.153465
1787088799.313671
1787088799.480000
1787088799.645521
1787088799.809500
1787088799.977067
1787088800.141988
1787088800.307362
1787088800.472991
1787088800.635756
1787088800.800725
1787088800.961197
1787088801.130711
1787088801.298499
1787088801.467446
1787088801.630120
1787088801.792235
1787088801.957200
1787088802.119339
1787088802.278709
1787088802.443954
1787088802.608110
1787088802.774083
1787088802.935230
1787088803.102271
1787088803.263588
1787088803.427274
1787088803.593645
1787088803.754641
1787088803.914251
1787088804.073990
1787088804.235030
1787088804.399841
1787088804.564457
1787088804.724495
1787088804.885257
1787088805.048389
1787088805.207435
1787088805.375893
1787088805.542636
1787088805.705486
1787088805.872473
1787088806.033398
1787088806.199492
1787088806.364705
1787088806.527339
1787088806.688114
1787088806.856445
1787088807.018510
1787088807.185478
1787088807.353148
1787088807.517511
1787088807.682368
1787088807.843063
1787088808.010592
1787088808.177479
1787088808.349092
1787088808.514185
1787088808.687480
1787088808.850145
1787088809.018623
1787088809.182072
1787088809.347760
1787088809.514469
1787088809.682942
1787088809.851454
1787088810.020081
1787088810.183799
1787088810.349750
1787088810.518141
1787088810.681101
1787088810.848336
1787088811.016043
1787088811.186358
1787088811.355178
1787088811.517811
1787088811.685720
1787088811.850745
1787088812.016863
1787088812.183358
1787088812.337771
1787088812.507558
1787088812.674489
1787088812.843183
1787088813.012214
1787088813.173934
1787088813.339056
1787088813.501489
1787088813.669375
1787088813.838480
1787088814.000139
1787088814.167598
1787088814.337658
1787088814.503992
1787088814.672638
1787088814.840845
1787088815.003575
1787088815.170158
1787088815.333158
1787088815.502609
1787088815.665949
1787088815.830994
1787088815.992591
1787088816.161742
1787088816.324813
1787088816.495528
1787088816.658826
1787088816.834622
1787088817.005411
1787088817.168900
1787088817.334529
1787088817.497795
1787088817.666453
1787088817.836925
1787088818.000329
1787088818.168231
1787088818.337691
1787088818.508398
1787088818.679101
1787088818.842397
1787088819.009531
1787088819.173733
1787088819.336241
1787088819.500919
1787088819.669995
1787088819.836298
1787088820.006571
1787088820.169089
1787088820.339218
1787088820.510282
1787088820.679816
1787088820.853009
1787088821.018214
1787088821.182775
1787088821.347404
1787088821.519436
1787088821.689893
1787088821.859987
1787088822.028698
1787088822.196888
1787088822.363005
1787088822.527724
1787088822.695775
1787088822.861230
1787088823.029385
1787088823.195596
1787088823.360429
1787088823.528997
1787088823.701667
1787088823.872524
1787088824.038208
1787088824.209217
1787088824.376823
1787088824.543080
1787088824.711926
1787088824.879323
1787088825.048900
1787088825.212350
1787088825.376420
1787088825.543488
1787088825.706947
1787088825.878479
1787088826.043296
1787088826.207097
1787088826.369903
1787088826.535328
1787088826.698708
1787088826.866374
1787088827.030198
1787088827.195695
1787088827.357504
1787088827.527154
1787088827.690071
1787088827.852011
1787088828.022243
1787088828.187517
1787088828.350514
1787088828.515345
1787088828.679003
1787088828.840624
1787088829.003197
1787088829.167694
1787088829.330604
1787088829.492850
1787088829.654864
1787088829.817060
1787088829.984727
1787088830.147082
1787088830.308343
1787088830.478385
1787088830.643733
1787088830.807033
1787088830.972008
1787088831.138131
1787088831.307800
1787088831.474719
1787088831.643195
1787088831.804111
1787088831.969705
1787088832.135574
1787088832.300357
1787088832.459396
1787088832.626781
1787088832.789999
1787088832.957089
1787088833.123477
1787088833.287879
1787088833.456415
1787088833.624445
1787088833.790070
1787088833.957764
1787088834.122539
1787088834.288794
1787088834.458300
1787088834.623936
1787088834.789815
1787088834.949407
1787088835.117334
1787088835.280042
1787088835.448470
1787088835.616384
1787088835.783888
1787088835.946666
1787088836.112122
1787088836.274884
1787088836.444620
1787088836.607355
1787088836.770546
1787088836.934241
1787088837.100050
1787088837.267827
1787088837.431164
1787088837.595672
1787088837.764827
1787088837.931465
1787088838.093449
1787088838.258890
1787088838.420547
1787088838.588532
1787088838.749805
1787088838.912215
1787088839.081107
1787088839.247044
1787088839.415210
1787088839.582332
1787088839.743428
1787088839.910624
1787088840.069351
1787088840.229629
1787088840.396708
1787088840.556243
1787088840.721275
1787088840.882081
1787088841.049448
1787088841.218976
1787088841.384256
1787088841.553087
1787088841.722738
1787088841.892846
1787088842.056045
1787088842.229972
1787088842.392063
1787088842.561212
1787088842.733237
1787088842.901022
1787088843.072148
1787088843.237271
1787088843.413161
1787088843.579042
1787088843.743437
1787088843.915061
1787088844.084956
1787088844.249865
1787088844.418018
1787088844.581437
1787088844.755915
1787088844.922246
1787088845.093181
1787088845.263128
1787088845.435907
1787088845.599625
1787088845.768915
1787088845.937925
1787088846.109015
1787088846.280024
1787088846.449274
1787088846.620843
1787088846.794819
1787088846.958494
1787088847.131219
1787088847.300859
1787088847.472844
1787088847.651408
1787088847.808995
1787088847.981371
1787088848.152258
1787088848.321475
1787088848.486450
1787088848.662030
1787088848.832271
1787088848.995181
1787088849.167351
1787088849.330724
1787088849.500744
1787088849.670849
1787088849.839443
1787088850.011111
1787088850.180538
1787088850.348865
1787088850.518409
1787088850.680634
1787088850.851121
1787088851.020161
1787088851.189982
1787088851.352270
1787088851.519191
1787088851.688709
1787088851.852264
1787088852.017984
1787088852.186477
1787088852.345108
1787088852.517243
1787088852.682050
1787088852.851922
1787088853.022680
1787088853.194481
1787088853.357488
1787088853.521541
1787088853.685497
1787088853.848145
1787088854.011854
1787088854.172987
1787088854.335910
1787088854.500736
1787088854.669012
1787088854.839789
1787088855.003255
1787088855.166743
1787088855.336517
1787088855.500312
1787088855.671600
1787088855.835224
1787088856.005659
1787088856.176015
1787088856.339587
1787088856.512491
1787088856.676322
1787088856.847642
1787088857.015644
1787088857.179315
1787088857.351737
1787088857.517047
1787088857.686618
1787088857.850649
1787088858.014552
1787088858.184441
1787088858.349385
1787088858.518292
1787088858.685343
1787088858.853035
1787088859.015166
1787088859.184665
1787088859.355843
1787088859.525157
1787088859.694007
1787088859.857297
1787088860.027236
1787088860.194632
1787088860.357795
1787088860.527531
1787088860.692109
1787088860.863392
1787088861.027958
1787088861.191328
1787088861.359545
1787088861.526180
1787088861.695692
1787088861.860897
1787088862.031718
1787088862.202887
1787088862.366735
1787088862.533578
1787088862.705039
1787088862.877411
1787088863.041122
1787088863.213763
1787088863.389165
1787088863.554951
1787088863.721662
1787088863.887481
1787088864.059003
1787088864.232190
1787088864.394944
1787088864.559335
1787088864.726579
1787088864.891380
1787088865.056824
1787088865.217984
1787088865.386120
1787088865.562304
1787088865.731974
1787088865.903083
1787088866.072939
1787088866.238615
1787088866.404283
1787088866.575883
1787088866.748187
1787088866.913432
1787088867.083865
1787088867.254632
1787088867.418946
1787088867.583734
1787088867.748879
1787088867.919078
1787088868.097896
1787088868.260365
1787088868.421820
1787088868.589079
1787088868.755301
1787088868.921556
1787088869.094345
1787088869.259488
1787088869.430737
1787088869.603403
1787088869.769871
1787088869.936149
1787088870.107675
1787088870.273176
1787088870.444520
1787088870.608754
1787088870.773050
1787088870.948831
1787088871.113553
1787088871.285321
1787088871.458635
1787088871.633252
1787088871.798263
1787088871.965504
1787088872.130839
1787088872.303130
1787088872.472619
1787088872.641032
1787088872.814175
1787088872.982810
1787088873.149100
1787088873.323122
1787088873.497384
1787088873.667143
1787088873.833914
1787088874.010504
1787088874.181419
1787088874.348736
1787088874.516062
1787088874.684507
1787088874.855464
1787088875.027857
1787088875.195796
1787088875.361412
1787088875.531098
1787088875.697490
1787088875.875655
1787088876.042603
1787088876.210039
1787088876.386665
1787088876.560810
1787088876.736326
1787088876.901346
1787088877.073993
1787088877.239974
1787088877.405945
1787088877.579008
1787088877.753173
1787088877.928312
1787088878.094626
1787088878.269147
1787088878.442039
1787088878.614565
1787088878.781254
1787088878.958251
1787088879.124079
1787088879.299111
1787088879.474065
1787088879.642280
1787088879.816182
1787088879.982755
1787088880.154119
1787088880.325183
1787088880.490977
1787088880.660693
1787088880.830080
1787088881.003397
1787088881.178780
1787088881.344343
1787088881.511300
1787088881.684699
1787088881.855084
1787088882.027622
1787088882.201102
1787088882.372442
1787088882.539767
1787088882.715389
1787088882.887978
1787088883.059944
1787088883.227518
1787088883.399265
1787088883.574945
1787088883.747398
1787088883.923395
1787088884.090532
1787088884.262144
1787088884.438024
1787088884.605533
1787088884.771138
1787088884.939502
1787088885.112541
1787088885.277906
1787088885.443645
1787088885.615238
1787088885.785491
1787088885.960617
1787088886.135267
1787088886.304011
1787088886.472870
1787088886.643607
1787088886.818019
1787088886.988073
1787088887.154057
1787088887.326315
1787088887.490786
1787088887.661924
1787088887.835499
1787088888.004400
1787088888.177619
1787088888.351169
1787088888.524636
1787088888.696464
1787088888.871872
1787088889.043664
1787088889.216405
1787088889.381258
1787088889.554693
1787088889.728218
1787088889.897777
1787088890.068533
1787088890.244216
1787088890.422812
1787088890.602958
1787088890.779131
1787088890.951247
1787088891.127864
1787088891.306229
1787088891.485814
1787088891.666730
1787088891.843930
1787088892.015549
1787088892.195397
1787088892.369200
1787088892.545608
1787088892.723253
1787088892.889647
1787088893.064583
1787088893.235701
1787088893.398498
1787088893.569016
1787088893.736665
1787088893.898472
1787088894.066698
1787088894.231095
1787088894.396441
1787088894.558740
1787088894.727222
1787088894.899119
1787088895.066832
1787088895.232533
1787088895.403689
1787088895.570905
1787088895.738835
1787088895.912785
1787088896.084462
1787088896.248928
1787088896.422194
1787088896.588653
1787088896.757922
1787088896.932677
1787088897.101966
1787088897.269726
1787088897.442358
1787088897.617584
1787088897.798947
1787088897.973171
1787088898.147304
1787088898.329681
1787088898.509964
1787088898.689908
1787088898.865227
1787088899.046798
1787088899.215627
1787088899.400495
1787088899.578578
1787088899.759967
1787088899.947095
1787088900.126273
1787088900.309021
1787088900.490027
1787088900.666996
1787088900.852350
1787088901.035478
1787088901.212249
1787088901.390811
1787088901.569540
1787088901.746414
1787088901.940702
1787088902.125304
1787088902.310740
1787088902.491090
1787088902.675781
1787088902.858972
1787088903.042229
1787088903.228808
1787088903.415875
1787088903.606562
1787088903.793283
1787088903.975630
1787088904.163904
1787088904.346684
1787088904.527689
1787088904.715124
1787088904.906872
1787088905.087027
1787088905.265701
1787088905.444266
1787088905.623245
1787088905.799466
1787088905.980769
1787088906.166462
1787088906.350130
1787088906.533657
1787088906.724685
1787088906.912670
1787088907.093019
1787088907.276510
1787088907.462920
1787088907.644767
1787088907.835961
1787088908.022834
1787088908.205128
1787088908.384035
1787088908.566830
1787088908.744792
1787088908.928761
1787088909.104871
1787088909.278210
1787088909.462880
1787088909.643011
1787088909.821806
1787088910.005597
1787088910.191372
1787088910.368411
1787088910.543843
1787088910.723739
1787088910.904783
1787088911.084818
1787088911.263204
1787088911.439551
1787088911.619738
1787088911.801163
1787088911.984262
1787088912.165541
1787088912.343799
1787088912.516888
1787088912.698129
1787088912.877227
1787088913.059048
1787088913.241129
1787088913.422856
1787088913.597373
1787088913.775692
1787088913.959040
1787088914.138447
1787088914.321578
1787088914.505648
1787088914.681895
1787088914.854814
1787088915.033687
1787088915.218079
1787088915.398692
1787088915.581306
1787088915.763096
1787088915.946685
1787088916.127524
1787088916.302769
1787088916.483593
1787088916.662243
1787088916.843006
1787088917.021937
1787088917.200395
1787088917.382131
1787088917.563488
1787088917.745480
1787088917.932541
1787088918.125391
1787088918.299861
1787088918.475183
1787088918.648703
1787088918.824406
1787088918.996175
1787088919.178425
1787088919.361976
1787088919.542804
1787088919.718736
1787088919.895439
1787088920.076937
1787088920.256040
1787088920.436908
1787088920.617813
1787088920.798787
1787088920.981810
1787088921.157693
1787088921.337713
1787088921.516737
1787088921.695848
1787088921.874747
1787088922.054114
1787088922.234898
1787088922.405955
1787088922.580968
1787088922.761662
1787088922.940081
1787088923.112832
1787088923.287093
1787088923.465508
1787088923.643624
1787088923.820723
1787088923.995340
1787088924.163406
1787088924.332263
1787088924.510387
1787088924.686574
1787088924.864496
1787088925.038539
1787088925.213743
1787088925.384857
1787088925.564855
1787088925.742644
1787088925.919824
1787088926.101428
1787088926.279590
1787088926.451105
1787088926.630441
1787088926.803507
1787088926.976771
1787088927.147551
1787088927.323999
1787088927.502495
1787088927.682080
1787088927.853230
1787088928.023748
1787088928.197556
1787088928.370675
1787088928.539549
1787088928.716298
1787088928.892442
1787088929.063616
1787088929.256881
1787088929.431699
1787088929.603159
1787088929.779981
1787088929.953302
1787088930.124543
1787088930.300412
1787088930.479055
1787088930.657088
1787088930.834027
1787088931.013257
1787088931.188879
1787088931.361122
1787088931.537488
1787088931.713651
1787088931.890086
1787088932.063899
1787088932.233474
1787088932.414817
1787088932.589036
1787088932.761673
1787088932.942863
1787088933.124490
1787088933.307448
1787088933.485565
1787088933.665867
1787088933.849071
1787088934.031658
1787088934.213324
1787088934.393186
1787088934.576113
1787088934.751375
1787088934.933905
1787088935.110514
1787088935.285290
1787088935.467488
1787088935.647282
1787088935.826850
1787088936.004718
1787088936.187225
1787088936.360884
1787088936.541323
1787088936.721697
1787088936.896434
1787088937.072679
1787088937.252594
1787088937.428096
1787088937.599728
1787088937.780016
1787088937.958712
1787088938.136670
1787088938.316397
1787088938.492893
1787088938.674519
1787088938.856450
1787088939.035535
1787088939.207942
1787088939.388065
1787088939.561331
1787088939.737499
1787088939.912316
1787088940.090272
1787088940.268304
1787088940.445468
1787088940.617474
1787088940.791630
1787088940.962159
1787088941.135688
1787088941.311045
1787088941.494922
1787088941.671618
1787088941.843024
1787088942.021927
1787088942.191850
1787088942.361484
1787088942.532444
1787088942.709353
1787088942.883507
1787088943.051809
1787088943.230138
1787088943.407067
1787088943.576418
1787088943.749988
1787088943.925273
1787088944.102171
1787088944.275470
1787088944.454653
1787088944.624537
1787088944.800408
1787088944.978925
1787088945.155120
1787088945.331541
1787088945.513160
1787088945.682728
1787088945.860607
1787088946.040088
1787088946.211474
1787088946.385513
1787088946.565449
1787088946.742551
1787088946.920960
1787088947.099451
1787088947.272480
1787088947.445355
1787088947.613940
1787088947.794012
1787088947.972388
1787088948.146237
1787088948.327318
1787088948.509102
1787088948.680645
1787088948.862368
1787088949.031653
1787088949.204219
1787088949.374820
1787088949.552196
1787088949.724341
1787088949.900356
1787088950.077572
1787088950.248623
1787088950.426428
1787088950.602989
1787088950.784281
1787088950.956119
1787088951.126265
1787088951.303105
1787088951.481131
1787088951.657542
1787088951.837688
1787088952.015696
1787088952.189906
1787088952.359913
1787088952.539297
1787088952.715418
1787088952.894946
1787088953.075029
1787088953.253291
1787088953.432875
1787088953.611497
1787088953.787174
1787088953.965329
1787088954.139190
1787088954.315935
1787088954.488643
1787088954.668428
1787088954.839007
1787088955.017878
1787088955.194274
1787088955.369468
1787088955.543131
1787088955.711056
1787088955.882112
1787088956.060046
1787088956.232630
1787088956.414435
1787088956.591983
1787088956.770748
1787088956.954574
1787088957.131908
1787088957.314670
1787088957.499533
1787088957.683894
1787088957.872952
1787088958.052871
1787088958.242492
1787088958.433367
1787088958.623381
1787088958.806256
1787088958.994769
1787088959.182566
1787088959.364161
1787088959.547226
1787088959.726976
1787088959.910821
1787088960.094897
1787088960.280964
1787088960.462498
1787088960.646349
1787088960.839048
1787088961.018325
1787088961.202168
1787088961.386647
1787088961.572687
1787088961.755520
1787088961.936870
1787088962.117164
1787088962.294770
1787088962.483439
1787088962.663252
1787088962.846890
1787088963.028930
1787088963.209567
1787088963.388825
1787088963.571903
1787088963.759342
1787088963.944592
1787088964.129749
1787088964.307438
1787088964.483899
1787088964.659856
1787088964.849159
1787088965.028300
1787088965.211765
1787088965.399056
1787088965.584687
1787088965.763204
1787088965.951441
1787088966.138827
1787088966.323980
1787088966.515013
1787088966.698167
1787088966.877806
1787088967.067056
1787088967.258080
1787088967.446458
1787088967.633027
1787088967.827367
1787088968.011270
1787088968.197153
1787088968.384718
1787088968.572264
1787088968.757878
1787088968.939390
1787088969.129099
1787088969.317754
1787088969.497804
1787088969.691615
1787088969.873610
1787088970.063453
1787088970.255352
1787088970.439638
1787088970.631054
1787088970.818018
1787088971.011918
1787088971.195578
1787088971.388309
1787088971.567291
1787088971.752536
1787088971.934049
1787088972.113297
1787088972.300963
1787088972.479805
1787088972.664718
1787088972.852476
1787088973.031018
1787088973.212864
1787088973.396985
1787088973.573761
1787088973.757624
1787088973.942455
1787088974.120557
1787088974.299721
1787088974.480665
1787088974.661639
1787088974.842889
1787088975.032820
1787088975.211529
1787088975.395619
1787088975.581556
1787088975.764564
1787088975.945740
1787088976.129000
1787088976.309750
1787088976.492202
1787088976.670017
1787088976.850096
1787088977.031825
1787088977.217164
1787088977.393169
1787088977.571253
1787088977.749550
1787088977.931031
1787088978.133741
1787088978.308089
1787088978.484529
1787088978.662159
1787088978.840724
1787088979.015880
1787088979.197643
1787088979.380974
1787088979.561623
1787088979.740878
1787088979.925484
1787088980.107362
1787088980.284595
1787088980.467458
1787088980.649638
1787088980.832326
1787088981.014217
1787088981.197707
1787088981.375847
1787088981.556212
1787088981.733833
1787088981.910536
1787088982.093049
1787088982.269847
1787088982.446271
1787088982.629708
1787088982.806178
1787088982.989791
1787088983.173170
1787088983.358060
1787088983.533098
1787088983.714874
1787088983.902178
1787088984.078809
1787088984.261579
1787088984.439489
1787088984.617370
1787088984.798280
1787088984.977109
1787088985.151769
1787088985.333953
1787088985.514862
1787088985.703298
1787088985.884245
1787088986.067037
1787088986.248893
1787088986.424339
1787088986.607671
1787088986.790330
1787088986.964832
1787088987.138216
1787088987.315630
1787088987.493883
1787088987.676632
1787088987.851933
1787088988.037201
1787088988.218443
1787088988.395176
1787088988.579060
1787088988.759253
1787088988.937740
1787088989.117387
1787088989.300037
1787088989.481128
1787088989.657249
1787088989.841808
1787088990.021034
1787088990.203424
1787088990.381612
1787088990.560584
1787088990.741201
1787088990.920632
1787088991.102728
1787088991.279416
1787088991.457358
1787088991.634121
1787088991.816594
1787088991.995315
1787088992.177169
1787088992.353744
1787088992.534739
1787088992.713476
1787088992.897194
1787088993.074057
1787088993.255835
1787088993.431704
