1787070300.380928
1787070300.536326
1787070300.691418
1787070300.840402
1787070300.990702
1787070301.145295
1787070301.293373
1787070301.442661
1787070301.592057
1787070301.741239
1787070301.889771
1787070302.038965
1787070302.189432
1787070302.353926
1787070302.498250
1787070302.647692
1787070302.796923
1787070302.944528
1787070303.095899
1787070303.245885
1787070303.396125
1787070303.546092
1787070303.694924
1787070303.843419
1787070303.997552
1787070304.155234
1787070304.304563
1787070304.454306
1787070304.604533
1787070304.752677
1787070304.901222
1787070305.056980
1787070305.208217
1787070305.357253
1787070305.505381
1787070305.654666
1787070305.804170
1787070305.951643
1787070306.099872
1787070306.252846
1787070306.407709
1787070306.562233
1787070306.710944
1787070306.858132
1787070307.013879
1787070307.170366
1787070307.318152
1787070307.472648
1787070307.628600
1787070307.783696
1787070307.940414
1787070308.093314
1787070308.241489
1787070308.388533
1787070308.537126
1787070308.685504
1787070308.836976
1787070308.984417
1787070309.131987
1787070309.279270
1787070309.427660
1787070309.580470
1787070309.725544
1787070309.880623
1787070310.027054
1787070310.175727
1787070310.321213
1787070310.473827
1787070310.624415
1787070310.769539
1787070310.915858
1787070311.060490
1787070311.216578
1787070311.361224
1787070311.516839
1787070311.661839
1787070311.806482
1787070311.961060
1787070312.105822
1787070312.250273
1787070312.394449
1787070312.536384
1787070312.687469
1787070312.838709
1787070312.984686
1787070313.134118
1787070313.284971
1787070313.438855
1787070313.590719
1787070313.740996
1787070313.885588
1787070314.037932
1787070314.188744
1787070314.338543
1787070314.492067
1787070314.641022
1787070314.789162
1787070314.933044
1787070315.082039
1787070315.227526
1787070315.369985
1787070315.513561
1787070315.661684
1787070315.803015
1787070315.945757
1787070316.090508
1787070316.234070
1787070316.379912
1787070316.524029
1787070316.675460
1787070316.818927
1787070316.969483
1787070317.114377
1787070317.258151
1787070317.402730
1787070317.554613
1787070317.705102
1787070317.851548
1787070317.999650
1787070318.147494
1787070318.298235
1787070318.450591
1787070318.604303
1787070318.756436
1787070318.902611
1787070319.056771
1787070319.204802
1787070319.351055
1787070319.504601
1787070319.656182
1787070319.807046
1787070319.959832
1787070320.107953
1787070320.261763
1787070320.408942
1787070320.561093
1787070320.711485
1787070320.858818
1787070321.007173
1787070321.160765
1787070321.307571
1787070321.453588
1787070321.606219
1787070321.759159
1787070321.907178
1787070322.054791
1787070322.209559
1787070322.358157
1787070322.510288
1787070322.665587
1787070322.823978
1787070322.977564
1787070323.133355
1787070323.290851
1787070323.439531
1787070323.593847
1787070323.749300
1787070323.900112
1787070324.049595
1787070324.201046
1787070324.359891
1787070324.509987
1787070324.669749
1787070324.827613
1787070324.982613
1787070325.135688
1787070325.287825
1787070325.447433
1787070325.605758
1787070325.759760
1787070325.913276
1787070326.069049
1787070326.224269
1787070326.385519
1787070326.549891
1787070326.705228
1787070326.865383
1787070327.021761
1787070327.178479
1787070327.342341
1787070327.501411
1787070327.658708
1787070327.821969
1787070327.978050
1787070328.141153
1787070328.309324
1787070328.465096
1787070328.630201
1787070328.792395
1787070328.951567
1787070329.115018
1787070329.281566
1787070329.448816
1787070329.614960
1787070329.777589
1787070329.942308
1787070330.099846
1787070330.264034
1787070330.422566
1787070330.589442
1787070330.752085
1787070330.912977
1787070331.078991
1787070331.244596
1787070331.409344
1787070331.570253
1787070331.736945
1787070331.899256
1787070332.065675
1787070332.226040
1787070332.389534
1787070332.551450
1787070332.720643
1787070332.887451
1787070333.056566
1787070333.225200
1787070333.390912
1787070333.552914
1787070333.719415
1787070333.880084
1787070334.051477
1787070334.215324
1787070334.381729
1787070334.544070
1787070334.711947
1787070334.874323
1787070335.039726
1787070335.201953
1787070335.370553
1787070335.532797
1787070335.698275
1787070335.861639
1787070336.030543
1787070336.199891
1787070336.372891
1787070336.537171
1787070336.706606
1787070336.872683
1787070337.037416
1787070337.207716
1787070337.379843
1787070337.544874
1787070337.716788
1787070337.886323
1787070338.057534
1787070338.227562
1787070338.391908
1787070338.563357
1787070338.729761
1787070338.897671
1787070339.067216
1787070339.237210
1787070339.405750
1787070339.577597
1787070339.739681
1787070339.910610
1787070340.075335
1787070340.245647
1787070340.414739
1787070340.583185
1787070340.753024
1787070340.916193
1787070341.080618
1787070341.242753
1787070341.407713
1787070341.579586
1787070341.747519
1787070341.912389
1787070342.077807
1787070342.249599
1787070342.418975
1787070342.584791
1787070342.754252
1787070342.923326
1787070343.086967
1787070343.255058
1787070343.420334
1787070343.585207
1787070343.755103
1787070343.926381
1787070344.096750
1787070344.260002
1787070344.430416
1787070344.595987
1787070344.764511
1787070344.932179
1787070345.099518
1787070345.271569
1787070345.435480
1787070345.605802
1787070345.769253
1787070345.932307
1787070346.095433
1787070346.265735
1787070346.433455
1787070346.602819
1787070346.771636
1787070346.940730
1787070347.112610
1787070347.276252
1787070347.447027
1787070347.612897
1787070347.776728
1787070347.946307
1787070348.110081
1787070348.281543
1787070348.449681
1787070348.612507
1787070348.779821
1787070348.942399
1787070349.110366
1787070349.272274
1787070349.437497
1787070349.607236
1787070349.778725
1787070349.942744
1787070350.113497
1787070350.278994
1787070350.448622
1787070350.619430
1787070350.783439
1787070350.955778
1787070351.126746
1787070351.291009
1787070351.461978
1787070351.631489
1787070351.801590
1787070351.972805
1787070352.135702
1787070352.304829
1787070352.476823
1787070352.640370
1787070352.809607
1787070352.972149
1787070353.140990
1787070353.309302
1787070353.475451
1787070353.638468
1787070353.803509
1787070353.975111
1787070354.143581
1787070354.312738
1787070354.481270
1787070354.652556
1787070354.820457
1787070354.983441
1787070355.152995
1787070355.323045
1787070355.488041
1787070355.656982
1787070355.826273
1787070355.997883
1787070356.175662
1787070356.344556
1787070356.514249
1787070356.684946
1787070356.852763
1787070357.020758
1787070357.181466
1787070357.347921
1787070357.517472
1787070357.686737
1787070357.853505
1787070358.019227
1787070358.189434
1787070358.361871
1787070358.528117
1787070358.698630
1787070358.868464
1787070359.033678
1787070359.203082
1787070359.380165
1787070359.548116
1787070359.722463
1787070359.895697
1787070360.074855
1787070360.247025
1787070360.425329
1787070360.599166
1787070360.774255
1787070360.948520
1787070361.124873
1787070361.298863
1787070361.472486
1787070361.642148
1787070361.816516
1787070361.984433
1787070362.154582
1787070362.335584
1787070362.511075
1787070362.687787
1787070362.861118
1787070363.030624
1787070363.208440
1787070363.383205
1787070363.557184
1787070363.730590
1787070363.899382
1787070364.069139
1787070364.240406
1787070364.407766
1787070364.580419
1787070364.755668
1787070364.929492
1787070365.097687
1787070365.272666
1787070365.447134
1787070365.622916
1787070365.792872
1787070365.959976
1787070366.131953
1787070366.302900
1787070366.469118
1787070366.641714
1787070366.812778
1787070366.984167
1787070367.156126
1787070367.327924
1787070367.495575
1787070367.664246
1787070367.839887
1787070368.016008
1787070368.186292
1787070368.359690
1787070368.530720
1787070368.705931
1787070368.871917
1787070369.038884
1787070369.205490
1787070369.378228
1787070369.551779
1787070369.715437
1787070369.885942
1787070370.055439
1787070370.219400
1787070370.391825
1787070370.557259
1787070370.727515
1787070370.897832
1787070371.068700
1787070371.239851
1787070371.411083
1787070371.579098
1787070371.750555
1787070371.920570
1787070372.082697
1787070372.258037
1787070372.431869
1787070372.597975
1787070372.767551
1787070372.940244
1787070373.112218
1787070373.280408
1787070373.446829
1787070373.615110
1787070373.788771
1787070373.959156
1787070374.127305
1787070374.298278
1787070374.471352
1787070374.640918
1787070374.805721
1787070374.980341
1787070375.149649
1787070375.321129
1787070375.494617
1787070375.663518
1787070375.829808
1787070376.000648
1787070376.166959
1787070376.338289
1787070376.515355
1787070376.682010
1787070376.850106
1787070377.025843
1787070377.192480
1787070377.355914
1787070377.529466
1787070377.696114
1787070377.866742
1787070378.036391
1787070378.197573
1787070378.370450
1787070378.536573
1787070378.708357
1787070378.872910
1787070379.039129
1787070379.208768
1787070379.382827
1787070379.553159
1787070379.724013
1787070379.895890
1787070380.070060
1787070380.247533
1787070380.416764
1787070380.591099
1787070380.760382
1787070380.934649
1787070381.110162
1787070381.283172
1787070381.449568
1787070381.625791
1787070381.797554
1787070381.973162
1787070382.141027
1787070382.309775
1787070382.477877
1787070382.645862
1787070382.818003
1787070382.992072
1787070383.163778
1787070383.330988
1787070383.505533
1787070383.676857
1787070383.845211
1787070384.016207
1787070384.186874
1787070384.356424
1787070384.526819
1787070384.699560
1787070384.864516
1787070385.035403
1787070385.208889
1787070385.375829
1787070385.541712
1787070385.704311
1787070385.878033
1787070386.040957
1787070386.205770
1787070386.374622
1787070386.539533
1787070386.708701
1787070386.882638
1787070387.056889
1787070387.232064
1787070387.405370
1787070387.574228
1787070387.747014
1787070387.926080
1787070388.098813
1787070388.272223
1787070388.450344
1787070388.624326
1787070388.790959
1787070388.965692
1787070389.138198
1787070389.305165
1787070389.475966
1787070389.643026
1787070389.814379
1787070389.985084
1787070390.160537
1787070390.326933
1787070390.497503
1787070390.671988
1787070390.837684
1787070391.008104
1787070391.178988
1787070391.351430
1787070391.521508
1787070391.690480
1787070391.853777
1787070392.023731
1787070392.193967
1787070392.367364
1787070392.542149
1787070392.713861
1787070392.888333
1787070393.059193
1787070393.234982
1787070393.412921
1787070393.588256
1787070393.757829
1787070393.927454
1787070394.099600
1787070394.268182
1787070394.438832
1787070394.612540
1787070394.786869
1787070394.961273
1787070395.127270
1787070395.295470
1787070395.464503
1787070395.628935
1787070395.801581
1787070395.973222
1787070396.146153
1787070396.313030
1787070396.481360
1787070396.650136
1787070396.834564
1787070396.993925
1787070397.168387
1787070397.335729
1787070397.497861
1787070397.666813
1787070397.831957
1787070397.998238
1787070398.164440
1787070398.329618
1787070398.503156
1787070398.669414
1787070398.839231
1787070399.005151
1787070399.172045
1787070399.340410
1787070399.509896
1787070399.687295
1787070399.858486
1787070400.028617
1787070400.195917
1787070400.369461
1787070400.545021
1787070400.712234
1787070400.881463
1787070401.050632
1787070401.217057
1787070401.394464
1787070401.566231
1787070401.738925
1787070401.912979
1787070402.078045
1787070402.259384
1787070402.432606
1787070402.598127
1787070402.765133
1787070402.937386
1787070403.108485
1787070403.281618
1787070403.454210
1787070403.618481
1787070403.790387
1787070403.967854
1787070404.139475
1787070404.312652
1787070404.488389
1787070404.666433
1787070404.843698
1787070405.023088
1787070405.194022
1787070405.371210
1787070405.540817
1787070405.713354
1787070405.882914
1787070406.052199
1787070406.229955
1787070406.407059
1787070406.585117
1787070406.763071
1787070406.934911
1787070407.106133
1787070407.276680
1787070407.454424
1787070407.626908
1787070407.796886
1787070407.971336
1787070408.144529
1787070408.316418
1787070408.487660
1787070408.660134
1787070408.831510
1787070408.998626
1787070409.171979
1787070409.341713
1787070409.510764
1787070409.681640
1787070409.854311
1787070410.024743
1787070410.192382
1787070410.360740
1787070410.528027
1787070410.696103
1787070410.862779
1787070411.034163
1787070411.205091
1787070411.374850
1787070411.541028
1787070411.709210
1787070411.876990
1787070412.046335
1787070412.214029
1787070412.380607
1787070412.549252
1787070412.717273
1787070412.887300
1787070413.051393
1787070413.223856
1787070413.392823
1787070413.562873
1787070413.729945
1787070413.900149
1787070414.069846
1787070414.236732
1787070414.404719
1787070414.566479
1787070414.738326
1787070414.898277
1787070415.064135
1787070415.230244
1787070415.395621
1787070415.558807
1787070415.729598
1787070415.893941
1787070416.057449
1787070416.227804
1787070416.391350
1787070416.563721
1787070416.731020
1787070416.900793
1787070417.069412
1787070417.234095
1787070417.403028
1787070417.571791
1787070417.738799
1787070417.906247
1787070418.072031
1787070418.249944
1787070418.421531
1787070418.591342
1787070418.766861
1787070418.946228
1787070419.122621
1787070419.293157
1787070419.464531
1787070419.642735
1787070419.817226
1787070419.993520
1787070420.170412
1787070420.343829
1787070420.515347
1787070420.688901
1787070420.862119
1787070421.031489
1787070421.199208
1787070421.371712
1787070421.542591
1787070421.711246
1787070421.879049
1787070422.050415
1787070422.219270
1787070422.392160
1787070422.566202
1787070422.733630
1787070422.900139
1787070423.065186
1787070423.240751
1787070423.414289
1787070423.587347
1787070423.758757
1787070423.932706
1787070424.100270
1787070424.271661
1787070424.443715
1787070424.616516
1787070424.789639
1787070424.961052
1787070425.135767
1787070425.309614
1787070425.483244
1787070425.660673
1787070425.838769
1787070426.005191
1787070426.180248
1787070426.350821
1787070426.529454
1787070426.696367
1787070426.870510
1787070427.037828
1787070427.206825
1787070427.378654
1787070427.551322
1787070427.718306
1787070427.884613
1787070428.057575
1787070428.227518
1787070428.397582
1787070428.571484
1787070428.741861
1787070428.907083
1787070429.072477
1787070429.240979
1787070429.411796
1787070429.582545
1787070429.752553
1787070429.920745
1787070430.091472
1787070430.261635
1787070430.435200
1787070430.605323
1787070430.768143
1787070430.937875
1787070431.109747
1787070431.275536
1787070431.438768
1787070431.608069
1787070431.776665
1787070431.947792
1787070432.116332
1787070432.283780
1787070432.453233
1787070432.618915
1787070432.782831
1787070432.946644
1787070433.108677
1787070433.276810
1787070433.446520
1787070433.610033
1787070433.778483
1787070433.946984
1787070434.110316
1787070434.277914
1787070434.447634
1787070434.617116
1787070434.780126
1787070434.949161
1787070435.118572
1787070435.287064
1787070435.459119
1787070435.625490
1787070435.797247
1787070435.960256
1787070436.128823
1787070436.293594
1787070436.461425
1787070436.633921
1787070436.796668
1787070436.966578
1787070437.134933
1787070437.298996
1787070437.466204
1787070437.629387
1787070437.800874
1787070437.964232
1787070438.130376
1787070438.304327
1787070438.472516
1787070438.647501
1787070438.812959
1787070438.976901
1787070439.146209
1787070439.309768
1787070439.474849
1787070439.639192
1787070439.806985
1787070439.972625
1787070440.145179
1787070440.313364
1787070440.476686
1787070440.645371
1787070440.813374
1787070440.982873
1787070441.150640
1787070441.319870
1787070441.488082
1787070441.654341
1787070441.822513
1787070441.983730
1787070442.150295
1787070442.314994
1787070442.477475
1787070442.640114
1787070442.808376
1787070442.969971
1787070443.138162
1787070443.304465
1787070443.466259
1787070443.635625
1787070443.802965
1787070443.972369
1787070444.139567
1787070444.300190
1787070444.469134
1787070444.638311
1787070444.807445
1787070444.971020
1787070445.139017
1787070445.308306
1787070445.478118
1787070445.649011
1787070445.819100
1787070445.988743
1787070446.152262
1787070446.320964
1787070446.490671
1787070446.653722
1787070446.822093
1787070446.986434
1787070447.155977
1787070447.321001
1787070447.489907
1787070447.653332
1787070447.825333
1787070447.988958
1787070448.161972
1787070448.335257
1787070448.505801
1787070448.670012
1787070448.832286
1787070449.002087
1787070449.174415
1787070449.338707
1787070449.508708
1787070449.679670
1787070449.848404
1787070450.018566
1787070450.181922
1787070450.355354
1787070450.528845
1787070450.695836
1787070450.863212
1787070451.036278
1787070451.214691
1787070451.382901
1787070451.558139
1787070451.733884
1787070451.901010
1787070452.074204
1787070452.238657
1787070452.412320
1787070452.579992
1787070452.754280
1787070452.924208
1787070453.090922
1787070453.256607
1787070453.427724
1787070453.601298
1787070453.766793
1787070453.939213
1787070454.106228
1787070454.282712
1787070454.441019
1787070454.615821
1787070454.786965
1787070454.952163
1787070455.124843
1787070455.297729
1787070455.462078
1787070455.633775
1787070455.806098
1787070455.970093
1787070456.144696
1787070456.311690
1787070456.477839
1787070456.651286
1787070456.817574
1787070456.983740
1787070457.154141
1787070457.319554
1787070457.490669
1787070457.661170
1787070457.833912
1787070457.998954
1787070458.161844
1787070458.334782
1787070458.508039
1787070458.677732
1787070458.843567
1787070459.015613
1787070459.183104
1787070459.355346
1787070459.532780
1787070459.701430
1787070459.869112
1787070460.035508
1787070460.204366
1787070460.376182
1787070460.548982
1787070460.720711
1787070460.889862
1787070461.056006
1787070461.230461
1787070461.395789
1787070461.570467
1787070461.735981
1787070461.900129
1787070462.078223
1787070462.252721
1787070462.427557
1787070462.597159
1787070462.771750
1787070462.946654
1787070463.117903
1787070463.281552
1787070463.450311
1787070463.621785
1787070463.789794
1787070463.954905
1787070464.123103
1787070464.295115
1787070464.461329
1787070464.637247
1787070464.804532
1787070464.970781
1787070465.141805
1787070465.312701
1787070465.484719
1787070465.649427
1787070465.818788
1787070465.989711
1787070466.160234
1787070466.329710
1787070466.495198
1787070466.670367
1787070466.840246
1787070467.005151
1787070467.179667
1787070467.352981
1787070467.515064
1787070467.686436
1787070467.853020
1787070468.026521
1787070468.202354
1787070468.365670
1787070468.539988
1787070468.714605
1787070468.886929
1787070469.057660
1787070469.230368
1787070469.399159
1787070469.565110
1787070469.731258
1787070469.901133
1787070470.069354
1787070470.239161
1787070470.413705
1787070470.582601
1787070470.755271
1787070470.928309
1787070471.100068
1787070471.273695
1787070471.441120
1787070471.617127
1787070471.784000
1787070471.952372
1787070472.120099
1787070472.289011
1787070472.459000
1787070472.632143
1787070472.801545
1787070472.968770
1787070473.139242
1787070473.306230
1787070473.479488
1787070473.651773
1787070473.816942
1787070473.990923
1787070474.158040
1787070474.324107
1787070474.490695
1787070474.656129
1787070474.829222
1787070475.000328
1787070475.171788
1787070475.343322
1787070475.514420
1787070475.685654
1787070475.852998
1787070476.020109
1787070476.187612
1787070476.360943
1787070476.530007
1787070476.700482
1787070476.871984
1787070477.040892
1787070477.205708
1787070477.377962
1787070477.548348
1787070477.718868
1787070477.890571
1787070478.056430
1787070478.222059
1787070478.395442
1787070478.561281
1787070478.731506
1787070478.895763
1787070479.060319
1787070479.230257
1787070479.394564
1787070479.566782
1787070479.733449
1787070479.902440
1787070480.072915
1787070480.239178
1787070480.408928
1787070480.573730
1787070480.738266
1787070480.903908
1787070481.070411
1787070481.236810
1787070481.410282
1787070481.568355
1787070481.738006
1787070481.908263
1787070482.077879
1787070482.242589
1787070482.412322
1787070482.574790
1787070482.744943
1787070482.911687
1787070483.079641
1787070483.245286
1787070483.409464
1787070483.573537
1787070483.737086
1787070483.900905
1787070484.064645
1787070484.233916
1787070484.404374
1787070484.574250
1787070484.740944
1787070484.907684
1787070485.076900
1787070485.240234
1787070485.415379
1787070485.580744
1787070485.751859
1787070485.922646
1787070486.087407
1787070486.258880
1787070486.426843
1787070486.593120
1787070486.761827
1787070486.926680
1787070487.092800
1787070487.260746
1787070487.432124
1787070487.600248
1787070487.765558
1787070487.933707
1787070488.101476
1787070488.273734
1787070488.443835
1787070488.613958
1787070488.783731
1787070488.951327
1787070489.121192
1787070489.291117
1787070489.463212
1787070489.631073
1787070489.803076
1787070489.971153
1787070490.136240
1787070490.309845
1787070490.479776
1787070490.645105
1787070490.815621
1787070490.982818
1787070491.153070
1787070491.325135
1787070491.494579
1787070491.660492
1787070491.833199
1787070492.009212
1787070492.174972
1787070492.348010
1787070492.512989
1787070492.682892
1787070492.854665
1787070493.018896
1787070493.183857
1787070493.345289
1787070493.514373
1787070493.682826
1787070493.853729
1787070494.022526
1787070494.194270
1787070494.362865
1787070494.529802
1787070494.694892
1787070494.864642
1787070495.034245
1787070495.205132
1787070495.375231
1787070495.543435
1787070495.715411
1787070495.884415
1787070496.050407
1787070496.222888
1787070496.395186
1787070496.559540
1787070496.731911
1787070496.901478
1787070497.068279
1787070497.234449
1787070497.399007
1787070497.571600
1787070497.740577
1787070497.912160
1787070498.085764
1787070498.261278
1787070498.428485
1787070498.594980
1787070498.770489
1787070498.936219
1787070499.100219
1787070499.271346
1787070499.442355
1787070499.615900
1787070499.788980
1787070499.961419
1787070500.130344
1787070500.303605
1787070500.470372
1787070500.636282
1787070500.805740
1787070500.971402
1787070501.143173
1787070501.315622
1787070501.489501
1787070501.656850
1787070501.826687
1787070501.995555
1787070502.167002
1787070502.339438
1787070502.512434
1787070502.680166
1787070502.848302
1787070503.018433
1787070503.184880
1787070503.354212
1787070503.517239
1787070503.683444
1787070503.849322
1787070504.021555
1787070504.194903
1787070504.363681
1787070504.539450
1787070504.713033
1787070504.886351
1787070505.051905
1787070505.224575
1787070505.399319
1787070505.566640
1787070505.733950
1787070505.907254
1787070506.073040
1787070506.244301
1787070506.417341
1787070506.589016
1787070506.756720
1787070506.925419
1787070507.092799
1787070507.265890
1787070507.444744
1787070507.612813
1787070507.780316
1787070507.944151
1787070508.115087
1787070508.287337
1787070508.459085
1787070508.628717
1787070508.801034
1787070508.968701
1787070509.141504
1787070509.311947
1787070509.485073
1787070509.661247
1787070509.828418
1787070509.995661
1787070510.167837
1787070510.335824
1787070510.508931
1787070510.684175
1787070510.859083
1787070511.030005
1787070511.198122
1787070511.369017
1787070511.540623
1787070511.707175
1787070511.884029
1787070512.062612
1787070512.231571
1787070512.402012
1787070512.576448
1787070512.749328
1787070512.916116
1787070513.084461
1787070513.251338
1787070513.426169
1787070513.587813
1787070513.757237
1787070513.932543
1787070514.097928
1787070514.273116
1787070514.441786
1787070514.613516
1787070514.786751
1787070514.953182
1787070515.120059
1787070515.285007
1787070515.458730
1787070515.625526
1787070515.795772
1787070515.964096
1787070516.133022
1787070516.307043
1787070516.479203
1787070516.654420
1787070516.828126
1787070516.996500
1787070517.170701
1787070517.342216
1787070517.513051
1787070517.682579
1787070517.855505
1787070518.021451
1787070518.192039
1787070518.360198
1787070518.527591
1787070518.700513
1787070518.870428
1787070519.034623
1787070519.200995
1787070519.370513
1787070519.535724
1787070519.708306
1787070519.876743
1787070520.044879
1787070520.211746
1787070520.375741
1787070520.547607
1787070520.712633
1787070520.889110
1787070521.063733
1787070521.235868
1787070521.403438
1787070521.575667
1787070521.740942
1787070521.923019
1787070522.083093
1787070522.249249
1787070522.414288
1787070522.589566
1787070522.759822
1787070522.925116
1787070523.098138
1787070523.265386
1787070523.433833
1787070523.595318
1787070523.768244
1787070523.939750
1787070524.111622
1787070524.277382
1787070524.453433
1787070524.620657
1787070524.794858
1787070524.971885
1787070525.147163
1787070525.307901
1787070525.481418
1787070525.656364
1787070525.832007
1787070526.001574
1787070526.167270
1787070526.341981
1787070526.511643
1787070526.686239
1787070526.862707
1787070527.032913
1787070527.199376
1787070527.374473
1787070527.551038
1787070527.724726
1787070527.902645
1787070528.069815
1787070528.234985
1787070528.408109
1787070528.574167
1787070528.747390
1787070528.923422
1787070529.095153
1787070529.264592
1787070529.437100
1787070529.608350
1787070529.774338
1787070529.946572
1787070530.125874
1787070530.293056
1787070530.459342
1787070530.637990
1787070530.811658
1787070530.986138
1787070531.154220
1787070531.329777
1787070531.505419
1787070531.674586
1787070531.851429
1787070532.027063
1787070532.202366
1787070532.377206
1787070532.550338
1787070532.724106
1787070532.897420
1787070533.070574
1787070533.241393
1787070533.414413
1787070533.592288
1787070533.767879
1787070533.941193
1787070534.121845
1787070534.295858
1787070534.463984
1787070534.633881
1787070534.807674
1787070534.975398
1787070535.141940
1787070535.315340
1787070535.489695
1787070535.658447
1787070535.831632
1787070536.000473
1787070536.169046
1787070536.344742
1787070536.520594
1787070536.695575
1787070536.866793
1787070537.034024
1787070537.209085
1787070537.379319
1787070537.545649
1787070537.718598
1787070537.893154
1787070538.064173
1787070538.231328
1787070538.405787
1787070538.577018
1787070538.746014
1787070538.919901
1787070539.092053
1787070539.258323
1787070539.432923
1787070539.605603
1787070539.780957
1787070539.950847
1787070540.122672
1787070540.296971
1787070540.472828
1787070540.640032
1787070540.814030
1787070540.995277
1787070541.168107
1787070541.342866
1787070541.514266
1787070541.680571
1787070541.855476
1787070542.031838
1787070542.199755
1787070542.372539
1787070542.546302
1787070542.714724
1787070542.885638
1787070543.059002
1787070543.230744
1787070543.405275
1787070543.573261
1787070543.742646
1787070543.916595
1787070544.085909
1787070544.258587
1787070544.434692
1787070544.602050
1787070544.771028
1787070544.945772
1787070545.112206
1787070545.278874
1787070545.458547
1787070545.631022
1787070545.796287
1787070545.962984
1787070546.135147
1787070546.301071
1787070546.471185
1787070546.639760
1787070546.806605
1787070546.982336
1787070547.147541
1787070547.322410
1787070547.495438
1787070547.668927
1787070547.834678
1787070548.002067
1787070548.173293
1787070548.345693
1787070548.512624
1787070548.686303
1787070548.855237
1787070549.022983
1787070549.190362
1787070549.359044
1787070549.535496
1787070549.706386
1787070549.871712
1787070550.040496
1787070550.209127
1787070550.375992
1787070550.547140
1787070550.717005
1787070550.888630
1787070551.060455
1787070551.236247
1787070551.402101
1787070551.578278
1787070551.751019
1787070551.922332
1787070552.086312
1787070552.256730
1787070552.423252
1787070552.595923
1787070552.769140
1787070552.940040
1787070553.113222
1787070553.287355
1787070553.462990
1787070553.635233
1787070553.802537
1787070553.976902
1787070554.151397
1787070554.321172
1787070554.488983
1787070554.664849
1787070554.839881
1787070555.004958
1787070555.177952
1787070555.344789
1787070555.511647
1787070555.687270
1787070555.864325
1787070556.031743
1787070556.202783
1787070556.370195
1787070556.534835
1787070556.706614
1787070556.870634
1787070557.037647
1787070557.211560
1787070557.374835
1787070557.546523
1787070557.716209
1787070557.884755
1787070558.055978
1787070558.230160
1787070558.393735
1787070558.559438
1787070558.730042
1787070558.895135
1787070559.065886
1787070559.236102
1787070559.407097
1787070559.585625
1787070559.761018
1787070559.926197
1787070560.098737
1787070560.274790
1787070560.442285
1787070560.616295
1787070560.781355
1787070560.950966
1787070561.121700
1787070561.292428
1787070561.464996
1787070561.630610
1787070561.803408
1787070561.975677
1787070562.144915
1787070562.312087
1787070562.482645
1787070562.654889
1787070562.823829
1787070562.991688
1787070563.163440
1787070563.334856
1787070563.508418
1787070563.673947
1787070563.832671
1787070564.007959
1787070564.176119
1787070564.343427
1787070564.515751
1787070564.692864
1787070564.865096
1787070565.043702
1787070565.211181
1787070565.383595
1787070565.556238
1787070565.727623
1787070565.893544
1787070566.064659
1787070566.236056
1787070566.400141
1787070566.573124
1787070566.743385
1787070566.907560
1787070567.079231
1787070567.251052
1787070567.415044
1787070567.585799
1787070567.754575
1787070567.925847
1787070568.095211
1787070568.260161
1787070568.429194
