1787092713.621517
1787092713.774088
1787092713.919330
1787092714.077702
1787092714.226681
1787092714.373432
1787092714.525536
1787092714.683294
1787092714.833171
1787092714.982343
1787092715.130236
1787092715.279951
1787092715.425414
1787092715.577024
1787092715.727320
1787092715.877173
1787092716.029121
1787092716.177519
1787092716.329821
1787092716.477200
1787092716.625152
1787092716.781040
1787092716.927565
1787092717.086085
1787092717.236482
1787092717.383877
1787092717.530770
1787092717.677762
1787092717.824616
1787092717.974116
1787092718.123969
1787092718.273706
1787092718.426577
1787092718.578255
1787092718.725602
1787092718.878886
1787092719.028287
1787092719.176497
1787092719.322344
1787092719.472534
1787092719.621251
1787092719.780022
1787092719.929338
1787092720.080862
1787092720.231510
1787092720.381953
1787092720.529865
1787092720.680204
1787092720.826900
1787092720.979127
1787092721.128906
1787092721.280305
1787092721.428432
1787092721.578798
1787092721.724676
1787092721.871683
1787092722.018765
1787092722.170084
1787092722.319195
1787092722.471441
1787092722.619881
1787092722.768833
1787092722.914720
1787092723.062088
1787092723.208723
1787092723.359171
1787092723.503204
1787092723.648505
1787092723.793559
1787092723.936708
1787092724.079564
1787092724.222351
1787092724.366639
1787092724.509957
1787092724.659024
1787092724.803718
1787092724.951861
1787092725.097158
1787092725.243469
1787092725.386371
1787092725.529413
1787092725.682168
1787092725.828926
1787092725.974096
1787092726.117988
1787092726.267429
1787092726.415706
1787092726.559425
1787092726.702471
1787092726.844511
1787092726.988512
1787092727.133636
1787092727.276552
1787092727.424752
1787092727.570931
1787092727.714527
1787092727.861032
1787092728.008393
1787092728.151859
1787092728.294034
1787092728.436869
1787092728.584836
1787092728.728738
1787092728.876073
1787092729.019436
1787092729.163621
1787092729.308166
1787092729.457151
1787092729.606013
1787092729.755548
1787092729.905599
1787092730.052302
1787092730.202545
1787092730.353660
1787092730.506513
1787092730.656791
1787092730.798982
1787092730.947548
1787092731.095527
1787092731.240391
1787092731.388568
1787092731.534659
1787092731.681633
1787092731.829026
1787092731.980007
1787092732.130671
1787092732.283445
1787092732.432713
1787092732.585714
1787092732.736128
1787092732.884740
1787092733.029720
1787092733.182213
1787092733.333693
1787092733.483090
1787092733.630685
1787092733.780740
1787092733.929442
1787092734.076667
1787092734.226748
1787092734.376322
1787092734.525401
1787092734.679285
1787092734.829409
1787092734.980342
1787092735.131300
1787092735.285700
1787092735.435409
1787092735.589835
1787092735.739825
1787092735.890551
1787092736.041613
1787092736.190099
1787092736.339994
1787092736.490777
1787092736.642356
1787092736.796216
1787092736.948883
1787092737.104264
1787092737.254162
1787092737.410015
1787092737.560220
1787092737.716505
1787092737.869709
1787092738.019541
1787092738.171483
1787092738.323789
1787092738.476081
1787092738.629936
1787092738.783847
1787092738.938375
1787092739.097296
1787092739.254093
1787092739.408206
1787092739.561728
1787092739.714340
1787092739.869611
1787092740.027707
1787092740.180948
1787092740.334930
1787092740.490021
1787092740.647568
1787092740.807056
1787092740.959608
1787092741.118686
1787092741.275561
1787092741.433897
1787092741.593786
1787092741.749827
1787092741.904398
1787092742.058354
1787092742.212970
1787092742.374506
1787092742.533915
1787092742.694678
1787092742.853491
1787092743.019624
1787092743.179280
1787092743.337963
1787092743.497406
1787092743.654089
1787092743.820288
1787092743.979671
1787092744.140548
1787092744.301988
1787092744.462982
1787092744.619070
1787092744.780915
1787092744.938445
1787092745.095526
1787092745.253327
1787092745.411775
1787092745.572755
1787092745.732296
1787092745.892091
1787092746.050004
1787092746.208701
1787092746.366935
1787092746.527133
1787092746.683490
1787092746.844454
1787092747.010362
1787092747.166788
1787092747.324185
1787092747.481827
1787092747.638817
1787092747.796582
1787092747.959706
1787092748.121836
1787092748.285066
1787092748.445672
1787092748.606777
1787092748.766470
1787092748.924501
1787092749.084433
1787092749.247142
1787092749.409550
1787092749.570762
1787092749.732483
1787092749.897553
1787092750.059894
1787092750.219737
1787092750.384132
1787092750.546417
1787092750.711643
1787092750.873400
1787092751.034298
1787092751.198792
1787092751.363855
1787092751.523255
1787092751.683409
1787092751.849806
1787092752.021508
1787092752.199773
1787092752.358830
1787092752.518768
1787092752.683096
1787092752.845450
1787092753.018720
1787092753.176248
1787092753.339491
1787092753.501808
1787092753.662954
1787092753.824399
1787092753.985260
1787092754.146123
1787092754.308533
1787092754.471485
1787092754.632207
1787092754.792985
1787092754.952845
1787092755.113337
1787092755.277404
1787092755.441633
1787092755.603300
1787092755.764619
1787092755.929169
1787092756.089538
1787092756.248501
1787092756.406748
1787092756.565969
1787092756.726917
1787092756.887867
1787092757.049221
1787092757.214337
1787092757.377057
1787092757.538174
1787092757.703359
1787092757.865208
1787092758.026864
1787092758.188174
1787092758.352333
1787092758.512937
1787092758.675517
1787092758.845114
1787092759.009264
1787092759.168083
1787092759.327042
1787092759.489238
1787092759.649637
1787092759.808465
1787092759.966443
1787092760.125916
1787092760.285220
1787092760.450061
1787092760.608339
1787092760.770124
1787092760.929425
1787092761.094693
1787092761.256988
1787092761.419912
1787092761.578411
1787092761.737135
1787092761.898687
1787092762.058975
1787092762.221472
1787092762.383894
1787092762.545330
1787092762.708519
1787092762.868755
1787092763.030749
1787092763.195868
1787092763.356964
1787092763.518192
1787092763.679673
1787092763.841388
1787092764.001401
1787092764.161392
1787092764.318953
1787092764.478310
1787092764.633595
1787092764.794048
1787092764.955939
1787092765.120484
1787092765.277521
1787092765.440466
1787092765.601975
1787092765.761800
1787092765.922687
1787092766.085475
1787092766.246827
1787092766.409594
1787092766.567823
1787092766.732050
1787092766.893615
1787092767.056658
1787092767.220544
1787092767.380497
1787092767.541504
1787092767.700924
1787092767.859113
1787092768.015690
1787092768.176336
1787092768.339061
1787092768.504933
1787092768.667150
1787092768.826263
1787092768.987858
1787092769.151913
1787092769.314968
1787092769.476871
1787092769.653523
1787092769.826913
1787092769.989852
1787092770.149551
1787092770.309110
1787092770.473204
1787092770.639503
1787092770.799435
1787092770.959094
1787092771.120656
1787092771.282249
1787092771.444259
1787092771.606798
1787092771.765892
1787092771.931170
1787092772.093307
1787092772.255975
1787092772.419977
1787092772.590344
1787092772.758191
1787092772.923497
1787092773.086541
1787092773.255880
1787092773.418164
1787092773.579526
1787092773.750129
1787092773.912449
1787092774.075125
1787092774.240428
1787092774.404258
1787092774.571121
1787092774.736599
1787092774.900868
1787092775.065617
1787092775.232564
1787092775.393532
1787092775.556916
1787092775.720750
1787092775.883175
1787092776.046771
1787092776.214128
1787092776.378062
1787092776.544439
1787092776.709469
1787092776.872797
1787092777.036454
1787092777.200272
1787092777.363844
1787092777.529069
1787092777.695092
1787092777.856539
1787092778.023916
1787092778.185235
1787092778.349201
1787092778.515314
1787092778.676962
1787092778.836473
1787092778.995259
1787092779.162486
1787092779.324553
1787092779.490848
1787092779.647545
1787092779.811699
1787092779.975407
1787092780.134683
1787092780.297890
1787092780.460342
1787092780.622908
1787092780.783213
1787092780.945357
1787092781.110507
1787092781.272596
1787092781.439639
1787092781.602857
1787092781.762400
1787092781.926071
1787092782.088249
1787092782.249074
1787092782.409245
1787092782.570877
1787092782.732886
1787092782.891259
1787092783.056720
1787092783.218156
1787092783.378355
1787092783.543525
1787092783.704905
1787092783.867697
1787092784.029124
1787092784.189715
1787092784.349926
1787092784.509179
1787092784.669987
1787092784.832631
1787092784.995735
1787092785.155087
1787092785.317320
1787092785.479241
1787092785.646223
1787092785.811945
1787092785.975771
1787092786.138636
1787092786.300318
1787092786.460814
1787092786.632619
1787092786.790660
1787092786.954952
1787092787.114844
1787092787.273582
1787092787.434312
1787092787.594700
1787092787.758334
1787092787.922012
1787092788.081441
1787092788.244423
1787092788.406518
1787092788.566514
1787092788.727886
1787092788.887125
1787092789.046583
1787092789.209699
1787092789.364839
1787092789.523989
1787092789.687166
1787092789.850924
1787092790.009440
1787092790.170039
1787092790.328760
1787092790.488625
1787092790.654482
1787092790.815636
1787092790.978765
1787092791.140249
1787092791.301001
1787092791.461826
1787092791.625581
1787092791.787022
1787092791.947541
1787092792.104124
1787092792.266428
1787092792.429836
1787092792.589266
1787092792.747192
1787092792.907484
1787092793.066514
1787092793.227797
1787092793.385619
1787092793.550425
1787092793.711561
1787092793.871971
1787092794.033494
1787092794.193559
1787092794.357634
1787092794.520217
1787092794.680703
1787092794.841556
1787092795.003985
1787092795.168682
1787092795.332419
1787092795.494368
1787092795.657271
1787092795.819530
1787092795.986991
1787092796.152309
1787092796.313743
1787092796.476865
1787092796.638491
1787092796.805791
1787092796.970555
1787092797.136006
1787092797.298408
1787092797.468701
1787092797.633956
1787092797.797561
1787092797.971971
1787092798.136615
1787092798.308556
1787092798.470848
1787092798.635441
1787092798.795179
1787092798.962689
1787092799.124119
1787092799.289477
1787092799.453053
1787092799.612652
1787092799.774709
1787092799.936426
1787092800.100658
1787092800.262349
1787092800.419608
1787092800.582624
1787092800.747617
1787092800.916890
1787092801.081630
1787092801.251893
1787092801.418183
1787092801.583015
1787092801.749387
1787092801.919972
1787092802.084312
1787092802.248957
1787092802.417959
1787092802.577767
1787092802.736140
1787092802.899688
1787092803.064190
1787092803.227259
1787092803.390257
1787092803.552465
1787092803.715185
1787092803.876769
1787092804.038346
1787092804.204038
1787092804.369164
1787092804.532582
1787092804.694919
1787092804.857495
1787092805.020457
1787092805.183217
1787092805.346770
1787092805.509612
1787092805.673152
1787092805.836149
1787092806.000992
1787092806.164001
1787092806.323653
1787092806.487498
1787092806.649174
1787092806.812808
1787092806.977211
1787092807.139291
1787092807.302629
1787092807.466639
1787092807.631388
1787092807.793610
1787092807.963462
1787092808.125246
1787092808.289807
1787092808.450908
1787092808.611737
1787092808.778137
1787092808.943558
1787092809.105756
1787092809.268515
1787092809.434794
1787092809.599240
1787092809.762007
1787092809.925928
1787092810.089687
1787092810.254410
1787092810.420312
1787092810.585292
1787092810.751289
1787092810.912945
1787092811.075021
1787092811.239854
1787092811.403390
1787092811.572385
1787092811.737396
1787092811.899343
1787092812.062255
1787092812.227265
1787092812.387177
1787092812.551055
1787092812.709487
1787092812.873621
1787092813.036961
1787092813.199499
1787092813.363627
1787092813.529005
1787092813.697212
1787092813.860188
1787092814.023476
1787092814.185686
1787092814.348925
1787092814.510894
1787092814.672499
1787092814.836463
1787092814.999301
1787092815.164763
1787092815.325727
1787092815.488218
1787092815.651468
1787092815.814840
1787092815.979360
1787092816.139736
1787092816.302751
1787092816.467885
1787092816.628854
1787092816.792690
1787092816.952483
1787092817.112108
1787092817.276356
1787092817.441504
1787092817.607131
1787092817.772594
1787092817.936455
1787092818.099111
1787092818.260110
1787092818.420063
1787092818.584922
1787092818.748720
1787092818.913634
1787092819.076470
1787092819.240782
1787092819.403048
1787092819.567594
1787092819.731436
1787092819.892395
1787092820.060474
1787092820.221571
1787092820.382303
1787092820.543390
1787092820.702816
1787092820.868586
1787092821.028360
1787092821.189169
1787092821.359753
1787092821.516853
1787092821.680955
1787092821.843129
1787092822.005670
1787092822.168797
1787092822.332106
1787092822.494756
1787092822.664147
1787092822.826829
1787092822.994014
1787092823.158008
1787092823.323354
1787092823.488495
1787092823.650387
1787092823.815467
1787092823.980715
1787092824.145177
1787092824.311059
1787092824.478127
1787092824.644165
1787092824.806319
1787092824.973413
1787092825.137121
1787092825.301936
1787092825.468937
1787092825.638701
1787092825.802286
1787092825.966572
1787092826.129502
1787092826.297811
1787092826.464468
1787092826.628683
1787092826.793100
1787092826.964585
1787092827.130077
1787092827.297068
1787092827.461387
1787092827.627139
1787092827.793353
1787092827.957953
1787092828.121478
1787092828.289212
1787092828.454051
1787092828.616688
1787092828.783154
1787092828.948809
1787092829.115142
1787092829.284657
1787092829.453325
1787092829.620986
1787092829.787702
1787092829.949421
1787092830.111510
1787092830.275333
1787092830.443728
1787092830.608260
1787092830.772484
1787092830.937825
1787092831.104913
1787092831.270008
1787092831.437182
1787092831.602666
1787092831.766991
1787092831.933783
1787092832.097320
1787092832.261213
1787092832.423259
1787092832.585674
1787092832.749153
1787092832.911400
1787092833.074960
1787092833.238828
1787092833.402580
1787092833.566373
1787092833.734105
1787092833.900179
1787092834.061046
1787092834.220784
1787092834.383874
1787092834.544760
1787092834.705423
1787092834.867492
1787092835.029360
1787092835.190889
1787092835.350439
1787092835.510597
1787092835.677648
1787092835.843857
1787092836.003885
1787092836.164634
1787092836.331386
1787092836.495513
1787092836.659972
1787092836.821175
1787092836.989539
1787092837.152714
1787092837.316031
1787092837.477267
1787092837.637223
1787092837.795564
1787092837.957073
1787092838.118524
1787092838.282010
1787092838.444216
1787092838.605538
1787092838.765149
1787092838.926670
1787092839.087707
1787092839.248032
1787092839.414566
1787092839.576080
1787092839.738680
1787092839.907629
1787092840.073009
1787092840.238864
1787092840.404504
1787092840.576234
1787092840.739046
1787092840.903350
1787092841.069437
1787092841.231794
1787092841.399375
1787092841.562903
1787092841.725120
1787092841.889602
1787092842.055090
1787092842.219616
1787092842.381704
1787092842.542513
1787092842.704898
1787092842.865677
1787092843.031684
1787092843.200111
1787092843.359973
1787092843.522969
1787092843.691990
1787092843.857844
1787092844.017374
1787092844.181019
1787092844.345063
1787092844.508816
1787092844.670976
1787092844.838672
1787092845.002895
1787092845.167405
1787092845.331422
1787092845.494584
1787092845.656021
1787092845.821150
1787092845.985077
1787092846.149696
1787092846.311886
1787092846.474905
1787092846.638214
1787092846.800529
1787092846.963077
1787092847.124707
1787092847.290295
1787092847.449165
1787092847.613939
1787092847.778571
1787092847.942054
1787092848.104707
1787092848.265769
1787092848.428894
1787092848.591858
1787092848.755393
1787092848.920438
1787092849.083484
1787092849.244863
1787092849.408372
1787092849.570243
1787092849.729124
1787092849.893354
1787092850.051916
1787092850.212096
1787092850.372882
1787092850.535967
1787092850.700248
1787092850.863129
1787092851.025852
1787092851.188594
1787092851.348658
1787092851.512453
1787092851.674283
1787092851.833755
1787092851.998632
1787092852.164722
1787092852.330040
1787092852.488991
1787092852.650696
1787092852.815290
1787092852.975157
1787092853.139780
1787092853.303255
1787092853.466627
1787092853.627080
1787092853.793064
1787092853.956252
1787092854.118273
1787092854.281091
1787092854.443450
1787092854.606835
1787092854.771182
1787092854.933536
1787092855.095621
1787092855.261761
1787092855.425841
1787092855.592788
1787092855.757633
1787092855.921536
1787092856.083446
1787092856.244483
1787092856.406360
1787092856.568598
1787092856.728610
1787092856.891435
1787092857.052788
1787092857.211642
1787092857.373221
1787092857.533238
1787092857.698135
1787092857.862099
1787092858.029770
1787092858.191520
1787092858.355118
1787092858.525193
1787092858.688994
1787092858.852793
1787092859.015451
1787092859.177459
1787092859.342373
1787092859.504783
1787092859.667398
1787092859.834172
1787092859.995900
1787092860.157009
1787092860.324241
1787092860.489238
1787092860.654543
1787092860.821058
1787092860.982400
1787092861.146201
1787092861.307748
1787092861.467605
1787092861.629793
1787092861.790680
1787092861.951491
1787092862.117044
1787092862.280938
1787092862.449001
1787092862.611262
1787092862.769023
1787092862.932497
1787092863.090896
1787092863.254116
1787092863.414654
1787092863.574461
1787092863.738064
1787092863.900319
1787092864.064878
1787092864.225686
1787092864.388635
1787092864.550539
1787092864.711581
1787092864.874213
1787092865.036811
1787092865.198219
1787092865.360501
1787092865.527006
1787092865.690455
1787092865.852329
1787092866.013897
1787092866.173669
1787092866.337775
1787092866.499893
1787092866.662320
1787092866.825736
1787092866.987140
1787092867.153368
1787092867.314225
1787092867.480827
1787092867.642853
1787092867.806062
1787092867.967282
1787092868.126523
1787092868.288578
1787092868.449567
1787092868.613518
1787092868.776188
1787092868.938283
1787092869.101405
1787092869.262772
1787092869.421690
1787092869.584428
1787092869.747446
1787092869.909459
1787092870.075768
1787092870.234962
1787092870.398475
1787092870.560626
1787092870.723352
1787092870.882791
1787092871.047013
1787092871.210850
1787092871.370636
1787092871.534214
1787092871.695782
1787092871.861571
1787092872.028324
1787092872.191174
1787092872.360820
1787092872.523512
1787092872.685897
1787092872.847532
1787092873.009366
1787092873.171294
1787092873.331961
1787092873.490613
1787092873.662066
1787092873.826969
1787092873.994506
1787092874.154185
1787092874.313547
1787092874.475553
1787092874.636595
1787092874.798797
1787092874.960176
1787092875.121014
1787092875.281300
1787092875.442282
1787092875.604879
1787092875.770767
1787092875.934889
1787092876.094273
1787092876.253130
1787092876.417485
1787092876.578634
1787092876.744536
1787092876.906733
1787092877.068923
1787092877.231308
1787092877.391008
1787092877.556512
1787092877.719770
1787092877.879832
1787092878.047333
1787092878.209896
1787092878.374566
1787092878.539630
1787092878.701267
1787092878.862039
1787092879.024944
1787092879.188123
1787092879.350977
1787092879.510644
1787092879.669227
1787092879.832640
1787092879.994684
1787092880.155807
1787092880.316237
1787092880.477339
1787092880.638294
1787092880.802211
1787092880.962234
1787092881.126176
1787092881.288619
1787092881.451547
1787092881.611113
1787092881.773555
1787092881.934589
1787092882.101347
1787092882.262952
1787092882.424296
1787092882.585096
1787092882.748160
1787092882.912116
1787092883.073992
1787092883.237260
1787092883.396755
1787092883.564144
1787092883.730102
1787092883.894228
1787092884.055702
1787092884.223357
1787092884.383295
1787092884.549034
1787092884.711015
1787092884.871561
1787092885.036690
1787092885.198721
1787092885.361940
1787092885.520879
1787092885.680442
1787092885.841601
1787092886.000827
1787092886.178930
1787092886.341790
1787092886.504395
1787092886.665871
1787092886.827869
1787092886.994653
1787092887.158300
1787092887.318096
1787092887.481236
1787092887.645573
1787092887.806643
1787092887.974817
1787092888.135030
1787092888.297325
1787092888.460713
1787092888.621278
1787092888.781951
1787092888.940891
1787092889.104907
1787092889.267171
1787092889.429790
1787092889.587893
1787092889.751957
1787092889.910292
1787092890.071621
1787092890.230529
1787092890.388189
1787092890.549314
1787092890.706491
1787092890.867006
1787092891.025837
1787092891.186915
1787092891.349146
1787092891.511080
1787092891.669436
1787092891.830607
1787092891.991650
1787092892.151942
1787092892.312618
1787092892.474116
1787092892.634890
1787092892.798916
1787092892.961387
1787092893.124578
1787092893.285198
1787092893.446141
1787092893.608391
1787092893.768559
1787092893.930127
1787092894.091181
1787092894.255476
1787092894.413687
1787092894.579009
1787092894.740352
1787092894.903455
1787092895.067173
1787092895.229674
1787092895.386672
1787092895.545816
1787092895.707423
1787092895.868655
1787092896.035587
1787092896.192586
1787092896.357810
1787092896.518290
1787092896.694670
1787092896.857193
1787092897.019246
1787092897.182858
1787092897.342616
1787092897.507792
1787092897.674349
1787092897.836844
1787092897.999774
1787092898.161829
1787092898.323716
1787092898.483102
1787092898.648446
1787092898.811291
1787092898.970046
1787092899.133303
1787092899.295229
1787092899.457356
1787092899.621712
1787092899.787256
1787092899.951080
1787092900.113036
1787092900.280793
1787092900.445061
1787092900.607036
1787092900.770253
1787092900.932462
1787092901.095224
1787092901.263965
1787092901.423495
1787092901.590610
1787092901.754311
1787092901.918440
1787092902.082682
1787092902.246064
1787092902.407722
1787092902.570440
1787092902.733160
1787092902.894081
1787092903.056105
1787092903.218430
1787092903.379111
1787092903.543779
1787092903.706820
1787092903.870502
1787092904.032182
1787092904.191681
1787092904.353719
1787092904.516263
1787092904.682553
1787092904.845753
1787092905.008605
1787092905.181875
1787092905.347910
1787092905.510899
1787092905.672237
1787092905.831608
1787092905.995420
1787092906.158240
1787092906.323750
1787092906.487174
1787092906.648829
1787092906.812441
1787092906.978277
1787092907.139536
1787092907.297920
1787092907.459396
1787092907.622556
1787092907.784106
1787092907.946919
1787092908.113518
1787092908.273759
1787092908.436431
1787092908.599670
1787092908.764758
1787092908.924904
1787092909.088797
1787092909.253841
1787092909.412893
1787092909.576981
1787092909.739885
1787092909.905471
1787092910.069572
1787092910.230564
1787092910.392114
1787092910.553331
1787092910.714717
1787092910.877950
1787092911.037922
1787092911.200002
1787092911.363110
1787092911.524487
1787092911.687450
1787092911.850093
1787092912.013837
1787092912.177552
1787092912.341840
1787092912.504645
1787092912.668540
1787092912.831673
1787092912.992980
1787092913.152449
1787092913.314790
1787092913.477507
1787092913.635386
1787092913.801644
1787092913.964209
1787092914.125339
1787092914.287365
1787092914.446536
1787092914.609397
1787092914.769740
1787092914.928029
1787092915.089833
1787092915.248624
1787092915.408356
1787092915.572696
1787092915.733196
1787092915.904839
1787092916.067257
1787092916.231598
1787092916.394552
1787092916.558261
1787092916.720923
1787092916.882604
1787092917.042616
1787092917.202281
1787092917.366279
1787092917.530301
1787092917.691750
1787092917.853756
1787092918.013583
1787092918.175557
1787092918.337908
1787092918.500072
1787092918.661547
1787092918.826424
1787092918.990881
1787092919.153272
1787092919.317484
1787092919.482935
1787092919.645838
1787092919.811466
1787092919.977243
1787092920.144603
1787092920.308163
1787092920.473206
1787092920.635331
1787092920.800861
1787092920.965654
1787092921.128457
1787092921.290186
1787092921.452860
1787092921.617023
1787092921.782310
1787092921.944486
1787092922.109286
1787092922.275883
1787092922.440908
1787092922.603318
1787092922.761866
1787092922.925669
1787092923.086766
1787092923.249676
1787092923.412792
1787092923.576132
1787092923.740205
1787092923.901787
1787092924.062325
1787092924.222569
1787092924.395859
1787092924.559949
1787092924.722303
1787092924.882496
1787092925.047592
1787092925.216071
1787092925.381987
1787092925.547674
1787092925.714221
1787092925.882463
1787092926.046610
1787092926.211251
1787092926.373044
1787092926.535026
1787092926.699970
1787092926.863878
1787092927.030144
1787092927.195635
1787092927.363932
1787092927.522942
1787092927.686330
1787092927.852298
1787092928.014746
1787092928.179122
1787092928.343019
1787092928.508581
1787092928.671744
1787092928.837090
1787092928.998466
1787092929.162297
1787092929.324337
1787092929.489702
1787092929.652547
1787092929.820492
1787092929.983646
1787092930.149292
1787092930.312956
1787092930.478745
1787092930.643733
1787092930.809494
1787092930.973754
1787092931.134605
1787092931.299324
1787092931.462631
1787092931.628942
1787092931.792671
1787092931.957836
1787092932.131928
1787092932.295995
1787092932.459262
1787092932.618167
1787092932.786743
1787092932.950670
1787092933.113883
1787092933.277731
1787092933.439314
1787092933.606751
1787092933.767946
1787092933.933059
1787092934.096413
1787092934.260748
1787092934.425853
1787092934.587980
1787092934.754129
1787092934.914380
1787092935.077278
1787092935.239955
1787092935.404068
1787092935.564912
1787092935.731791
1787092935.895147
1787092936.064392
1787092936.229181
1787092936.392480
1787092936.553398
1787092936.712468
1787092936.875700
1787092937.036840
1787092937.196969
1787092937.357970
1787092937.520513
1787092937.684486
1787092937.845883
1787092938.012048
1787092938.172183
1787092938.339333
1787092938.501452
1787092938.662856
1787092938.825500
1787092938.986552
1787092939.153565
1787092939.315899
1787092939.477245
1787092939.641286
1787092939.804401
1787092939.965395
1787092940.130042
1787092940.291817
1787092940.453994
1787092940.622208
1787092940.786552
1787092940.951377
1787092941.112213
1787092941.278371
1787092941.441444
1787092941.603241
1787092941.765723
1787092941.926859
1787092942.091051
1787092942.254678
1787092942.416507
1787092942.584124
1787092942.744394
1787092942.910085
1787092943.071723
1787092943.240878
1787092943.404258
1787092943.566462
1787092943.729124
1787092943.889962
1787092944.054689
1787092944.215319
1787092944.378473
1787092944.543056
1787092944.704454
1787092944.867629
1787092945.031639
1787092945.195116
1787092945.359219
1787092945.523053
1787092945.689049
1787092945.849938
1787092946.016048
1787092946.180393
1787092946.340754
1787092946.504386
1787092946.665648
1787092946.841953
1787092947.005537
1787092947.167145
1787092947.330169
1787092947.495398
1787092947.652860
1787092947.814925
1787092947.975376
1787092948.135733
1787092948.300859
1787092948.460351
1787092948.624164
1787092948.785990
1787092948.946447
1787092949.108562
1787092949.269337
1787092949.431834
1787092949.591113
1787092949.747610
1787092949.910641
1787092950.075717
1787092950.239143
1787092950.398841
1787092950.561035
1787092950.722401
1787092950.881816
1787092951.047775
1787092951.205460
1787092951.379260
1787092951.546186
1787092951.707846
1787092951.874816
1787092952.035731
1787092952.196007
1787092952.356730
1787092952.516905
1787092952.677699
1787092952.840944
1787092953.003665
1787092953.165337
1787092953.328901
1787092953.490652
1787092953.655250
1787092953.817462
1787092953.978887
1787092954.142699
1787092954.306186
1787092954.469352
1787092954.633583
1787092954.795018
1787092954.956449
1787092955.118812
1787092955.278746
1787092955.442843
1787092955.606463
1787092955.771326
1787092955.932516
1787092956.097819
1787092956.259116
1787092956.418936
1787092956.583876
1787092956.747466
1787092956.909959
1787092957.071920
1787092957.232818
1787092957.395064
1787092957.561314
1787092957.724512
1787092957.887350
1787092958.046556
1787092958.209634
1787092958.374809
1787092958.537110
1787092958.704004
1787092958.865137
1787092959.024802
1787092959.189232
1787092959.353413
1787092959.516533
1787092959.682549
1787092959.847340
1787092960.009668
1787092960.173014
1787092960.337852
1787092960.497474
1787092960.659161
1787092960.826184
1787092960.990271
1787092961.151088
1787092961.313714
1787092961.476951
1787092961.642998
1787092961.807849
1787092961.971817
1787092962.135965
1787092962.297011
1787092962.459826
1787092962.621495
1787092962.784888
1787092962.946809
1787092963.109442
1787092963.273497
1787092963.432264
1787092963.593868
1787092963.754864
1787092963.914331
1787092964.082961
1787092964.246084
1787092964.408403
1787092964.569762
1787092964.728932
1787092964.891712
1787092965.051984
1787092965.215341
1787092965.375595
1787092965.538360
1787092965.697148
1787092965.855444
1787092966.018090
1787092966.177423
1787092966.343123
1787092966.503730
1787092966.666308
1787092966.824531
1787092966.984370
1787092967.145197
1787092967.306430
1787092967.471476
1787092967.632704
1787092967.793086
1787092967.953647
1787092968.111344
1787092968.273177
1787092968.433508
1787092968.589256
1787092968.749743
1787092968.910646
1787092969.072843
1787092969.233077
1787092969.394234
1787092969.554822
1787092969.718271
1787092969.881623
1787092970.040670
1787092970.200079
1787092970.358708
1787092970.521148
1787092970.681950
1787092970.844843
1787092971.005878
1787092971.167369
1787092971.327049
1787092971.487841
1787092971.651623
