1787080584.575918
1787080584.731219
1787080584.885461
1787080585.039802
1787080585.186590
1787080585.342101
1787080585.496541
1787080585.651982
1787080585.802289
1787080585.951810
1787080586.103393
1787080586.255018
1787080586.412323
1787080586.572590
1787080586.729456
1787080586.881695
1787080587.039246
1787080587.191774
1787080587.335888
1787080587.485799
1787080587.636338
1787080587.789976
1787080587.941216
1787080588.091077
1787080588.246303
1787080588.400253
1787080588.562234
1787080588.717990
1787080588.873050
1787080589.028013
1787080589.176993
1787080589.324841
1787080589.479816
1787080589.632949
1787080589.787830
1787080589.943583
1787080590.101568
1787080590.256859
1787080590.414928
1787080590.570082
1787080590.724397
1787080590.881548
1787080591.036998
1787080591.183158
1787080591.338237
1787080591.493631
1787080591.649462
1787080591.799950
1787080591.948311
1787080592.097279
1787080592.246167
1787080592.400066
1787080592.552866
1787080592.700885
1787080592.856409
1787080593.010886
1787080593.163234
1787080593.315454
1787080593.471011
1787080593.620664
1787080593.769634
1787080593.922420
1787080594.073789
1787080594.226252
1787080594.373585
1787080594.519264
1787080594.666897
1787080594.818598
1787080594.972326
1787080595.123648
1787080595.275779
1787080595.426820
1787080595.567288
1787080595.717893
1787080595.869259
1787080596.015202
1787080596.166096
1787080596.317023
1787080596.467724
1787080596.618785
1787080596.771181
1787080596.917197
1787080597.067119
1787080597.217813
1787080597.368092
1787080597.520730
1787080597.673733
1787080597.824566
1787080597.977892
1787080598.128560
1787080598.275307
1787080598.425745
1787080598.579603
1787080598.731623
1787080598.877557
1787080599.029396
1787080599.183009
1787080599.335567
1787080599.488262
1787080599.640695
1787080599.793715
1787080599.948191
1787080600.101337
1787080600.248204
1787080600.393233
1787080600.543221
1787080600.693410
1787080600.844656
1787080600.996630
1787080601.147840
1787080601.301185
1787080601.447602
1787080601.603879
1787080601.756658
1787080601.909179
1787080602.056617
1787080602.203976
1787080602.351045
1787080602.503950
1787080602.656350
1787080602.809911
1787080602.963408
1787080603.109538
1787080603.263377
1787080603.416677
1787080603.570992
1787080603.728595
1787080603.880895
1787080604.035325
1787080604.188060
1787080604.341847
1787080604.495849
1787080604.651179
1787080604.804011
1787080604.957478
1787080605.110426
1787080605.258845
1787080605.414973
1787080605.563641
1787080605.711938
1787080605.867054
1787080606.015192
1787080606.163893
1787080606.319873
1787080606.476740
1787080606.633517
1787080606.789462
1787080606.941458
1787080607.098002
1787080607.252243
1787080607.404191
1787080607.564518
1787080607.723694
1787080607.881587
1787080608.040498
1787080608.204004
1787080608.366181
1787080608.521869
1787080608.679359
1787080608.838279
1787080608.998676
1787080609.152344
1787080609.313048
1787080609.472652
1787080609.632470
1787080609.800014
1787080609.955441
1787080610.114321
1787080610.275019
1787080610.434720
1787080610.595170
1787080610.755636
1787080610.911390
1787080611.067642
1787080611.223722
1787080611.384457
1787080611.540153
1787080611.696110
1787080611.858326
1787080612.017681
1787080612.180450
1787080612.339365
1787080612.502678
1787080612.665104
1787080612.821289
1787080612.984903
1787080613.147527
1787080613.308732
1787080613.473917
1787080613.630102
1787080613.792268
1787080613.948975
1787080614.105966
1787080614.269095
1787080614.427575
1787080614.589987
1787080614.753381
1787080614.917378
1787080615.078950
1787080615.244183
1787080615.410498
1787080615.569449
1787080615.730055
1787080615.894825
1787080616.055399
1787080616.220073
1787080616.382463
1787080616.548836
1787080616.721251
1787080616.894663
1787080617.060506
1787080617.229594
1787080617.401636
1787080617.573324
1787080617.744376
1787080617.911839
1787080618.071957
1787080618.237117
1787080618.396144
1787080618.561813
1787080618.721226
1787080618.881752
1787080619.049816
1787080619.210160
1787080619.376172
1787080619.542665
1787080619.710878
1787080619.875009
1787080620.041255
1787080620.202678
1787080620.370188
1787080620.537994
1787080620.703534
1787080620.868196
1787080621.036808
1787080621.197006
1787080621.353233
1787080621.520359
1787080621.687105
1787080621.854738
1787080622.020935
1787080622.187675
1787080622.356886
1787080622.516411
1787080622.685270
1787080622.851368
1787080623.013108
1787080623.175009
1787080623.342580
1787080623.512804
1787080623.674832
1787080623.844972
1787080624.012259
1787080624.182579
1787080624.352787
1787080624.521658
1787080624.690545
1787080624.852626
1787080625.019380
1787080625.187257
1787080625.354765
1787080625.520420
1787080625.684543
1787080625.852034
1787080626.019609
1787080626.186823
1787080626.355047
1787080626.522933
1787080626.688793
1787080626.856630
1787080627.023974
1787080627.191592
1787080627.359595
1787080627.518706
1787080627.683716
1787080627.852122
1787080628.013874
1787080628.181510
1787080628.347644
1787080628.515033
1787080628.681708
1787080628.842798
1787080629.007526
1787080629.169865
1787080629.338555
1787080629.506746
1787080629.677175
1787080629.845873
1787080630.010123
1787080630.179325
1787080630.348363
1787080630.517790
1787080630.687358
1787080630.850009
1787080631.016714
1787080631.178846
1787080631.340816
1787080631.509708
1787080631.679239
1787080631.852394
1787080632.020542
1787080632.190711
1787080632.360090
1787080632.528049
1787080632.694974
1787080632.860299
1787080633.025937
1787080633.193239
1787080633.363262
1787080633.528011
1787080633.696102
1787080633.864518
1787080634.026215
1787080634.197301
1787080634.365636
1787080634.533118
1787080634.701247
1787080634.871874
1787080635.044997
1787080635.212230
1787080635.380075
1787080635.547754
1787080635.710711
1787080635.880831
1787080636.050688
1787080636.220573
1787080636.381783
1787080636.552048
1787080636.718225
1787080636.881082
1787080637.050363
1787080637.219427
1787080637.390607
1787080637.560611
1787080637.730856
1787080637.902692
1787080638.074585
1787080638.244769
1787080638.418453
1787080638.591916
1787080638.763209
1787080638.931003
1787080639.097095
1787080639.268272
1787080639.445380
1787080639.619716
1787080639.793233
1787080639.968176
1787080640.132398
1787080640.296763
1787080640.462608
1787080640.634076
1787080640.802145
1787080640.968065
1787080641.141805
1787080641.318907
1787080641.492540
1787080641.659055
1787080641.831842
1787080642.002858
1787080642.167650
1787080642.338557
1787080642.502578
1787080642.674240
1787080642.844087
1787080643.015857
1787080643.186965
1787080643.356505
1787080643.527497
1787080643.695616
1787080643.867236
1787080644.031801
1787080644.199210
1787080644.374381
1787080644.543054
1787080644.716146
1787080644.891377
1787080645.056320
1787080645.220895
1787080645.391924
1787080645.564335
1787080645.737644
1787080645.908581
1787080646.075164
1787080646.248731
1787080646.412705
1787080646.585385
1787080646.758135
1787080646.929767
1787080647.101859
1787080647.274096
1787080647.447800
1787080647.621594
1787080647.794105
1787080647.966606
1787080648.138775
1787080648.307526
1787080648.477567
1787080648.645956
1787080648.818350
1787080648.990808
1787080649.167089
1787080649.338742
1787080649.511719
1787080649.678780
1787080649.850112
1787080650.022449
1787080650.195853
1787080650.364759
1787080650.538244
1787080650.711533
1787080650.881639
1787080651.051028
1787080651.222746
1787080651.392027
1787080651.560653
1787080651.732754
1787080651.898445
1787080652.064929
1787080652.236423
1787080652.408364
1787080652.580608
1787080652.750967
1787080652.922977
1787080653.094589
1787080653.267485
1787080653.440006
1787080653.611395
1787080653.777160
1787080653.949230
1787080654.115483
1787080654.287353
1787080654.459991
1787080654.631302
1787080654.805044
1787080654.978440
1787080655.156120
1787080655.322115
1787080655.488886
1787080655.665682
1787080655.844105
1787080656.010129
1787080656.178909
1787080656.350611
1787080656.518455
1787080656.684297
1787080656.854591
1787080657.024774
1787080657.196990
1787080657.369901
1787080657.537022
1787080657.703789
1787080657.877809
1787080658.048481
1787080658.216629
1787080658.384691
1787080658.553586
1787080658.729016
1787080658.904032
1787080659.078659
1787080659.256681
1787080659.431022
1787080659.609271
1787080659.789040
1787080659.968996
1787080660.145980
1787080660.322757
1787080660.500935
1787080660.679468
1787080660.856627
1787080661.031960
1787080661.209540
1787080661.385828
1787080661.552831
1787080661.729194
1787080661.906229
1787080662.082989
1787080662.255953
1787080662.426444
1787080662.598620
1787080662.774641
1787080662.947871
1787080663.119949
1787080663.297407
1787080663.478080
1787080663.649178
1787080663.820776
1787080663.992898
1787080664.166517
1787080664.340511
1787080664.514788
1787080664.688078
1787080664.862106
1787080665.031816
1787080665.205557
1787080665.377795
1787080665.552569
1787080665.725214
1787080665.900893
1787080666.075162
1787080666.249484
1787080666.423174
1787080666.599318
1787080666.774721
1787080666.949041
1787080667.124767
1787080667.300798
1787080667.474236
1787080667.645801
1787080667.820850
1787080667.999350
1787080668.175315
1787080668.354892
1787080668.525398
1787080668.700525
1787080668.874490
1787080669.050604
1787080669.225968
1787080669.402251
1787080669.576911
1787080669.751740
1787080669.927778
1787080670.104863
1787080670.276953
1787080670.453986
1787080670.631327
1787080670.805527
1787080670.981294
1787080671.151747
1787080671.343738
1787080671.514992
1787080671.691714
1787080671.877622
1787080672.054510
1787080672.236928
1787080672.409607
1787080672.580861
1787080672.754593
1787080672.927233
1787080673.100795
1787080673.273076
1787080673.443413
1787080673.616908
1787080673.790603
1787080673.962892
1787080674.130777
1787080674.297257
1787080674.475148
1787080674.651210
1787080674.822738
1787080674.994233
1787080675.167616
1787080675.344062
1787080675.514821
1787080675.686102
1787080675.860108
1787080676.033392
1787080676.212012
1787080676.388922
1787080676.562651
1787080676.734933
1787080676.907853
1787080677.082613
1787080677.255104
1787080677.427605
1787080677.595356
1787080677.771523
1787080677.942922
1787080678.114068
1787080678.281152
1787080678.454613
1787080678.625799
1787080678.798785
1787080678.972099
1787080679.143033
1787080679.314580
1787080679.485620
1787080679.657801
1787080679.825258
1787080679.997153
1787080680.172209
1787080680.344006
1787080680.515507
1787080680.680961
1787080680.850468
1787080681.022153
1787080681.187008
1787080681.356520
1787080681.529939
1787080681.708030
1787080681.887545
1787080682.066646
1787080682.243181
1787080682.419694
1787080682.593786
1787080682.767877
1787080682.946036
1787080683.121053
1787080683.295949
1787080683.471065
1787080683.639651
1787080683.813521
1787080683.986744
1787080684.162378
1787080684.329407
1787080684.495235
1787080684.663622
1787080684.834003
1787080685.005462
1787080685.174428
1787080685.346348
1787080685.517982
1787080685.681360
1787080685.852659
1787080686.024537
1787080686.194872
1787080686.361407
1787080686.526130
1787080686.691904
1787080686.856220
1787080687.025074
1787080687.195654
1787080687.367309
1787080687.535861
1787080687.706592
1787080687.875059
1787080688.043328
1787080688.207658
1787080688.377584
1787080688.546831
1787080688.718116
1787080688.885840
1787080689.050711
1787080689.220426
1787080689.391220
1787080689.563086
1787080689.731294
1787080689.899841
1787080690.069827
1787080690.239522
1787080690.403346
1787080690.572119
1787080690.741086
1787080690.911316
1787080691.082886
1787080691.255669
1787080691.424792
1787080691.594582
1787080691.763989
1787080691.939413
1787080692.127382
1787080692.290835
1787080692.467365
1787080692.642015
1787080692.816661
1787080692.991790
1787080693.164300
1787080693.334735
1787080693.502336
1787080693.673823
1787080693.848935
1787080694.022848
1787080694.193551
1787080694.372262
1787080694.547731
1787080694.724160
1787080694.895516
1787080695.059848
1787080695.235496
1787080695.413592
1787080695.588454
1787080695.757973
1787080695.933214
1787080696.109722
1787080696.287670
1787080696.461637
1787080696.635974
1787080696.811260
1787080696.988302
1787080697.163543
1787080697.340878
1787080697.516177
1787080697.693873
1787080697.868198
1787080698.041623
1787080698.213470
1787080698.387819
1787080698.562932
1787080698.731352
1787080698.908300
1787080699.085059
1787080699.258383
1787080699.431195
1787080699.604694
1787080699.780139
1787080699.948282
1787080700.126246
1787080700.297708
1787080700.471739
1787080700.642968
1787080700.813479
1787080700.987866
1787080701.156179
1787080701.329986
1787080701.506726
1787080701.673636
1787080701.845713
1787080702.018813
1787080702.193626
1787080702.367746
1787080702.541369
1787080702.713002
1787080702.886070
1787080703.056796
1787080703.226238
1787080703.398649
1787080703.571872
1787080703.741321
1787080703.908750
1787080704.081986
1787080704.255483
1787080704.421643
1787080704.595228
1787080704.765997
1787080704.936764
1787080705.109908
1787080705.282111
1787080705.453682
1787080705.625803
1787080705.801101
1787080705.973713
1787080706.146463
1787080706.322520
1787080706.497708
1787080706.674154
1787080706.849106
1787080707.024599
1787080707.199252
1787080707.375487
1787080707.542606
1787080707.717358
1787080707.890843
1787080708.064671
1787080708.236991
1787080708.409801
1787080708.582786
1787080708.756680
1787080708.927146
1787080709.101174
1787080709.275095
1787080709.445967
1787080709.622284
1787080709.792430
1787080709.965381
1787080710.140265
1787080710.314903
1787080710.482169
1787080710.655630
1787080710.828433
1787080711.001942
1787080711.170089
1787080711.344419
1787080711.518521
1787080711.690983
1787080711.867261
1787080712.040492
1787080712.214304
1787080712.389621
1787080712.559028
1787080712.730765
1787080712.903181
1787080713.075970
1787080713.249624
1787080713.423486
1787080713.596551
1787080713.768288
1787080713.934973
1787080714.109559
1787080714.277897
1787080714.451317
1787080714.621815
1787080714.795536
1787080714.968575
1787080715.140855
1787080715.307602
1787080715.481088
1787080715.653544
1787080715.820374
1787080715.993731
1787080716.165589
1787080716.335776
1787080716.508942
1787080716.681214
1787080716.851115
1787080717.025717
1787080717.202012
1787080717.370914
1787080717.547406
1787080717.725967
1787080717.893882
1787080718.068182
1787080718.238616
1787080718.402566
1787080718.575919
1787080718.749760
1787080718.913755
1787080719.087250
1787080719.262122
1787080719.429199
1787080719.601975
1787080719.774961
1787080719.947234
1787080720.120053
1787080720.291148
1787080720.464640
1787080720.639852
1787080720.810917
1787080720.977459
1787080721.150338
1787080721.322051
1787080721.488941
1787080721.661592
1787080721.826322
1787080721.991587
1787080722.164508
1787080722.334078
1787080722.505220
1787080722.678589
1787080722.844704
1787080723.017770
1787080723.189873
1787080723.355259
1787080723.526760
1787080723.702180
1787080723.867587
1787080724.038107
1787080724.209830
1787080724.375080
1787080724.547133
1787080724.719437
1787080724.884799
1787080725.062236
1787080725.236829
1787080725.407925
1787080725.581532
1787080725.748626
1787080725.919118
1787080726.090448
1787080726.259408
1787080726.432410
1787080726.607752
1787080726.777728
1787080726.949610
1787080727.120625
1787080727.292792
1787080727.458365
1787080727.628392
1787080727.796517
1787080727.968962
1787080728.144511
1787080728.311601
1787080728.479117
1787080728.651836
1787080728.823463
1787080728.996218
1787080729.165806
1787080729.337140
1787080729.509474
1787080729.683075
1787080729.857066
1787080730.029612
1787080730.200106
1787080730.366141
1787080730.543063
1787080730.714582
1787080730.884246
1787080731.059528
1787080731.232021
1787080731.402189
1787080731.570851
1787080731.737007
1787080731.902318
1787080732.073303
1787080732.243692
1787080732.408354
1787080732.581342
1787080732.753088
1787080732.916792
1787080733.088375
1787080733.253934
1787080733.425852
1787080733.596538
1787080733.765723
1787080733.936097
1787080734.109919
1787080734.275339
1787080734.439639
1787080734.609240
1787080734.779495
1787080734.951320
1787080735.114662
1787080735.278842
1787080735.447138
1787080735.618026
1787080735.789473
1787080735.959982
1787080736.134934
1787080736.302016
1787080736.474047
1787080736.643194
1787080736.814893
1787080736.983877
1787080737.152156
1787080737.322279
1787080737.494019
1787080737.663244
1787080737.833799
1787080738.002730
1787080738.172272
1787080738.337936
1787080738.506672
1787080738.674983
1787080738.844172
1787080739.007498
1787080739.177458
1787080739.340333
1787080739.509088
1787080739.677155
1787080739.839582
1787080740.006641
1787080740.171696
1787080740.343138
1787080740.513013
1787080740.685589
1787080740.854469
1787080741.023929
1787080741.193138
1787080741.363806
1787080741.533293
1787080741.701798
1787080741.866419
1787080742.030778
1787080742.199350
1787080742.370630
1787080742.542806
1787080742.716380
1787080742.889368
1787080743.055343
1787080743.228227
1787080743.398992
1787080743.573264
1787080743.742149
1787080743.912084
1787080744.079928
1787080744.252104
1787080744.423398
1787080744.596837
1787080744.765644
1787080744.939975
1787080745.105017
1787080745.270399
1787080745.442873
1787080745.614649
1787080745.785633
1787080745.955882
1787080746.127204
1787080746.294551
1787080746.463979
1787080746.631584
1787080746.800872
1787080746.970624
1787080747.133872
1787080747.304062
1787080747.473226
1787080747.643665
1787080747.813822
1787080747.985175
1787080748.154359
1787080748.323989
1787080748.484821
1787080748.654599
1787080748.822264
1787080748.991817
1787080749.161562
1787080749.328686
1787080749.498096
1787080749.668041
1787080749.831676
1787080750.002056
1787080750.170480
1787080750.339086
1787080750.508530
1787080750.677882
1787080750.852422
1787080751.019358
1787080751.189667
1787080751.359282
1787080751.530476
1787080751.701669
1787080751.863505
1787080752.026410
1787080752.198095
1787080752.362172
1787080752.531392
1787080752.699538
1787080752.869383
1787080753.038167
1787080753.204713
1787080753.372720
1787080753.541934
1787080753.709523
1787080753.878264
1787080754.045959
1787080754.213795
1787080754.382018
1787080754.550095
1787080754.720315
1787080754.887540
1787080755.049527
1787080755.216917
1787080755.386718
1787080755.555354
1787080755.721731
1787080755.891781
1787080756.060677
1787080756.231137
1787080756.400007
1787080756.569239
1787080756.737609
1787080756.905898
1787080757.074618
1787080757.236278
1787080757.406800
1787080757.576217
1787080757.744257
1787080757.911124
1787080758.081220
1787080758.243813
1787080758.406269
1787080758.574618
1787080758.736720
1787080758.902735
1787080759.073110
1787080759.244669
1787080759.406930
1787080759.576386
1787080759.737936
1787080759.905961
1787080760.078085
1787080760.244481
1787080760.411077
1787080760.583553
1787080760.751267
1787080760.918163
1787080761.084839
1787080761.253332
1787080761.421573
1787080761.589671
1787080761.757960
1787080761.919090
1787080762.085231
1787080762.252558
1787080762.420600
1787080762.588367
1787080762.754612
1787080762.920681
1787080763.088065
1787080763.250794
1787080763.419019
1787080763.588521
1787080763.751209
1787080763.918509
1787080764.081898
1787080764.248319
1787080764.410946
1787080764.578955
1787080764.741207
1787080764.909245
1787080765.072025
1787080765.237493
1787080765.399222
1787080765.564890
1787080765.733457
1787080765.899975
1787080766.072176
1787080766.241299
1787080766.408357
1787080766.581128
1787080766.751273
1787080766.919743
1787080767.088902
1787080767.256648
1787080767.423548
1787080767.590788
1787080767.760254
1787080767.930925
1787080768.101247
1787080768.270382
1787080768.439858
1787080768.610089
1787080768.775296
1787080768.943833
1787080769.112318
1787080769.277616
1787080769.442905
1787080769.607482
1787080769.779653
1787080769.941982
1787080770.105828
1787080770.272929
1787080770.441375
1787080770.608102
1787080770.779370
1787080770.949105
1787080771.117995
1787080771.288029
1787080771.456162
1787080771.623694
1787080771.791990
1787080771.958445
1787080772.126996
1787080772.295927
1787080772.464206
1787080772.631406
1787080772.799220
1787080772.969085
1787080773.136309
1787080773.302654
1787080773.470893
1787080773.642300
1787080773.804483
1787080773.972255
1787080774.142143
1787080774.310028
1787080774.477302
1787080774.638120
1787080774.808555
1787080774.969677
1787080775.130267
1787080775.292578
1787080775.461593
1787080775.629803
1787080775.798584
1787080775.965328
1787080776.133383
1787080776.303920
1787080776.471115
1787080776.638968
1787080776.812422
1787080776.979811
1787080777.146640
1787080777.315106
1787080777.482929
1787080777.652637
1787080777.819038
1787080777.984724
1787080778.152696
1787080778.319583
1787080778.486591
1787080778.654958
1787080778.821710
1787080778.990417
1787080779.156064
1787080779.324154
1787080779.491049
1787080779.659930
1787080779.828140
1787080779.996628
1787080780.165215
1787080780.334697
1787080780.501767
1787080780.669873
1787080780.835250
1787080780.998866
1787080781.164149
1787080781.325410
1787080781.492378
1787080781.659506
1787080781.829040
1787080781.992764
1787080782.160174
1787080782.331615
1787080782.498689
1787080782.665653
1787080782.826953
1787080782.994455
1787080783.158797
1787080783.325055
1787080783.491542
1787080783.660756
1787080783.829026
1787080783.997290
1787080784.160369
1787080784.330273
1787080784.496375
1787080784.664198
1787080784.831882
1787080784.998985
1787080785.166321
1787080785.329140
1787080785.499133
1787080785.667223
1787080785.832641
1787080786.002918
1787080786.164389
1787080786.332339
1787080786.501777
1787080786.672045
1787080786.839078
1787080787.010676
1787080787.179973
1787080787.350181
1787080787.513411
1787080787.685932
1787080787.852314
1787080788.023856
1787080788.192056
1787080788.354749
1787080788.524508
1787080788.694279
1787080788.864213
1787080789.034570
1787080789.203341
1787080789.373354
1787080789.542380
1787080789.712110
1787080789.882592
1787080790.051843
1787080790.222842
1787080790.393459
1787080790.563056
1787080790.732670
1787080790.902229
1787080791.071305
1787080791.244526
1787080791.412938
1787080791.580628
1787080791.753066
1787080791.919863
1787080792.080827
1787080792.254526
1787080792.427824
1787080792.597112
1787080792.764014
1787080792.934361
1787080793.098555
1787080793.269541
1787080793.441487
1787080793.610203
1787080793.781492
1787080793.951550
1787080794.114916
1787080794.285209
1787080794.452376
1787080794.622785
1787080794.793935
1787080794.964102
1787080795.135571
1787080795.306245
1787080795.476808
1787080795.648729
1787080795.820691
1787080795.989986
1787080796.154856
1787080796.326265
1787080796.494617
1787080796.666694
1787080796.837611
1787080797.008776
1787080797.183186
1787080797.354577
1787080797.524554
1787080797.691889
1787080797.862622
1787080798.038325
1787080798.202245
1787080798.365795
1787080798.537276
1787080798.712383
1787080798.883049
1787080799.053504
1787080799.224938
1787080799.396011
1787080799.566791
1787080799.738447
1787080799.903867
1787080800.080162
1787080800.244434
1787080800.410645
1787080800.580327
1787080800.744589
1787080800.916192
1787080801.089007
1787080801.259364
1787080801.431350
1787080801.603837
1787080801.773412
1787080801.945796
1787080802.109900
1787080802.281247
1787080802.451562
1787080802.623184
1787080802.792991
1787080802.964064
1787080803.135289
1787080803.303680
1787080803.473836
1787080803.643844
1787080803.814301
1787080803.983679
1787080804.154160
1787080804.324422
1787080804.493921
1787080804.665977
1787080804.830104
1787080804.999453
1787080805.167808
1787080805.332906
1787080805.503811
1787080805.673045
1787080805.843986
1787080806.016656
1787080806.187362
1787080806.359121
1787080806.530825
1787080806.694371
1787080806.865500
1787080807.038685
1787080807.202696
1787080807.370367
1787080807.539185
1787080807.711913
1787080807.883927
1787080808.053088
1787080808.218116
1787080808.387144
1787080808.556300
1787080808.727490
1787080808.898292
1787080809.067343
1787080809.239442
1787080809.410035
1787080809.574978
1787080809.741835
1787080809.911602
1787080810.076475
1787080810.244112
1787080810.407923
1787080810.581371
1787080810.752261
1787080810.918572
1787080811.091301
1787080811.256617
1787080811.430074
1787080811.602788
1787080811.776070
1787080811.944532
1787080812.118421
1787080812.277368
1787080812.449839
1787080812.615586
1787080812.786920
1787080812.958857
1787080813.124638
1787080813.295904
1787080813.468551
1787080813.635783
1787080813.806567
1787080813.974540
1787080814.144769
1787080814.311284
1787080814.484055
1787080814.657585
1787080814.828996
1787080814.995791
1787080815.166812
1787080815.342692
1787080815.509072
1787080815.679335
1787080815.851080
1787080816.018509
1787080816.188321
1787080816.360181
1787080816.530333
1787080816.702691
1787080816.876702
1787080817.048031
1787080817.223339
1787080817.396515
1787080817.568081
1787080817.739099
1787080817.910503
1787080818.083746
1787080818.254606
1787080818.425551
1787080818.597831
1787080818.770679
1787080818.941678
1787080819.112780
1787080819.284401
1787080819.457963
1787080819.622807
1787080819.795253
1787080819.967170
1787080820.142651
1787080820.308546
1787080820.477801
1787080820.649475
1787080820.815724
1787080820.990029
1787080821.159353
1787080821.331673
1787080821.503314
1787080821.676170
1787080821.848854
1787080822.016618
1787080822.198698
1787080822.370148
1787080822.546826
1787080822.722087
1787080822.888131
1787080823.061031
1787080823.226833
1787080823.401069
1787080823.572231
1787080823.746191
1787080823.918185
1787080824.095518
1787080824.275699
1787080824.450815
1787080824.626387
1787080824.800295
1787080824.967096
1787080825.141743
1787080825.316022
1787080825.488162
1787080825.665256
1787080825.833110
1787080826.007801
1787080826.181048
1787080826.354183
1787080826.522099
1787080826.691238
1787080826.864468
1787080827.032107
1787080827.206474
1787080827.378433
1787080827.546888
1787080827.723159
1787080827.899897
1787080828.076072
1787080828.250292
1787080828.422536
1787080828.590616
1787080828.765758
1787080828.940187
1787080829.114017
1787080829.284697
1787080829.458088
1787080829.625488
1787080829.792720
1787080829.966381
1787080830.139354
1787080830.311213
1787080830.484856
1787080830.659170
1787080830.834332
1787080831.005476
1787080831.178851
1787080831.341272
1787080831.514751
1787080831.693020
1787080831.866929
1787080832.041613
1787080832.216581
1787080832.391334
1787080832.562765
1787080832.729581
1787080832.905028
1787080833.079345
1787080833.246521
1787080833.415323
1787080833.589275
1787080833.755353
1787080833.926322
1787080834.098755
1787080834.268430
1787080834.434394
1787080834.602740
1787080834.774180
1787080834.945768
1787080835.113974
1787080835.284019
1787080835.449130
1787080835.615638
1787080835.784818
1787080835.953817
1787080836.118880
1787080836.290277
1787080836.456333
1787080836.628571
1787080836.800515
1787080836.970627
1787080837.136529
1787080837.310518
1787080837.480682
1787080837.653001
1787080837.826603
1787080838.000351
1787080838.164424
1787080838.336499
1787080838.510789
1787080838.677032
1787080838.849971
1787080839.024792
1787080839.198310
1787080839.371037
1787080839.537223
1787080839.711174
1787080839.883878
1787080840.054743
1787080840.229256
1787080840.402704
1787080840.567455
1787080840.739918
1787080840.913468
1787080841.088390
1787080841.260308
1787080841.433183
1787080841.606938
1787080841.779637
1787080841.951252
1787080842.119143
1787080842.292708
1787080842.461332
1787080842.637189
1787080842.805481
1787080842.975740
1787080843.144303
1787080843.322500
1787080843.496535
1787080843.674501
1787080843.848311
1787080844.015029
1787080844.187730
1787080844.361339
1787080844.532703
1787080844.698659
1787080844.872376
1787080845.046259
1787080845.217513
1787080845.388869
1787080845.562584
1787080845.735476
1787080845.906744
1787080846.077443
1787080846.247559
1787080846.419596
1787080846.591370
1787080846.763883
1787080846.936707
1787080847.102464
1787080847.275104
1787080847.447999
1787080847.618808
1787080847.792520
1787080847.963116
1787080848.136277
1787080848.306711
1787080848.479165
1787080848.654193
1787080848.821150
1787080848.994952
1787080849.166831
1787080849.339620
1787080849.514716
1787080849.682770
1787080849.854691
1787080850.026153
1787080850.196846
1787080850.371988
1787080850.543591
1787080850.716022
1787080850.885151
1787080851.055464
1787080851.226581
1787080851.399611
1787080851.571824
1787080851.743330
1787080851.914993
1787080852.087600
1787080852.259215
1787080852.431381
1787080852.601750
1787080852.772385
1787080852.944558
1787080853.114604
1787080853.284524
1787080853.454791
1787080853.625025
1787080853.794481
