1787075049.490104
1787075049.637817
1787075049.783748
1787075049.930954
1787075050.076504
1787075050.222376
1787075050.370973
1787075050.519402
1787075050.666909
1787075050.830960
1787075050.982032
1787075051.135218
1787075051.284424
1787075051.443543
1787075051.597270
1787075051.747431
1787075051.897602
1787075052.047249
1787075052.195725
1787075052.345151
1787075052.494986
1787075052.645011
1787075052.796743
1787075052.960131
1787075053.122579
1787075053.280190
1787075053.436787
1787075053.590801
1787075053.740081
1787075053.886755
1787075054.034656
1787075054.183450
1787075054.331496
1787075054.479351
1787075054.627187
1787075054.771758
1787075054.932804
1787075055.092804
1787075055.249870
1787075055.406903
1787075055.567482
1787075055.716749
1787075055.863917
1787075056.011758
1787075056.162104
1787075056.308764
1787075056.454538
1787075056.602368
1787075056.749277
1787075056.896173
1787075057.046135
1787075057.205143
1787075057.363755
1787075057.522357
1787075057.669058
1787075057.814547
1787075057.962225
1787075058.109293
1787075058.255984
1787075058.414600
1787075058.564743
1787075058.720693
1787075058.876848
1787075059.028529
1787075059.175175
1787075059.322045
1787075059.475799
1787075059.629309
1787075059.776146
1787075059.921792
1787075060.067806
1787075060.214205
1787075060.360160
1787075060.511809
1787075060.662043
1787075060.813926
1787075060.960371
1787075061.115141
1787075061.260333
1787075061.410780
1787075061.560339
1787075061.709621
1787075061.860077
1787075062.011510
1787075062.158489
1787075062.305063
1787075062.450801
1787075062.594992
1787075062.748209
1787075062.900677
1787075063.044063
1787075063.187311
1787075063.336787
1787075063.482930
1787075063.626032
1787075063.773200
1787075063.920645
1787075064.065369
1787075064.211307
1787075064.370919
1787075064.516939
1787075064.670089
1787075064.815856
1787075064.963549
1787075065.109821
1787075065.255878
1787075065.405979
1787075065.559580
1787075065.712007
1787075065.863794
1787075066.015300
1787075066.164035
1787075066.308959
1787075066.462019
1787075066.614467
1787075066.768681
1787075066.921075
1787075067.075102
1787075067.229624
1787075067.385995
1787075067.539438
1787075067.687783
1787075067.837137
1787075067.994466
1787075068.149914
1787075068.297921
1787075068.451686
1787075068.601681
1787075068.756134
1787075068.909392
1787075069.062317
1787075069.214633
1787075069.370743
1787075069.519251
1787075069.671828
1787075069.826089
1787075069.979325
1787075070.134558
1787075070.287917
1787075070.444554
1787075070.597366
1787075070.750306
1787075070.899153
1787075071.048939
1787075071.203820
1787075071.359601
1787075071.513721
1787075071.668683
1787075071.826089
1787075071.979770
1787075072.129757
1787075072.284816
1787075072.440825
1787075072.597881
1787075072.760531
1787075072.917841
1787075073.075845
1787075073.234868
1787075073.392984
1787075073.551596
1787075073.711823
1787075073.870375
1787075074.028139
1787075074.182497
1787075074.344608
1787075074.503838
1787075074.663596
1787075074.827683
1787075074.987991
1787075075.143776
1787075075.306304
1787075075.466845
1787075075.628740
1787075075.793963
1787075075.956700
1787075076.118484
1787075076.281594
1787075076.443386
1787075076.606759
1787075076.770421
1787075076.931765
1787075077.094236
1787075077.256934
1787075077.422144
1787075077.586025
1787075077.748716
1787075077.906661
1787075078.074293
1787075078.238797
1787075078.405121
1787075078.564306
1787075078.729017
1787075078.894882
1787075079.060549
1787075079.227314
1787075079.395489
1787075079.566159
1787075079.725166
1787075079.892118
1787075080.054725
1787075080.221810
1787075080.388804
1787075080.554797
1787075080.723112
1787075080.884614
1787075081.049840
1787075081.215832
1787075081.381990
1787075081.548698
1787075081.714991
1787075081.882670
1787075082.050801
1787075082.211477
1787075082.378773
1787075082.546058
1787075082.711911
1787075082.877718
1787075083.043531
1787075083.207206
1787075083.377033
1787075083.536487
1787075083.706579
1787075083.865654
1787075084.032861
1787075084.198118
1787075084.368919
1787075084.530704
1787075084.698553
1787075084.870543
1787075085.032912
1787075085.201990
1787075085.370167
1787075085.540713
1787075085.707807
1787075085.875348
1787075086.037170
1787075086.208183
1787075086.374675
1787075086.542110
1787075086.705079
1787075086.873083
1787075087.042160
1787075087.204557
1787075087.367083
1787075087.532930
1787075087.694440
1787075087.860828
1787075088.029593
1787075088.196182
1787075088.363748
1787075088.534180
1787075088.698474
1787075088.867001
1787075089.036405
1787075089.199804
1787075089.362192
1787075089.531412
1787075089.700696
1787075089.870718
1787075090.040015
1787075090.207637
1787075090.377760
1787075090.545632
1787075090.716009
1787075090.886596
1787075091.049789
1787075091.213268
1787075091.380798
1787075091.550733
1787075091.720056
1787075091.889062
1787075092.061038
1787075092.230700
1787075092.396931
1787075092.564950
1787075092.737155
1787075092.905206
1787075093.073111
1787075093.242084
1787075093.412822
1787075093.578783
1787075093.745297
1787075093.915007
1787075094.082213
1787075094.249568
1787075094.419372
1787075094.587848
1787075094.757007
1787075094.927337
1787075095.094515
1787075095.257424
1787075095.425130
1787075095.591850
1787075095.760769
1787075095.927763
1787075096.096500
1787075096.266711
1787075096.437411
1787075096.607222
1787075096.774982
1787075096.942508
1787075097.112534
1787075097.279619
1787075097.449295
1787075097.620034
1787075097.788774
1787075097.959743
1787075098.124347
1787075098.294871
1787075098.464733
1787075098.632535
1787075098.801652
1787075098.969977
1787075099.142428
1787075099.315189
1787075099.486332
1787075099.659524
1787075099.832749
1787075100.002824
1787075100.170507
1787075100.334320
1787075100.500557
1787075100.670140
1787075100.840566
1787075101.011328
1787075101.178451
1787075101.347033
1787075101.517210
1787075101.691986
1787075101.861048
1787075102.024252
1787075102.193469
1787075102.362813
1787075102.532434
1787075102.700539
1787075102.867445
1787075103.037786
1787075103.205908
1787075103.377722
1787075103.548985
1787075103.716702
1787075103.884080
1787075104.051591
1787075104.214537
1787075104.385166
1787075104.555062
1787075104.720413
1787075104.893853
1787075105.063862
1787075105.233418
1787075105.396573
1787075105.562632
1787075105.734635
1787075105.905596
1787075106.075591
1787075106.248048
1787075106.420421
1787075106.584985
1787075106.755382
1787075106.924277
1787075107.094130
1787075107.259517
1787075107.428744
1787075107.602322
1787075107.766987
1787075107.937964
1787075108.106488
1787075108.278263
1787075108.447231
1787075108.612360
1787075108.783226
1787075108.951272
1787075109.123961
1787075109.299281
1787075109.466057
1787075109.640706
1787075109.816190
1787075109.988375
1787075110.160503
1787075110.332278
1787075110.507346
1787075110.678440
1787075110.849511
1787075111.020194
1787075111.187865
1787075111.357991
1787075111.525396
1787075111.693316
1787075111.864446
1787075112.037644
1787075112.197640
1787075112.366529
1787075112.535033
1787075112.705060
1787075112.870456
1787075113.039156
1787075113.203614
1787075113.373155
1787075113.541598
1787075113.710961
1787075113.879581
1787075114.042441
1787075114.206232
1787075114.375087
1787075114.547048
1787075114.711457
1787075114.883780
1787075115.050733
1787075115.221048
1787075115.391237
1787075115.562858
1787075115.734732
1787075115.906037
1787075116.081558
1787075116.252061
1787075116.418919
1787075116.588817
1787075116.757836
1787075116.920373
1787075117.090931
1787075117.264168
1787075117.434660
1787075117.606266
1787075117.777903
1787075117.942667
1787075118.116530
1787075118.289256
1787075118.462831
1787075118.635393
1787075118.810641
1787075118.977415
1787075119.149654
1787075119.321507
1787075119.495058
1787075119.668360
1787075119.841137
1787075120.018239
1787075120.191698
1787075120.364306
1787075120.535484
1787075120.705162
1787075120.872906
1787075121.044837
1787075121.210199
1787075121.379520
1787075121.550913
1787075121.719648
1787075121.889215
1787075122.060083
1787075122.225001
1787075122.393920
1787075122.563878
1787075122.733239
1787075122.901411
1787075123.071892
1787075123.242703
1787075123.407703
1787075123.577388
1787075123.745880
1787075123.908365
1787075124.076753
1787075124.248299
1787075124.418307
1787075124.588588
1787075124.761357
1787075124.931503
1787075125.100814
1787075125.269500
1787075125.438137
1787075125.606670
1787075125.774801
1787075125.944208
1787075126.116515
1787075126.285011
1787075126.453688
1787075126.625355
1787075126.792114
1787075126.962088
1787075127.130897
1787075127.303138
1787075127.467955
1787075127.644172
1787075127.815906
1787075127.987361
1787075128.156807
1787075128.331731
1787075128.501453
1787075128.672072
1787075128.842961
1787075129.013341
1787075129.185367
1787075129.357542
1787075129.530998
1787075129.702757
1787075129.873345
1787075130.038682
1787075130.210537
1787075130.380552
1787075130.552945
1787075130.725098
1787075130.895870
1787075131.065343
1787075131.235174
1787075131.403707
1787075131.573745
1787075131.745712
1787075131.914891
1787075132.083215
1787075132.253085
1787075132.422810
1787075132.593086
1787075132.763492
1787075132.932819
1787075133.101997
1787075133.267772
1787075133.437770
1787075133.607803
1787075133.779222
1787075133.947425
1787075134.118188
1787075134.290142
1787075134.462266
1787075134.633536
1787075134.807338
1787075134.982242
1787075135.156336
1787075135.326133
1787075135.499235
1787075135.670937
1787075135.842462
1787075136.014274
1787075136.185987
1787075136.360441
1787075136.533011
1787075136.704159
1787075136.879862
1787075137.053366
1787075137.226372
1787075137.396700
1787075137.569197
1787075137.742107
1787075137.913459
1787075138.078506
1787075138.254813
1787075138.427966
1787075138.599870
1787075138.765690
1787075138.938778
1787075139.106302
1787075139.281158
1787075139.452954
1787075139.627792
1787075139.795197
1787075139.972218
1787075140.148937
1787075140.325590
1787075140.503408
1787075140.682985
1787075140.862094
1787075141.033597
1787075141.212840
1787075141.387335
1787075141.558985
1787075141.733701
1787075141.905263
1787075142.072066
1787075142.246245
1787075142.419522
1787075142.592200
1787075142.763261
1787075142.936859
1787075143.110216
1787075143.284225
1787075143.454875
1787075143.629484
1787075143.802339
1787075143.974935
1787075144.145718
1787075144.319921
1787075144.494031
1787075144.664663
1787075144.831859
1787075145.004287
1787075145.174436
1787075145.345312
1787075145.511471
1787075145.685983
1787075145.850731
1787075146.022136
1787075146.194887
1787075146.361192
1787075146.526492
1787075146.696896
1787075146.867787
1787075147.039895
1787075147.210629
1787075147.382052
1787075147.552277
1787075147.722626
1787075147.891407
1787075148.055131
1787075148.221993
1787075148.386642
1787075148.549000
1787075148.721785
1787075148.893115
1787075149.057081
1787075149.228630
1787075149.391092
1787075149.562823
1787075149.732059
1787075149.902590
1787075150.075398
1787075150.247039
1787075150.420811
1787075150.585985
1787075150.751194
1787075150.916789
1787075151.086864
1787075151.257171
1787075151.430759
1787075151.601951
1787075151.773960
1787075151.942238
1787075152.114099
1787075152.284937
1787075152.449547
1787075152.619822
1787075152.790988
1787075152.961547
1787075153.133057
1787075153.304385
1787075153.467083
1787075153.643417
1787075153.823921
1787075153.997145
1787075154.167149
1787075154.343961
1787075154.526626
1787075154.701406
1787075154.875275
1787075155.050019
1787075155.223882
1787075155.400574
1787075155.570545
1787075155.745959
1787075155.923579
1787075156.091612
1787075156.264947
1787075156.441879
1787075156.618765
1787075156.805134
1787075156.989250
1787075157.168478
1787075157.349690
1787075157.527295
1787075157.708039
1787075157.885648
1787075158.058676
1787075158.225220
1787075158.396641
1787075158.563689
1787075158.740942
1787075158.913599
1787075159.083884
1787075159.263132
1787075159.443963
1787075159.624167
1787075159.801373
1787075159.979359
1787075160.159281
1787075160.340031
1787075160.518908
1787075160.698638
1787075160.877855
1787075161.056434
1787075161.236387
1787075161.411367
1787075161.585793
1787075161.757821
1787075161.936183
1787075162.118310
1787075162.295239
1787075162.475713
1787075162.655502
1787075162.835281
1787075163.014778
1787075163.194623
1787075163.376456
1787075163.559380
1787075163.735090
1787075163.913276
1787075164.091552
1787075164.266441
1787075164.443527
1787075164.620343
1787075164.797697
1787075164.969412
1787075165.147646
1787075165.322349
1787075165.505433
1787075165.685859
1787075165.863386
1787075166.046886
1787075166.225246
1787075166.402880
1787075166.581553
1787075166.760501
1787075166.928770
1787075167.102921
1787075167.281617
1787075167.460968
1787075167.635256
1787075167.814656
1787075167.994634
1787075168.169732
1787075168.346561
1787075168.525472
1787075168.696677
1787075168.873885
1787075169.048861
1787075169.223297
1787075169.399890
1787075169.574742
1787075169.752372
1787075169.930032
1787075170.101264
1787075170.279465
1787075170.453922
1787075170.630154
1787075170.805022
1787075170.982847
1787075171.162958
1787075171.332705
1787075171.507317
1787075171.684493
1787075171.862314
1787075172.042919
1787075172.215466
1787075172.391927
1787075172.566468
1787075172.744338
1787075172.921560
1787075173.092390
1787075173.269761
1787075173.452551
1787075173.635609
1787075173.813275
1787075173.986472
1787075174.163430
1787075174.346043
1787075174.517162
1787075174.687930
1787075174.855678
1787075175.028964
1787075175.203206
1787075175.373410
1787075175.547524
1787075175.722051
1787075175.892022
1787075176.060516
1787075176.236283
1787075176.412611
1787075176.586321
1787075176.759056
1787075176.934470
1787075177.110471
1787075177.288773
1787075177.463634
1787075177.641222
1787075177.809784
1787075177.978705
1787075178.154463
1787075178.327084
1787075178.497751
1787075178.672451
1787075178.844041
1787075179.017648
1787075179.186775
1787075179.355634
1787075179.523562
1787075179.696139
1787075179.873680
1787075180.050853
1787075180.228495
1787075180.407099
1787075180.582157
1787075180.750590
1787075180.917963
1787075181.089581
1787075181.263803
1787075181.434242
1787075181.607443
1787075181.783527
1787075181.958377
1787075182.131520
1787075182.304610
1787075182.476449
1787075182.650156
1787075182.821031
1787075182.994764
1787075183.167907
1787075183.342604
1787075183.514713
1787075183.689382
1787075183.856380
1787075184.030132
1787075184.204435
1787075184.376096
1787075184.549975
1787075184.721688
1787075184.892375
1787075185.063956
1787075185.234313
1787075185.413029
1787075185.583990
1787075185.761417
1787075185.935670
1787075186.116293
1787075186.289107
1787075186.466318
1787075186.643599
1787075186.818708
1787075186.987522
1787075187.160709
1787075187.334956
1787075187.509793
1787075187.684104
1787075187.859555
1787075188.033315
1787075188.207486
1787075188.380851
1787075188.552374
1787075188.728530
1787075188.904614
1787075189.077613
1787075189.251512
1787075189.425393
1787075189.599021
1787075189.772544
1787075189.943432
1787075190.115532
1787075190.286638
1787075190.453207
1787075190.626578
1787075190.791224
1787075190.958099
1787075191.129224
1787075191.303496
1787075191.474760
1787075191.646501
1787075191.816845
1787075191.988892
1787075192.160438
1787075192.332241
1787075192.502492
1787075192.673500
1787075192.845824
1787075193.018829
1787075193.192382
1787075193.369377
1787075193.545799
1787075193.724592
1787075193.901687
1787075194.071322
1787075194.240907
1787075194.417890
1787075194.590712
1787075194.763967
1787075194.934383
1787075195.108762
1787075195.275977
1787075195.448274
1787075195.623202
1787075195.796442
1787075195.971590
1787075196.147037
1787075196.319389
1787075196.491277
1787075196.663821
1787075196.835836
1787075197.007174
1787075197.178830
1787075197.350036
1787075197.520537
1787075197.690633
1787075197.862564
1787075198.038404
1787075198.209243
1787075198.375293
1787075198.546552
1787075198.722179
1787075198.895277
1787075199.063827
1787075199.239344
1787075199.410809
1787075199.578477
1787075199.750025
1787075199.928820
1787075200.108376
1787075200.282923
1787075200.454302
1787075200.628707
1787075200.805802
1787075200.976895
1787075201.151127
1787075201.323046
1787075201.497793
1787075201.669471
1787075201.842991
1787075202.014673
1787075202.203184
1787075202.386436
1787075202.571633
1787075202.745111
1787075202.930330
1787075203.113074
1787075203.297770
1787075203.470963
1787075203.658078
1787075203.844467
1787075204.032656
1787075204.209186
1787075204.394656
1787075204.575274
1787075204.760915
1787075204.941890
1787075205.118566
1787075205.302797
1787075205.484421
1787075205.672014
1787075205.854723
1787075206.032729
1787075206.220963
1787075206.407645
1787075206.590430
1787075206.778687
1787075206.966974
1787075207.152347
1787075207.334544
1787075207.519909
1787075207.703821
1787075207.887261
1787075208.071172
1787075208.255722
1787075208.439180
1787075208.621360
1787075208.810189
1787075208.999222
1787075209.183787
1787075209.366945
1787075209.548751
1787075209.728748
1787075209.907694
1787075210.088135
1787075210.270453
1787075210.451138
1787075210.632561
1787075210.817991
1787075210.993402
1787075211.172466
1787075211.350477
1787075211.528420
1787075211.709002
1787075211.890249
1787075212.069730
1787075212.247863
1787075212.425519
1787075212.605064
1787075212.781869
1787075212.962241
1787075213.142467
1787075213.321334
1787075213.499373
1787075213.679213
1787075213.858910
1787075214.036511
1787075214.216266
1787075214.396729
1787075214.576794
1787075214.757318
1787075214.936698
1787075215.114919
1787075215.287942
1787075215.462610
1787075215.632165
1787075215.810809
1787075215.991856
1787075216.171379
1787075216.349197
1787075216.529821
1787075216.708242
1787075216.889804
1787075217.070558
1787075217.240812
1787075217.419700
1787075217.597692
1787075217.777168
1787075217.950817
1787075218.128032
1787075218.306923
1787075218.484072
1787075218.660919
1787075218.840534
1787075219.018852
1787075219.194475
1787075219.373290
1787075219.551703
1787075219.729892
1787075219.909086
1787075220.086104
1787075220.259229
1787075220.435916
1787075220.615535
1787075220.792389
1787075220.970956
1787075221.148220
1787075221.331570
1787075221.508831
1787075221.686012
1787075221.863216
1787075222.035407
1787075222.217807
1787075222.403857
1787075222.585002
1787075222.764015
1787075222.947477
1787075223.134376
1787075223.319366
1787075223.504241
1787075223.690663
1787075223.868486
1787075224.049966
1787075224.234164
1787075224.421349
1787075224.605439
1787075224.788742
1787075224.971504
1787075225.156885
1787075225.342293
1787075225.530518
1787075225.704380
1787075225.889135
1787075226.069673
1787075226.252774
1787075226.431931
1787075226.616026
1787075226.805378
1787075226.987603
1787075227.171032
1787075227.354849
1787075227.537421
1787075227.726737
1787075227.911986
1787075228.097225
1787075228.277572
1787075228.461114
1787075228.644978
1787075228.828443
1787075229.014210
1787075229.198449
1787075229.387789
1787075229.571566
1787075229.749594
1787075229.936735
1787075230.124777
1787075230.315909
1787075230.500514
1787075230.687361
1787075230.876506
1787075231.068076
1787075231.244749
1787075231.428755
1787075231.612152
1787075231.796016
1787075231.979509
1787075232.174813
1787075232.355630
1787075232.539199
1787075232.720976
1787075232.904896
1787075233.084792
1787075233.265957
1787075233.442969
1787075233.625355
1787075233.807941
1787075233.992232
1787075234.173031
1787075234.354277
1787075234.537330
1787075234.711510
1787075234.891870
1787075235.071620
1787075235.252443
1787075235.425649
1787075235.608115
1787075235.780839
1787075235.960913
1787075236.135618
1787075236.313999
1787075236.493138
1787075236.675217
1787075236.855577
1787075237.029051
1787075237.209472
1787075237.387682
1787075237.567440
1787075237.747044
1787075237.926470
1787075238.106648
1787075238.287536
1787075238.465669
1787075238.648377
1787075238.829634
1787075239.008109
1787075239.187803
1787075239.370383
1787075239.555979
1787075239.730582
1787075239.908717
1787075240.091660
1787075240.273042
1787075240.456380
1787075240.633372
1787075240.811749
1787075240.989649
1787075241.169293
1787075241.353453
1787075241.537128
1787075241.713275
1787075241.893454
1787075242.064048
1787075242.242692
1787075242.421294
1787075242.602892
1787075242.783185
1787075242.961526
1787075243.142936
1787075243.323390
1787075243.503536
1787075243.685458
1787075243.866809
1787075244.042152
1787075244.222834
1787075244.404253
1787075244.585539
1787075244.766677
1787075244.948445
1787075245.128458
1787075245.312441
1787075245.492733
1787075245.673655
1787075245.856358
1787075246.030260
1787075246.212460
1787075246.387619
1787075246.565373
1787075246.748109
1787075246.928563
1787075247.111893
1787075247.294216
1787075247.469664
1787075247.651312
1787075247.835943
1787075248.016759
1787075248.194708
1787075248.379079
1787075248.557904
1787075248.735087
1787075248.913398
1787075249.094650
1787075249.274042
1787075249.451394
1787075249.630623
1787075249.811031
1787075249.993847
1787075250.170207
1787075250.352693
1787075250.534100
1787075250.718146
1787075250.898099
1787075251.077134
1787075251.255542
1787075251.441233
1787075251.623109
1787075251.811528
1787075251.999791
1787075252.183992
1787075252.368458
1787075252.551937
1787075252.739662
1787075252.909312
1787075253.084666
1787075253.268620
1787075253.456011
1787075253.643023
1787075253.828567
1787075254.007341
1787075254.182122
1787075254.362601
1787075254.534979
1787075254.716429
1787075254.896486
1787075255.080540
1787075255.262950
1787075255.444395
1787075255.627500
1787075255.799041
1787075255.978674
1787075256.154148
1787075256.329424
1787075256.507668
1787075256.687294
1787075256.860126
1787075257.040240
1787075257.219002
1787075257.404236
1787075257.588475
1787075257.766031
1787075257.945801
1787075258.123369
1787075258.303046
1787075258.484716
1787075258.666311
1787075258.848665
1787075259.026635
1787075259.205454
1787075259.382209
1787075259.562266
1787075259.745198
1787075259.922922
1787075260.103229
1787075260.282433
1787075260.461924
1787075260.640054
1787075260.821025
1787075261.002010
1787075261.179355
1787075261.360064
1787075261.540464
1787075261.724039
1787075261.902704
1787075262.082243
1787075262.267545
1787075262.442178
1787075262.621972
1787075262.806510
1787075262.980687
1787075263.160991
1787075263.339399
1787075263.522619
1787075263.697261
1787075263.879934
1787075264.060560
1787075264.240862
1787075264.422034
1787075264.605455
1787075264.791349
1787075264.974869
1787075265.155233
1787075265.338581
1787075265.522928
1787075265.705205
1787075265.888864
1787075266.069023
1787075266.250695
1787075266.428237
1787075266.612443
1787075266.790189
1787075266.967415
1787075267.146322
1787075267.324447
1787075267.505972
1787075267.688036
1787075267.868138
1787075268.048453
1787075268.229315
1787075268.407534
1787075268.587225
1787075268.767678
1787075268.954115
1787075269.134961
1787075269.311876
1787075269.490248
1787075269.667276
1787075269.846311
1787075270.025143
1787075270.204944
1787075270.387550
1787075270.565517
1787075270.737856
1787075270.920275
1787075271.100702
1787075271.280339
1787075271.460318
1787075271.640283
1787075271.815075
1787075271.993543
1787075272.172897
1787075272.346537
1787075272.526051
1787075272.698064
1787075272.875912
1787075273.053102
1787075273.233104
1787075273.411676
1787075273.592633
1787075273.772177
1787075273.952343
1787075274.128412
1787075274.307571
1787075274.485085
1787075274.665266
1787075274.848768
1787075275.020401
1787075275.191588
1787075275.366621
1787075275.548119
1787075275.727989
1787075275.896692
1787075276.075218
1787075276.249149
1787075276.426757
1787075276.603714
1787075276.777058
1787075276.958709
1787075277.137949
1787075277.321696
1787075277.504601
1787075277.683144
1787075277.864315
1787075278.038195
1787075278.220565
1787075278.404498
1787075278.582825
1787075278.764883
1787075278.941963
1787075279.119374
1787075279.297588
1787075279.472947
1787075279.649069
1787075279.826597
1787075280.008535
1787075280.178172
1787075280.356874
1787075280.534216
1787075280.710734
1787075280.890506
1787075281.067909
1787075281.239968
1787075281.420775
1787075281.598678
1787075281.779149
1787075281.958467
1787075282.140399
1787075282.321812
1787075282.502138
1787075282.685511
1787075282.864856
1787075283.043262
1787075283.221733
1787075283.402327
1787075283.578479
1787075283.757600
1787075283.936047
1787075284.118015
1787075284.295590
1787075284.471953
1787075284.643771
1787075284.825253
1787075285.003349
1787075285.177409
1787075285.356883
1787075285.534209
1787075285.719111
1787075285.892637
1787075286.072151
1787075286.245404
1787075286.427841
1787075286.602571
1787075286.781160
1787075286.958729
1787075287.133253
1787075287.309781
1787075287.491441
1787075287.669365
1787075287.852070
1787075288.028374
1787075288.209566
1787075288.390502
1787075288.573305
1787075288.754601
1787075288.932639
1787075289.111485
1787075289.290635
1787075289.469063
1787075289.645175
1787075289.822104
1787075289.992194
1787075290.171921
1787075290.355133
1787075290.530972
1787075290.707310
1787075290.885825
1787075291.061082
1787075291.237627
1787075291.415800
1787075291.592368
1787075291.770355
1787075291.944967
1787075292.124873
1787075292.299958
1787075292.477398
1787075292.651851
1787075292.826314
1787075293.001616
1787075293.178757
1787075293.354753
1787075293.531288
1787075293.703121
1787075293.878709
1787075294.062073
1787075294.238593
1787075294.415128
1787075294.592749
1787075294.768685
1787075294.948602
1787075295.126732
1787075295.305103
1787075295.477880
1787075295.652265
1787075295.828907
1787075296.006474
1787075296.180450
1787075296.359016
1787075296.535163
1787075296.711114
1787075296.885894
1787075297.062464
1787075297.234107
1787075297.410442
1787075297.586120
1787075297.765395
1787075297.944572
1787075298.116748
1787075298.292488
1787075298.467514
1787075298.643385
1787075298.823171
1787075298.999111
1787075299.167952
1787075299.343714
1787075299.518833
1787075299.697134
1787075299.876143
1787075300.052472
1787075300.229531
1787075300.400698
1787075300.573799
1787075300.747868
1787075300.924852
1787075301.100184
1787075301.278134
1787075301.450456
1787075301.626968
1787075301.807228
1787075301.979119
1787075302.157831
1787075302.337045
1787075302.517857
1787075302.695000
1787075302.869869
1787075303.045209
1787075303.219213
1787075303.388420
1787075303.566539
1787075303.742221
1787075303.918589
1787075304.098587
1787075304.275779
1787075304.453803
1787075304.623152
1787075304.798067
1787075304.974192
1787075305.153052
1787075305.329121
1787075305.507820
1787075305.683899
1787075305.856353
1787075306.026669
1787075306.196673
1787075306.373496
1787075306.548204
1787075306.727246
1787075306.901362
1787075307.073271
1787075307.250655
1787075307.426889
1787075307.606208
1787075307.777937
1787075307.946961
1787075308.124547
1787075308.301387
1787075308.478239
1787075308.654760
1787075308.834764
1787075308.998320
1787075309.180025
1787075309.356702
1787075309.533630
1787075309.710925
1787075309.884831
1787075310.057842
1787075310.235859
1787075310.413563
1787075310.592533
1787075310.773832
1787075310.949750
1787075311.125391
1787075311.300776
1787075311.478763
1787075311.654079
1787075311.829641
1787075312.002554
1787075312.176381
1787075312.352383
1787075312.530011
1787075312.704227
1787075312.882653
1787075313.060130
1787075313.235233
1787075313.408888
1787075313.586928
1787075313.767062
1787075313.942998
1787075314.121561
1787075314.296960
1787075314.474657
1787075314.652023
1787075314.825877
1787075315.001114
1787075315.171089
1787075315.346513
1787075315.522973
1787075315.698879
1787075315.876951
1787075316.045083
1787075316.217695
1787075316.393796
1787075316.570967
1787075316.743621
1787075316.917160
1787075317.086770
1787075317.263381
1787075317.440016
1787075317.615980
1787075317.795090
1787075317.967767
1787075318.145052
1787075318.323281
1787075318.499372
1787075318.677608
1787075318.852487
1787075319.028591
1787075319.202181
1787075319.377683
1787075319.556048
1787075319.730530
1787075319.900003
1787075320.070787
1787075320.246200
1787075320.420799
1787075320.595165
1787075320.770105
1787075320.942843
1787075321.115366
1787075321.290747
1787075321.467959
1787075321.643368
1787075321.816550
1787075321.991387
1787075322.165933
1787075322.339748
1787075322.512001
1787075322.687233
1787075322.862416
1787075323.029867
1787075323.207526
1787075323.376042
1787075323.552616
1787075323.729348
1787075323.907193
1787075324.080713
1787075324.252430
1787075324.426220
1787075324.599772
1787075324.775983
1787075324.951236
1787075325.130056
1787075325.304803
1787075325.475353
