1787081128.959655
1787081129.115804
1787081129.269554
1787081129.425777
1787081129.579431
1787081129.727611
1787081129.883148
1787081130.037548
1787081130.192803
1787081130.351026
1787081130.507996
1787081130.665387
1787081130.817192
1787081130.967364
1787081131.126386
1787081131.287706
1787081131.449228
1787081131.601810
1787081131.758870
1787081131.916885
1787081132.072824
1787081132.232283
1787081132.384517
1787081132.539871
1787081132.696241
1787081132.854045
1787081132.997936
1787081133.148298
1787081133.298811
1787081133.448102
1787081133.599280
1787081133.747396
1787081133.903705
1787081134.062258
1787081134.218814
1787081134.374168
1787081134.529237
1787081134.679743
1787081134.836475
1787081134.991598
1787081135.147945
1787081135.304965
1787081135.461858
1787081135.610945
1787081135.760425
1787081135.915826
1787081136.072250
1787081136.228397
1787081136.383738
1787081136.541847
1787081136.690384
1787081136.839003
1787081136.992206
1787081137.145314
1787081137.302185
1787081137.457484
1787081137.612236
1787081137.765959
1787081137.914284
1787081138.066058
1787081138.212258
1787081138.359126
1787081138.514209
1787081138.667635
1787081138.819359
1787081138.971121
1787081139.116675
1787081139.266279
1787081139.416674
1787081139.566410
1787081139.717628
1787081139.867448
1787081140.018439
1787081140.168029
1787081140.314641
1787081140.459711
1787081140.610977
1787081140.763495
1787081140.914028
1787081141.061098
1787081141.212598
1787081141.367614
1787081141.518998
1787081141.670603
1787081141.822989
1787081141.975277
1787081142.125863
1787081142.271497
1787081142.416985
1787081142.569222
1787081142.720700
1787081142.871751
1787081143.022668
1787081143.172218
1787081143.318600
1787081143.465831
1787081143.612269
1787081143.758502
1787081143.910844
1787081144.063528
1787081144.214766
1787081144.360996
1787081144.512850
1787081144.664153
1787081144.811588
1787081144.964674
1787081145.111227
1787081145.264283
1787081145.418810
1787081145.565854
1787081145.717338
1787081145.864239
1787081146.016055
1787081146.167689
1787081146.314605
1787081146.468112
1787081146.623175
1787081146.776671
1787081146.930719
1787081147.085844
1787081147.241820
1787081147.398448
1787081147.547834
1787081147.695777
1787081147.849599
1787081148.003345
1787081148.158593
1787081148.307404
1787081148.456757
1787081148.611769
1787081148.764745
1787081148.919600
1787081149.075449
1787081149.231409
1787081149.388201
1787081149.541547
1787081149.695693
1787081149.854103
1787081150.009397
1787081150.158532
1787081150.314865
1787081150.470653
1787081150.625847
1787081150.782880
1787081150.940446
1787081151.089930
1787081151.245262
1787081151.396089
1787081151.546876
1787081151.704537
1787081151.861618
1787081152.016328
1787081152.172903
1787081152.331374
1787081152.490085
1787081152.646951
1787081152.802801
1787081152.962168
1787081153.121788
1787081153.279902
1787081153.432785
1787081153.592458
1787081153.747648
1787081153.906427
1787081154.063449
1787081154.223854
1787081154.384915
1787081154.546807
1787081154.701045
1787081154.858411
1787081155.019989
1787081155.181179
1787081155.342456
1787081155.502525
1787081155.665293
1787081155.826469
1787081155.989282
1787081156.146504
1787081156.310372
1787081156.473212
1787081156.634782
1787081156.797331
1787081156.959131
1787081157.122433
1787081157.284791
1787081157.447115
1787081157.609948
1787081157.773033
1787081157.936983
1787081158.095929
1787081158.253955
1787081158.418539
1787081158.577439
1787081158.740909
1787081158.902927
1787081159.060980
1787081159.223334
1787081159.389228
1787081159.552024
1787081159.714157
1787081159.880239
1787081160.043349
1787081160.202595
1787081160.361189
1787081160.521631
1787081160.684051
1787081160.849674
1787081161.014378
1787081161.178158
1787081161.337859
1787081161.501661
1787081161.666065
1787081161.831657
1787081161.998202
1787081162.164377
1787081162.330518
1787081162.490237
1787081162.655731
1787081162.823502
1787081162.986516
1787081163.152875
1787081163.313771
1787081163.476357
1787081163.639805
1787081163.815377
1787081163.974593
1787081164.143829
1787081164.313805
1787081164.475610
1787081164.642856
1787081164.805394
1787081164.972769
1787081165.139623
1787081165.300536
1787081165.460340
1787081165.626631
1787081165.795815
1787081165.962567
1787081166.128681
1787081166.294571
1787081166.462589
1787081166.626426
1787081166.787031
1787081166.954726
1787081167.116238
1787081167.288113
1787081167.448519
1787081167.616970
1787081167.784729
1787081167.954420
1787081168.116358
1787081168.286719
1787081168.455025
1787081168.620404
1787081168.786448
1787081168.953035
1787081169.120941
1787081169.289256
1787081169.450703
1787081169.620107
1787081169.783643
1787081169.950181
1787081170.116749
1787081170.277313
1787081170.437826
1787081170.606973
1787081170.776985
1787081170.943936
1787081171.110352
1787081171.277842
1787081171.443836
1787081171.609746
1787081171.774767
1787081171.943937
1787081172.117689
1787081172.279315
1787081172.440076
1787081172.599612
1787081172.757553
1787081172.923785
1787081173.090001
1787081173.253653
1787081173.420872
1787081173.588631
1787081173.760183
1787081173.921610
1787081174.088999
1787081174.258266
1787081174.420353
1787081174.587488
1787081174.755456
1787081174.921858
1787081175.084157
1787081175.255382
1787081175.419748
1787081175.592272
1787081175.753725
1787081175.924489
1787081176.089097
1787081176.257021
1787081176.425659
1787081176.593870
1787081176.760916
1787081176.928606
1787081177.097770
1787081177.267166
1787081177.430005
1787081177.598462
1787081177.767041
1787081177.936364
1787081178.104839
1787081178.270095
1787081178.435602
1787081178.604735
1787081178.773241
1787081178.941062
1787081179.102772
1787081179.270164
1787081179.438066
1787081179.606347
1787081179.777260
1787081179.947387
1787081180.117964
1787081180.283149
1787081180.454826
1787081180.625515
1787081180.789901
1787081180.959813
1787081181.131725
1787081181.296011
1787081181.466303
1787081181.637126
1787081181.811232
1787081181.980102
1787081182.149336
1787081182.322793
1787081182.492750
1787081182.656056
1787081182.826870
1787081182.997063
1787081183.166807
1787081183.336742
1787081183.501820
1787081183.668472
1787081183.833034
1787081183.996499
1787081184.166528
1787081184.337112
1787081184.507464
1787081184.676795
1787081184.847028
1787081185.018344
1787081185.187796
1787081185.356942
1787081185.530462
1787081185.703393
1787081185.875133
1787081186.041657
1787081186.216025
1787081186.388761
1787081186.562708
1787081186.734245
1787081186.904530
1787081187.072479
1787081187.237648
1787081187.404961
1787081187.576239
1787081187.746451
1787081187.917824
1787081188.088387
1787081188.259259
1787081188.433587
1787081188.607044
1787081188.772759
1787081188.944258
1787081189.114137
1787081189.288762
1787081189.459128
1787081189.631658
1787081189.803964
1787081189.978486
1787081190.151413
1787081190.316580
1787081190.480497
1787081190.651833
1787081190.825587
1787081191.000767
1787081191.173102
1787081191.344585
1787081191.513503
1787081191.678123
1787081191.849684
1787081192.018290
1787081192.188516
1787081192.360814
1787081192.529049
1787081192.700685
1787081192.868177
1787081193.036041
1787081193.207697
1787081193.372309
1787081193.540435
1787081193.710184
1787081193.879173
1787081194.042617
1787081194.212200
1787081194.382876
1787081194.551494
1787081194.720578
1787081194.891160
1787081195.062331
1787081195.227253
1787081195.397492
1787081195.574649
1787081195.738233
1787081195.910060
1787081196.080737
1787081196.251559
1787081196.423512
1787081196.593550
1787081196.763064
1787081196.930444
1787081197.102776
1787081197.276595
1787081197.442684
1787081197.614056
1787081197.786243
1787081197.950892
1787081198.122475
1787081198.292105
1787081198.465714
1787081198.637784
1787081198.810076
1787081198.976693
1787081199.147750
1787081199.318653
1787081199.487389
1787081199.659157
1787081199.821223
1787081199.993375
1787081200.163718
1787081200.328421
1787081200.497704
1787081200.668240
1787081200.837886
1787081201.008323
1787081201.177998
1787081201.349534
1787081201.519046
1787081201.688047
1787081201.859264
1787081202.023023
1787081202.191638
1787081202.360000
1787081202.529830
1787081202.699853
1787081202.872200
1787081203.043258
1787081203.215416
1787081203.388758
1787081203.560221
1787081203.734291
1787081203.907342
1787081204.072650
1787081204.247128
1787081204.419707
1787081204.593109
1787081204.768762
1787081204.943791
1787081205.118042
1787081205.287992
1787081205.464666
1787081205.642972
1787081205.818825
1787081205.996019
1787081206.170813
1787081206.344113
1787081206.517037
1787081206.692993
1787081206.867277
1787081207.042286
1787081207.218336
1787081207.386466
1787081207.561826
1787081207.734696
1787081207.906670
1787081208.079764
1787081208.251209
1787081208.420512
1787081208.591914
1787081208.763065
1787081208.935060
1787081209.107933
1787081209.279974
1787081209.453134
1787081209.628167
1787081209.800232
1787081209.974722
1787081210.140648
1787081210.306961
1787081210.478873
1787081210.650628
1787081210.823202
1787081210.997945
1787081211.166437
1787081211.334603
1787081211.504439
1787081211.679648
1787081211.849592
1787081212.022200
1787081212.195327
1787081212.368424
1787081212.541785
1787081212.716569
1787081212.889533
1787081213.061818
1787081213.231291
1787081213.401793
1787081213.572248
1787081213.746134
1787081213.918684
1787081214.080002
1787081214.249733
1787081214.420390
1787081214.590076
1787081214.758881
1787081214.927690
1787081215.095997
1787081215.262625
1787081215.434338
1787081215.598603
1787081215.766646
1787081215.933512
1787081216.098953
1787081216.267313
1787081216.438188
1787081216.607381
1787081216.774748
1787081216.946512
1787081217.117134
1787081217.289177
1787081217.464326
1787081217.634959
1787081217.806371
1787081217.976054
1787081218.142255
1787081218.313745
1787081218.479118
1787081218.649975
1787081218.822416
1787081218.991134
1787081219.161123
1787081219.331849
1787081219.505556
1787081219.676963
1787081219.847073
1787081220.021466
1787081220.189940
1787081220.362918
1787081220.526012
1787081220.695860
1787081220.865560
1787081221.034985
1787081221.199334
1787081221.370064
1787081221.538217
1787081221.710026
1787081221.883520
1787081222.050829
1787081222.220684
1787081222.389352
1787081222.554939
1787081222.724926
1787081222.892969
1787081223.063626
1787081223.232643
1787081223.400641
1787081223.563930
1787081223.734159
1787081223.906911
1787081224.080979
1787081224.251804
1787081224.423067
1787081224.586372
1787081224.754607
1787081224.927069
1787081225.094671
1787081225.265743
1787081225.441417
1787081225.610075
1787081225.779045
1787081225.948119
1787081226.116818
1787081226.289084
1787081226.456951
1787081226.624935
1787081226.792811
1787081226.956113
1787081227.118285
1787081227.287259
1787081227.454777
1787081227.620159
1787081227.787175
1787081227.955737
1787081228.128006
1787081228.291118
1787081228.460334
1787081228.627905
1787081228.796990
1787081228.955105
1787081229.125755
1787081229.293887
1787081229.463001
1787081229.624490
1787081229.793303
1787081229.961763
1787081230.129429
1787081230.295711
1787081230.466635
1787081230.627878
1787081230.797020
1787081230.965229
1787081231.127424
1787081231.295842
1787081231.466024
1787081231.636919
1787081231.805526
1787081231.977568
1787081232.146551
1787081232.307203
1787081232.475922
1787081232.647339
1787081232.819647
1787081232.985361
1787081233.152817
1787081233.318888
1787081233.487690
1787081233.655724
1787081233.824201
1787081233.993826
1787081234.157757
1787081234.324933
1787081234.493141
1787081234.662782
1787081234.829959
1787081235.000203
1787081235.168570
1787081235.334463
1787081235.505745
1787081235.677986
1787081235.842175
1787081236.013177
1787081236.175636
1787081236.345044
1787081236.516476
1787081236.691005
1787081236.861977
1787081237.033669
1787081237.203934
1787081237.374815
1787081237.546904
1787081237.719069
1787081237.890946
1787081238.063313
1787081238.234998
1787081238.400071
1787081238.565679
1787081238.739599
1787081238.906008
1787081239.079377
1787081239.252262
1787081239.425538
1787081239.590190
1787081239.761835
1787081239.933177
1787081240.105335
1787081240.278589
1787081240.452702
1787081240.617519
1787081240.789981
1787081240.959999
1787081241.132044
1787081241.304857
1787081241.476300
1787081241.650716
1787081241.822853
1787081241.987169
1787081242.157818
1787081242.328025
1787081242.499402
1787081242.669678
1787081242.840989
1787081243.008131
1787081243.179969
1787081243.351106
1787081243.524755
1787081243.697729
1787081243.864359
1787081244.032301
1787081244.213054
1787081244.387222
1787081244.557538
1787081244.730597
1787081244.905069
1787081245.078501
1787081245.249930
1787081245.417749
1787081245.591643
1787081245.765057
1787081245.940672
1787081246.110253
1787081246.286467
1787081246.463895
1787081246.639002
1787081246.813079
1787081246.986807
1787081247.159856
1787081247.330992
1787081247.504704
1787081247.678448
1787081247.851075
1787081248.025054
1787081248.200143
1787081248.372744
1787081248.544431
1787081248.718108
1787081248.891561
1787081249.065684
1787081249.237105
1787081249.412257
1787081249.586409
1787081249.760636
1787081249.932692
1787081250.105915
1787081250.274591
1787081250.450562
1787081250.623035
1787081250.797153
1787081250.970603
1787081251.145869
1787081251.319586
1787081251.493610
1787081251.665520
1787081251.832497
1787081252.006761
1787081252.174647
1787081252.349630
1787081252.521563
1787081252.693881
1787081252.864509
1787081253.038376
1787081253.211739
1787081253.385839
1787081253.556544
1787081253.731713
1787081253.906109
1787081254.081223
1787081254.255743
1787081254.421150
1787081254.596264
1787081254.769887
1787081254.942512
1787081255.115068
1787081255.290215
1787081255.469053
1787081255.642920
1787081255.817535
1787081255.984394
1787081256.160737
1787081256.337355
1787081256.512493
1787081256.686453
1787081256.860221
1787081257.033653
1787081257.202305
1787081257.375925
1787081257.542404
1787081257.717000
1787081257.879371
1787081258.051701
1787081258.217978
1787081258.390862
1787081258.558457
1787081258.731833
1787081258.902584
1787081259.072967
1787081259.245415
1787081259.418342
1787081259.589155
1787081259.760453
1787081259.932939
1787081260.109139
1787081260.286362
1787081260.459116
1787081260.628507
1787081260.800577
1787081260.974517
1787081261.145510
1787081261.319693
1787081261.492255
1787081261.664305
1787081261.834324
1787081262.009439
1787081262.182864
1787081262.358814
1787081262.527691
1787081262.693723
1787081262.866340
1787081263.039589
1787081263.206466
1787081263.379820
1787081263.552047
1787081263.722731
1787081263.898416
1787081264.072910
1787081264.246354
1787081264.411438
1787081264.583155
1787081264.756795
1787081264.929240
1787081265.094741
1787081265.267547
1787081265.438793
1787081265.607925
1787081265.781502
1787081265.953056
1787081266.119362
1787081266.292405
1787081266.463687
1787081266.637007
1787081266.812119
1787081266.986188
1787081267.160248
1787081267.333977
1787081267.505036
1787081267.678301
1787081267.852470
1787081268.025455
1787081268.195711
1787081268.368523
1787081268.534126
1787081268.707199
1787081268.878279
1787081269.050222
1787081269.221619
1787081269.394954
1787081269.569933
1787081269.742802
1787081269.918118
1787081270.083862
1787081270.259330
1787081270.433755
1787081270.609745
1787081270.775143
1787081270.947521
1787081271.121497
1787081271.295564
1787081271.462636
1787081271.634331
1787081271.805482
1787081271.979045
1787081272.144936
1787081272.316587
1787081272.487299
1787081272.651837
1787081272.822842
1787081272.994520
1787081273.160347
1787081273.332683
1787081273.504960
1787081273.670567
1787081273.843174
1787081274.013340
1787081274.178445
1787081274.351799
1787081274.525321
1787081274.697059
1787081274.876284
1787081275.048679
1787081275.222216
1787081275.392857
1787081275.564654
1787081275.738410
1787081275.912615
1787081276.084872
1787081276.260329
1787081276.437125
1787081276.610514
1787081276.782591
1787081276.948702
1787081277.119780
1787081277.289693
1787081277.457260
1787081277.630484
1787081277.806668
1787081277.976802
1787081278.143218
1787081278.308752
1787081278.477766
1787081278.654385
1787081278.823505
1787081278.990694
1787081279.161655
1787081279.330212
1787081279.499762
1787081279.671681
1787081279.841144
1787081280.011639
1787081280.179774
1787081280.346796
1787081280.516806
1787081280.687382
1787081280.856232
1787081281.021825
1787081281.191289
1787081281.355311
1787081281.524170
1787081281.692473
1787081281.857813
1787081282.027716
1787081282.192038
1787081282.362357
1787081282.533111
1787081282.700361
1787081282.871302
1787081283.041739
1787081283.213690
1787081283.384586
1787081283.555811
1787081283.727422
1787081283.902047
1787081284.077835
1787081284.245614
1787081284.417675
1787081284.593624
1787081284.755929
1787081284.931122
1787081285.105103
1787081285.279711
1787081285.452877
1787081285.621139
1787081285.794870
1787081285.969875
1787081286.145165
1787081286.317505
1787081286.491120
1787081286.664770
1787081286.833535
1787081287.005051
1787081287.178586
1787081287.352785
1787081287.527337
1787081287.695650
1787081287.872048
1787081288.044708
1787081288.223227
1787081288.389716
1787081288.566253
1787081288.741152
1787081288.915451
1787081289.088820
1787081289.261259
1787081289.435819
1787081289.612183
1787081289.788374
1787081289.962673
1787081290.135740
1787081290.305646
1787081290.482635
1787081290.657185
1787081290.831533
1787081291.002547
1787081291.173224
1787081291.345002
1787081291.518195
1787081291.689193
1787081291.857862
1787081292.030073
1787081292.209442
1787081292.378832
1787081292.548153
1787081292.718594
1787081292.887220
1787081293.057903
1787081293.229815
1787081293.401578
1787081293.572599
1787081293.743143
1787081293.914454
1787081294.084616
1787081294.252601
1787081294.424402
1787081294.591603
1787081294.761231
1787081294.929970
1787081295.103729
1787081295.273528
1787081295.446919
1787081295.610693
1787081295.778533
1787081295.946460
1787081296.115178
1787081296.286728
1787081296.453552
1787081296.623069
1787081296.793094
1787081296.961972
1787081297.130774
1787081297.301349
1787081297.469883
1787081297.634989
1787081297.802727
1787081297.966985
1787081298.134035
1787081298.303381
1787081298.473341
1787081298.641006
1787081298.804736
1787081298.971165
1787081299.141517
1787081299.303289
1787081299.472497
1787081299.643276
1787081299.814583
1787081299.984325
1787081300.158894
1787081300.321018
1787081300.489503
1787081300.661297
1787081300.829043
1787081300.999265
1787081301.169771
1787081301.340620
1787081301.509257
1787081301.682633
1787081301.844128
1787081302.014073
1787081302.178035
1787081302.345240
1787081302.513930
1787081302.678274
1787081302.847089
1787081303.016408
1787081303.186444
1787081303.348921
1787081303.518492
1787081303.686487
1787081303.856401
1787081304.027059
1787081304.193103
1787081304.364689
1787081304.528492
1787081304.691480
1787081304.860185
1787081305.027987
1787081305.196821
1787081305.366882
1787081305.528924
1787081305.696166
1787081305.865191
1787081306.034583
1787081306.203832
1787081306.373322
1787081306.542178
1787081306.711757
1787081306.881353
1787081307.049292
1787081307.218271
1787081307.388393
1787081307.556799
1787081307.729843
1787081307.900114
1787081308.068896
1787081308.241689
1787081308.410817
1787081308.579125
1787081308.746871
1787081308.917244
1787081309.086045
1787081309.248848
1787081309.420657
1787081309.591617
1787081309.763790
1787081309.938163
1787081310.101849
1787081310.265363
1787081310.433537
1787081310.604361
1787081310.775070
1787081310.939658
1787081311.109182
1787081311.277975
1787081311.447148
1787081311.615852
1787081311.786252
1787081311.958563
1787081312.127720
1787081312.298366
1787081312.461083
1787081312.628356
1787081312.797893
1787081312.966856
1787081313.134946
1787081313.298597
1787081313.469381
1787081313.638226
1787081313.807930
1787081313.975837
1787081314.139102
1787081314.305870
1787081314.475528
1787081314.637751
1787081314.805122
1787081314.973340
1787081315.135351
1787081315.304281
1787081315.474083
1787081315.635955
1787081315.805182
1787081315.973985
1787081316.144228
1787081316.307515
1787081316.475204
1787081316.643970
1787081316.806566
1787081316.973055
1787081317.135646
1787081317.305845
1787081317.467885
1787081317.637340
1787081317.809299
1787081317.978581
1787081318.146197
1787081318.309145
1787081318.478790
1787081318.647891
1787081318.816478
1787081318.984675
1787081319.153387
1787081319.322102
1787081319.486671
1787081319.654909
1787081319.827274
1787081319.992448
1787081320.161078
1787081320.325803
1787081320.494483
1787081320.660438
1787081320.831583
1787081321.000224
1787081321.167660
1787081321.337941
1787081321.505661
1787081321.669176
1787081321.836872
1787081322.006479
1787081322.175704
1787081322.348507
1787081322.513273
1787081322.687783
1787081322.852160
1787081323.022119
1787081323.197241
1787081323.364426
1787081323.538484
1787081323.707807
1787081323.877550
1787081324.046675
1787081324.217500
1787081324.387164
1787081324.552603
1787081324.727260
1787081324.891002
1787081325.062443
1787081325.235743
1787081325.406363
1787081325.577534
1787081325.745908
1787081325.913793
1787081326.084774
1787081326.254693
1787081326.422347
1787081326.591298
1787081326.760694
1787081326.929990
1787081327.100100
1787081327.264319
1787081327.428044
1787081327.595154
1787081327.758897
1787081327.930836
1787081328.099923
1787081328.273849
1787081328.442306
1787081328.606194
1787081328.775726
1787081328.946674
1787081329.120107
1787081329.294197
1787081329.462439
1787081329.630575
1787081329.801753
1787081329.971933
1787081330.137264
1787081330.301766
1787081330.465579
1787081330.635993
1787081330.805972
1787081330.970482
1787081331.135272
1787081331.300718
1787081331.471077
1787081331.641739
1787081331.816938
1787081331.990361
1787081332.160090
1787081332.332717
1787081332.505601
1787081332.678553
1787081332.847063
1787081333.020512
1787081333.191210
1787081333.362868
1787081333.526530
1787081333.697255
1787081333.866605
1787081334.035357
1787081334.206688
1787081334.378136
1787081334.544089
1787081334.709843
1787081334.872765
1787081335.043439
1787081335.212282
1787081335.383638
1787081335.554960
1787081335.725745
1787081335.897046
1787081336.066804
1787081336.237798
1787081336.406461
1787081336.574166
1787081336.738627
1787081336.902748
1787081337.072385
1787081337.236932
1787081337.404363
1787081337.574312
1787081337.743121
1787081337.913329
1787081338.078189
1787081338.247354
1787081338.420672
1787081338.592182
1787081338.764528
1787081338.935285
1787081339.108519
1787081339.275535
1787081339.445811
1787081339.618856
1787081339.785528
1787081339.957682
1787081340.123046
1787081340.295835
1787081340.468296
1787081340.635329
1787081340.807625
1787081340.979370
1787081341.144330
1787081341.318652
1787081341.483541
1787081341.656200
1787081341.828760
1787081341.998947
1787081342.170432
1787081342.340831
1787081342.515227
1787081342.685363
1787081342.860705
1787081343.028912
1787081343.200473
1787081343.371414
1787081343.543728
1787081343.711182
1787081343.877567
1787081344.048653
1787081344.219432
1787081344.386709
1787081344.559773
1787081344.722974
1787081344.895751
1787081345.063413
1787081345.227526
1787081345.398232
1787081345.568780
1787081345.742558
1787081345.910427
1787081346.082885
1787081346.254712
1787081346.421481
1787081346.594231
1787081346.767522
1787081346.933775
1787081347.104810
1787081347.275441
1787081347.452289
1787081347.625257
1787081347.796109
1787081347.959837
1787081348.132417
1787081348.301800
1787081348.471493
1787081348.644961
1787081348.817438
1787081348.990349
1787081349.158962
1787081349.332402
1787081349.505590
1787081349.681663
1787081349.851901
1787081350.024741
1787081350.198028
1787081350.365944
1787081350.539344
1787081350.713595
1787081350.885561
1787081351.056768
1787081351.231159
1787081351.405292
1787081351.579286
1787081351.756643
1787081351.918678
1787081352.095763
1787081352.265421
1787081352.437732
1787081352.606445
1787081352.781255
1787081352.953947
1787081353.125635
1787081353.303037
1787081353.479731
1787081353.659292
1787081353.834380
1787081354.008194
1787081354.177974
1787081354.353192
1787081354.528159
1787081354.709945
1787081354.883486
1787081355.058881
1787081355.227192
1787081355.395924
1787081355.572388
1787081355.746401
1787081355.919343
1787081356.092722
1787081356.267637
1787081356.443847
1787081356.620869
1787081356.789547
1787081356.965494
1787081357.141459
1787081357.318303
1787081357.496390
1787081357.672423
1787081357.850332
1787081358.022222
1787081358.195223
1787081358.371187
1787081358.545298
1787081358.719750
1787081358.893310
1787081359.061349
1787081359.235619
1787081359.412008
1787081359.587644
1787081359.754310
1787081359.927316
1787081360.102353
1787081360.278303
1787081360.454972
1787081360.622857
1787081360.797043
1787081360.970528
1787081361.137830
1787081361.305587
1787081361.478965
1787081361.652529
1787081361.827593
1787081362.000797
1787081362.175418
1787081362.349236
1787081362.522679
1787081362.694816
1787081362.869015
1787081363.041768
1787081363.211747
1787081363.382221
1787081363.555712
1787081363.728138
1787081363.900500
1787081364.068213
1787081364.241426
1787081364.414450
1787081364.585701
1787081364.763798
1787081364.936618
1787081365.111259
1787081365.286034
1787081365.457935
1787081365.633204
1787081365.805586
1787081365.976662
1787081366.142988
1787081366.317497
1787081366.492292
1787081366.664704
1787081366.835278
1787081367.007585
1787081367.181958
1787081367.349758
1787081367.521241
1787081367.695341
1787081367.869696
1787081368.044590
1787081368.216608
1787081368.389279
1787081368.563563
1787081368.735692
1787081368.902574
1787081369.077053
1787081369.255107
1787081369.426006
1787081369.599309
1787081369.773289
1787081369.947063
1787081370.120399
1787081370.297149
1787081370.471148
1787081370.642711
1787081370.817329
1787081370.992488
1787081371.167417
1787081371.344180
1787081371.515838
1787081371.689950
1787081371.864517
1787081372.039504
1787081372.208160
1787081372.376704
1787081372.544741
1787081372.718899
1787081372.894173
1787081373.069774
1787081373.246732
1787081373.423939
1787081373.597975
1787081373.771031
1787081373.946869
1787081374.116613
1787081374.292913
1787081374.461929
1787081374.634301
1787081374.812221
1787081374.985938
1787081375.161785
1787081375.336930
1787081375.510044
1787081375.676759
1787081375.851944
1787081376.027145
1787081376.204922
1787081376.372031
1787081376.548700
1787081376.720875
1787081376.895746
1787081377.069214
1787081377.235693
1787081377.409550
1787081377.582938
1787081377.758611
1787081377.932164
1787081378.104774
1787081378.276669
1787081378.451844
1787081378.619563
1787081378.792484
1787081378.966133
1787081379.132030
1787081379.305745
1787081379.477547
1787081379.651533
1787081379.825718
1787081379.999258
1787081380.173507
1787081380.346974
1787081380.518651
1787081380.684736
1787081380.857297
1787081381.029561
1787081381.200193
1787081381.373652
1787081381.545767
1787081381.718305
1787081381.890227
1787081382.062376
1787081382.235134
1787081382.409272
1787081382.574732
1787081382.750621
1787081382.914406
1787081383.080126
1787081383.252276
1787081383.421739
1787081383.593925
1787081383.765279
1787081383.935343
1787081384.104242
1787081384.275735
1787081384.447624
1787081384.616365
1787081384.788330
1787081384.950574
1787081385.122584
1787081385.294176
1787081385.465721
1787081385.641569
1787081385.812388
1787081385.984985
1787081386.152017
1787081386.323877
1787081386.495763
1787081386.660148
1787081386.831176
1787081387.003465
1787081387.167895
1787081387.339885
1787081387.510966
1787081387.681530
1787081387.855114
1787081388.026253
1787081388.189815
1787081388.368590
1787081388.537718
1787081388.707524
1787081388.873181
1787081389.047599
1787081389.212080
1787081389.383597
1787081389.557975
1787081389.722992
1787081389.893198
1787081390.065068
1787081390.234696
1787081390.406508
1787081390.578743
1787081390.752451
1787081390.926071
1787081391.108432
1787081391.290377
1787081391.461919
1787081391.640957
1787081391.817408
1787081391.993404
1787081392.173890
1787081392.343312
1787081392.518788
1787081392.696213
1787081392.870743
1787081393.046982
1787081393.223304
1787081393.402080
1787081393.582394
1787081393.751597
1787081393.920519
1787081394.096689
1787081394.272614
1787081394.459186
1787081394.627093
1787081394.805312
1787081394.976918
1787081395.146885
1787081395.323469
1787081395.499871
1787081395.676210
1787081395.850039
1787081396.026145
1787081396.204896
1787081396.380548
1787081396.555772
1787081396.733801
1787081396.912978
1787081397.086745
1787081397.262937
1787081397.434101
1787081397.616160
1787081397.794982
1787081397.974710
1787081398.152958
1787081398.330548
1787081398.508496
