1787085756.150361
1787085756.305164
1787085756.460016
1787085756.613043
1787085756.767975
1787085756.923366
1787085757.075204
1787085757.232364
1787085757.389425
1787085757.543844
1787085757.702155
1787085757.859217
1787085758.015653
1787085758.167644
1787085758.325288
1787085758.476345
1787085758.630963
1787085758.782530
1787085758.939204
1787085759.095596
1787085759.255311
1787085759.413957
1787085759.572115
1787085759.721760
1787085759.877527
1787085760.034090
1787085760.189751
1787085760.337934
1787085760.488182
1787085760.636935
1787085760.785861
1787085760.934546
1787085761.088671
1787085761.238174
1787085761.388414
1787085761.544645
1787085761.701263
1787085761.851260
1787085762.006181
1787085762.165448
1787085762.318117
1787085762.474914
1787085762.629515
1787085762.778719
1787085762.936054
1787085763.090695
1787085763.243920
1787085763.399184
1787085763.554672
1787085763.708668
1787085763.863288
1787085764.017458
1787085764.168394
1787085764.324011
1787085764.476875
1787085764.624714
1787085764.777996
1787085764.932272
1787085765.077430
1787085765.223781
1787085765.371666
1787085765.523274
1787085765.675420
1787085765.821532
1787085765.975450
1787085766.128147
1787085766.278957
1787085766.431362
1787085766.584535
1787085766.729793
1787085766.879786
1787085767.032706
1787085767.185522
1787085767.330294
1787085767.477464
1787085767.630918
1787085767.782516
1787085767.933564
1787085768.085420
1787085768.237330
1787085768.390051
1787085768.540776
1787085768.692559
1787085768.844128
1787085768.993692
1787085769.147590
1787085769.302054
1787085769.452437
1787085769.596688
1787085769.749886
1787085769.899360
1787085770.050048
1787085770.202195
1787085770.347217
1787085770.498902
1787085770.643991
1787085770.796116
1787085770.945848
1787085771.097386
1787085771.248565
1787085771.400743
1787085771.551366
1787085771.706162
1787085771.856612
1787085772.008298
1787085772.160273
1787085772.312745
1787085772.467111
1787085772.616943
1787085772.770401
1787085772.915064
1787085773.067437
1787085773.218427
1787085773.370070
1787085773.521841
1787085773.675945
1787085773.829582
1787085773.980866
1787085774.133094
1787085774.288590
1787085774.440423
1787085774.593842
1787085774.749875
1787085774.899826
1787085775.048204
1787085775.200817
1787085775.347375
1787085775.500702
1787085775.654431
1787085775.810795
1787085775.958489
1787085776.109654
1787085776.262908
1787085776.413890
1787085776.562326
1787085776.714975
1787085776.864439
1787085777.017827
1787085777.171226
1787085777.326586
1787085777.481211
1787085777.636261
1787085777.792399
1787085777.947033
1787085778.100097
1787085778.249388
1787085778.405706
1787085778.562359
1787085778.719414
1787085778.868943
1787085779.024269
1787085779.179620
1787085779.337398
1787085779.493338
1787085779.648785
1787085779.804420
1787085779.962263
1787085780.119831
1787085780.271936
1787085780.431421
1787085780.587078
1787085780.746881
1787085780.897825
1787085781.056306
1787085781.214705
1787085781.373391
1787085781.527271
1787085781.681551
1787085781.836190
1787085781.997814
1787085782.157033
1787085782.318071
1787085782.479195
1787085782.633342
1787085782.788417
1787085782.948145
1787085783.107083
1787085783.267566
1787085783.430720
1787085783.591198
1787085783.746544
1787085783.902333
1787085784.058520
1787085784.221259
1787085784.377981
1787085784.541086
1787085784.701366
1787085784.862874
1787085785.026956
1787085785.179881
1787085785.340876
1787085785.500338
1787085785.667192
1787085785.830248
1787085785.996894
1787085786.153661
1787085786.315879
1787085786.478687
1787085786.646896
1787085786.809026
1787085786.972036
1787085787.134238
1787085787.300649
1787085787.462822
1787085787.627291
1787085787.789450
1787085787.952647
1787085788.116228
1787085788.281068
1787085788.442237
1787085788.606467
1787085788.770269
1787085788.934776
1787085789.093781
1787085789.260745
1787085789.426417
1787085789.594154
1787085789.759261
1787085789.924220
1787085790.089087
1787085790.253477
1787085790.412710
1787085790.577382
1787085790.741909
1787085790.910219
1787085791.071855
1787085791.236767
1787085791.403397
1787085791.566114
1787085791.733169
1787085791.900210
1787085792.065196
1787085792.229889
1787085792.387431
1787085792.551618
1787085792.715093
1787085792.878166
1787085793.046836
1787085793.206834
1787085793.373674
1787085793.539584
1787085793.705569
1787085793.871184
1787085794.037797
1787085794.197860
1787085794.363389
1787085794.529588
1787085794.694673
1787085794.863875
1787085795.036976
1787085795.196339
1787085795.364257
1787085795.532568
1787085795.698364
1787085795.860635
1787085796.028804
1787085796.196991
1787085796.365271
1787085796.530716
1787085796.696904
1787085796.864432
1787085797.033118
1787085797.199183
1787085797.367273
1787085797.537222
1787085797.706289
1787085797.873418
1787085798.041306
1787085798.208459
1787085798.371531
1787085798.539013
1787085798.706991
1787085798.874412
1787085799.042893
1787085799.211811
1787085799.380078
1787085799.540287
1787085799.702630
1787085799.868962
1787085800.037113
1787085800.205985
1787085800.371930
1787085800.534003
1787085800.698490
1787085800.866457
1787085801.032642
1787085801.199618
1787085801.367051
1787085801.538420
1787085801.700441
1787085801.860696
1787085802.029222
1787085802.189542
1787085802.352093
1787085802.523664
1787085802.692782
1787085802.853902
1787085803.020006
1787085803.181321
1787085803.353136
1787085803.526504
1787085803.695044
1787085803.862999
1787085804.032310
1787085804.200666
1787085804.368629
1787085804.536981
1787085804.706299
1787085804.874509
1787085805.043088
1787085805.208429
1787085805.375336
1787085805.542600
1787085805.711459
1787085805.877217
1787085806.046067
1787085806.215447
1787085806.385953
1787085806.549580
1787085806.712455
1787085806.881154
1787085807.050248
1787085807.219719
1787085807.388746
1787085807.559919
1787085807.725440
1787085807.888890
1787085808.057064
1787085808.224649
1787085808.393942
1787085808.555398
1787085808.726450
1787085808.893459
1787085809.061875
1787085809.230994
1787085809.399823
1787085809.571094
1787085809.742643
1787085809.912775
1787085810.078959
1787085810.247494
1787085810.416952
1787085810.584952
1787085810.751937
1787085810.914852
1787085811.082880
1787085811.250889
1787085811.419702
1787085811.589163
1787085811.751542
1787085811.921169
1787085812.090166
1787085812.258862
1787085812.428174
1787085812.597137
1787085812.767008
1787085812.937722
1787085813.111842
1787085813.286160
1787085813.453146
1787085813.626054
1787085813.800708
1787085813.972072
1787085814.140936
1787085814.305477
1787085814.475323
1787085814.640413
1787085814.813852
1787085814.989562
1787085815.161865
1787085815.326085
1787085815.496390
1787085815.669563
1787085815.844709
1787085816.015946
1787085816.187829
1787085816.359698
1787085816.528018
1787085816.697684
1787085816.862581
1787085817.033277
1787085817.202997
1787085817.366436
1787085817.535169
1787085817.698599
1787085817.866281
1787085818.037574
1787085818.201800
1787085818.372838
1787085818.535041
1787085818.703946
1787085818.868213
1787085819.038678
1787085819.209272
1787085819.378347
1787085819.547692
1787085819.717763
1787085819.882966
1787085820.051364
1787085820.221536
1787085820.391004
1787085820.557582
1787085820.726486
1787085820.893793
1787085821.061698
1787085821.228650
1787085821.395856
1787085821.565954
1787085821.735573
1787085821.900743
1787085822.068446
1787085822.236629
1787085822.405211
1787085822.572733
1787085822.742588
1787085822.911627
1787085823.077541
1787085823.246213
1787085823.412047
1787085823.580552
1787085823.751692
1787085823.923107
1787085824.095936
1787085824.257871
1787085824.425384
1787085824.594421
1787085824.766082
1787085824.936888
1787085825.108195
1787085825.284261
1787085825.454208
1787085825.624867
1787085825.795624
1787085825.966423
1787085826.139509
1787085826.310267
1787085826.475634
1787085826.644861
1787085826.813066
1787085826.978990
1787085827.147218
1787085827.316865
1787085827.484448
1787085827.652156
1787085827.818818
1787085827.988321
1787085828.156104
1787085828.324135
1787085828.492178
1787085828.657757
1787085828.826267
1787085828.995897
1787085829.163153
1787085829.331741
1787085829.497517
1787085829.666231
1787085829.832753
1787085829.998760
1787085830.165260
1787085830.333723
1787085830.501897
1787085830.672235
1787085830.836761
1787085831.004458
1787085831.175421
1787085831.335190
1787085831.503165
1787085831.667895
1787085831.834138
1787085831.999324
1787085832.165089
1787085832.330150
1787085832.496386
1787085832.657864
1787085832.821389
1787085832.988943
1787085833.156181
1787085833.322507
1787085833.490185
1787085833.657526
1787085833.823796
1787085833.989042
1787085834.153491
1787085834.318434
1787085834.485960
1787085834.653290
1787085834.820004
1787085834.990042
1787085835.150587
1787085835.316440
1787085835.476999
1787085835.645011
1787085835.810896
1787085835.974812
1787085836.144034
1787085836.312727
1787085836.474822
1787085836.647391
1787085836.811903
1787085836.979347
1787085837.148380
1787085837.314967
1787085837.477311
1787085837.644226
1787085837.812595
1787085837.973053
1787085838.142578
1787085838.305776
1787085838.472442
1787085838.640783
1787085838.809932
1787085838.975909
1787085839.143153
1787085839.305366
1787085839.472411
1787085839.642207
1787085839.808439
1787085839.976532
1787085840.147245
1787085840.314052
1787085840.482440
1787085840.644071
1787085840.813653
1787085840.975663
1787085841.143381
1787085841.303577
1787085841.467921
1787085841.633504
1787085841.797820
1787085841.964669
1787085842.132216
1787085842.301179
1787085842.468143
1787085842.637220
1787085842.804604
1787085842.974209
1787085843.144203
1787085843.310691
1787085843.482604
1787085843.644645
1787085843.814831
1787085843.977646
1787085844.144527
1787085844.312009
1787085844.479666
1787085844.648664
1787085844.815091
1787085844.981798
1787085845.149462
1787085845.312276
1787085845.472813
1787085845.640954
1787085845.806969
1787085845.972237
1787085846.139584
1787085846.308936
1787085846.474285
1787085846.641793
1787085846.808941
1787085846.975669
1787085847.143087
1787085847.311053
1787085847.480720
1787085847.648246
1787085847.810609
1787085847.978439
1787085848.148471
1787085848.319631
1787085848.487552
1787085848.659928
1787085848.825890
1787085848.996636
1787085849.165656
1787085849.337494
1787085849.508671
1787085849.678145
1787085849.848029
1787085850.027966
1787085850.191847
1787085850.354895
1787085850.524094
1787085850.689915
1787085850.856938
1787085851.024547
1787085851.192744
1787085851.355173
1787085851.524007
1787085851.686002
1787085851.853503
1787085852.022863
1787085852.189672
1787085852.349771
1787085852.515011
1787085852.677454
1787085852.844244
1787085853.011490
1787085853.177237
1787085853.340204
1787085853.508571
1787085853.676860
1787085853.846295
1787085854.012485
1787085854.174645
1787085854.343585
1787085854.512205
1787085854.680513
1787085854.851438
1787085855.017712
1787085855.188285
1787085855.351504
1787085855.518401
1787085855.687818
1787085855.851152
1787085856.018852
1787085856.186581
1787085856.349700
1787085856.518689
1787085856.688602
1787085856.856259
1787085857.025471
1787085857.187487
1787085857.356543
1787085857.523025
1787085857.690421
1787085857.857307
1787085858.026072
1787085858.195199
1787085858.362492
1787085858.531446
1787085858.699004
1787085858.868738
1787085859.038217
1787085859.207002
1787085859.370504
1787085859.538473
1787085859.707211
1787085859.875905
1787085860.045186
1787085860.213356
1787085860.381104
1787085860.548239
1787085860.710632
1787085860.872536
1787085861.041627
1787085861.202544
1787085861.370584
1787085861.537865
1787085861.705689
1787085861.872926
1787085862.040210
1787085862.206093
1787085862.374106
1787085862.541250
1787085862.710192
1787085862.872883
1787085863.040620
1787085863.202179
1787085863.368561
1787085863.536801
1787085863.706146
1787085863.867654
1787085864.034125
1787085864.196689
1787085864.365494
1787085864.538059
1787085864.705476
1787085864.871416
1787085865.039142
1787085865.205493
1787085865.374642
1787085865.533875
1787085865.699383
1787085865.866748
1787085866.035301
1787085866.204235
1787085866.370911
1787085866.539075
1787085866.705699
1787085866.871024
1787085867.038576
1787085867.205986
1787085867.368513
1787085867.536455
1787085867.705611
1787085867.874738
1787085868.037415
1787085868.207839
1787085868.375974
1787085868.545323
1787085868.714688
1787085868.884746
1787085869.053529
1787085869.216906
1787085869.385231
1787085869.554908
1787085869.724056
1787085869.894209
1787085870.057100
1787085870.228966
1787085870.391499
1787085870.559682
1787085870.728641
1787085870.896953
1787085871.066281
1787085871.227792
1787085871.397046
1787085871.564374
1787085871.732867
1787085871.899556
1787085872.067815
1787085872.236104
1787085872.402463
1787085872.572109
1787085872.739685
1787085872.908182
1787085873.070782
1787085873.238683
1787085873.400108
1787085873.567512
1787085873.734240
1787085873.899503
1787085874.064046
1787085874.231064
1787085874.391832
1787085874.557169
1787085874.728235
1787085874.897717
1787085875.063525
1787085875.234791
1787085875.399278
1787085875.564012
1787085875.734596
1787085875.899956
1787085876.072908
1787085876.244218
1787085876.407227
1787085876.581063
1787085876.753881
1787085876.923272
1787085877.092415
1787085877.262385
1787085877.424744
1787085877.593407
1787085877.760455
1787085877.928635
1787085878.096000
1787085878.266160
1787085878.434296
1787085878.596477
1787085878.762921
1787085878.932999
1787085879.094768
1787085879.262520
1787085879.431460
1787085879.597045
1787085879.765147
1787085879.931848
1787085880.099649
1787085880.267153
1787085880.434295
1787085880.603754
1787085880.767514
1787085880.935349
1787085881.099612
1787085881.260670
1787085881.427669
1787085881.595351
1787085881.765678
1787085881.926845
1787085882.090498
1787085882.253825
1787085882.421109
1787085882.582291
1787085882.750991
1787085882.917973
1787085883.082336
1787085883.249257
1787085883.414920
1787085883.577195
1787085883.739850
1787085883.904521
1787085884.067931
1787085884.227212
1787085884.393686
1787085884.559719
1787085884.723299
1787085884.888114
1787085885.052708
1787085885.216311
1787085885.381331
1787085885.551388
1787085885.714291
1787085885.879987
1787085886.045016
1787085886.210760
1787085886.375278
1787085886.539113
1787085886.697798
1787085886.862581
1787085887.028254
1787085887.192445
1787085887.358473
1787085887.525118
1787085887.686472
1787085887.851934
1787085888.018018
1787085888.183419
1787085888.348527
1787085888.512932
1787085888.676534
1787085888.842365
1787085889.007499
1787085889.170140
1787085889.334949
1787085889.497529
1787085889.661669
1787085889.827003
1787085889.987062
1787085890.156955
1787085890.322527
1787085890.485348
1787085890.649827
1787085890.810443
1787085890.974119
1787085891.139317
1787085891.307626
1787085891.467619
1787085891.627296
1787085891.788568
1787085891.952316
1787085892.115789
1787085892.284050
1787085892.448265
1787085892.613550
1787085892.778134
1787085892.942336
1787085893.106135
1787085893.274559
1787085893.438938
1787085893.603525
1787085893.768196
1787085893.932711
1787085894.108639
1787085894.266674
1787085894.431438
1787085894.595714
1787085894.760734
1787085894.926578
1787085895.084548
1787085895.242559
1787085895.405626
1787085895.564615
1787085895.728438
1787085895.891490
1787085896.055935
1787085896.219026
1787085896.383260
1787085896.545246
1787085896.709827
1787085896.873517
1787085897.038218
1787085897.196654
1787085897.359264
1787085897.523862
1787085897.689374
1787085897.854739
1787085898.020558
1787085898.186620
1787085898.352965
1787085898.518330
1787085898.688205
1787085898.848012
1787085899.012112
1787085899.179331
1787085899.339420
1787085899.505407
1787085899.671988
1787085899.837203
1787085899.997284
1787085900.166687
1787085900.333593
1787085900.496202
1787085900.660472
1787085900.823840
1787085900.988564
1787085901.157203
1787085901.325541
1787085901.493752
1787085901.659928
1787085901.824291
1787085901.990959
1787085902.153191
1787085902.320136
1787085902.485417
1787085902.654932
1787085902.820186
1787085902.989308
1787085903.156533
1787085903.331272
1787085903.491842
1787085903.663939
1787085903.836924
1787085904.008965
1787085904.179677
1787085904.349706
1787085904.520627
1787085904.690395
1787085904.858424
1787085905.029451
1787085905.196503
1787085905.359302
1787085905.532246
1787085905.692912
1787085905.862164
1787085906.024925
1787085906.194024
1787085906.355117
1787085906.523015
1787085906.690590
1787085906.858369
1787085907.025960
1787085907.188312
1787085907.357058
1787085907.525242
1787085907.694204
1787085907.862695
1787085908.032520
1787085908.202137
1787085908.365134
1787085908.534890
1787085908.701837
1787085908.871535
1787085909.042094
1787085909.206463
1787085909.378313
1787085909.546840
1787085909.718812
1787085909.893200
1787085910.070216
1787085910.235704
1787085910.400572
1787085910.573832
1787085910.743135
1787085910.907966
1787085911.083436
1787085911.257746
1787085911.424348
1787085911.600421
1787085911.774499
1787085911.948015
1787085912.115861
1787085912.299204
1787085912.469727
1787085912.643409
1787085912.818315
1787085912.987852
1787085913.154402
1787085913.324236
1787085913.490376
1787085913.661650
1787085913.832317
1787085913.997626
1787085914.168132
1787085914.332682
1787085914.502875
1787085914.672644
1787085914.844825
1787085915.015118
1787085915.180189
1787085915.350749
1787085915.521645
1787085915.693548
1787085915.864687
1787085916.037073
1787085916.203162
1787085916.375137
1787085916.546431
1787085916.711705
1787085916.889526
1787085917.060221
1787085917.232392
1787085917.400861
1787085917.571981
1787085917.744048
1787085917.914130
1787085918.078969
1787085918.248867
1787085918.418589
1787085918.589896
1787085918.761805
1787085918.931814
1787085919.101826
1787085919.273660
1787085919.442724
1787085919.615516
1787085919.788666
1787085919.958881
1787085920.129857
1787085920.304147
1787085920.476679
1787085920.646998
1787085920.814192
1787085920.985961
1787085921.157329
1787085921.329872
1787085921.500651
1787085921.674089
1787085921.845661
1787085922.021490
1787085922.195997
1787085922.370565
1787085922.541456
1787085922.713821
1787085922.881573
1787085923.055704
1787085923.222413
1787085923.392427
1787085923.567791
1787085923.733056
1787085923.898419
1787085924.072072
1787085924.247236
1787085924.414762
1787085924.588477
1787085924.754361
1787085924.922108
1787085925.101866
1787085925.282664
1787085925.452570
1787085925.628080
1787085925.797076
1787085925.974012
1787085926.148937
1787085926.323413
1787085926.493907
1787085926.666186
1787085926.838740
1787085927.010958
1787085927.179372
1787085927.358471
1787085927.530773
1787085927.704301
1787085927.875453
1787085928.041407
1787085928.216575
1787085928.382964
1787085928.555081
1787085928.726469
1787085928.899025
1787085929.071131
1787085929.245245
1787085929.421427
1787085929.599397
1787085929.766698
1787085929.941894
1787085930.111014
1787085930.284844
1787085930.451125
1787085930.624332
1787085930.798754
1787085930.975651
1787085931.149315
1787085931.324043
1787085931.497582
1787085931.671709
1787085931.844583
1787085932.020448
1787085932.190168
1787085932.366133
1787085932.539804
1787085932.714086
1787085932.885426
1787085933.062572
1787085933.240515
1787085933.415006
1787085933.592468
1787085933.763008
1787085933.932019
1787085934.105596
1787085934.279952
1787085934.455948
1787085934.631501
1787085934.799676
1787085934.972701
1787085935.144342
1787085935.317826
1787085935.485682
1787085935.658769
1787085935.827101
1787085936.002834
1787085936.174159
1787085936.345164
1787085936.515056
1787085936.688011
1787085936.858436
1787085937.032096
1787085937.206033
1787085937.381639
1787085937.554322
1787085937.726920
1787085937.899332
1787085938.071796
1787085938.242086
1787085938.412124
1787085938.583142
1787085938.753672
1787085938.925787
1787085939.097590
1787085939.271901
1787085939.444206
1787085939.619025
1787085939.786755
1787085939.962868
1787085940.138107
1787085940.311883
1787085940.484440
1787085940.657702
1787085940.831464
1787085941.004592
1787085941.170408
1787085941.340768
1787085941.513319
1787085941.684707
1787085941.858477
1787085942.026100
1787085942.198364
1787085942.371336
1787085942.540558
1787085942.711320
1787085942.882295
1787085943.053404
1787085943.224041
1787085943.395852
1787085943.560663
1787085943.731090
1787085943.900740
1787085944.071509
1787085944.235448
1787085944.406460
1787085944.573806
1787085944.741992
1787085944.908496
1787085945.079012
1787085945.245537
1787085945.415917
1787085945.584824
1787085945.753572
1787085945.914353
1787085946.081973
1787085946.249789
1787085946.419624
1787085946.587911
1787085946.759224
1787085946.928494
1787085947.100453
1787085947.270757
1787085947.439264
1787085947.607107
1787085947.775337
1787085947.943750
1787085948.116962
1787085948.286484
1787085948.454657
1787085948.622500
1787085948.791373
1787085948.958627
1787085949.127650
1787085949.296652
1787085949.459279
1787085949.627087
1787085949.794018
1787085949.961444
1787085950.128437
1787085950.297878
1787085950.464775
1787085950.632579
1787085950.800937
1787085950.965835
1787085951.133674
1787085951.300876
1787085951.469467
1787085951.636401
1787085951.805477
1787085951.974545
1787085952.139004
1787085952.301450
1787085952.467686
1787085952.633958
1787085952.796482
1787085952.959074
1787085953.126051
1787085953.293954
1787085953.463340
1787085953.629161
1787085953.798259
1787085953.963509
1787085954.133447
1787085954.300960
1787085954.469678
1787085954.636000
1787085954.806797
1787085954.976733
1787085955.144181
1787085955.311348
1787085955.480395
1787085955.647509
1787085955.816668
1787085955.975869
1787085956.145756
1787085956.316674
1787085956.490691
1787085956.660471
1787085956.829412
1787085956.997781
1787085957.166294
1787085957.333494
1787085957.496260
1787085957.663683
1787085957.832037
1787085958.000082
1787085958.168123
1787085958.335857
1787085958.504982
1787085958.669438
1787085958.836610
1787085959.004905
1787085959.176275
1787085959.338173
1787085959.505255
1787085959.672116
1787085959.839796
1787085960.007552
1787085960.177192
1787085960.337848
1787085960.506806
1787085960.675106
1787085960.842509
1787085961.005240
1787085961.166916
1787085961.334566
1787085961.502874
1787085961.671682
1787085961.840368
1787085962.008863
1787085962.176350
1787085962.346853
1787085962.518400
1787085962.686915
1787085962.854477
1787085963.022485
1787085963.192283
1787085963.360052
1787085963.530290
1787085963.699070
1787085963.866700
1787085964.035495
1787085964.202363
1787085964.369270
1787085964.534918
1787085964.702772
1787085964.870699
1787085965.040692
1787085965.210088
1787085965.374911
1787085965.543798
1787085965.714012
1787085965.875165
1787085966.035418
1787085966.204333
1787085966.376549
1787085966.546927
1787085966.718335
1787085966.889351
1787085967.062064
1787085967.232420
1787085967.401986
1787085967.575756
1787085967.749439
1787085967.920545
1787085968.090884
1787085968.264311
1787085968.427144
1787085968.598370
1787085968.768117
1787085968.937584
1787085969.108082
1787085969.276405
1787085969.441997
1787085969.604586
1787085969.774852
1787085969.945860
1787085970.113456
1787085970.281904
1787085970.450063
1787085970.617666
1787085970.787299
1787085970.957354
1787085971.127523
1787085971.299088
1787085971.468715
1787085971.638625
1787085971.808580
1787085971.977078
1787085972.154195
1787085972.320817
1787085972.490962
1787085972.658175
1787085972.827219
1787085972.997325
1787085973.167085
1787085973.329305
1787085973.502304
1787085973.666964
1787085973.834074
1787085974.002922
1787085974.173090
1787085974.336155
1787085974.504267
1787085974.674926
1787085974.840808
1787085975.010535
1787085975.180961
1787085975.349927
1787085975.522898
1787085975.693113
1787085975.862015
1787085976.022968
1787085976.192997
1787085976.353501
1787085976.522265
1787085976.689817
1787085976.858854
1787085977.026364
1787085977.193732
1787085977.355248
1787085977.523528
1787085977.693211
1787085977.863438
1787085978.025062
1787085978.188837
1787085978.351252
1787085978.519709
1787085978.687809
1787085978.855837
1787085979.022437
1787085979.189662
1787085979.356288
1787085979.524321
1787085979.695260
1787085979.859777
1787085980.028417
1787085980.188931
1787085980.350409
1787085980.519393
1787085980.686573
1787085980.852385
1787085981.012464
1787085981.177535
1787085981.344153
1787085981.508880
1787085981.675138
1787085981.844159
1787085982.011266
1787085982.177214
1787085982.345777
1787085982.512378
1787085982.678359
1787085982.845978
1787085983.012525
1787085983.174450
1787085983.339660
1787085983.506060
1787085983.671775
1787085983.838331
1787085984.004648
1787085984.172098
1787085984.342592
1787085984.506131
1787085984.673812
1787085984.838680
1787085985.005754
1787085985.172201
1787085985.339888
1787085985.505195
1787085985.679158
1787085985.838589
1787085986.004431
1787085986.170948
1787085986.334586
1787085986.494444
1787085986.660295
1787085986.826211
1787085986.994920
1787085987.156180
1787085987.316829
1787085987.482161
1787085987.649884
1787085987.816216
1787085987.985574
1787085988.154333
1787085988.322590
1787085988.491000
1787085988.657504
1787085988.826570
1787085988.994129
1787085989.161176
1787085989.323509
1787085989.492183
1787085989.660541
1787085989.829896
1787085989.999450
1787085990.169702
1787085990.332458
1787085990.495342
1787085990.662321
1787085990.833244
1787085991.003615
1787085991.173955
1787085991.342281
1787085991.510146
1787085991.679298
1787085991.848931
1787085992.017840
1787085992.186622
1787085992.357511
1787085992.527145
1787085992.691188
1787085992.859583
1787085993.031415
1787085993.195573
1787085993.362976
1787085993.533568
1787085993.706063
1787085993.868985
1787085994.040915
1787085994.212343
1787085994.381822
1787085994.555425
1787085994.725544
1787085994.896356
1787085995.066314
1787085995.237480
1787085995.406395
1787085995.579950
1787085995.752341
1787085995.927662
1787085996.090822
1787085996.264109
1787085996.436248
1787085996.602948
1787085996.767563
1787085996.940068
1787085997.113039
1787085997.284100
1787085997.456834
1787085997.626370
1787085997.791351
1787085997.966928
1787085998.133968
1787085998.306994
1787085998.478747
1787085998.649527
1787085998.818476
1787085998.989218
1787085999.159981
1787085999.329168
1787085999.502724
1787085999.674460
1787085999.845195
1787086000.011580
1787086000.185581
1787086000.356447
1787086000.527607
1787086000.696127
1787086000.865857
1787086001.037982
1787086001.211045
1787086001.380127
1787086001.552519
1787086001.720284
1787086001.891315
1787086002.065843
1787086002.231034
1787086002.402344
1787086002.565588
1787086002.739964
1787086002.908635
1787086003.079815
1787086003.251021
1787086003.423816
1787086003.594979
1787086003.767474
1787086003.939891
1787086004.115669
1787086004.281359
1787086004.447055
1787086004.614293
1787086004.780912
1787086004.950415
1787086005.118154
1787086005.287578
1787086005.454047
1787086005.616859
1787086005.786927
1787086005.952135
1787086006.121948
1787086006.290618
1787086006.454190
1787086006.615768
1787086006.785705
1787086006.953863
1787086007.121109
1787086007.287963
1787086007.457767
1787086007.626623
1787086007.792800
1787086007.955350
1787086008.124392
1787086008.288593
1787086008.456927
1787086008.628182
1787086008.792552
1787086008.959428
1787086009.129716
1787086009.300108
1787086009.469162
1787086009.639271
1787086009.809472
1787086009.979560
1787086010.151039
1787086010.324197
1787086010.489270
1787086010.658957
1787086010.829507
1787086011.001679
1787086011.168366
1787086011.337359
1787086011.507685
1787086011.678780
1787086011.848480
1787086012.018610
1787086012.190446
1787086012.360971
1787086012.530827
1787086012.701812
1787086012.868719
1787086013.035286
1787086013.207101
1787086013.377542
1787086013.542487
1787086013.714325
1787086013.884549
1787086014.056823
1787086014.231375
1787086014.402018
1787086014.573741
1787086014.747627
1787086014.921313
1787086015.087711
1787086015.257842
1787086015.431318
1787086015.600835
1787086015.767593
1787086015.940526
1787086016.114966
1787086016.281027
1787086016.454204
1787086016.629392
1787086016.801618
1787086016.974708
1787086017.146739
1787086017.320024
1787086017.493717
1787086017.666604
1787086017.841556
1787086018.015823
1787086018.188929
1787086018.362222
1787086018.536994
1787086018.713262
1787086018.887027
1787086019.060379
1787086019.234548
1787086019.409638
1787086019.581971
1787086019.755776
1787086019.931700
1787086020.102695
1787086020.269192
1787086020.442988
1787086020.619567
1787086020.787154
1787086020.962102
1787086021.138600
1787086021.311195
1787086021.484245
1787086021.656423
1787086021.831411
1787086022.005657
1787086022.179582
1787086022.352068
