1787075897.453073
1787075897.609238
1787075897.765136
1787075897.919683
1787075898.066566
1787075898.213881
1787075898.361475
1787075898.511046
1787075898.660024
1787075898.807862
1787075898.958026
1787075899.104612
1787075899.258609
1787075899.417198
1787075899.564912
1787075899.723026
1787075899.871490
1787075900.025397
1787075900.173895
1787075900.323504
1787075900.472788
1787075900.622127
1787075900.773982
1787075900.923968
1787075901.083420
1787075901.242150
1787075901.393092
1787075901.555196
1787075901.711557
1787075901.867605
1787075902.015991
1787075902.171892
1787075902.328220
1787075902.484831
1787075902.640179
1787075902.798073
1787075902.947640
1787075903.105282
1787075903.262908
1787075903.420320
1787075903.580656
1787075903.732613
1787075903.880965
1787075904.028826
1787075904.175188
1787075904.321962
1787075904.466999
1787075904.616039
1787075904.763720
1787075904.912600
1787075905.060765
1787075905.217239
1787075905.365757
1787075905.519808
1787075905.667287
1787075905.819622
1787075905.967091
1787075906.113982
1787075906.260973
1787075906.413349
1787075906.558899
1787075906.713399
1787075906.861045
1787075907.016018
1787075907.161317
1787075907.310908
1787075907.456914
1787075907.604553
1787075907.757149
1787075907.902336
1787075908.050892
1787075908.204022
1787075908.356260
1787075908.507399
1787075908.659635
1787075908.813167
1787075908.956983
1787075909.108854
1787075909.261508
1787075909.407485
1787075909.559415
1787075909.708212
1787075909.857211
1787075910.005717
1787075910.155100
1787075910.306384
1787075910.459365
1787075910.610591
1787075910.759916
1787075910.907578
1787075911.050915
1787075911.199000
1787075911.348665
1787075911.497088
1787075911.648485
1787075911.799464
1787075911.952127
1787075912.101447
1787075912.250762
1787075912.400191
1787075912.549061
1787075912.700128
1787075912.848750
1787075912.998225
1787075913.149941
1787075913.299872
1787075913.448951
1787075913.595358
1787075913.746067
1787075913.897475
1787075914.048581
1787075914.194475
1787075914.346647
1787075914.497121
1787075914.647072
1787075914.801176
1787075914.952975
1787075915.103990
1787075915.256572
1787075915.401690
1787075915.552665
1787075915.704354
1787075915.858413
1787075916.010880
1787075916.160312
1787075916.315100
1787075916.461716
1787075916.613558
1787075916.761110
1787075916.912937
1787075917.063159
1787075917.211993
1787075917.366991
1787075917.519994
1787075917.673146
1787075917.825781
1787075917.979850
1787075918.134191
1787075918.289723
1787075918.442991
1787075918.598318
1787075918.752645
1787075918.914253
1787075919.067606
1787075919.215209
1787075919.369151
1787075919.524684
1787075919.673134
1787075919.820835
1787075919.972941
1787075920.127208
1787075920.281293
1787075920.434518
1787075920.588795
1787075920.741645
1787075920.897345
1787075921.053359
1787075921.210499
1787075921.365894
1787075921.519633
1787075921.676166
1787075921.832556
1787075921.988231
1787075922.145785
1787075922.302248
1787075922.458877
1787075922.616048
1787075922.773222
1787075922.930917
1787075923.083964
1787075923.242494
1787075923.398556
1787075923.550406
1787075923.703254
1787075923.858008
1787075924.019204
1787075924.183328
1787075924.343768
1787075924.503860
1787075924.664835
1787075924.819963
1787075924.982805
1787075925.143095
1787075925.305857
1787075925.468826
1787075925.632089
1787075925.800450
1787075925.966143
1787075926.126017
1787075926.290899
1787075926.455176
1787075926.617868
1787075926.780376
1787075926.941048
1787075927.098873
1787075927.258582
1787075927.417610
1787075927.580922
1787075927.738766
1787075927.906138
1787075928.064817
1787075928.233389
1787075928.399089
1787075928.564596
1787075928.724186
1787075928.892146
1787075929.048705
1787075929.212961
1787075929.379521
1787075929.544307
1787075929.711900
1787075929.874280
1787075930.039667
1787075930.198602
1787075930.366436
1787075930.527324
1787075930.691707
1787075930.862000
1787075931.023009
1787075931.188974
1787075931.353952
1787075931.514180
1787075931.680497
1787075931.848236
1787075932.016175
1787075932.183455
1787075932.349636
1787075932.516841
1787075932.684208
1787075932.844770
1787075933.014545
1787075933.176114
1787075933.342133
1787075933.508497
1787075933.671453
1787075933.838717
1787075934.006166
1787075934.174445
1787075934.341632
1787075934.506804
1787075934.672651
1787075934.842402
1787075935.006199
1787075935.173932
1787075935.346233
1787075935.513457
1787075935.679447
1787075935.849127
1787075936.017403
1787075936.184453
1787075936.352929
1787075936.516729
1787075936.685761
1787075936.853686
1787075937.020853
1787075937.188580
1787075937.354967
1787075937.522547
1787075937.691385
1787075937.859013
1787075938.029567
1787075938.196337
1787075938.364842
1787075938.534149
1787075938.695970
1787075938.864320
1787075939.032412
1787075939.199407
1787075939.366651
1787075939.529302
1787075939.691316
1787075939.861882
1787075940.030898
1787075940.193506
1787075940.359170
1787075940.527338
1787075940.694322
1787075940.863430
1787075941.031801
1787075941.197512
1787075941.358629
1787075941.525908
1787075941.693640
1787075941.859284
1787075942.027829
1787075942.197941
1787075942.360623
1787075942.528775
1787075942.694832
1787075942.864530
1787075943.032376
1787075943.193897
1787075943.362986
1787075943.532377
1787075943.702496
1787075943.871651
1787075944.033785
1787075944.201290
1787075944.373556
1787075944.543232
1787075944.715144
1787075944.884310
1787075945.053741
1787075945.220093
1787075945.390327
1787075945.558892
1787075945.726167
1787075945.893769
1787075946.061073
1787075946.226308
1787075946.394453
1787075946.560032
1787075946.728134
1787075946.897409
1787075947.066258
1787075947.240065
1787075947.410023
1787075947.580109
1787075947.752021
1787075947.921201
1787075948.098197
1787075948.274468
1787075948.449319
1787075948.622906
1787075948.792753
1787075948.965269
1787075949.128183
1787075949.296194
1787075949.474119
1787075949.647285
1787075949.821908
1787075949.992519
1787075950.166286
1787075950.341004
1787075950.516545
1787075950.688161
1787075950.858496
1787075951.029814
1787075951.202169
1787075951.374651
1787075951.541604
1787075951.714500
1787075951.885146
1787075952.054897
1787075952.217373
1787075952.388874
1787075952.560606
1787075952.734118
1787075952.910104
1787075953.082236
1787075953.250652
1787075953.426668
1787075953.600449
1787075953.776949
1787075953.947259
1787075954.123765
1787075954.299174
1787075954.476146
1787075954.650987
1787075954.823602
1787075954.997569
1787075955.171040
1787075955.344522
1787075955.518405
1787075955.690729
1787075955.861645
1787075956.034739
1787075956.208746
1787075956.383395
1787075956.546834
1787075956.723570
1787075956.893352
1787075957.069287
1787075957.240960
1787075957.414638
1787075957.584161
1787075957.755054
1787075957.928309
1787075958.103956
1787075958.276245
1787075958.449158
1787075958.621527
1787075958.793918
1787075958.964145
1787075959.131554
1787075959.305569
1787075959.477740
1787075959.649410
1787075959.821409
1787075959.998133
1787075960.165785
1787075960.331509
1787075960.499579
1787075960.671062
1787075960.844813
1787075961.016555
1787075961.188215
1787075961.362176
1787075961.541032
1787075961.713173
1787075961.883697
1787075962.059299
1787075962.241208
1787075962.412918
1787075962.585238
1787075962.758068
1787075962.932257
1787075963.104668
1787075963.273375
1787075963.445499
1787075963.619708
1787075963.790511
1787075963.962781
1787075964.134750
1787075964.305967
1787075964.481449
1787075964.661189
1787075964.839564
1787075965.018920
1787075965.197795
1787075965.375572
1787075965.552897
1787075965.730614
1787075965.907082
1787075966.085255
1787075966.261182
1787075966.430921
1787075966.595815
1787075966.770878
1787075966.947306
1787075967.124374
1787075967.299817
1787075967.474849
1787075967.650789
1787075967.825308
1787075968.000170
1787075968.172237
1787075968.344996
1787075968.519019
1787075968.693128
1787075968.859825
1787075969.040141
1787075969.209793
1787075969.384558
1787075969.559479
1787075969.735568
1787075969.910211
1787075970.085045
1787075970.265676
1787075970.442380
1787075970.618702
1787075970.795711
1787075970.977643
1787075971.152961
1787075971.330516
1787075971.510502
1787075971.690046
1787075971.870905
1787075972.049868
1787075972.228789
1787075972.403063
1787075972.585263
1787075972.766984
1787075972.945803
1787075973.123184
1787075973.305767
1787075973.487568
1787075973.667895
1787075973.846941
1787075974.028774
1787075974.210462
1787075974.393151
1787075974.576588
1787075974.751996
1787075974.930042
1787075975.108875
1787075975.282026
1787075975.460310
1787075975.640783
1787075975.821138
1787075976.000338
1787075976.180828
1787075976.359122
1787075976.539094
1787075976.717458
1787075976.894179
1787075977.067499
1787075977.240859
1787075977.414373
1787075977.591281
1787075977.767209
1787075977.944377
1787075978.120566
1787075978.298242
1787075978.476146
1787075978.652744
1787075978.829707
1787075979.004889
1787075979.181077
1787075979.356018
1787075979.530353
1787075979.704714
1787075979.879969
1787075980.054641
1787075980.229473
1787075980.403219
1787075980.579180
1787075980.754356
1787075980.927025
1787075981.101920
1787075981.274937
1787075981.450680
1787075981.629493
1787075981.798364
1787075981.972119
1787075982.146584
1787075982.320369
1787075982.493724
1787075982.660980
1787075982.834431
1787075983.008695
1787075983.181587
1787075983.356104
1787075983.525364
1787075983.697450
1787075983.868780
1787075984.039402
1787075984.212949
1787075984.388964
1787075984.562052
1787075984.729941
1787075984.897993
1787075985.061258
1787075985.233829
1787075985.405216
1787075985.575460
1787075985.748762
1787075985.921858
1787075986.096639
1787075986.271919
1787075986.445578
1787075986.618802
1787075986.791777
1787075986.964395
1787075987.130077
1787075987.301826
1787075987.472291
1787075987.642086
1787075987.816060
1787075987.988461
1787075988.160491
1787075988.331761
1787075988.502000
1787075988.672525
1787075988.842875
1787075989.008952
1787075989.178577
1787075989.345013
1787075989.515362
1787075989.686244
1787075989.856462
1787075990.023964
1787075990.191453
1787075990.360842
1787075990.531060
1787075990.701695
1787075990.875859
1787075991.046559
1787075991.218635
1787075991.389860
1787075991.562366
1787075991.733296
1787075991.902730
1787075992.074168
1787075992.245124
1787075992.415999
1787075992.581566
1787075992.753828
1787075992.920421
1787075993.090908
1787075993.262117
1787075993.430467
1787075993.604687
1787075993.778152
1787075993.950766
1787075994.115906
1787075994.289529
1787075994.463389
1787075994.640688
1787075994.806045
1787075994.979567
1787075995.152643
1787075995.325462
1787075995.491935
1787075995.665170
1787075995.837681
1787075996.006517
1787075996.177075
1787075996.349619
1787075996.520076
1787075996.687334
1787075996.868720
1787075997.048709
1787075997.230809
1787075997.412147
1787075997.597941
1787075997.777808
1787075997.957671
1787075998.141155
1787075998.320743
1787075998.502818
1787075998.683015
1787075998.864577
1787075999.041601
1787075999.220855
1787075999.397220
1787075999.575349
1787075999.754804
1787075999.933803
1787076000.114342
1787076000.295175
1787076000.474655
1787076000.652754
1787076000.830261
1787076001.009377
1787076001.183026
1787076001.363752
1787076001.538970
1787076001.721733
1787076001.898722
1787076002.075725
1787076002.257213
1787076002.430169
1787076002.609138
1787076002.785569
1787076002.963197
1787076003.139664
1787076003.318119
1787076003.496908
1787076003.681363
1787076003.855709
1787076004.029683
1787076004.207131
1787076004.385768
1787076004.564379
1787076004.741124
1787076004.913675
1787076005.088110
1787076005.259746
1787076005.436285
1787076005.612121
1787076005.790377
1787076005.967330
1787076006.145297
1787076006.323461
1787076006.501277
1787076006.681525
1787076006.853636
1787076007.022499
1787076007.205257
1787076007.386199
1787076007.568352
1787076007.746439
1787076007.925316
1787076008.105782
1787076008.272513
1787076008.451517
1787076008.625361
1787076008.796986
1787076008.970938
1787076009.148052
1787076009.327797
1787076009.506364
1787076009.681642
1787076009.858820
1787076010.035030
1787076010.206788
1787076010.384336
1787076010.559525
1787076010.735424
1787076010.912314
1787076011.087732
1787076011.259214
1787076011.435066
1787076011.611682
1787076011.791880
1787076011.968816
1787076012.152050
1787076012.327992
1787076012.500577
1787076012.678336
1787076012.849189
1787076013.025270
1787076013.199018
1787076013.376548
1787076013.551999
1787076013.730812
1787076013.906599
1787076014.077355
1787076014.248493
1787076014.424922
1787076014.600747
1787076014.776430
1787076014.950599
1787076015.120232
1787076015.296335
1787076015.473394
1787076015.649004
1787076015.829868
1787076016.000417
1787076016.173554
1787076016.348739
1787076016.525581
1787076016.702291
1787076016.877914
1787076017.055134
1787076017.231694
1787076017.404805
1787076017.578304
1787076017.752740
1787076017.939380
1787076018.115090
1787076018.291870
1787076018.472662
1787076018.652924
1787076018.822278
1787076018.993615
1787076019.172570
1787076019.349121
1787076019.524867
1787076019.699995
1787076019.873073
1787076020.048535
1787076020.216396
1787076020.389270
1787076020.562969
1787076020.738266
1787076020.910343
1787076021.085047
1787076021.259378
1787076021.433987
1787076021.613065
1787076021.782767
1787076021.958879
1787076022.136205
1787076022.305780
1787076022.480123
1787076022.653574
1787076022.828353
1787076023.003186
1787076023.176359
1787076023.344174
1787076023.520995
1787076023.696622
1787076023.869783
1787076024.042467
1787076024.217205
1787076024.383192
1787076024.556284
1787076024.729986
1787076024.902560
1787076025.080093
1787076025.252807
1787076025.426363
1787076025.591326
1787076025.764132
1787076025.937821
1787076026.115179
1787076026.279053
1787076026.452542
1787076026.620284
1787076026.793497
1787076026.966995
1787076027.137864
1787076027.311724
1787076027.482468
1787076027.650210
1787076027.826880
1787076027.994161
1787076028.167359
1787076028.341205
1787076028.513948
1787076028.684856
1787076028.860614
1787076029.032431
1787076029.203073
1787076029.376727
1787076029.540937
1787076029.714834
1787076029.888128
1787076030.062095
1787076030.236250
1787076030.412311
1787076030.590679
1787076030.767495
1787076030.933772
1787076031.100982
1787076031.280034
1787076031.452531
1787076031.621334
1787076031.794416
1787076031.966015
1787076032.139560
1787076032.310679
1787076032.482092
1787076032.655664
1787076032.828908
1787076033.000144
1787076033.173838
1787076033.348800
1787076033.520727
1787076033.692542
1787076033.865246
1787076034.036521
1787076034.202945
1787076034.378577
1787076034.549963
1787076034.720917
1787076034.892627
1787076035.063990
1787076035.238456
1787076035.404172
1787076035.578913
1787076035.749980
1787076035.922006
1787076036.090106
1787076036.261490
1787076036.438825
1787076036.603711
1787076036.769421
1787076036.938666
1787076037.109300
1787076037.282664
1787076037.455074
1787076037.625940
1787076037.797914
1787076037.964210
1787076038.133358
1787076038.298266
1787076038.467943
1787076038.638473
1787076038.808448
1787076038.979262
1787076039.147987
1787076039.320220
1787076039.497838
1787076039.666814
1787076039.835985
1787076040.007747
1787076040.177216
1787076040.346166
1787076040.516965
1787076040.690025
1787076040.862946
1787076041.035877
1787076041.205647
1787076041.374908
1787076041.547211
1787076041.717292
1787076041.889861
1787076042.061646
1787076042.228639
1787076042.401599
1787076042.573672
1787076042.740156
1787076042.912400
1787076043.084919
1787076043.252956
1787076043.427056
1787076043.596938
1787076043.769747
1787076043.939845
1787076044.111838
1787076044.283253
1787076044.456574
1787076044.629044
1787076044.799500
1787076044.970451
1787076045.141987
1787076045.313486
1787076045.483652
1787076045.656826
1787076045.827476
1787076045.998221
1787076046.167330
1787076046.337703
1787076046.509101
1787076046.684613
1787076046.855407
1787076047.026335
1787076047.197678
1787076047.367824
1787076047.540033
1787076047.710287
1787076047.882837
1787076048.054569
1787076048.225474
1787076048.394553
1787076048.566328
1787076048.738388
1787076048.908601
1787076049.075749
1787076049.245292
1787076049.411803
1787076049.579549
1787076049.754777
1787076049.918308
1787076050.089445
1787076050.260615
1787076050.429786
1787076050.598990
1787076050.764716
1787076050.942157
1787076051.116320
1787076051.286432
1787076051.463153
1787076051.630446
1787076051.800277
1787076051.970790
1787076052.139636
1787076052.311629
1787076052.484602
1787076052.650607
1787076052.823208
1787076053.001356
1787076053.175725
1787076053.352297
1787076053.526000
1787076053.701062
1787076053.874817
1787076054.048822
1787076054.213682
1787076054.388216
1787076054.560585
1787076054.733884
1787076054.903872
1787076055.069570
1787076055.239769
1787076055.412141
1787076055.581600
1787076055.755706
1787076055.922351
1787076056.094686
1787076056.264776
1787076056.435318
1787076056.608518
1787076056.783241
1787076056.958544
1787076057.126956
1787076057.298426
1787076057.474019
1787076057.646096
1787076057.813183
1787076057.986131
1787076058.160344
1787076058.330778
1787076058.505286
1787076058.677501
1787076058.850077
1787076059.029852
1787076059.208645
1787076059.386067
1787076059.559391
1787076059.726955
1787076059.903466
1787076060.079464
1787076060.248400
1787076060.423196
1787076060.600972
1787076060.777284
1787076060.951075
1787076061.125932
1787076061.303830
1787076061.478486
1787076061.654725
1787076061.829746
1787076062.006667
1787076062.186686
1787076062.361961
1787076062.538589
1787076062.711076
1787076062.885943
1787076063.055788
1787076063.231512
1787076063.412754
1787076063.583534
1787076063.757377
1787076063.934505
1787076064.110665
1787076064.283214
1787076064.459074
1787076064.629142
1787076064.806218
1787076064.976926
1787076065.147521
1787076065.318602
1787076065.490293
1787076065.660385
1787076065.830465
1787076065.999649
1787076066.171328
1787076066.344268
1787076066.507951
1787076066.678249
1787076066.850048
1787076067.017662
1787076067.188630
1787076067.359253
1787076067.527007
1787076067.699141
1787076067.869202
1787076068.045151
1787076068.222311
1787076068.399095
1787076068.570321
1787076068.743383
1787076068.913368
1787076069.085468
1787076069.254086
1787076069.423537
1787076069.588847
1787076069.761467
1787076069.930193
1787076070.094376
1787076070.266099
1787076070.435475
1787076070.606717
1787076070.772136
1787076070.936797
1787076071.106972
1787076071.281002
1787076071.452478
1787076071.623989
1787076071.795569
1787076071.967906
1787076072.142412
1787076072.319803
1787076072.484932
1787076072.651270
1787076072.823012
1787076072.991647
1787076073.164546
1787076073.337175
1787076073.508044
1787076073.681051
1787076073.851513
1787076074.021806
1787076074.190676
1787076074.361344
1787076074.531450
1787076074.698741
1787076074.868889
1787076075.040565
1787076075.208659
1787076075.378127
1787076075.548230
1787076075.716512
1787076075.885818
1787076076.054473
1787076076.218228
1787076076.388024
1787076076.557556
1787076076.727016
1787076076.898238
1787076077.063039
1787076077.225416
1787076077.390404
1787076077.559587
1787076077.724403
1787076077.892509
1787076078.056913
1787076078.227180
1787076078.393877
1787076078.565873
1787076078.736737
1787076078.905625
1787076079.070349
1787076079.239945
1787076079.405358
1787076079.581629
1787076079.742520
1787076079.907841
1787076080.071749
1787076080.242502
1787076080.411175
1787076080.579453
1787076080.750682
1787076080.921093
1787076081.089964
1787076081.260189
1787076081.429805
1787076081.596984
1787076081.765879
1787076081.933566
1787076082.096911
1787076082.264320
1787076082.434321
1787076082.605003
1787076082.773548
1787076082.942905
1787076083.114918
1787076083.283172
1787076083.451373
1787076083.622207
1787076083.793693
1787076083.963432
1787076084.134603
1787076084.304818
1787076084.469535
1787076084.641305
1787076084.811984
1787076084.982122
1787076085.152637
1787076085.322208
1787076085.491929
1787076085.662050
1787076085.834365
1787076086.005535
1787076086.176959
1787076086.346281
1787076086.510700
1787076086.684509
1787076086.849523
1787076087.023353
1787076087.197060
1787076087.369569
1787076087.538889
1787076087.711067
1787076087.882830
1787076088.053417
1787076088.223338
1787076088.394080
1787076088.563085
1787076088.737871
1787076088.908461
1787076089.077098
1787076089.247661
1787076089.412722
1787076089.581503
1787076089.759026
1787076089.929219
1787076090.099039
1787076090.269236
1787076090.439383
1787076090.609896
1787076090.777201
1787076090.948200
1787076091.118670
1787076091.283896
1787076091.456208
1787076091.622607
1787076091.800427
1787076091.973251
1787076092.144459
1787076092.314672
1787076092.488891
1787076092.662132
1787076092.829672
1787076092.999779
1787076093.171294
1787076093.348577
1787076093.514434
1787076093.690050
1787076093.865664
1787076094.038189
1787076094.213671
1787076094.388670
1787076094.555870
1787076094.732543
1787076094.909497
1787076095.084661
1787076095.257496
1787076095.424220
1787076095.598486
1787076095.775725
1787076095.947794
1787076096.114903
1787076096.292653
1787076096.470372
1787076096.636198
1787076096.808670
1787076096.978419
1787076097.149809
1787076097.321824
1787076097.493413
1787076097.666838
1787076097.838030
1787076098.008090
1787076098.185395
1787076098.359834
1787076098.533380
1787076098.709038
1787076098.877516
1787076099.047964
1787076099.219223
1787076099.393744
1787076099.568870
1787076099.742340
1787076099.916160
1787076100.087664
1787076100.253546
1787076100.426164
1787076100.599762
1787076100.770837
1787076100.943552
1787076101.114459
1787076101.286318
1787076101.456550
1787076101.629866
1787076101.801224
1787076101.971395
1787076102.142444
1787076102.313483
1787076102.482313
1787076102.653720
1787076102.817261
1787076102.981609
1787076103.151453
1787076103.320774
1787076103.491227
1787076103.659981
1787076103.829199
1787076103.999507
1787076104.167165
1787076104.335369
1787076104.506524
1787076104.676252
1787076104.840686
1787076105.012152
1787076105.183814
1787076105.354692
1787076105.530754
1787076105.695606
1787076105.869150
1787076106.038703
1787076106.209629
1787076106.376299
1787076106.547396
1787076106.717964
1787076106.887424
1787076107.058860
1787076107.230005
1787076107.402186
1787076107.569722
1787076107.743635
1787076107.914820
1787076108.079257
1787076108.246970
1787076108.418334
1787076108.588659
1787076108.759185
1787076108.928477
1787076109.098692
1787076109.269291
1787076109.436123
1787076109.608432
1787076109.782203
1787076109.943228
1787076110.117477
1787076110.287513
1787076110.457359
1787076110.628382
1787076110.798686
1787076110.967723
1787076111.138322
1787076111.308728
1787076111.477441
1787076111.649588
1787076111.819883
1787076111.988235
1787076112.158563
1787076112.327556
1787076112.498536
1787076112.669363
1787076112.836878
1787076113.006211
1787076113.176353
1787076113.345700
1787076113.519089
1787076113.689281
1787076113.860417
1787076114.028003
1787076114.198966
1787076114.371314
1787076114.542175
1787076114.706624
1787076114.874996
1787076115.046011
1787076115.214652
1787076115.385795
1787076115.553872
1787076115.723009
1787076115.891956
1787076116.063383
1787076116.236881
1787076116.399651
1787076116.569758
1787076116.732177
1787076116.896018
1787076117.058002
1787076117.224401
1787076117.393601
1787076117.557643
1787076117.728559
1787076117.891508
1787076118.060378
1787076118.222522
1787076118.393103
1787076118.555873
1787076118.724924
1787076118.895112
1787076119.063373
1787076119.233540
1787076119.402352
1787076119.565420
1787076119.733596
1787076119.907944
1787076120.076990
1787076120.246912
1787076120.418872
1787076120.589208
1787076120.758541
1787076120.925251
1787076121.094526
1787076121.262395
1787076121.434373
1787076121.603675
1787076121.773753
1787076121.937718
1787076122.104391
1787076122.268437
1787076122.423177
1787076122.593117
1787076122.762535
1787076122.925903
1787076123.093978
1787076123.263649
1787076123.434143
1787076123.600496
1787076123.772597
1787076123.943070
1787076124.113980
1787076124.276861
1787076124.447978
1787076124.620321
1787076124.789818
1787076124.959923
1787076125.128553
1787076125.296818
1787076125.464391
1787076125.635257
1787076125.804266
1787076125.972028
1787076126.143939
1787076126.316239
1787076126.485223
1787076126.651046
1787076126.821425
1787076126.983963
1787076127.155973
1787076127.327012
1787076127.500457
1787076127.671314
1787076127.839146
1787076128.004086
1787076128.174498
1787076128.343825
1787076128.518790
1787076128.692266
1787076128.866080
1787076129.042686
1787076129.208791
1787076129.385508
1787076129.563277
1787076129.737544
1787076129.907875
1787076130.071479
1787076130.242235
1787076130.411171
1787076130.582018
1787076130.754745
1787076130.920464
1787076131.089519
1787076131.258350
1787076131.431142
1787076131.605002
1787076131.779331
1787076131.942583
1787076132.107445
1787076132.278033
1787076132.446685
1787076132.616459
1787076132.784918
1787076132.949728
1787076133.119088
1787076133.287822
1787076133.455319
1787076133.623030
1787076133.787341
1787076133.957369
1787076134.130745
1787076134.302815
1787076134.477054
1787076134.646010
1787076134.817291
1787076134.989122
1787076135.156419
1787076135.330138
1787076135.496339
1787076135.662506
1787076135.833231
1787076136.007788
1787076136.177253
1787076136.348807
1787076136.511180
1787076136.676871
1787076136.844448
1787076137.013968
1787076137.183915
1787076137.355717
1787076137.520664
1787076137.690004
1787076137.860417
1787076138.029306
1787076138.192417
1787076138.358884
1787076138.527545
1787076138.694067
1787076138.862255
1787076139.032331
1787076139.196382
1787076139.359873
1787076139.519746
1787076139.689140
1787076139.856807
1787076140.022019
1787076140.187504
1787076140.354963
1787076140.522186
1787076140.684904
1787076140.853204
1787076141.021037
1787076141.188697
1787076141.355011
1787076141.522571
1787076141.689550
1787076141.851596
1787076142.019338
1787076142.187641
1787076142.356305
1787076142.517522
1787076142.687403
1787076142.856640
1787076143.021088
1787076143.189064
1787076143.356825
1787076143.522287
1787076143.690839
1787076143.859733
1787076144.028625
1787076144.198591
1787076144.366549
1787076144.539662
1787076144.707560
1787076144.872717
1787076145.036354
1787076145.205814
1787076145.373950
1787076145.542983
1787076145.705307
1787076145.873478
1787076146.044530
1787076146.205486
1787076146.375320
1787076146.543757
1787076146.710608
1787076146.875733
1787076147.044164
1787076147.212754
1787076147.380228
1787076147.548037
1787076147.716855
1787076147.885123
1787076148.055230
1787076148.223052
1787076148.390016
1787076148.560169
1787076148.729859
1787076148.897062
1787076149.065473
1787076149.233803
1787076149.395862
1787076149.564220
1787076149.734061
1787076149.895621
1787076150.069828
1787076150.235190
1787076150.402616
1787076150.570031
1787076150.732383
1787076150.901417
1787076151.063784
1787076151.235061
1787076151.404470
1787076151.574694
1787076151.744090
1787076151.915555
1787076152.086130
1787076152.254276
1787076152.422538
1787076152.592494
1787076152.758418
1787076152.927720
1787076153.096590
1787076153.269121
1787076153.439459
1787076153.608466
1787076153.777174
1787076153.947102
1787076154.116665
1787076154.278939
1787076154.454531
1787076154.625301
1787076154.795192
1787076154.968266
1787076155.130384
1787076155.293758
1787076155.467005
1787076155.638423
1787076155.807611
1787076155.975096
1787076156.145664
1787076156.315187
1787076156.482705
1787076156.658316
1787076156.827413
1787076156.998484
1787076157.164770
1787076157.340081
1787076157.509511
1787076157.676165
1787076157.845779
1787076158.012404
1787076158.180282
1787076158.350895
1787076158.512084
1787076158.680479
1787076158.847910
1787076159.016132
1787076159.183992
1787076159.351456
1787076159.519415
1787076159.680032
1787076159.846864
1787076160.016307
1787076160.174149
1787076160.344576
1787076160.514887
1787076160.681845
1787076160.848877
1787076161.018214
1787076161.187442
1787076161.359293
1787076161.526944
1787076161.688974
1787076161.856612
1787076162.025861
1787076162.195704
1787076162.361913
1787076162.530287
1787076162.698691
1787076162.867054
1787076163.034622
1787076163.202892
1787076163.363923
1787076163.531611
1787076163.693766
1787076163.859478
1787076164.021666
1787076164.190662
1787076164.358654
1787076164.525391
1787076164.687413
1787076164.857363
1787076165.023380
1787076165.190088
1787076165.358274
1787076165.527746
1787076165.697885
1787076165.869094
1787076166.036855
1787076166.207604
1787076166.376366
1787076166.546767
1787076166.715691
1787076166.883642
1787076167.052444
1787076167.216013
1787076167.384558
1787076167.554017
1787076167.722528
