1787090326.949270
1787090327.101541
1787090327.253211
1787090327.401176
1787090327.554417
1787090327.701838
1787090327.847530
1787090327.996099
1787090328.143806
1787090328.298730
1787090328.447176
1787090328.603387
1787090328.763514
1787090328.914477
1787090329.065908
1787090329.216994
1787090329.368414
1787090329.525525
1787090329.676632
1787090329.835527
1787090329.986326
1787090330.138299
1787090330.289109
1787090330.438899
1787090330.589739
1787090330.740297
1787090330.890298
1787090331.040991
1787090331.190350
1787090331.349561
1787090331.500456
1787090331.651056
1787090331.800375
1787090331.950524
1787090332.105874
1787090332.262293
1787090332.418681
1787090332.569158
1787090332.718692
1787090332.869491
1787090333.018562
1787090333.167110
1787090333.316042
1787090333.469269
1787090333.621450
1787090333.773299
1787090333.921579
1787090334.070922
1787090334.218660
1787090334.370995
1787090334.519827
1787090334.667858
1787090334.816106
1787090334.965444
1787090335.113027
1787090335.257998
1787090335.405239
1787090335.556301
1787090335.708641
1787090335.859103
1787090336.006772
1787090336.156423
1787090336.308589
1787090336.460384
1787090336.616369
1787090336.762445
1787090336.909732
1787090337.054622
1787090337.200054
1787090337.345248
1787090337.490825
1787090337.637021
1787090337.783650
1787090337.928934
1787090338.073890
1787090338.218982
1787090338.364251
1787090338.518663
1787090338.664860
1787090338.818337
1787090338.970400
1787090339.121694
1787090339.270978
1787090339.416224
1787090339.570223
1787090339.722360
1787090339.868651
1787090340.020938
1787090340.167301
1787090340.318751
1787090340.471506
1787090340.621850
1787090340.766692
1787090340.913823
1787090341.060443
1787090341.205316
1787090341.349715
1787090341.494735
1787090341.641017
1787090341.795378
1787090341.948007
1787090342.098820
1787090342.249404
1787090342.401448
1787090342.550487
1787090342.696922
1787090342.843199
1787090342.997908
1787090343.147785
1787090343.294492
1787090343.440992
1787090343.593510
1787090343.739563
1787090343.894196
1787090344.043830
1787090344.198083
1787090344.350974
1787090344.496965
1787090344.644443
1787090344.796539
1787090344.949792
1787090345.096441
1787090345.244077
1787090345.396735
1787090345.540694
1787090345.689974
1787090345.844048
1787090345.999869
1787090346.145910
1787090346.298665
1787090346.455051
1787090346.609928
1787090346.764380
1787090346.911830
1787090347.060522
1787090347.209974
1787090347.359257
1787090347.508604
1787090347.657371
1787090347.806032
1787090347.961053
1787090348.116309
1787090348.267519
1787090348.423564
1787090348.581258
1787090348.736391
1787090348.887364
1787090349.038314
1787090349.194445
1787090349.351452
1787090349.512931
1787090349.672733
1787090349.824096
1787090349.975500
1787090350.133291
1787090350.289869
1787090350.446551
1787090350.598656
1787090350.750256
1787090350.902566
1787090351.054201
1787090351.207368
1787090351.360748
1787090351.513430
1787090351.666804
1787090351.820590
1787090351.976628
1787090352.135308
1787090352.294394
1787090352.448578
1787090352.607518
1787090352.763002
1787090352.916955
1787090353.071231
1787090353.232046
1787090353.385625
1787090353.545852
1787090353.705976
1787090353.855324
1787090354.017024
1787090354.174530
1787090354.331303
1787090354.492147
1787090354.648879
1787090354.805444
1787090354.964867
1787090355.129100
1787090355.289906
1787090355.455099
1787090355.626824
1787090355.778656
1787090355.938187
1787090356.094775
1787090356.251035
1787090356.408509
1787090356.565379
1787090356.723684
1787090356.882054
1787090357.039796
1787090357.205489
1787090357.360594
1787090357.520095
1787090357.679685
1787090357.838943
1787090357.997649
1787090358.158813
1787090358.319107
1787090358.483047
1787090358.640409
1787090358.796369
1787090358.961885
1787090359.126538
1787090359.290760
1787090359.450359
1787090359.616403
1787090359.785442
1787090359.947070
1787090360.109748
1787090360.272275
1787090360.432822
1787090360.593621
1787090360.755346
1787090360.914539
1787090361.076374
1787090361.242371
1787090361.405357
1787090361.569406
1787090361.740461
1787090361.902479
1787090362.063632
1787090362.225442
1787090362.393072
1787090362.554614
1787090362.715854
1787090362.881748
1787090363.042969
1787090363.208379
1787090363.369859
1787090363.535883
1787090363.696751
1787090363.857278
1787090364.025981
1787090364.185750
1787090364.350805
1787090364.510674
1787090364.670849
1787090364.837974
1787090364.997703
1787090365.160592
1787090365.321675
1787090365.482980
1787090365.643385
1787090365.809545
1787090365.970603
1787090366.143589
1787090366.313597
1787090366.474160
1787090366.639381
1787090366.805284
1787090366.965553
1787090367.131491
1787090367.299580
1787090367.461513
1787090367.632773
1787090367.794619
1787090367.956469
1787090368.124745
1787090368.286058
1787090368.448112
1787090368.616236
1787090368.779217
1787090368.943501
1787090369.104463
1787090369.266777
1787090369.429133
1787090369.591211
1787090369.759173
1787090369.922122
1787090370.089178
1787090370.255131
1787090370.418453
1787090370.585042
1787090370.753652
1787090370.920212
1787090371.092141
1787090371.245814
1787090371.413824
1787090371.578438
1787090371.741960
1787090371.903912
1787090372.066791
1787090372.228594
1787090372.390060
1787090372.552955
1787090372.719274
1787090372.879666
1787090373.041774
1787090373.204306
1787090373.366991
1787090373.528916
1787090373.690844
1787090373.852300
1787090374.015366
1787090374.177310
1787090374.339810
1787090374.500770
1787090374.663550
1787090374.825784
1787090374.993765
1787090375.154593
1787090375.317302
1787090375.485438
1787090375.646344
1787090375.808355
1787090375.969924
1787090376.131848
1787090376.294715
1787090376.456209
1787090376.621983
1787090376.783867
1787090376.945286
1787090377.105909
1787090377.272814
1787090377.441879
1787090377.604812
1787090377.771550
1787090377.932934
1787090378.094304
1787090378.257944
1787090378.423128
1787090378.585503
1787090378.747397
1787090378.907950
1787090379.072524
1787090379.234274
1787090379.395863
1787090379.562371
1787090379.729821
1787090379.893761
1787090380.056154
1787090380.221884
1787090380.381569
1787090380.542431
1787090380.710382
1787090380.876612
1787090381.038303
1787090381.213275
1787090381.380337
1787090381.546593
1787090381.706360
1787090381.875490
1787090382.042191
1787090382.208380
1787090382.368760
1787090382.536536
1787090382.699521
1787090382.867167
1787090383.029320
1787090383.196393
1787090383.357826
1787090383.519497
1787090383.681245
1787090383.843493
1787090384.013630
1787090384.175544
1787090384.343765
1787090384.510108
1787090384.672011
1787090384.839919
1787090385.000982
1787090385.168716
1787090385.331356
1787090385.500683
1787090385.664808
1787090385.827029
1787090385.989538
1787090386.150609
1787090386.316032
1787090386.479280
1787090386.652349
1787090386.807509
1787090386.971811
1787090387.134952
1787090387.298670
1787090387.460157
1787090387.629065
1787090387.790902
1787090387.957919
1787090388.118584
1787090388.282722
1787090388.445791
1787090388.606713
1787090388.772064
1787090388.938163
1787090389.106927
1787090389.268346
1787090389.436242
1787090389.598440
1787090389.767748
1787090389.928936
1787090390.095183
1787090390.256494
1787090390.423204
1787090390.590467
1787090390.751524
1787090390.916316
1787090391.082866
1787090391.250307
1787090391.416577
1787090391.576563
1787090391.742104
1787090391.908193
1787090392.075766
1787090392.236472
1787090392.397092
1787090392.557241
1787090392.721377
1787090392.889695
1787090393.051668
1787090393.213979
1787090393.374850
1787090393.541577
1787090393.702753
1787090393.866699
1787090394.026218
1787090394.185882
1787090394.348181
1787090394.508066
1787090394.672229
1787090394.840545
1787090395.004968
1787090395.164555
1787090395.324865
1787090395.486030
1787090395.646730
1787090395.804254
1787090395.963193
1787090396.123335
1787090396.284145
1787090396.445193
1787090396.606462
1787090396.775033
1787090396.935806
1787090397.095856
1787090397.257387
1787090397.417112
1787090397.583079
1787090397.748038
1787090397.902138
1787090398.063911
1787090398.224956
1787090398.387185
1787090398.548877
1787090398.709383
1787090398.874092
1787090399.040976
1787090399.205411
1787090399.371741
1787090399.538251
1787090399.698998
1787090399.864889
1787090400.025888
1787090400.187344
1787090400.354216
1787090400.520653
1787090400.681252
1787090400.841537
1787090401.007085
1787090401.180650
1787090401.341440
1787090401.504762
1787090401.670132
1787090401.834345
1787090402.002181
1787090402.166153
1787090402.335498
1787090402.507729
1787090402.671247
1787090402.839263
1787090403.001684
1787090403.170538
1787090403.332728
1787090403.496291
1787090403.660880
1787090403.823985
1787090403.992195
1787090404.155195
1787090404.321908
1787090404.487223
1787090404.649060
1787090404.813145
1787090404.984670
1787090405.146595
1787090405.308468
1787090405.469524
1787090405.640343
1787090405.795669
1787090405.957360
1787090406.119171
1787090406.289286
1787090406.451668
1787090406.612384
1787090406.774282
1787090406.934200
1787090407.093954
1787090407.253945
1787090407.414837
1787090407.574489
1787090407.734267
1787090407.896838
1787090408.063102
1787090408.223976
1787090408.389051
1787090408.554800
1787090408.719690
1787090408.885120
1787090409.050787
1787090409.217313
1787090409.386066
1787090409.546574
1787090409.711670
1787090409.876180
1787090410.041447
1787090410.210252
1787090410.374899
1787090410.533066
1787090410.696842
1787090410.855454
1787090411.020263
1787090411.184848
1787090411.343515
1787090411.509741
1787090411.670000
1787090411.837428
1787090411.997082
1787090412.161656
1787090412.328640
1787090412.487711
1787090412.650797
1787090412.811317
1787090412.972370
1787090413.139329
1787090413.301039
1787090413.461135
1787090413.622980
1787090413.788501
1787090413.950327
1787090414.115683
1787090414.278004
1787090414.446789
1787090414.611614
1787090414.771814
1787090414.938711
1787090415.099421
1787090415.259966
1787090415.422370
1787090415.582824
1787090415.750299
1787090415.908597
1787090416.075943
1787090416.237084
1787090416.398034
1787090416.559570
1787090416.721128
1787090416.882602
1787090417.049748
1787090417.215714
1787090417.377088
1787090417.540867
1787090417.701022
1787090417.865635
1787090418.027055
1787090418.188487
1787090418.349429
1787090418.509938
1787090418.670355
1787090418.837265
1787090419.003432
1787090419.175253
1787090419.338554
1787090419.500845
1787090419.670842
1787090419.843717
1787090420.006251
1787090420.169644
1787090420.333583
1787090420.494900
1787090420.660466
1787090420.823243
1787090420.984782
1787090421.147017
1787090421.313088
1787090421.482774
1787090421.644726
1787090421.814846
1787090421.981642
1787090422.143475
1787090422.318154
1787090422.475168
1787090422.639770
1787090422.801278
1787090422.964825
1787090423.128161
1787090423.296175
1787090423.459538
1787090423.628996
1787090423.790939
1787090423.952314
1787090424.114382
1787090424.280756
1787090424.440117
1787090424.604271
1787090424.769968
1787090424.931168
1787090425.090855
1787090425.252075
1787090425.413338
1787090425.573237
1787090425.736440
1787090425.897395
1787090426.061641
1787090426.224027
1787090426.385711
1787090426.548819
1787090426.709881
1787090426.869957
1787090427.032210
1787090427.198224
1787090427.359727
1787090427.526536
1787090427.688125
1787090427.853074
1787090428.013889
1787090428.180265
1787090428.346541
1787090428.505823
1787090428.668657
1787090428.828700
1787090428.993082
1787090429.159702
1787090429.326081
1787090429.487244
1787090429.647847
1787090429.815540
1787090429.976377
1787090430.143662
1787090430.304255
1787090430.470856
1787090430.630727
1787090430.799219
1787090430.970130
1787090431.137073
1787090431.303612
1787090431.469615
1787090431.631722
1787090431.799120
1787090431.966871
1787090432.128271
1787090432.293097
1787090432.463542
1787090432.625233
1787090432.787138
1787090432.955290
1787090433.118146
1787090433.278322
1787090433.440277
1787090433.602796
1787090433.772861
1787090433.939836
1787090434.104317
1787090434.268797
1787090434.439436
1787090434.602936
1787090434.764891
1787090434.931724
1787090435.101628
1787090435.264799
1787090435.433555
1787090435.597766
1787090435.760989
1787090435.918762
1787090436.080249
1787090436.242252
1787090436.408622
1787090436.570667
1787090436.737417
1787090436.902320
1787090437.064864
1787090437.227381
1787090437.388755
1787090437.550539
1787090437.712293
1787090437.872056
1787090438.034154
1787090438.197088
1787090438.362048
1787090438.523550
1787090438.688871
1787090438.850221
1787090439.015693
1787090439.176457
1787090439.344956
1787090439.506495
1787090439.668349
1787090439.835881
1787090440.002610
1787090440.169348
1787090440.336658
1787090440.502865
1787090440.663864
1787090440.823240
1787090440.983024
1787090441.145156
1787090441.305137
1787090441.470050
1787090441.632839
1787090441.803120
1787090441.962501
1787090442.123064
1787090442.287736
1787090442.453429
1787090442.616931
1787090442.775969
1787090442.940340
1787090443.105541
1787090443.265445
1787090443.428787
1787090443.589525
1787090443.752250
1787090443.919812
1787090444.083322
1787090444.243627
1787090444.403764
1787090444.565854
1787090444.726578
1787090444.890508
1787090445.050763
1787090445.211924
1787090445.372268
1787090445.538327
1787090445.698087
1787090445.868651
1787090446.029999
1787090446.193695
1787090446.352882
1787090446.513176
1787090446.673925
1787090446.834118
1787090447.002372
1787090447.164594
1787090447.328475
1787090447.488333
1787090447.652543
1787090447.818186
1787090447.979861
1787090448.141858
1787090448.300967
1787090448.461162
1787090448.624795
1787090448.785070
1787090448.949019
1787090449.109736
1787090449.273979
1787090449.434100
1787090449.594304
1787090449.757873
1787090449.921771
1787090450.083969
1787090450.244339
1787090450.404366
1787090450.567961
1787090450.725778
1787090450.891570
1787090451.055809
1787090451.213811
1787090451.372888
1787090451.530813
1787090451.689602
1787090451.852568
1787090452.010763
1787090452.168641
1787090452.332761
1787090452.495940
1787090452.658199
1787090452.820179
1787090452.979612
1787090453.142519
1787090453.307034
1787090453.464720
1787090453.628855
1787090453.787532
1787090453.945956
1787090454.109900
1787090454.268545
1787090454.433835
1787090454.594437
1787090454.753830
1787090454.913311
1787090455.074851
1787090455.233347
1787090455.392650
1787090455.552210
1787090455.710959
1787090455.876446
1787090456.035908
1787090456.196428
1787090456.366519
1787090456.526865
1787090456.687767
1787090456.849010
1787090457.017015
1787090457.176256
1787090457.339625
1787090457.499019
1787090457.657816
1787090457.820347
1787090457.980754
1787090458.139976
1787090458.300826
1787090458.460014
1787090458.617935
1787090458.775229
1787090458.938655
1787090459.096391
1787090459.259318
1787090459.418192
1787090459.576524
1787090459.740262
1787090459.904320
1787090460.062423
1787090460.225436
1787090460.383367
1787090460.541549
1787090460.705642
1787090460.866692
1787090461.030157
1787090461.194430
1787090461.353836
1787090461.512198
1787090461.670583
1787090461.832172
1787090461.995620
1787090462.157021
1787090462.315219
1787090462.478369
1787090462.637366
1787090462.800049
1787090462.965002
1787090463.125156
1787090463.288680
1787090463.447980
1787090463.612098
1787090463.778672
1787090463.940834
1787090464.109014
1787090464.263281
1787090464.423643
1787090464.585673
1787090464.752971
1787090464.915196
1787090465.076188
1787090465.235951
1787090465.396048
1787090465.555854
1787090465.721284
1787090465.882627
1787090466.040593
1787090466.199266
1787090466.359631
1787090466.523804
1787090466.682432
1787090466.841080
1787090467.004644
1787090467.163516
1787090467.323794
1787090467.488347
1787090467.647119
1787090467.806823
1787090467.966506
1787090468.126206
1787090468.288795
1787090468.451152
1787090468.610840
1787090468.775036
1787090468.934249
1787090469.094483
1787090469.257646
1787090469.417717
1787090469.581594
1787090469.739740
1787090469.897406
1787090470.060514
1787090470.225398
1787090470.384358
1787090470.548189
1787090470.707552
1787090470.870673
1787090471.031234
1787090471.193051
1787090471.357456
1787090471.517153
1787090471.675734
1787090471.828269
1787090471.992435
1787090472.156163
1787090472.334197
1787090472.492810
1787090472.651557
1787090472.810711
1787090472.976878
1787090473.141347
1787090473.304798
1787090473.463183
1787090473.624629
1787090473.786098
1787090473.945264
1787090474.104931
1787090474.275218
1787090474.436922
1787090474.601565
1787090474.767291
1787090474.920736
1787090475.081549
1787090475.241322
1787090475.400978
1787090475.561702
1787090475.721309
1787090475.882671
1787090476.040973
1787090476.211122
1787090476.373348
1787090476.533468
1787090476.693138
1787090476.855825
1787090477.016593
1787090477.180918
1787090477.343271
1787090477.506828
1787090477.669053
1787090477.835933
1787090477.999517
1787090478.161028
1787090478.328935
1787090478.489968
1787090478.652527
1787090478.814765
1787090478.981441
1787090479.143755
1787090479.311031
1787090479.473413
1787090479.643256
1787090479.807933
1787090479.975777
1787090480.144660
1787090480.305463
1787090480.472468
1787090480.634791
1787090480.800602
1787090480.967431
1787090481.132858
1787090481.300636
1787090481.467174
1787090481.626750
1787090481.790561
1787090481.954897
1787090482.115151
1787090482.275420
1787090482.435305
1787090482.602440
1787090482.761880
1787090482.920213
1787090483.084157
1787090483.243568
1787090483.404171
1787090483.565363
1787090483.721853
1787090483.883248
1787090484.047126
1787090484.206236
1787090484.365252
1787090484.529878
1787090484.689440
1787090484.853782
1787090485.030129
1787090485.182009
1787090485.341672
1787090485.501345
1787090485.659999
1787090485.821665
1787090485.982005
1787090486.151513
1787090486.316028
1787090486.474838
1787090486.633742
1787090486.793661
1787090486.957669
1787090487.117366
1787090487.278287
1787090487.437993
1787090487.592641
1787090487.751033
1787090487.911089
1787090488.072162
1787090488.231042
1787090488.388885
1787090488.553308
1787090488.711115
1787090488.873997
1787090489.033143
1787090489.192140
1787090489.349545
1787090489.507163
1787090489.665575
1787090489.832153
1787090489.997393
1787090490.155122
1787090490.316135
1787090490.474518
1787090490.634354
1787090490.797697
1787090490.956452
1787090491.121833
1787090491.279945
1787090491.443776
1787090491.608398
1787090491.766929
1787090491.929245
1787090492.094638
1787090492.254286
1787090492.419714
1787090492.584008
1787090492.748621
1787090492.906224
1787090493.063795
1787090493.221320
1787090493.378552
1787090493.545353
1787090493.708338
1787090493.866517
1787090494.030877
1787090494.192914
1787090494.351581
1787090494.517129
1787090494.677342
1787090494.845307
1787090495.005165
1787090495.164613
1787090495.324890
1787090495.483997
1787090495.644124
1787090495.810412
1787090495.971675
1787090496.130099
1787090496.291377
1787090496.450903
1787090496.609690
1787090496.772366
1787090496.931941
1787090497.091139
1787090497.250949
1787090497.410101
1787090497.574302
1787090497.734591
1787090497.894077
1787090498.059861
1787090498.218202
1787090498.378321
1787090498.546761
1787090498.705444
1787090498.869153
1787090499.029024
1787090499.189403
1787090499.348639
1787090499.507312
1787090499.665248
1787090499.828355
1787090499.987913
1787090500.152018
1787090500.313693
1787090500.472925
1787090500.637124
1787090500.797004
1787090500.956199
1787090501.119088
1787090501.277567
1787090501.440529
1787090501.608552
1787090501.767316
1787090501.933014
1787090502.100180
1787090502.260362
1787090502.420238
1787090502.582926
1787090502.741600
1787090502.900098
1787090503.063836
1787090503.223089
1787090503.388978
1787090503.553194
1787090503.714139
1787090503.878362
1787090504.037177
1787090504.199583
1787090504.363968
1787090504.522507
1787090504.686141
1787090504.845246
1787090505.011271
1787090505.177088
1787090505.337127
1787090505.501049
1787090505.661449
1787090505.826020
1787090505.986590
1787090506.149309
1787090506.309953
1787090506.470507
1787090506.635644
1787090506.791983
1787090506.950955
1787090507.114084
1787090507.274550
1787090507.435179
1787090507.600593
1787090507.759898
1787090507.919431
1787090508.081961
1787090508.244825
1787090508.405528
1787090508.564111
1787090508.723207
1787090508.883049
1787090509.041836
1787090509.201652
1787090509.362180
1787090509.525961
1787090509.686719
1787090509.849758
1787090510.009699
1787090510.173287
1787090510.338378
1787090510.504740
1787090510.664997
1787090510.831589
1787090510.991519
1787090511.152517
1787090511.317123
1787090511.478165
1787090511.644375
1787090511.803768
1787090511.964150
1787090512.128232
1787090512.289189
1787090512.455192
1787090512.615285
1787090512.775272
1787090512.944424
1787090513.105108
1787090513.279812
1787090513.431816
1787090513.597494
1787090513.759975
1787090513.927249
1787090514.092523
1787090514.258123
1787090514.418429
1787090514.578386
1787090514.744428
1787090514.910051
1787090515.069984
1787090515.231562
1787090515.400295
1787090515.565392
1787090515.729231
1787090515.892383
1787090516.058125
1787090516.221065
1787090516.380813
1787090516.547859
1787090516.708546
1787090516.868243
1787090517.029298
1787090517.196991
1787090517.365530
1787090517.530805
1787090517.691900
1787090517.857055
1787090518.016463
1787090518.177134
1787090518.339888
1787090518.501251
1787090518.661095
1787090518.822918
1787090518.983609
1787090519.147402
1787090519.313812
1787090519.478209
1787090519.638159
1787090519.806410
1787090519.967123
1787090520.131868
1787090520.293038
1787090520.453702
1787090520.619619
1787090520.779830
1787090520.948485
1787090521.108515
1787090521.273719
1787090521.432966
1787090521.600555
1787090521.761573
1787090521.928159
1787090522.091390
1787090522.251063
1787090522.414194
1787090522.574723
1787090522.735438
1787090522.900702
1787090523.062140
1787090523.223208
1787090523.384701
1787090523.552444
1787090523.721158
1787090523.887033
1787090524.048455
1787090524.216403
1787090524.382185
1787090524.549012
1787090524.709877
1787090524.878283
1787090525.041848
1787090525.201525
1787090525.365979
1787090525.533767
1787090525.695911
1787090525.858407
1787090526.026644
1787090526.189023
1787090526.352071
1787090526.513285
1787090526.673284
1787090526.842136
1787090527.009892
1787090527.171243
1787090527.337533
1787090527.499212
1787090527.661644
1787090527.823535
1787090527.985692
1787090528.151502
1787090528.314593
1787090528.480372
1787090528.641427
1787090528.807479
1787090528.969454
1787090529.136648
1787090529.298895
1787090529.468959
1787090529.636624
1787090529.790623
1787090529.954256
1787090530.114917
1787090530.275443
1787090530.444196
1787090530.612080
1787090530.773259
1787090530.939976
1787090531.101813
1787090531.269034
1787090531.430740
1787090531.598467
1787090531.761915
1787090531.932870
1787090532.095908
1787090532.259522
1787090532.417952
1787090532.583487
1787090532.754408
1787090532.923371
1787090533.086775
1787090533.254535
1787090533.415557
1787090533.583420
1787090533.747169
1787090533.913443
1787090534.077077
1787090534.240602
1787090534.402467
1787090534.570440
1787090534.738804
1787090534.902272
1787090535.063217
1787090535.231687
1787090535.396574
1787090535.558347
1787090535.721583
1787090535.884734
1787090536.049351
1787090536.214593
1787090536.376209
1787090536.544177
1787090536.709625
1787090536.875870
1787090537.044245
1787090537.211865
1787090537.375158
1787090537.539303
1787090537.702855
1787090537.865044
1787090538.028169
1787090538.191649
1787090538.354000
1787090538.517502
1787090538.680869
1787090538.846251
1787090539.012601
1787090539.176866
1787090539.341084
1787090539.503436
1787090539.664941
1787090539.827625
1787090539.992843
1787090540.161850
1787090540.337116
1787090540.496607
1787090540.655051
1787090540.822938
1787090540.989043
1787090541.152168
1787090541.313668
1787090541.482756
1787090541.645766
1787090541.810095
1787090541.976426
1787090542.140961
1787090542.303650
1787090542.466171
1787090542.628606
1787090542.797514
1787090542.964250
1787090543.132741
1787090543.300671
1787090543.471122
1787090543.640022
1787090543.805164
1787090543.975426
1787090544.144553
1787090544.314515
1787090544.478870
1787090544.646802
1787090544.818356
1787090544.985005
1787090545.149145
1787090545.315303
1787090545.479329
1787090545.651394
1787090545.822444
1787090545.987200
1787090546.155318
1787090546.320363
1787090546.490986
1787090546.660672
1787090546.824118
1787090546.987659
1787090547.152268
1787090547.317988
1787090547.483020
1787090547.647074
1787090547.811032
1787090547.975840
1787090548.139949
1787090548.305121
1787090548.471165
1787090548.639337
1787090548.804539
1787090548.967482
1787090549.137427
1787090549.304046
1787090549.468723
1787090549.632152
1787090549.794603
1787090549.958618
1787090550.122153
1787090550.285557
1787090550.445889
1787090550.618280
1787090550.788485
1787090550.954076
1787090551.117457
1787090551.285891
1787090551.449510
1787090551.613363
1787090551.777856
1787090551.949409
1787090552.112270
1787090552.297553
1787090552.457954
1787090552.621998
1787090552.789447
1787090552.951940
1787090553.120416
1787090553.282405
1787090553.451120
1787090553.612271
1787090553.780442
1787090553.942850
1787090554.111756
1787090554.274267
1787090554.441692
1787090554.609333
1787090554.772444
1787090554.940676
1787090555.104941
1787090555.273092
1787090555.436397
1787090555.605650
1787090555.773703
1787090555.936685
1787090556.100302
1787090556.271594
1787090556.434345
1787090556.598989
1787090556.770048
1787090556.934402
1787090557.099128
1787090557.261587
1787090557.425818
1787090557.591491
1787090557.756047
1787090557.921214
1787090558.086107
1787090558.252368
1787090558.421748
1787090558.587120
1787090558.750931
1787090558.914090
1787090559.083172
1787090559.247054
1787090559.411835
1787090559.575719
1787090559.743428
1787090559.907882
1787090560.071618
1787090560.235324
1787090560.398767
1787090560.561987
1787090560.724989
1787090560.894729
1787090561.061455
1787090561.225650
1787090561.393005
1787090561.557307
1787090561.727309
1787090561.895265
1787090562.068587
1787090562.233290
1787090562.396843
1787090562.565804
1787090562.730329
1787090562.899264
1787090563.064320
1787090563.233625
1787090563.403840
1787090563.566812
1787090563.734444
1787090563.899722
1787090564.065933
1787090564.235230
1787090564.403873
1787090564.570180
1787090564.733041
1787090564.899654
1787090565.062995
1787090565.231713
1787090565.396200
1787090565.563337
1787090565.733479
1787090565.902943
1787090566.071425
1787090566.240487
1787090566.406498
1787090566.569576
1787090566.740571
1787090566.904860
1787090567.074733
1787090567.236897
1787090567.400060
1787090567.562323
1787090567.730777
1787090567.894831
1787090568.063446
1787090568.222983
1787090568.385439
1787090568.549550
1787090568.722736
1787090568.886460
1787090569.047212
1787090569.208917
1787090569.367571
1787090569.527550
1787090569.689172
1787090569.851845
1787090570.012242
1787090570.172456
1787090570.333290
1787090570.494760
1787090570.658265
1787090570.820326
1787090570.987705
1787090571.147806
1787090571.311850
1787090571.482946
1787090571.648900
1787090571.815196
1787090571.981484
1787090572.142075
1787090572.306073
1787090572.465804
1787090572.626285
1787090572.791234
1787090572.950679
1787090573.116454
1787090573.276975
1787090573.443114
1787090573.609638
1787090573.769499
1787090573.931479
1787090574.094787
1787090574.247768
1787090574.407834
1787090574.576747
1787090574.737647
1787090574.898421
1787090575.065562
1787090575.227813
1787090575.393028
1787090575.561198
1787090575.726470
1787090575.888093
1787090576.054018
1787090576.222861
1787090576.384616
1787090576.542608
1787090576.712542
1787090576.882204
1787090577.043206
1787090577.206301
1787090577.368516
1787090577.538367
1787090577.700446
1787090577.867574
1787090578.033514
1787090578.198925
1787090578.362122
1787090578.530538
1787090578.693175
1787090578.861073
1787090579.024121
1787090579.190338
1787090579.355561
1787090579.522416
1787090579.686160
1787090579.853557
1787090580.014678
1787090580.179452
1787090580.344442
1787090580.505236
1787090580.666649
1787090580.827987
1787090580.987964
1787090581.150967
1787090581.317002
1787090581.484228
1787090581.646225
1787090581.812446
1787090581.982325
1787090582.146865
1787090582.309203
1787090582.474825
1787090582.634924
1787090582.794384
1787090582.959756
1787090583.121241
1787090583.284749
1787090583.445141
1787090583.607601
1787090583.774168
1787090583.934569
1787090584.093217
1787090584.260933
1787090584.420124
1787090584.580510
1787090584.740289
1787090584.905309
1787090585.072634
1787090585.235586
1787090585.397362
1787090585.555790
1787090585.722188
1787090585.886989
1787090586.052548
