1787089794.701519
1787089794.856299
1787089795.004943
1787089795.154919
1787089795.305005
1787089795.455185
1787089795.604029
1787089795.753656
1787089795.909765
1787089796.059770
1787089796.219420
1787089796.372243
1787089796.521733
1787089796.676124
1787089796.828616
1787089796.979651
1787089797.129847
1787089797.281035
1787089797.435520
1787089797.590968
1787089797.735050
1787089797.892127
1787089798.044096
1787089798.201244
1787089798.357016
1787089798.508370
1787089798.658155
1787089798.814204
1787089798.969152
1787089799.120232
1787089799.270132
1787089799.420313
1787089799.573566
1787089799.722669
1787089799.877653
1787089800.027351
1787089800.174212
1787089800.328845
1787089800.482036
1787089800.631307
1787089800.782358
1787089800.931646
1787089801.080214
1787089801.230116
1787089801.380570
1787089801.527908
1787089801.683472
1787089801.839283
1787089801.990031
1787089802.141312
1787089802.284573
1787089802.440098
1787089802.586750
1787089802.745819
1787089802.893738
1787089803.048066
1787089803.194355
1787089803.350071
1787089803.498076
1787089803.651639
1787089803.795540
1787089803.951020
1787089804.104469
1787089804.255771
1787089804.402580
1787089804.552094
1787089804.704464
1787089804.858314
1787089805.004398
1787089805.150673
1787089805.297461
1787089805.448943
1787089805.596426
1787089805.751416
1787089805.898000
1787089806.048389
1787089806.204753
1787089806.351544
1787089806.503554
1787089806.650915
1787089806.796833
1787089806.949035
1787089807.095577
1787089807.243942
1787089807.389915
1787089807.542379
1787089807.690884
1787089807.842594
1787089807.996745
1787089808.150519
1787089808.303282
1787089808.449059
1787089808.595825
1787089808.742122
1787089808.888822
1787089809.035757
1787089809.180588
1787089809.330113
1787089809.475810
1787089809.621421
1787089809.773781
1787089809.922891
1787089810.074316
1787089810.218059
1787089810.363268
1787089810.514124
1787089810.660937
1787089810.813092
1787089810.959896
1787089811.111971
1787089811.264353
1787089811.416234
1787089811.569791
1787089811.722093
1787089811.879272
1787089812.025878
1787089812.175807
1787089812.321782
1787089812.469080
1787089812.616466
1787089812.763888
1787089812.912393
1787089813.059426
1787089813.201457
1787089813.347733
1787089813.496002
1787089813.641864
1787089813.788782
1787089813.945468
1787089814.099247
1787089814.246656
1787089814.395242
1787089814.551515
1787089814.701732
1787089814.850272
1787089815.001545
1787089815.149568
1787089815.298650
1787089815.448228
1787089815.597590
1787089815.750130
1787089815.897943
1787089816.046720
1787089816.198203
1787089816.352614
1787089816.501400
1787089816.651217
1787089816.804131
1787089816.954684
1787089817.105066
1787089817.256690
1787089817.408449
1787089817.573148
1787089817.728269
1787089817.879946
1787089818.032568
1787089818.184895
1787089818.341367
1787089818.495708
1787089818.650010
1787089818.809028
1787089818.963256
1787089819.117154
1787089819.271785
1787089819.425422
1787089819.586788
1787089819.740854
1787089819.895976
1787089820.051828
1787089820.209901
1787089820.371698
1787089820.533492
1787089820.689758
1787089820.844464
1787089821.004871
1787089821.161297
1787089821.320316
1787089821.483595
1787089821.646193
1787089821.801297
1787089821.961769
1787089822.118651
1787089822.275053
1787089822.437701
1787089822.600491
1787089822.757286
1787089822.913450
1787089823.076282
1787089823.232285
1787089823.396789
1787089823.560761
1787089823.718523
1787089823.882307
1787089824.047105
1787089824.204956
1787089824.368260
1787089824.526515
1787089824.685329
1787089824.847844
1787089825.004788
1787089825.161173
1787089825.319870
1787089825.476722
1787089825.634167
1787089825.791680
1787089825.954446
1787089826.111851
1787089826.272528
1787089826.426396
1787089826.585066
1787089826.752978
1787089826.910877
1787089827.070250
1787089827.229631
1787089827.389161
1787089827.553418
1787089827.712558
1787089827.872143
1787089828.038237
1787089828.196504
1787089828.356528
1787089828.516130
1787089828.679265
1787089828.845458
1787089829.006314
1787089829.166045
1787089829.326239
1787089829.486598
1787089829.648210
1787089829.808179
1787089829.969700
1787089830.132179
1787089830.291056
1787089830.451821
1787089830.612966
1787089830.774224
1787089830.934546
1787089831.097406
1787089831.257267
1787089831.421740
1787089831.584149
1787089831.743857
1787089831.909441
1787089832.069000
1787089832.229522
1787089832.390242
1787089832.553729
1787089832.715160
1787089832.878102
1787089833.038658
1787089833.199903
1787089833.360774
1787089833.520710
1787089833.687150
1787089833.857440
1787089834.020034
1787089834.186021
1787089834.347056
1787089834.512389
1787089834.679751
1787089834.842337
1787089835.004735
1787089835.171519
1787089835.332927
1787089835.507241
1787089835.673321
1787089835.842631
1787089836.004006
1787089836.171585
1787089836.333006
1787089836.496443
1787089836.663305
1787089836.824493
1787089836.985423
1787089837.146150
1787089837.308015
1787089837.474224
1787089837.636490
1787089837.797644
1787089837.959034
1787089838.122962
1787089838.289046
1787089838.451356
1787089838.611133
1787089838.779877
1787089838.940524
1787089839.103633
1787089839.265372
1787089839.428730
1787089839.592513
1787089839.761868
1787089839.925032
1787089840.088970
1787089840.252838
1787089840.417220
1787089840.580754
1787089840.742944
1787089840.904635
1787089841.066520
1787089841.227412
1787089841.389136
1787089841.552103
1787089841.713674
1787089841.876994
1787089842.045846
1787089842.208872
1787089842.374814
1787089842.537356
1787089842.704188
1787089842.865434
1787089843.030540
1787089843.195010
1787089843.351513
1787089843.524762
1787089843.681408
1787089843.850696
1787089844.018993
1787089844.189881
1787089844.353681
1787089844.515930
1787089844.682175
1787089844.844457
1787089845.012814
1787089845.175606
1787089845.337364
1787089845.506299
1787089845.673337
1787089845.839348
1787089846.004843
1787089846.167107
1787089846.329526
1787089846.498544
1787089846.667816
1787089846.829870
1787089846.996394
1787089847.158719
1787089847.322598
1787089847.490822
1787089847.653677
1787089847.817122
1787089847.984182
1787089848.146265
1787089848.315252
1787089848.481604
1787089848.644561
1787089848.808100
1787089848.972789
1787089849.137196
1787089849.300776
1787089849.465661
1787089849.629045
1787089849.793337
1787089849.956968
1787089850.120740
1787089850.283673
1787089850.454590
1787089850.619100
1787089850.788774
1787089850.958961
1787089851.127239
1787089851.296388
1787089851.460185
1787089851.624657
1787089851.795608
1787089851.959287
1787089852.121649
1787089852.288197
1787089852.448209
1787089852.611632
1787089852.777552
1787089852.947468
1787089853.114828
1787089853.277793
1787089853.436715
1787089853.606633
1787089853.770257
1787089853.933438
1787089854.101692
1787089854.266910
1787089854.433036
1787089854.594775
1787089854.760688
1787089854.923535
1787089855.090206
1787089855.252443
1787089855.413578
1787089855.582031
1787089855.743047
1787089855.914342
1787089856.076012
1787089856.244116
1787089856.404430
1787089856.568401
1787089856.733446
1787089856.895576
1787089857.059709
1787089857.226670
1787089857.388214
1787089857.552180
1787089857.713811
1787089857.876753
1787089858.040591
1787089858.204508
1787089858.367561
1787089858.530843
1787089858.696093
1787089858.859836
1787089859.022984
1787089859.192626
1787089859.357263
1787089859.520794
1787089859.683904
1787089859.848253
1787089860.016331
1787089860.179423
1787089860.342706
1787089860.519388
1787089860.678639
1787089860.841893
1787089861.005684
1787089861.169390
1787089861.331599
1787089861.494234
1787089861.659203
1787089861.821731
1787089861.984787
1787089862.151186
1787089862.304796
1787089862.470068
1787089862.630620
1787089862.789691
1787089862.954790
1787089863.115752
1787089863.275483
1787089863.431639
1787089863.596441
1787089863.755672
1787089863.920971
1787089864.081019
1787089864.248696
1787089864.407571
1787089864.572066
1787089864.730418
1787089864.895273
1787089865.060005
1787089865.224869
1787089865.391091
1787089865.557311
1787089865.728092
1787089865.887892
1787089866.048107
1787089866.210533
1787089866.377031
1787089866.542021
1787089866.708337
1787089866.875599
1787089867.036736
1787089867.199604
1787089867.365712
1787089867.526956
1787089867.686191
1787089867.844638
1787089868.005717
1787089868.167179
1787089868.329921
1787089868.490729
1787089868.652207
1787089868.813162
1787089868.978994
1787089869.139229
1787089869.302164
1787089869.463027
1787089869.626949
1787089869.794553
1787089869.954239
1787089870.116449
1787089870.278151
1787089870.440816
1787089870.607103
1787089870.771512
1787089870.940691
1787089871.103098
1787089871.265281
1787089871.425958
1787089871.589488
1787089871.751172
1787089871.918805
1787089872.089138
1787089872.253672
1787089872.409177
1787089872.576976
1787089872.744793
1787089872.907185
1787089873.070640
1787089873.235902
1787089873.396532
1787089873.567369
1787089873.734974
1787089873.901455
1787089874.068895
1787089874.238213
1787089874.399553
1787089874.565282
1787089874.731295
1787089874.905093
1787089875.065202
1787089875.231555
1787089875.400692
1787089875.565178
1787089875.727573
1787089875.888911
1787089876.055106
1787089876.223218
1787089876.384912
1787089876.549582
1787089876.711024
1787089876.877443
1787089877.045124
1787089877.205421
1787089877.366057
1787089877.530101
1787089877.692450
1787089877.851707
1787089878.020300
1787089878.185427
1787089878.346761
1787089878.508159
1787089878.670297
1787089878.831094
1787089878.990770
1787089879.153949
1787089879.316802
1787089879.484489
1787089879.640740
1787089879.806782
1787089879.968419
1787089880.130112
1787089880.293823
1787089880.456174
1787089880.620728
1787089880.781251
1787089880.943246
1787089881.106998
1787089881.268900
1787089881.439828
1787089881.601893
1787089881.766233
1787089881.931379
1787089882.101260
1787089882.268313
1787089882.433168
1787089882.603354
1787089882.772249
1787089882.940180
1787089883.108058
1787089883.274454
1787089883.441255
1787089883.605014
1787089883.770652
1787089883.939103
1787089884.107170
1787089884.272960
1787089884.441695
1787089884.607105
1787089884.776217
1787089884.943645
1787089885.105378
1787089885.276557
1787089885.436979
1787089885.604868
1787089885.766232
1787089885.932665
1787089886.093042
1787089886.260150
1787089886.421715
1787089886.588114
1787089886.748823
1787089886.911102
1787089887.071564
1787089887.231865
1787089887.394057
1787089887.557923
1787089887.724930
1787089887.887422
1787089888.048833
1787089888.210205
1787089888.385022
1787089888.553591
1787089888.715190
1787089888.878639
1787089889.043119
1787089889.207742
1787089889.369542
1787089889.532500
1787089889.697382
1787089889.865277
1787089890.027666
1787089890.192543
1787089890.355518
1787089890.516165
1787089890.678083
1787089890.839098
1787089890.999437
1787089891.161485
1787089891.328138
1787089891.494616
1787089891.659389
1787089891.823675
1787089891.989299
1787089892.151843
1787089892.311417
1787089892.474015
1787089892.634468
1787089892.797811
1787089892.957642
1787089893.117690
1787089893.278546
1787089893.448810
1787089893.609371
1787089893.770386
1787089893.933200
1787089894.101646
1787089894.269510
1787089894.431257
1787089894.597893
1787089894.762410
1787089894.929090
1787089895.090007
1787089895.252047
1787089895.416217
1787089895.589814
1787089895.755014
1787089895.919240
1787089896.082638
1787089896.250178
1787089896.415064
1787089896.581012
1787089896.749258
1787089896.912482
1787089897.075822
1787089897.243075
1787089897.409886
1787089897.580133
1787089897.745413
1787089897.910918
1787089898.075706
1787089898.243949
1787089898.409628
1787089898.577647
1787089898.743086
1787089898.905792
1787089899.071173
1787089899.235170
1787089899.399541
1787089899.571139
1787089899.739984
1787089899.904730
1787089900.073283
1787089900.233813
1787089900.396044
1787089900.559608
1787089900.724679
1787089900.886069
1787089901.055778
1787089901.219335
1787089901.383487
1787089901.548515
1787089901.713465
1787089901.876038
1787089902.039156
1787089902.204077
1787089902.366054
1787089902.535280
1787089902.696302
1787089902.858769
1787089903.021933
1787089903.187207
1787089903.349679
1787089903.523772
1787089903.688396
1787089903.846204
1787089904.007649
1787089904.178642
1787089904.346784
1787089904.508804
1787089904.670984
1787089904.833866
1787089904.995763
1787089905.156924
1787089905.320079
1787089905.482650
1787089905.649348
1787089905.811872
1787089905.981396
1787089906.145144
1787089906.313311
1787089906.476551
1787089906.640134
1787089906.802152
1787089906.969764
1787089907.137171
1787089907.306509
1787089907.472971
1787089907.634332
1787089907.800100
1787089907.961420
1787089908.127516
1787089908.294249
1787089908.455303
1787089908.620933
1787089908.781404
1787089908.948066
1787089909.114279
1787089909.277812
1787089909.443381
1787089909.609616
1787089909.776107
1787089909.941079
1787089910.101095
1787089910.265210
1787089910.427410
1787089910.588490
1787089910.750342
1787089910.911680
1787089911.078228
1787089911.233306
1787089911.394782
1787089911.555902
1787089911.721790
1787089911.888374
1787089912.057596
1787089912.220124
1787089912.381219
1787089912.550064
1787089912.711951
1787089912.874211
1787089913.034963
1787089913.196349
1787089913.359545
1787089913.522462
1787089913.688255
1787089913.851142
1787089914.019969
1787089914.188347
1787089914.350680
1787089914.519145
1787089914.682949
1787089914.852046
1787089915.016484
1787089915.184570
1787089915.349942
1787089915.521602
1787089915.685802
1787089915.852334
1787089916.021872
1787089916.188181
1787089916.350781
1787089916.515001
1787089916.684055
1787089916.853693
1787089917.025703
1787089917.191154
1787089917.361665
1787089917.528645
1787089917.692609
1787089917.857465
1787089918.021659
1787089918.190779
1787089918.354320
1787089918.522484
1787089918.685034
1787089918.854362
1787089919.023628
1787089919.185581
1787089919.352566
1787089919.517589
1787089919.684266
1787089919.845941
1787089920.008486
1787089920.167686
1787089920.336288
1787089920.504035
1787089920.664436
1787089920.835318
1787089920.994923
1787089921.163634
1787089921.326347
1787089921.490233
1787089921.651520
1787089921.813021
1787089921.975231
1787089922.142561
1787089922.302660
1787089922.467415
1787089922.631409
1787089922.803115
1787089922.972426
1787089923.135803
1787089923.300323
1787089923.474961
1787089923.636585
1787089923.802112
1787089923.965463
1787089924.127892
1787089924.290830
1787089924.453976
1787089924.617313
1787089924.789333
1787089924.951552
1787089925.116591
1787089925.278291
1787089925.443751
1787089925.605720
1787089925.766439
1787089925.928494
1787089926.088576
1787089926.253416
1787089926.413543
1787089926.574584
1787089926.740769
1787089926.900305
1787089927.059719
1787089927.220189
1787089927.383467
1787089927.550085
1787089927.710406
1787089927.875281
1787089928.037236
1787089928.202709
1787089928.366986
1787089928.530235
1787089928.695158
1787089928.856464
1787089929.018328
1787089929.180763
1787089929.345997
1787089929.507249
1787089929.671032
1787089929.833395
1787089930.002756
1787089930.162081
1787089930.326424
1787089930.493913
1787089930.651630
1787089930.820076
1787089930.987187
1787089931.157177
1787089931.319929
1787089931.481483
1787089931.647174
1787089931.808493
1787089931.976555
1787089932.144800
1787089932.315779
1787089932.477456
1787089932.640476
1787089932.802777
1787089932.966410
1787089933.128088
1787089933.290181
1787089933.460288
1787089933.616793
1787089933.780122
1787089933.944582
1787089934.108346
1787089934.281760
1787089934.444707
1787089934.606668
1787089934.767503
1787089934.928129
1787089935.090436
1787089935.251645
1787089935.415477
1787089935.579065
1787089935.747608
1787089935.908371
1787089936.075074
1787089936.241740
1787089936.404009
1787089936.571062
1787089936.733401
1787089936.899470
1787089937.062170
1787089937.224156
1787089937.385897
1787089937.548536
1787089937.710865
1787089937.872388
1787089938.032383
1787089938.192625
1787089938.354755
1787089938.523661
1787089938.685573
1787089938.855305
1787089939.018151
1787089939.178790
1787089939.341952
1787089939.503261
1787089939.665159
1787089939.828303
1787089939.996453
1787089940.164277
1787089940.331381
1787089940.492428
1787089940.654325
1787089940.815937
1787089940.985002
1787089941.151827
1787089941.314009
1787089941.474845
1787089941.635702
1787089941.797779
1787089941.963964
1787089942.131784
1787089942.293970
1787089942.462366
1787089942.623131
1787089942.784429
1787089942.947152
1787089943.109735
1787089943.284977
1787089943.454951
1787089943.617783
1787089943.774167
1787089943.939876
1787089944.100443
1787089944.260018
1787089944.421829
1787089944.582920
1787089944.744181
1787089944.904612
1787089945.068180
1787089945.230296
1787089945.393094
1787089945.556039
1787089945.720243
1787089945.884172
1787089946.050746
1787089946.212976
1787089946.374744
1787089946.536823
1787089946.699836
1787089946.863201
1787089947.032958
1787089947.202701
1787089947.371641
1787089947.540108
1787089947.702012
1787089947.863932
1787089948.031353
1787089948.192586
1787089948.358162
1787089948.519014
1787089948.684180
1787089948.852893
1787089949.015543
1787089949.183182
1787089949.343482
1787089949.510820
1787089949.671637
1787089949.847780
1787089950.002048
1787089950.168419
1787089950.332249
1787089950.489441
1787089950.651172
1787089950.815522
1787089950.981175
1787089951.146022
1787089951.313050
1787089951.472834
1787089951.633226
1787089951.792953
1787089951.957765
1787089952.123843
1787089952.288975
1787089952.457379
1787089952.617592
1787089952.783672
1787089952.948951
1787089953.109468
1787089953.269202
1787089953.433976
1787089953.595202
1787089953.766239
1787089953.920609
1787089954.086896
1787089954.256079
1787089954.417047
1787089954.579009
1787089954.739428
1787089954.900115
1787089955.060679
1787089955.224428
1787089955.385349
1787089955.547100
1787089955.706925
1787089955.868725
1787089956.030529
1787089956.191403
1787089956.352019
1787089956.513547
1787089956.673985
1787089956.836865
1787089956.996964
1787089957.162678
1787089957.331347
1787089957.493937
1787089957.654838
1787089957.818926
1787089957.979095
1787089958.144891
1787089958.306081
1787089958.472425
1787089958.635314
1787089958.799353
1787089958.966824
1787089959.130631
1787089959.292253
1787089959.457153
1787089959.618456
1787089959.779187
1787089959.944093
1787089960.105546
1787089960.272141
1787089960.434086
1787089960.597775
1787089960.764499
1787089960.930008
1787089961.091459
1787089961.253611
1787089961.421485
1787089961.588744
1787089961.756676
1787089961.922590
1787089962.085813
1787089962.251534
1787089962.411364
1787089962.575841
1787089962.738623
1787089962.902220
1787089963.071782
1787089963.238297
1787089963.406892
1787089963.577295
1787089963.742450
1787089963.910182
1787089964.075144
1787089964.238008
1787089964.401162
1787089964.565296
1787089964.729212
1787089964.892919
1787089965.058039
1787089965.220830
1787089965.384017
1787089965.548239
1787089965.713408
1787089965.877161
1787089966.047389
1787089966.215506
1787089966.378829
1787089966.540737
1787089966.703265
1787089966.872412
1787089967.038366
1787089967.199368
1787089967.368648
1787089967.534897
1787089967.698900
1787089967.861768
1787089968.025689
1787089968.193519
1787089968.356522
1787089968.523073
1787089968.686950
1787089968.857251
1787089969.019825
1787089969.188357
1787089969.350722
1787089969.522408
1787089969.690298
1787089969.861714
1787089970.025903
1787089970.190400
1787089970.358133
1787089970.522040
1787089970.690248
1787089970.854766
1787089971.024096
1787089971.187070
1787089971.357162
1787089971.525635
1787089971.690355
1787089971.858732
1787089972.024554
1787089972.187259
1787089972.357914
1787089972.528604
1787089972.692569
1787089972.856473
1787089973.029811
1787089973.194928
1787089973.365731
1787089973.532731
1787089973.705940
1787089973.868291
1787089974.032823
1787089974.205132
1787089974.370841
1787089974.535161
1787089974.698657
1787089974.862279
1787089975.027397
1787089975.192333
1787089975.362204
1787089975.533590
1787089975.706151
1787089975.871530
1787089976.043267
1787089976.214916
1787089976.378701
1787089976.542315
1787089976.706809
1787089976.878170
1787089977.047290
1787089977.211121
1787089977.375729
1787089977.539023
1787089977.714276
1787089977.870804
1787089978.040110
1787089978.204257
1787089978.368375
1787089978.531585
1787089978.700965
1787089978.868811
1787089979.038567
1787089979.210260
1787089979.375175
1787089979.544567
1787089979.715878
1787089979.880712
1787089980.049658
1787089980.215025
1787089980.386923
1787089980.551259
1787089980.724919
1787089980.892607
1787089981.061117
1787089981.232698
1787089981.405031
1787089981.576248
1787089981.740925
1787089981.909760
1787089982.074573
1787089982.241949
1787089982.412108
1787089982.585225
1787089982.752803
1787089982.917974
1787089983.083540
1787089983.249027
1787089983.415587
1787089983.580090
1787089983.747487
1787089983.908144
1787089984.073696
1787089984.239531
1787089984.403393
1787089984.572942
1787089984.748431
1787089984.917017
1787089985.080840
1787089985.251392
1787089985.419986
1787089985.584170
1787089985.755002
1787089985.925581
1787089986.088340
1787089986.260698
1787089986.425769
1787089986.592055
1787089986.756629
1787089986.931548
1787089987.096344
1787089987.261369
1787089987.425968
1787089987.589685
1787089987.756520
1787089987.921830
1787089988.085774
1787089988.250905
1787089988.422281
1787089988.591265
1787089988.755126
1787089988.923925
1787089989.087860
1787089989.250683
1787089989.415153
1787089989.584938
1787089989.754518
1787089989.924429
1787089990.090498
1787089990.265133
1787089990.434299
1787089990.598848
1787089990.770227
1787089990.937721
1787089991.102413
1787089991.275915
1787089991.442520
1787089991.614480
1787089991.790415
1787089991.962644
1787089992.136928
1787089992.305606
1787089992.470705
1787089992.635768
1787089992.810565
1787089992.979699
1787089993.144834
1787089993.313226
1787089993.485724
1787089993.651940
1787089993.822867
1787089993.986570
1787089994.153957
1787089994.320559
1787089994.486173
1787089994.659743
1787089994.826850
1787089995.000133
1787089995.164856
1787089995.332387
1787089995.506642
1787089995.673627
1787089995.840557
1787089996.015521
1787089996.181006
1787089996.351168
1787089996.522519
1787089996.688604
1787089996.850337
1787089997.015674
1787089997.187467
1787089997.359000
1787089997.526402
1787089997.693876
1787089997.859775
1787089998.032455
1787089998.202392
1787089998.368115
1787089998.540162
1787089998.709471
1787089998.875920
1787089999.046196
1787089999.216720
1787089999.380358
1787089999.551072
1787089999.716381
1787089999.882248
1787090000.059350
1787090000.228636
1787090000.394893
1787090000.568068
1787090000.738099
1787090000.909079
1787090001.078932
1787090001.243478
1787090001.415137
1787090001.578694
1787090001.750883
1787090001.922731
1787090002.088447
1787090002.253087
1787090002.426198
1787090002.590578
1787090002.761574
1787090002.931025
1787090003.099980
1787090003.268171
1787090003.432059
1787090003.602973
1787090003.767330
1787090003.940036
1787090004.106498
1787090004.269154
1787090004.436335
1787090004.599595
1787090004.767740
1787090004.930932
1787090005.093115
1787090005.256960
1787090005.421487
1787090005.584690
1787090005.751914
1787090005.914238
1787090006.076946
1787090006.240486
1787090006.405488
1787090006.579186
1787090006.741759
1787090006.904664
1787090007.072526
1787090007.240285
1787090007.401495
1787090007.564142
1787090007.734048
1787090007.900898
1787090008.066667
1787090008.229194
1787090008.390417
1787090008.553207
1787090008.720887
1787090008.888170
1787090009.056515
1787090009.218983
1787090009.383387
1787090009.544475
1787090009.708628
1787090009.875348
1787090010.037612
1787090010.199913
1787090010.362767
1787090010.529715
1787090010.691148
1787090010.855659
1787090011.016002
1787090011.181975
1787090011.342764
1787090011.511363
1787090011.678270
1787090011.844979
1787090012.007364
1787090012.177065
1787090012.340216
1787090012.508926
1787090012.670427
1787090012.836597
1787090013.004547
1787090013.171903
1787090013.340063
1787090013.503828
1787090013.668278
1787090013.836367
1787090014.003791
1787090014.172533
1787090014.333956
1787090014.496234
1787090014.665000
1787090014.829021
1787090014.989949
1787090015.150183
1787090015.316033
1787090015.485018
1787090015.653155
1787090015.814514
1787090015.983267
1787090016.149928
1787090016.318697
1787090016.481259
1787090016.642091
1787090016.804642
1787090016.971348
1787090017.131961
1787090017.293557
1787090017.461339
1787090017.622701
1787090017.783837
1787090017.944326
1787090018.104598
1787090018.267025
1787090018.427891
1787090018.592967
1787090018.755613
1787090018.916695
1787090019.079223
1787090019.240091
1787090019.400836
1787090019.569717
1787090019.735233
1787090019.897216
1787090020.062998
1787090020.224551
1787090020.388108
1787090020.552138
1787090020.719661
1787090020.895749
1787090021.052270
1787090021.221729
1787090021.383211
1787090021.549680
1787090021.715064
1787090021.877673
1787090022.043318
1787090022.205165
1787090022.365371
1787090022.535199
1787090022.696418
1787090022.863793
1787090023.025441
1787090023.188179
1787090023.350016
1787090023.517945
1787090023.679114
1787090023.844824
1787090024.006324
1787090024.166422
1787090024.333184
1787090024.499437
1787090024.667033
1787090024.833514
1787090024.995457
1787090025.159473
1787090025.320150
1787090025.482379
1787090025.644718
1787090025.806117
1787090025.968130
1787090026.133692
1787090026.296899
1787090026.463966
1787090026.631654
1787090026.795101
1787090026.959369
1787090027.122809
1787090027.285158
1787090027.453065
1787090027.615375
1787090027.778365
1787090027.940277
1787090028.102829
1787090028.264968
1787090028.427758
1787090028.593518
1787090028.756277
1787090028.926984
1787090029.089133
1787090029.251234
1787090029.417624
1787090029.585813
1787090029.752528
1787090029.920221
1787090030.087456
1787090030.250420
1787090030.417373
1787090030.585346
1787090030.753299
1787090030.926169
1787090031.098660
1787090031.260774
1787090031.430217
1787090031.598272
1787090031.766790
1787090031.929636
1787090032.096485
1787090032.258162
1787090032.424795
1787090032.586733
1787090032.752874
1787090032.920624
1787090033.087139
1787090033.249570
1787090033.414360
1787090033.575981
1787090033.745296
1787090033.906491
1787090034.078865
1787090034.239829
1787090034.402946
1787090034.572687
1787090034.734436
1787090034.895932
1787090035.061742
1787090035.229759
1787090035.391040
1787090035.559321
1787090035.721891
1787090035.891003
1787090036.058010
1787090036.219955
1787090036.380455
1787090036.543062
1787090036.707445
1787090036.874061
1787090037.038316
1787090037.198889
1787090037.362177
1787090037.524590
1787090037.686016
1787090037.847074
1787090038.009268
1787090038.174943
1787090038.344954
1787090038.507095
1787090038.669191
1787090038.831005
1787090038.997440
1787090039.159676
1787090039.322011
1787090039.483976
1787090039.646184
1787090039.813885
1787090039.977234
1787090040.145835
1787090040.312291
1787090040.473176
1787090040.639511
1787090040.806258
1787090040.966056
1787090041.127394
1787090041.290142
1787090041.450774
1787090041.613456
1787090041.777192
1787090041.945068
1787090042.109308
1787090042.274959
1787090042.441618
1787090042.604579
1787090042.772606
1787090042.934962
1787090043.103161
1787090043.265271
1787090043.429405
1787090043.592697
1787090043.759305
1787090043.926246
1787090044.113565
1787090044.283835
1787090044.446461
1787090044.613681
1787090044.776468
1787090044.941427
1787090045.104918
1787090045.268351
1787090045.431532
1787090045.601725
1787090045.768139
1787090045.930984
1787090046.094382
1787090046.257868
1787090046.422656
1787090046.588958
1787090046.751640
1787090046.917153
1787090047.080055
1787090047.246517
1787090047.409091
1787090047.575307
1787090047.738028
1787090047.903217
1787090048.067874
1787090048.229137
1787090048.392450
1787090048.557024
1787090048.725402
1787090048.888263
1787090049.059897
1787090049.231854
1787090049.400919
1787090049.571444
1787090049.742110
1787090049.919076
1787090050.079673
1787090050.250577
1787090050.419931
1787090050.593358
1787090050.768186
1787090050.936895
1787090051.105687
1787090051.281662
1787090051.450403
1787090051.616577
1787090051.790636
1787090051.960452
1787090052.128595
1787090052.304616
1787090052.471878
1787090052.639284
1787090052.813921
1787090052.981231
1787090053.149897
1787090053.324599
1787090053.496004
1787090053.664566
1787090053.833539
1787090054.007860
1787090054.179988
1787090054.346564
1787090054.521791
1787090054.693110
1787090054.863606
1787090055.040139
1787090055.214695
1787090055.386696
1787090055.559175
1787090055.729904
1787090055.907012
1787090056.080910
