1787088997.658511
1787088997.812992
1787088997.963833
1787088998.119145
1787088998.267632
1787088998.420006
1787088998.568803
1787088998.715360
1787088998.864425
1787088999.012904
1787088999.167900
1787088999.318219
1787088999.474545
1787088999.631280
1787088999.782924
1787088999.934620
1787089000.090966
1787089000.247796
1787089000.397622
1787089000.554515
1787089000.705906
1787089000.856076
1787089001.006085
1787089001.156447
1787089001.306502
1787089001.458657
1787089001.616586
1787089001.772287
1787089001.927654
1787089002.077213
1787089002.227072
1787089002.376543
1787089002.525853
1787089002.680396
1787089002.834683
1787089002.983501
1787089003.133143
1787089003.283416
1787089003.432842
1787089003.581590
1787089003.736230
1787089003.885561
1787089004.031176
1787089004.179914
1787089004.328973
1787089004.480561
1787089004.630064
1787089004.783898
1787089004.933036
1787089005.081643
1787089005.230217
1787089005.384626
1787089005.539906
1787089005.694320
1787089005.843198
1787089005.996638
1787089006.149161
1787089006.302306
1787089006.453082
1787089006.606356
1787089006.754721
1787089006.907775
1787089007.053607
1787089007.203002
1787089007.351518
1787089007.504815
1787089007.650200
1787089007.801861
1787089007.957027
1787089008.107514
1787089008.252638
1787089008.402873
1787089008.552841
1787089008.706845
1787089008.859659
1787089009.010905
1787089009.161951
1787089009.312013
1787089009.470594
1787089009.614985
1787089009.766480
1787089009.916425
1787089010.062975
1787089010.209975
1787089010.354650
1787089010.500380
1787089010.652533
1787089010.797349
1787089010.950308
1787089011.101233
1787089011.252039
1787089011.403290
1787089011.552107
1787089011.700238
1787089011.853551
1787089012.004150
1787089012.150506
1787089012.303099
1787089012.450356
1787089012.596107
1787089012.750815
1787089012.900215
1787089013.051794
1787089013.197697
1787089013.349700
1787089013.506407
1787089013.654130
1787089013.801093
1787089013.946304
1787089014.097930
1787089014.252261
1787089014.404914
1787089014.554971
1787089014.705977
1787089014.857771
1787089015.003423
1787089015.155596
1787089015.302360
1787089015.452303
1787089015.606205
1787089015.753805
1787089015.905403
1787089016.058702
1787089016.206270
1787089016.353323
1787089016.506064
1787089016.656168
1787089016.809055
1787089016.956178
1787089017.108646
1787089017.260119
1787089017.410545
1787089017.559414
1787089017.707971
1787089017.857275
1787089018.009966
1787089018.163682
1787089018.315870
1787089018.470239
1787089018.625789
1787089018.775395
1787089018.932400
1787089019.086722
1787089019.241575
1787089019.393493
1787089019.548309
1787089019.698503
1787089019.848891
1787089020.000537
1787089020.154757
1787089020.306382
1787089020.463468
1787089020.620054
1787089020.777945
1787089020.934294
1787089021.092683
1787089021.248242
1787089021.404215
1787089021.562554
1787089021.719791
1787089021.879272
1787089022.037301
1787089022.192314
1787089022.344352
1787089022.495764
1787089022.654805
1787089022.810259
1787089022.966393
1787089023.120049
1787089023.273268
1787089023.428778
1787089023.583546
1787089023.739123
1787089023.893471
1787089024.052300
1787089024.207236
1787089024.362257
1787089024.522985
1787089024.680145
1787089024.842608
1787089024.999294
1787089025.164360
1787089025.323599
1787089025.484838
1787089025.649047
1787089025.813702
1787089025.972810
1787089026.134093
1787089026.293221
1787089026.456082
1787089026.616481
1787089026.771045
1787089026.934675
1787089027.093494
1787089027.256544
1787089027.415667
1787089027.576683
1787089027.741219
1787089027.911059
1787089028.075248
1787089028.234935
1787089028.395827
1787089028.562694
1787089028.727001
1787089028.886783
1787089029.054226
1787089029.219326
1787089029.384246
1787089029.551099
1787089029.709500
1787089029.876092
1787089030.041974
1787089030.210053
1787089030.376961
1787089030.544261
1787089030.709161
1787089030.867499
1787089031.038446
1787089031.205225
1787089031.369220
1787089031.530033
1787089031.693723
1787089031.862659
1787089032.028527
1787089032.197090
1787089032.356114
1787089032.519480
1787089032.680826
1787089032.846931
1787089033.012872
1787089033.180717
1787089033.343484
1787089033.510499
1787089033.671387
1787089033.831244
1787089033.998474
1787089034.158576
1787089034.319895
1787089034.481254
1787089034.646022
1787089034.807171
1787089034.975038
1787089035.140396
1787089035.307748
1787089035.472818
1787089035.634036
1787089035.794096
1787089035.953012
1787089036.118750
1787089036.286966
1787089036.447811
1787089036.607519
1787089036.771627
1787089036.930993
1787089037.097238
1787089037.260534
1787089037.422417
1787089037.582855
1787089037.743330
1787089037.905586
1787089038.082828
1787089038.254002
1787089038.415474
1787089038.576902
1787089038.737819
1787089038.899365
1787089039.060395
1787089039.218375
1787089039.382738
1787089039.544394
1787089039.713739
1787089039.881712
1787089040.049448
1787089040.211330
1787089040.376384
1787089040.537031
1787089040.705238
1787089040.874929
1787089041.043980
1787089041.205628
1787089041.373074
1787089041.535180
1787089041.703850
1787089041.869380
1787089042.035471
1787089042.203997
1787089042.366318
1787089042.526786
1787089042.694025
1787089042.860553
1787089043.021854
1787089043.184283
1787089043.354808
1787089043.516465
1787089043.682895
1787089043.850689
1787089044.018780
1787089044.187535
1787089044.348745
1787089044.513423
1787089044.683189
1787089044.853136
1787089045.016384
1787089045.179957
1787089045.348398
1787089045.515231
1787089045.683820
1787089045.852010
1787089046.019780
1787089046.189725
1787089046.358218
1787089046.520829
1787089046.688823
1787089046.852946
1787089047.022327
1787089047.190414
1787089047.359337
1787089047.526577
1787089047.692423
1787089047.860198
1787089048.021610
1787089048.182667
1787089048.344624
1787089048.511896
1787089048.678177
1787089048.845768
1787089049.011030
1787089049.172106
1787089049.333621
1787089049.501714
1787089049.663829
1787089049.821307
1787089049.992792
1787089050.153636
1787089050.318720
1787089050.482129
1787089050.652551
1787089050.825032
1787089050.989848
1787089051.157247
1787089051.326657
1787089051.492534
1787089051.663162
1787089051.826420
1787089051.993785
1787089052.166898
1787089052.331602
1787089052.500622
1787089052.663941
1787089052.833669
1787089052.998267
1787089053.165607
1787089053.327752
1787089053.496750
1787089053.656684
1787089053.824733
1787089053.987490
1787089054.154643
1787089054.326319
1787089054.487536
1787089054.655953
1787089054.817145
1787089054.979110
1787089055.141552
1787089055.305374
1787089055.466992
1787089055.628919
1787089055.799577
1787089055.960847
1787089056.130899
1787089056.291420
1787089056.459737
1787089056.626100
1787089056.794187
1787089056.962015
1787089057.124709
1787089057.288100
1787089057.450096
1787089057.611851
1787089057.780229
1787089057.943037
1787089058.111405
1787089058.277974
1787089058.443944
1787089058.608574
1787089058.777526
1787089058.939482
1787089059.109028
1787089059.270935
1787089059.439007
1787089059.601966
1787089059.772284
1787089059.936007
1787089060.099267
1787089060.265297
1787089060.434174
1787089060.599511
1787089060.762346
1787089060.930893
1787089061.098670
1787089061.266258
1787089061.426954
1787089061.593484
1787089061.754156
1787089061.913510
1787089062.075261
1787089062.240308
1787089062.400209
1787089062.559893
1787089062.726971
1787089062.896222
1787089063.064794
1787089063.231607
1787089063.397552
1787089063.562698
1787089063.726901
1787089063.887794
1787089064.045120
1787089064.214450
1787089064.374528
1787089064.538784
1787089064.705405
1787089064.866060
1787089065.035090
1787089065.195094
1787089065.354987
1787089065.522589
1787089065.688660
1787089065.855830
1787089066.021520
1787089066.183168
1787089066.343913
1787089066.509068
1787089066.675400
1787089066.841398
1787089067.005805
1787089067.173851
1787089067.335421
1787089067.500829
1787089067.661678
1787089067.828720
1787089067.995892
1787089068.163345
1787089068.328897
1787089068.497782
1787089068.658599
1787089068.820737
1787089068.981588
1787089069.149000
1787089069.315460
1787089069.483689
1787089069.650461
1787089069.816717
1787089069.984195
1787089070.152188
1787089070.318899
1787089070.485344
1787089070.652186
1787089070.821223
1787089070.992212
1787089071.154716
1787089071.316320
1787089071.485605
1787089071.648719
1787089071.816711
1787089071.978411
1787089072.145033
1787089072.312371
1787089072.475321
1787089072.637428
1787089072.806009
1787089072.969270
1787089073.137293
1787089073.307890
1787089073.478926
1787089073.640369
1787089073.810533
1787089073.970921
1787089074.139067
1787089074.306115
1787089074.467527
1787089074.635051
1787089074.803834
1787089074.969779
1787089075.136704
1787089075.298683
1787089075.457839
1787089075.624203
1787089075.785107
1787089075.947602
1787089076.111083
1787089076.272097
1787089076.438025
1787089076.603701
1787089076.770863
1787089076.936591
1787089077.102899
1787089077.268104
1787089077.430349
1787089077.590585
1787089077.756192
1787089077.920318
1787089078.085929
1787089078.246134
1787089078.411391
1787089078.571668
1787089078.731786
1787089078.901437
1787089079.068442
1787089079.235598
1787089079.395552
1787089079.561890
1787089079.728689
1787089079.892021
1787089080.060561
1787089080.219314
1787089080.385622
1787089080.554418
1787089080.713916
1787089080.875679
1787089081.040878
1787089081.205934
1787089081.365108
1787089081.531599
1787089081.692868
1787089081.852502
1787089082.017321
1787089082.184147
1787089082.349884
1787089082.513600
1787089082.681861
1787089082.842959
1787089083.002851
1787089083.164154
1787089083.325198
1787089083.495895
1787089083.662081
1787089083.824716
1787089083.988019
1787089084.155201
1787089084.322243
1787089084.485031
1787089084.645013
1787089084.815157
1787089084.977517
1787089085.136229
1787089085.305527
1787089085.475802
1787089085.642425
1787089085.805362
1787089085.968573
1787089086.130233
1787089086.299629
1787089086.466230
1787089086.630088
1787089086.795639
1787089086.961283
1787089087.123366
1787089087.284463
1787089087.455346
1787089087.622680
1787089087.784192
1787089087.944909
1787089088.113787
1787089088.275391
1787089088.437259
1787089088.597204
1787089088.764257
1787089088.925456
1787089089.088357
1787089089.257566
1787089089.424271
1787089089.594222
1787089089.765011
1787089089.931527
1787089090.094763
1787089090.266656
1787089090.430303
1787089090.599298
1787089090.762095
1787089090.930625
1787089091.100998
1787089091.270702
1787089091.440561
1787089091.604871
1787089091.774908
1787089091.943614
1787089092.114475
1787089092.286608
1787089092.453208
1787089092.618711
1787089092.782428
1787089092.945719
1787089093.109234
1787089093.283651
1787089093.447621
1787089093.616061
1787089093.787123
1787089093.958838
1787089094.129412
1787089094.300412
1787089094.463245
1787089094.636010
1787089094.806685
1787089094.977498
1787089095.147074
1787089095.310517
1787089095.473825
1787089095.640780
1787089095.804199
1787089095.984631
1787089096.141265
1787089096.313519
1787089096.477535
1787089096.641365
1787089096.810388
1787089096.980589
1787089097.149801
1787089097.318724
1787089097.479616
1787089097.648311
1787089097.810860
1787089097.971685
1787089098.134484
1787089098.297830
1787089098.461179
1787089098.627884
1787089098.786258
1787089098.946320
1787089099.107174
1787089099.272989
1787089099.435350
1787089099.602150
1787089099.766329
1787089099.934999
1787089100.096674
1787089100.264095
1787089100.432332
1787089100.600085
1787089100.767796
1787089100.928382
1787089101.093030
1787089101.253622
1787089101.415624
1787089101.578276
1787089101.738925
1787089101.906883
1787089102.068896
1787089102.229041
1787089102.401458
1787089102.569882
1787089102.732952
1787089102.899918
1787089103.068243
1787089103.235262
1787089103.405834
1787089103.570749
1787089103.732982
1787089103.893923
1787089104.065072
1787089104.226476
1787089104.387611
1787089104.552928
1787089104.722086
1787089104.885623
1787089105.054581
1787089105.215249
1787089105.378507
1787089105.545239
1787089105.707108
1787089105.877798
1787089106.037481
1787089106.207172
1787089106.368368
1787089106.534037
1787089106.700975
1787089106.862404
1787089107.032360
1787089107.198977
1787089107.368468
1787089107.530606
1787089107.696024
1787089107.855550
1787089108.025708
1787089108.188452
1787089108.356949
1787089108.520340
1787089108.693025
1787089108.858194
1787089109.025203
1787089109.189941
1787089109.359623
1787089109.526620
1787089109.691517
1787089109.859669
1787089110.029430
1787089110.197216
1787089110.360279
1787089110.525889
1787089110.689107
1787089110.855892
1787089111.024476
1787089111.184511
1787089111.352620
1787089111.512955
1787089111.674838
1787089111.837577
1787089112.004850
1787089112.172940
1787089112.334009
1787089112.495236
1787089112.655877
1787089112.822761
1787089112.990985
1787089113.151126
1787089113.313693
1787089113.476430
1787089113.641333
1787089113.801673
1787089113.966671
1787089114.131710
1787089114.291373
1787089114.451597
1787089114.619357
1787089114.785766
1787089114.951402
1787089115.117867
1787089115.283839
1787089115.444709
1787089115.609932
1787089115.769804
1787089115.929563
1787089116.093047
1787089116.253914
1787089116.412677
1787089116.579202
1787089116.745134
1787089116.911329
1787089117.078134
1787089117.239693
1787089117.400977
1787089117.566582
1787089117.727486
1787089117.888416
1787089118.050307
1787089118.218050
1787089118.378611
1787089118.539691
1787089118.707911
1787089118.867312
1787089119.032752
1787089119.192478
1787089119.352317
1787089119.519831
1787089119.685341
1787089119.852339
1787089120.013330
1787089120.174074
1787089120.335695
1787089120.502691
1787089120.667800
1787089120.829232
1787089120.997835
1787089121.163992
1787089121.330545
1787089121.490233
1787089121.651391
1787089121.812773
1787089121.980751
1787089122.149122
1787089122.317616
1787089122.485590
1787089122.647656
1787089122.808263
1787089122.977268
1787089123.138159
1787089123.303000
1787089123.465430
1787089123.630674
1787089123.795830
1787089123.962259
1787089124.128637
1787089124.290138
1787089124.451205
1787089124.628300
1787089124.783351
1787089124.949351
1787089125.111403
1787089125.270480
1787089125.438082
1787089125.604341
1787089125.765506
1787089125.932237
1787089126.093533
1787089126.255889
1787089126.424314
1787089126.586563
1787089126.750397
1787089126.916744
1787089127.085396
1787089127.249513
1787089127.418304
1787089127.578772
1787089127.746091
1787089127.908692
1787089128.070687
1787089128.231634
1787089128.399611
1787089128.562861
1787089128.729828
1787089128.897353
1787089129.066629
1787089129.227769
1787089129.395849
1787089129.558009
1787089129.727254
1787089129.891326
1787089130.052651
1787089130.212751
1787089130.378237
1787089130.540926
1787089130.708756
1787089130.870154
1787089131.037665
1787089131.199780
1787089131.364725
1787089131.533276
1787089131.700265
1787089131.871418
1787089132.040985
1787089132.206837
1787089132.376937
1787089132.545789
1787089132.705831
1787089132.875614
1787089133.043129
1787089133.208032
1787089133.377668
1787089133.540860
1787089133.706656
1787089133.875043
1787089134.041574
1787089134.209144
1787089134.371467
1787089134.533527
1787089134.702543
1787089134.865660
1787089135.034364
1787089135.195927
1787089135.364388
1787089135.526855
1787089135.694102
1787089135.859642
1787089136.027781
1787089136.194604
1787089136.356441
1787089136.516883
1787089136.683555
1787089136.851543
1787089137.018592
1787089137.179269
1787089137.340363
1787089137.500063
1787089137.667353
1787089137.830076
1787089137.993265
1787089138.153411
1787089138.313352
1787089138.480713
1787089138.648693
1787089138.815950
1787089138.977586
1787089139.149616
1787089139.314731
1787089139.476838
1787089139.643704
1787089139.803708
1787089139.967331
1787089140.128846
1787089140.287097
1787089140.454512
1787089140.616616
1787089140.785988
1787089140.946728
1787089141.113168
1787089141.276959
1787089141.445355
1787089141.607115
1787089141.771171
1787089141.930872
1787089142.094811
1787089142.260505
1787089142.422906
1787089142.590807
1787089142.758855
1787089142.929410
1787089143.090777
1787089143.256948
1787089143.422589
1787089143.583549
1787089143.750935
1787089143.916190
1787089144.076479
1787089144.245849
1787089144.407584
1787089144.574605
1787089144.737756
1787089144.903897
1787089145.065435
1787089145.232465
1787089145.398818
1787089145.565018
1787089145.727938
1787089145.900531
1787089146.063418
1787089146.225210
1787089146.393120
1787089146.561911
1787089146.726272
1787089146.889580
1787089147.058299
1787089147.221190
1787089147.390576
1787089147.560994
1787089147.731135
1787089147.901945
1787089148.065504
1787089148.238960
1787089148.400439
1787089148.568557
1787089148.736638
1787089148.898178
1787089149.066139
1787089149.228448
1787089149.388814
1787089149.560660
1787089149.721740
1787089149.889629
1787089150.057477
1787089150.218685
1787089150.380100
1787089150.549220
1787089150.712917
1787089150.882493
1787089151.051266
1787089151.224240
1787089151.394871
1787089151.562631
1787089151.726774
1787089151.890070
1787089152.060241
1787089152.232157
1787089152.390751
1787089152.561224
1787089152.731464
1787089152.894905
1787089153.064347
1787089153.239252
1787089153.400727
1787089153.564236
1787089153.728633
1787089153.897305
1787089154.059540
1787089154.228773
1787089154.392891
1787089154.555659
1787089154.720815
1787089154.885063
1787089155.050452
1787089155.215289
1787089155.378196
1787089155.548625
1787089155.713305
1787089155.873359
1787089156.036893
1787089156.205330
1787089156.374789
1787089156.541318
1787089156.705687
1787089156.876699
1787089157.047051
1787089157.211144
1787089157.384334
1787089157.549273
1787089157.721741
1787089157.886200
1787089158.052799
1787089158.222970
1787089158.394286
1787089158.565225
1787089158.740729
1787089158.912300
1787089159.081268
1787089159.251195
1787089159.425945
1787089159.597068
1787089159.771927
1787089159.947125
1787089160.119587
1787089160.285785
1787089160.461426
1787089160.640077
1787089160.814342
1787089160.990946
1787089161.159405
1787089161.334094
1787089161.509347
1787089161.685997
1787089161.855329
1787089162.023798
1787089162.199717
1787089162.369096
1787089162.536716
1787089162.711126
1787089162.886104
1787089163.058496
1787089163.227664
1787089163.394572
1787089163.568464
1787089163.735156
1787089163.909315
1787089164.085390
1787089164.265291
1787089164.435376
1787089164.607058
1787089164.780942
1787089164.954118
1787089165.127035
1787089165.293754
1787089165.462527
1787089165.635307
1787089165.804814
1787089165.973255
1787089166.145264
1787089166.311058
1787089166.482955
1787089166.653210
1787089166.818147
1787089166.991034
1787089167.163523
1787089167.327955
1787089167.500723
1787089167.665496
1787089167.841088
1787089168.015608
1787089168.180331
1787089168.345137
1787089168.517093
1787089168.684897
1787089168.855585
1787089169.027052
1787089169.192271
1787089169.356696
1787089169.531153
1787089169.695546
1787089169.864558
1787089170.029403
1787089170.199198
1787089170.362272
1787089170.529766
1787089170.693528
1787089170.861086
1787089171.030351
1787089171.195219
1787089171.365578
1787089171.537291
1787089171.710281
1787089171.877848
1787089172.042169
1787089172.211092
1787089172.381702
1787089172.546949
1787089172.713936
1787089172.886208
1787089173.055072
1787089173.227030
1787089173.395165
1787089173.565329
1787089173.737264
1787089173.908750
1787089174.081539
1787089174.252882
1787089174.422472
1787089174.588187
1787089174.760041
1787089174.931108
1787089175.096966
1787089175.262628
1787089175.428315
1787089175.598196
1787089175.769346
1787089175.929966
1787089176.100215
1787089176.264375
1787089176.436610
1787089176.606211
1787089176.776883
1787089176.948434
1787089177.113899
1787089177.279264
1787089177.450305
1787089177.616168
1787089177.792923
1787089177.958743
1787089178.125835
1787089178.298551
1787089178.463151
1787089178.635436
1787089178.807717
1787089178.979635
1787089179.152700
1787089179.326552
1787089179.500288
1787089179.671901
1787089179.841852
1787089180.009074
1787089180.180485
1787089180.349154
1787089180.521957
1787089180.688720
1787089180.854740
1787089181.023181
1787089181.187907
1787089181.362651
1787089181.536138
1787089181.709250
1787089181.875295
1787089182.045638
1787089182.213765
1787089182.384635
1787089182.558144
1787089182.724662
1787089182.891242
1787089183.065670
1787089183.231950
1787089183.403093
1787089183.574484
1787089183.745547
1787089183.914867
1787089184.084903
1787089184.252168
1787089184.418706
1787089184.584871
1787089184.752436
1787089184.924554
1787089185.094142
1787089185.262322
1787089185.455394
1787089185.615163
1787089185.782846
1787089185.948498
1787089186.118170
1787089186.283824
1787089186.453881
1787089186.622414
1787089186.794887
1787089186.961541
1787089187.128399
1787089187.300333
1787089187.474572
1787089187.639875
1787089187.816372
1787089187.982758
1787089188.149664
1787089188.322982
1787089188.493447
1787089188.659364
1787089188.833617
1787089189.005876
1787089189.172732
1787089189.338173
1787089189.510189
1787089189.684916
1787089189.851118
1787089190.024035
1787089190.199951
1787089190.370237
1787089190.540900
1787089190.712121
1787089190.878717
1787089191.053580
1787089191.220841
1787089191.390469
1787089191.564707
1787089191.727546
1787089191.890513
1787089192.058086
1787089192.220505
1787089192.384892
1787089192.548897
1787089192.709758
1787089192.872459
1787089193.034837
1787089193.201024
1787089193.364409
1787089193.534528
1787089193.705065
1787089193.868466
1787089194.032010
1787089194.201864
1787089194.370680
1787089194.532609
1787089194.699616
1787089194.862695
1787089195.031937
1787089195.195311
1787089195.358911
1787089195.521656
1787089195.689647
1787089195.852025
1787089196.019607
1787089196.184628
1787089196.354034
1787089196.519023
1787089196.688463
1787089196.855509
1787089197.024381
1787089197.190928
1787089197.353345
1787089197.521159
1787089197.688882
1787089197.852263
1787089198.022349
1787089198.179356
1787089198.350477
1787089198.512104
1787089198.673621
1787089198.841373
1787089199.003955
1787089199.175639
1787089199.337028
1787089199.504630
1787089199.674623
1787089199.844108
1787089200.011737
1787089200.176577
1787089200.345477
1787089200.507515
1787089200.677081
1787089200.844662
1787089201.006213
1787089201.174160
1787089201.336007
1787089201.502925
1787089201.670753
1787089201.838457
1787089202.000750
1787089202.169676
1787089202.332139
1787089202.497756
1787089202.667177
1787089202.835114
1787089202.998534
1787089203.164570
1787089203.326224
1787089203.493937
1787089203.662215
1787089203.826603
1787089203.992618
1787089204.159307
1787089204.319992
1787089204.487387
1787089204.647361
1787089204.817324
1787089204.980973
1787089205.147610
1787089205.309300
1787089205.477492
1787089205.644799
1787089205.805845
1787089205.968498
1787089206.132670
1787089206.301220
1787089206.466999
1787089206.636553
1787089206.798083
1787089206.965181
1787089207.126435
1787089207.292899
1787089207.455134
1787089207.614269
1787089207.774464
1787089207.935744
1787089208.097186
1787089208.257659
1787089208.417683
1787089208.578841
1787089208.745685
1787089208.907656
1787089209.072627
1787089209.239126
1787089209.407907
1787089209.573444
1787089209.733624
1787089209.894992
1787089210.068969
1787089210.237287
1787089210.398920
1787089210.557546
1787089210.721744
1787089210.889828
1787089211.056695
1787089211.215949
1787089211.380617
1787089211.542031
1787089211.708310
1787089211.868046
1787089212.032940
1787089212.195337
1787089212.351470
1787089212.517551
1787089212.678345
1787089212.844697
1787089213.005567
1787089213.170182
1787089213.331697
1787089213.490877
1787089213.656500
1787089213.815940
1787089213.975479
1787089214.140696
1787089214.301562
1787089214.462017
1787089214.629648
1787089214.792615
1787089214.952829
1787089215.117349
1787089215.283889
1787089215.443742
1787089215.607505
1787089215.769261
1787089215.936060
1787089216.096137
1787089216.257911
1787089216.425556
1787089216.589623
1787089216.759076
1787089216.919262
1787089217.086583
1787089217.248996
1787089217.412941
1787089217.573198
1787089217.737357
1787089217.902284
1787089218.068149
1787089218.228749
1787089218.389133
1787089218.551076
1787089218.711852
1787089218.876819
1787089219.035804
1787089219.194515
1787089219.353030
1787089219.524968
1787089219.687213
1787089219.848163
1787089220.019332
1787089220.180683
1787089220.346321
1787089220.515708
1787089220.680946
1787089220.848818
1787089221.019157
1787089221.179733
1787089221.340341
1787089221.503701
1787089221.675736
1787089221.840864
1787089222.005062
1787089222.167325
1787089222.334964
1787089222.496378
1787089222.661677
1787089222.822108
1787089222.989569
1787089223.152335
1787089223.312238
1787089223.473751
1787089223.635532
1787089223.801022
1787089223.961450
1787089224.126602
1787089224.289347
1787089224.450468
1787089224.614365
1787089224.781315
1787089224.944995
1787089225.110112
1787089225.270662
1787089225.432806
1787089225.597653
1787089225.760050
1787089225.928158
1787089226.090089
1787089226.257685
1787089226.418640
1787089226.583493
1787089226.749042
1787089226.914320
1787089227.076350
1787089227.241499
1787089227.407320
1787089227.572354
1787089227.735743
1787089227.896400
1787089228.063763
1787089228.224945
1787089228.388648
1787089228.549272
1787089228.716005
1787089228.878365
1787089229.034993
1787089229.199007
1787089229.364249
1787089229.529320
1787089229.694539
1787089229.860278
1787089230.022324
1787089230.187393
1787089230.348423
1787089230.509463
1787089230.670185
1787089230.829475
1787089230.993086
1787089231.152925
1787089231.312517
1787089231.477184
1787089231.638330
1787089231.800091
1787089231.965646
1787089232.126765
1787089232.293867
1787089232.451968
1787089232.611642
1787089232.770374
1787089232.937001
1787089233.100872
1787089233.261402
1787089233.429370
1787089233.594475
1787089233.759793
1787089233.919817
1787089234.084400
1787089234.246286
1787089234.411188
1787089234.577991
1787089234.743000
1787089234.904341
1787089235.068312
1787089235.234224
1787089235.400660
1787089235.568066
1787089235.736076
1787089235.899343
1787089236.064795
1787089236.225636
1787089236.387730
1787089236.553348
1787089236.720758
1787089236.887433
1787089237.053103
1787089237.219683
1787089237.383610
1787089237.542126
1787089237.701112
1787089237.860206
1787089238.026008
1787089238.190972
1787089238.349442
1787089238.508697
1787089238.671548
1787089238.832614
1787089238.990575
1787089239.153441
1787089239.318307
1787089239.483188
1787089239.642865
1787089239.805744
1787089239.968758
1787089240.134166
1787089240.300148
1787089240.460090
1787089240.617939
1787089240.780311
1787089240.939253
1787089241.097276
1787089241.256664
1787089241.415633
1787089241.576857
1787089241.735255
1787089241.891933
1787089242.052020
1787089242.212960
1787089242.369672
1787089242.526862
1787089242.691220
1787089242.855527
1787089243.018430
1787089243.175854
1787089243.335195
1787089243.496684
1787089243.664514
1787089243.824822
1787089243.982317
1787089244.148359
1787089244.310047
1787089244.469107
1787089244.627384
1787089244.788794
1787089244.950688
1787089245.108984
1787089245.272422
1787089245.430383
1787089245.588247
1787089245.750925
1787089245.908317
1787089246.066671
1787089246.230892
1787089246.389553
1787089246.552736
1787089246.714732
1787089246.872749
1787089247.035183
1787089247.199563
1787089247.366478
1787089247.532773
1787089247.690966
1787089247.852456
1787089248.011070
1787089248.168996
1787089248.330122
1787089248.494387
1787089248.652169
1787089248.818689
1787089248.976384
1787089249.139093
1787089249.296749
1787089249.455290
1787089249.618203
1787089249.783660
1787089249.941138
1787089250.103816
1787089250.262224
1787089250.428945
1787089250.591777
1787089250.747554
1787089250.910060
1787089251.067955
1787089251.224866
1787089251.382499
1787089251.536585
1787089251.698870
1787089251.855746
1787089252.018892
1787089252.180957
1787089252.345177
1787089252.507975
1787089252.670838
1787089252.834095
1787089252.992124
1787089253.149756
1787089253.311738
1787089253.469292
1787089253.627512
1787089253.792808
1787089253.949529
1787089254.112623
1787089254.270341
1787089254.427924
1787089254.587006
1787089254.745627
1787089254.903832
1787089255.062090
1787089255.226883
1787089255.391779
1787089255.548498
1787089255.711797
1787089255.869447
1787089256.025494
1787089256.186518
1787089256.351120
1787089256.508208
1787089256.669956
1787089256.827499
1787089256.983890
1787089257.146859
1787089257.313673
1787089257.469923
1787089257.635426
1787089257.791891
1787089257.955907
1787089258.119015
1787089258.275351
1787089258.437160
1787089258.592260
1787089258.755984
1787089258.918201
1787089259.073581
1787089259.235160
1787089259.395317
1787089259.555089
