1787090853.775006
1787090853.927939
1787090854.081878
1787090854.234330
1787090854.386109
1787090854.542839
1787090854.690166
1787090854.842345
1787090854.991110
1787090855.143925
1787090855.294892
1787090855.446031
1787090855.605584
1787090855.756012
1787090855.907182
1787090856.061562
1787090856.212480
1787090856.367373
1787090856.518579
1787090856.673559
1787090856.831390
1787090856.983376
1787090857.138626
1787090857.287525
1787090857.438375
1787090857.594836
1787090857.744900
1787090857.902224
1787090858.052807
1787090858.202578
1787090858.351686
1787090858.502164
1787090858.650896
1787090858.800224
1787090858.949032
1787090859.096255
1787090859.244948
1787090859.398070
1787090859.546668
1787090859.697011
1787090859.846239
1787090859.997902
1787090860.152323
1787090860.299885
1787090860.449463
1787090860.602087
1787090860.750489
1787090860.899412
1787090861.048335
1787090861.196529
1787090861.344301
1787090861.495815
1787090861.644187
1787090861.794060
1787090861.935889
1787090862.083015
1787090862.232958
1787090862.380141
1787090862.526633
1787090862.673328
1787090862.820708
1787090862.970881
1787090863.118372
1787090863.266367
1787090863.414396
1787090863.567968
1787090863.712633
1787090863.860604
1787090864.014286
1787090864.161999
1787090864.316626
1787090864.462112
1787090864.612696
1787090864.771672
1787090864.911624
1787090865.058513
1787090865.202523
1787090865.353096
1787090865.504206
1787090865.649585
1787090865.800543
1787090865.953768
1787090866.103096
1787090866.247708
1787090866.397216
1787090866.554326
1787090866.699814
1787090866.843086
1787090866.988138
1787090867.132777
1787090867.278526
1787090867.423998
1787090867.579880
1787090867.723572
1787090867.868006
1787090868.018743
1787090868.159209
1787090868.304503
1787090868.447927
1787090868.599269
1787090868.750004
1787090868.902380
1787090869.048218
1787090869.201470
1787090869.351533
1787090869.502856
1787090869.651075
1787090869.797074
1787090869.949193
1787090870.101305
1787090870.252895
1787090870.398050
1787090870.545195
1787090870.691878
1787090870.844791
1787090870.997370
1787090871.149636
1787090871.301872
1787090871.455822
1787090871.603951
1787090871.754849
1787090871.907887
1787090872.053836
1787090872.196567
1787090872.344478
1787090872.492601
1787090872.641723
1787090872.793123
1787090872.942954
1787090873.092571
1787090873.247501
1787090873.392194
1787090873.540735
1787090873.688595
1787090873.842719
1787090873.998935
1787090874.152863
1787090874.312392
1787090874.461306
1787090874.610314
1787090874.765215
1787090874.918896
1787090875.074993
1787090875.228264
1787090875.387873
1787090875.541179
1787090875.690249
1787090875.839501
1787090875.989416
1787090876.143573
1787090876.290831
1787090876.443339
1787090876.593821
1787090876.743987
1787090876.896159
1787090877.055685
1787090877.208488
1787090877.365197
1787090877.522264
1787090877.674651
1787090877.831419
1787090877.985925
1787090878.143307
1787090878.301857
1787090878.453458
1787090878.612170
1787090878.764607
1787090878.922382
1787090879.079901
1787090879.230795
1787090879.384455
1787090879.538494
1787090879.692683
1787090879.850569
1787090880.011184
1787090880.170151
1787090880.325317
1787090880.487929
1787090880.643527
1787090880.801714
1787090880.953443
1787090881.115424
1787090881.275681
1787090881.430478
1787090881.585801
1787090881.744445
1787090881.906346
1787090882.063689
1787090882.219905
1787090882.377917
1787090882.529914
1787090882.686629
1787090882.844233
1787090883.008061
1787090883.170276
1787090883.327760
1787090883.491427
1787090883.648530
1787090883.806095
1787090883.964336
1787090884.122232
1787090884.282956
1787090884.441856
1787090884.604230
1787090884.770250
1787090884.927905
1787090885.089028
1787090885.253791
1787090885.412839
1787090885.574565
1787090885.732402
1787090885.891168
1787090886.053834
1787090886.219327
1787090886.377316
1787090886.535472
1787090886.702121
1787090886.866078
1787090887.031699
1787090887.196253
1787090887.361525
1787090887.527197
1787090887.692879
1787090887.856400
1787090888.015992
1787090888.177683
1787090888.331404
1787090888.491739
1787090888.658727
1787090888.826841
1787090888.994470
1787090889.154739
1787090889.314926
1787090889.479768
1787090889.642128
1787090889.802634
1787090889.962017
1787090890.124285
1787090890.287819
1787090890.448812
1787090890.612796
1787090890.772475
1787090890.933076
1787090891.101801
1787090891.262242
1787090891.428122
1787090891.586526
1787090891.755961
1787090891.916086
1787090892.082010
1787090892.246184
1787090892.403477
1787090892.564585
1787090892.723746
1787090892.878744
1787090893.043028
1787090893.202919
1787090893.366769
1787090893.531779
1787090893.692694
1787090893.860040
1787090894.017944
1787090894.182930
1787090894.343707
1787090894.509445
1787090894.670667
1787090894.833115
1787090895.003122
1787090895.163260
1787090895.325267
1787090895.492421
1787090895.660403
1787090895.827788
1787090895.993912
1787090896.159715
1787090896.320239
1787090896.480269
1787090896.642212
1787090896.803226
1787090896.967343
1787090897.132479
1787090897.292971
1787090897.460265
1787090897.626211
1787090897.793621
1787090897.959658
1787090898.127563
1787090898.293828
1787090898.452628
1787090898.617837
1787090898.784486
1787090898.953191
1787090899.113775
1787090899.274674
1787090899.445265
1787090899.607730
1787090899.774726
1787090899.943270
1787090900.102480
1787090900.268816
1787090900.430596
1787090900.596186
1787090900.757310
1787090900.918632
1787090901.083422
1787090901.245509
1787090901.412923
1787090901.575610
1787090901.745038
1787090901.908314
1787090902.075315
1787090902.237610
1787090902.407457
1787090902.572407
1787090902.743119
1787090902.906564
1787090903.076969
1787090903.245235
1787090903.408842
1787090903.579473
1787090903.743445
1787090903.912679
1787090904.074723
1787090904.240443
1787090904.400144
1787090904.571093
1787090904.734826
1787090904.896731
1787090905.056731
1787090905.222224
1787090905.384086
1787090905.552153
1787090905.713927
1787090905.880355
1787090906.040976
1787090906.208942
1787090906.365035
1787090906.533915
1787090906.694216
1787090906.854165
1787090907.019642
1787090907.188833
1787090907.353399
1787090907.517145
1787090907.682710
1787090907.843965
1787090908.011716
1787090908.179765
1787090908.342404
1787090908.503779
1787090908.664621
1787090908.827284
1787090909.000224
1787090909.167818
1787090909.336211
1787090909.499603
1787090909.662219
1787090909.823530
1787090909.988911
1787090910.149466
1787090910.311428
1787090910.480873
1787090910.648201
1787090910.817538
1787090910.989520
1787090911.151050
1787090911.316799
1787090911.477640
1787090911.644061
1787090911.807835
1787090911.973796
1787090912.134514
1787090912.300807
1787090912.462175
1787090912.631807
1787090912.792077
1787090912.958891
1787090913.126659
1787090913.292680
1787090913.453793
1787090913.625791
1787090913.793470
1787090913.957812
1787090914.125985
1787090914.297561
1787090914.464746
1787090914.635132
1787090914.803641
1787090914.967682
1787090915.137546
1787090915.305312
1787090915.470044
1787090915.636420
1787090915.800115
1787090915.967695
1787090916.130589
1787090916.301283
1787090916.463777
1787090916.634105
1787090916.796117
1787090916.967518
1787090917.129976
1787090917.291707
1787090917.454288
1787090917.623021
1787090917.790916
1787090917.953974
1787090918.114578
1787090918.282994
1787090918.452865
1787090918.615516
1787090918.783186
1787090918.945287
1787090919.106938
1787090919.274795
1787090919.436014
1787090919.602539
1787090919.763413
1787090919.930334
1787090920.094081
1787090920.261485
1787090920.421317
1787090920.581724
1787090920.745489
1787090920.910970
1787090921.071965
1787090921.238576
1787090921.400060
1787090921.561983
1787090921.728767
1787090921.895943
1787090922.061835
1787090922.225344
1787090922.387122
1787090922.549426
1787090922.711021
1787090922.871937
1787090923.036989
1787090923.198647
1787090923.359809
1787090923.524520
1787090923.685646
1787090923.853645
1787090924.013808
1787090924.179969
1787090924.347284
1787090924.518802
1787090924.680333
1787090924.847064
1787090925.009610
1787090925.178094
1787090925.340130
1787090925.506077
1787090925.667390
1787090925.825629
1787090925.996615
1787090926.157887
1787090926.316200
1787090926.485147
1787090926.649130
1787090926.821423
1787090926.985401
1787090927.153164
1787090927.322579
1787090927.492184
1787090927.661145
1787090927.820360
1787090927.988885
1787090928.150867
1787090928.314181
1787090928.484676
1787090928.647946
1787090928.819267
1787090928.987432
1787090929.156883
1787090929.322900
1787090929.484843
1787090929.649956
1787090929.813813
1787090929.974248
1787090930.141199
1787090930.309120
1787090930.478613
1787090930.640145
1787090930.801540
1787090930.963071
1787090931.124811
1787090931.291035
1787090931.452000
1787090931.617459
1787090931.778461
1787090931.940395
1787090932.106753
1787090932.268386
1787090932.432760
1787090932.598110
1787090932.761974
1787090932.923788
1787090933.089043
1787090933.255669
1787090933.408424
1787090933.574634
1787090933.733886
1787090933.896885
1787090934.063707
1787090934.222842
1787090934.388401
1787090934.554397
1787090934.718939
1787090934.885268
1787090935.050416
1787090935.209822
1787090935.375872
1787090935.541167
1787090935.694559
1787090935.860669
1787090936.026657
1787090936.188101
1787090936.347626
1787090936.514889
1787090936.674354
1787090936.839723
1787090936.999809
1787090937.166804
1787090937.326867
1787090937.491225
1787090937.656728
1787090937.821529
1787090937.986397
1787090938.153504
1787090938.317490
1787090938.486061
1787090938.650349
1787090938.816941
1787090938.981433
1787090939.143616
1787090939.303731
1787090939.462493
1787090939.626951
1787090939.785504
1787090939.949044
1787090940.108180
1787090940.266097
1787090940.432581
1787090940.592489
1787090940.752206
1787090940.908324
1787090941.067285
1787090941.225764
1787090941.383098
1787090941.547099
1787090941.705458
1787090941.863940
1787090942.026452
1787090942.193158
1787090942.351643
1787090942.517075
1787090942.686032
1787090942.846648
1787090943.005921
1787090943.169291
1787090943.328904
1787090943.488023
1787090943.650254
1787090943.814112
1787090943.979297
1787090944.140306
1787090944.306542
1787090944.472453
1787090944.636457
1787090944.800951
1787090944.960999
1787090945.126153
1787090945.292699
1787090945.455901
1787090945.622149
1787090945.787209
1787090945.951669
1787090946.116575
1787090946.275082
1787090946.437292
1787090946.602815
1787090946.761960
1787090946.927997
1787090947.093508
1787090947.252878
1787090947.412862
1787090947.576320
1787090947.743804
1787090947.904761
1787090948.061592
1787090948.227535
1787090948.389591
1787090948.547485
1787090948.707283
1787090948.873443
1787090949.033442
1787090949.200447
1787090949.368162
1787090949.531735
1787090949.697481
1787090949.864061
1787090950.024359
1787090950.192608
1787090950.359146
1787090950.525820
1787090950.686258
1787090950.851119
1787090951.013013
1787090951.173855
1787090951.341314
1787090951.504270
1787090951.671184
1787090951.832944
1787090951.986970
1787090952.153648
1787090952.321198
1787090952.479670
1787090952.641835
1787090952.802192
1787090952.961766
1787090953.119491
1787090953.282542
1787090953.444583
1787090953.606165
1787090953.767926
1787090953.928849
1787090954.093554
1787090954.253881
1787090954.420348
1787090954.587166
1787090954.754172
1787090954.916715
1787090955.083678
1787090955.243969
1787090955.409937
1787090955.574534
1787090955.742832
1787090955.905223
1787090956.073545
1787090956.236506
1787090956.397507
1787090956.566092
1787090956.733759
1787090956.901469
1787090957.069015
1787090957.237097
1787090957.406683
1787090957.569457
1787090957.731110
1787090957.898559
1787090958.061332
1787090958.223878
1787090958.400668
1787090958.555380
1787090958.718063
1787090958.879600
1787090959.047005
1787090959.209235
1787090959.372262
1787090959.533439
1787090959.700266
1787090959.867932
1787090960.031454
1787090960.194670
1787090960.356359
1787090960.526772
1787090960.687908
1787090960.856099
1787090961.024469
1787090961.189703
1787090961.358466
1787090961.520781
1787090961.683106
1787090961.845818
1787090962.015489
1787090962.179591
1787090962.347661
1787090962.510705
1787090962.673143
1787090962.836326
1787090963.006724
1787090963.169852
1787090963.334628
1787090963.499684
1787090963.657951
1787090963.827895
1787090963.996505
1787090964.161169
1787090964.332611
1787090964.498726
1787090964.665164
1787090964.834064
1787090965.000911
1787090965.167499
1787090965.331187
1787090965.500486
1787090965.667463
1787090965.837476
1787090966.010191
1787090966.179333
1787090966.354253
1787090966.510916
1787090966.678187
1787090966.846714
1787090967.010142
1787090967.176285
1787090967.345733
1787090967.514190
1787090967.676984
1787090967.849622
1787090968.010617
1787090968.174579
1787090968.335718
1787090968.503444
1787090968.672798
1787090968.842125
1787090969.008622
1787090969.171494
1787090969.337632
1787090969.500936
1787090969.669566
1787090969.840715
1787090970.010419
1787090970.175420
1787090970.338223
1787090970.500394
1787090970.664132
1787090970.833085
1787090970.997305
1787090971.164862
1787090971.328054
1787090971.491485
1787090971.655458
1787090971.820682
1787090971.988826
1787090972.157513
1787090972.319344
1787090972.487974
1787090972.651014
1787090972.813570
1787090972.975281
1787090973.144336
1787090973.307463
1787090973.477070
1787090973.640520
1787090973.803948
1787090973.968728
1787090974.129884
1787090974.299304
1787090974.469292
1787090974.632445
1787090974.801741
1787090974.974046
1787090975.138851
1787090975.300288
1787090975.459854
1787090975.626090
1787090975.790284
1787090975.956430
1787090976.120074
1787090976.281009
1787090976.454660
1787090976.623346
1787090976.784619
1787090976.944829
1787090977.107670
1787090977.271386
1787090977.436651
1787090977.596207
1787090977.754826
1787090977.923546
1787090978.084358
1787090978.245826
1787090978.404538
1787090978.570746
1787090978.731972
1787090978.892570
1787090979.052922
1787090979.213930
1787090979.374310
1787090979.535227
1787090979.696679
1787090979.850700
1787090980.011959
1787090980.172663
1787090980.333133
1787090980.494254
1787090980.654846
1787090980.818098
1787090980.977868
1787090981.138779
1787090981.298394
1787090981.459465
1787090981.621504
1787090981.786322
1787090981.946897
1787090982.107780
1787090982.268796
1787090982.429637
1787090982.588943
1787090982.749680
1787090982.910207
1787090983.071564
1787090983.230961
1787090983.388193
1787090983.547580
1787090983.706237
1787090983.866520
1787090984.031653
1787090984.194028
1787090984.356459
1787090984.524425
1787090984.682325
1787090984.845839
1787090985.008434
1787090985.168215
1787090985.330573
1787090985.489828
1787090985.650202
1787090985.811683
1787090985.970819
1787090986.134125
1787090986.294919
1787090986.454882
1787090986.615444
1787090986.774868
1787090986.934169
1787090987.093354
1787090987.253163
1787090987.413490
1787090987.573781
1787090987.732977
1787090987.896681
1787090988.056539
1787090988.216949
1787090988.386301
1787090988.547003
1787090988.706422
1787090988.871568
1787090989.034214
1787090989.196507
1787090989.355613
1787090989.514477
1787090989.671695
1787090989.832912
1787090989.993487
1787090990.155586
1787090990.316964
1787090990.476078
1787090990.636122
1787090990.796699
1787090990.955709
1787090991.117646
1787090991.278411
1787090991.438273
1787090991.595996
1787090991.753875
1787090991.913285
1787090992.072332
1787090992.232984
1787090992.392048
1787090992.551386
1787090992.710531
1787090992.872342
1787090993.031062
1787090993.190649
1787090993.352386
1787090993.512898
1787090993.672017
1787090993.828346
1787090993.987816
1787090994.147969
1787090994.310504
1787090994.469420
1787090994.627776
1787090994.785012
1787090994.941863
1787090995.100494
1787090995.257771
1787090995.419991
1787090995.582309
1787090995.742422
1787090995.903014
1787090996.061253
1787090996.220840
1787090996.379014
1787090996.542514
1787090996.701296
1787090996.866310
1787090997.031002
1787090997.190144
1787090997.352359
1787090997.510876
1787090997.668390
1787090997.827179
1787090997.986167
1787090998.145374
1787090998.300279
1787090998.457385
1787090998.613088
1787090998.769283
1787090998.928886
1787090999.087167
1787090999.246442
1787090999.406399
1787090999.570453
1787090999.729675
1787090999.893263
1787091000.049032
1787091000.205853
1787091000.362543
1787091000.523776
1787091000.679731
1787091000.838716
1787091000.998041
1787091001.156384
1787091001.317221
1787091001.486192
1787091001.644976
1787091001.803954
1787091001.962286
1787091002.124937
1787091002.284984
1787091002.444288
1787091002.605118
1787091002.762505
1787091002.920921
1787091003.079848
1787091003.239086
1787091003.399406
1787091003.560648
1787091003.717728
1787091003.883185
1787091004.046080
1787091004.205184
1787091004.364055
1787091004.522743
1787091004.681177
1787091004.842691
1787091004.995076
1787091005.154407
1787091005.313679
1787091005.472440
1787091005.634706
1787091005.794528
1787091005.957742
1787091006.115082
1787091006.273282
1787091006.431400
1787091006.593381
1787091006.751353
1787091006.910250
1787091007.073460
1787091007.233506
1787091007.391544
1787091007.554414
1787091007.713730
1787091007.871364
1787091008.032753
1787091008.190512
1787091008.357076
1787091008.515108
1787091008.674281
1787091008.831748
1787091008.990540
1787091009.149488
1787091009.310584
1787091009.469676
1787091009.626990
1787091009.786257
1787091009.945989
1787091010.105457
1787091010.263803
1787091010.432631
1787091010.587429
1787091010.746463
1787091010.906693
1787091011.066970
1787091011.225971
1787091011.385523
1787091011.547437
1787091011.709634
1787091011.864270
1787091012.022974
1787091012.184385
1787091012.344101
1787091012.504889
1787091012.663956
1787091012.830272
1787091012.988387
1787091013.144541
1787091013.306595
1787091013.466270
1787091013.627406
1787091013.785625
1787091013.951831
1787091014.118321
1787091014.282644
1787091014.448360
1787091014.608435
1787091014.767358
1787091014.927176
1787091015.086433
1787091015.248626
1787091015.416428
1787091015.578308
1787091015.742770
1787091015.901641
1787091016.063343
1787091016.222807
1787091016.380763
1787091016.543363
1787091016.700953
1787091016.858798
1787091017.025191
1787091017.190850
1787091017.348134
1787091017.511297
1787091017.670844
1787091017.829705
1787091017.992885
1787091018.150357
1787091018.306644
1787091018.463446
1787091018.634863
1787091018.797782
1787091018.962967
1787091019.119684
1787091019.282884
1787091019.441796
1787091019.602011
1787091019.762633
1787091019.920020
1787091020.077535
1787091020.240734
1787091020.399625
1787091020.566221
1787091020.731681
1787091020.891255
1787091021.056503
1787091021.216358
1787091021.381002
1787091021.540692
1787091021.704724
1787091021.870178
1787091022.029794
1787091022.188201
1787091022.348328
1787091022.507882
1787091022.669421
1787091022.830877
1787091022.989976
1787091023.148754
1787091023.313589
1787091023.477765
1787091023.639556
1787091023.804700
1787091023.970771
1787091024.129321
1787091024.293467
1787091024.453272
1787091024.617333
1787091024.776946
1787091024.936127
1787091025.100075
1787091025.259108
1787091025.419152
1787091025.583788
1787091025.743358
1787091025.908714
1787091026.074163
1787091026.239147
1787091026.404282
1787091026.567837
1787091026.730877
1787091026.896126
1787091027.063241
1787091027.222729
1787091027.382670
1787091027.542111
1787091027.703057
1787091027.863853
1787091028.029078
1787091028.194136
1787091028.357226
1787091028.526573
1787091028.686547
1787091028.850411
1787091029.010973
1787091029.184292
1787091029.349998
1787091029.514955
1787091029.674371
1787091029.839783
1787091030.006577
1787091030.173022
1787091030.333853
1787091030.499611
1787091030.658858
1787091030.819685
1787091030.980084
1787091031.145300
1787091031.312794
1787091031.474592
1787091031.638274
1787091031.795274
1787091031.961565
1787091032.124881
1787091032.290672
1787091032.450941
1787091032.611712
1787091032.777267
1787091032.936524
1787091033.095391
1787091033.262085
1787091033.424188
1787091033.584615
1787091033.747015
1787091033.905872
1787091034.070164
1787091034.230730
1787091034.391548
1787091034.554591
1787091034.713007
1787091034.879270
1787091035.042871
1787091035.207684
1787091035.373043
1787091035.539684
1787091035.706419
1787091035.867486
1787091036.033292
1787091036.198485
1787091036.358999
1787091036.519192
1787091036.684631
1787091036.843801
1787091037.007169
1787091037.175315
1787091037.339087
1787091037.497785
1787091037.658116
1787091037.821957
1787091037.981449
1787091038.148536
1787091038.314717
1787091038.482228
1787091038.640121
1787091038.800244
1787091038.965755
1787091039.127354
1787091039.284469
1787091039.444588
1787091039.604761
1787091039.769848
1787091039.932193
1787091040.092798
1787091040.249993
1787091040.415243
1787091040.577426
1787091040.738204
1787091040.900296
1787091041.061272
1787091041.225050
1787091041.389325
1787091041.550963
1787091041.713596
1787091041.877245
1787091042.039023
1787091042.199745
1787091042.357332
1787091042.522043
1787091042.687619
1787091042.843621
1787091043.005966
1787091043.173745
1787091043.340724
1787091043.504141
1787091043.662199
1787091043.824748
1787091043.985580
1787091044.151845
1787091044.316606
1787091044.482525
1787091044.647519
1787091044.808988
1787091044.971733
1787091045.136084
1787091045.297079
1787091045.455846
1787091045.618481
1787091045.781146
1787091045.943352
1787091046.104056
1787091046.267375
1787091046.428647
1787091046.594215
1787091046.757485
1787091046.927910
1787091047.091309
1787091047.253924
1787091047.416496
1787091047.580764
1787091047.741428
1787091047.906259
1787091048.068507
1787091048.232925
1787091048.398524
1787091048.560397
1787091048.715595
1787091048.879123
1787091049.040532
1787091049.204190
1787091049.370716
1787091049.528697
1787091049.690763
1787091049.852788
1787091050.014664
1787091050.177490
1787091050.342457
1787091050.505569
1787091050.669971
1787091050.832963
1787091050.994987
1787091051.156607
1787091051.319388
1787091051.483610
1787091051.647507
1787091051.811276
1787091051.974914
1787091052.137442
1787091052.300915
1787091052.463642
1787091052.626900
1787091052.792255
1787091052.956089
1787091053.122955
1787091053.287070
1787091053.451854
1787091053.614388
1787091053.780234
1787091053.941414
1787091054.105518
1787091054.272396
1787091054.435575
1787091054.598629
1787091054.759554
1787091054.922526
1787091055.100338
1787091055.263273
1787091055.431853
1787091055.598924
1787091055.760967
1787091055.923447
1787091056.091054
1787091056.249465
1787091056.412867
1787091056.575904
1787091056.743114
1787091056.906228
1787091057.069302
1787091057.231694
1787091057.393765
1787091057.562951
1787091057.725221
1787091057.893465
1787091058.055641
1787091058.218136
1787091058.380175
1787091058.543707
1787091058.708393
1787091058.870107
1787091059.036639
1787091059.198444
1787091059.363670
1787091059.525838
1787091059.687674
1787091059.849720
1787091060.013179
1787091060.174669
1787091060.347446
1787091060.510934
1787091060.671116
1787091060.836581
1787091060.998081
1787091061.164251
1787091061.326884
1787091061.488743
1787091061.649779
1787091061.811565
1787091061.974083
1787091062.135925
1787091062.297915
1787091062.461878
1787091062.625160
1787091062.788042
1787091062.949435
1787091063.114696
1787091063.280704
1787091063.447556
1787091063.622180
1787091063.785091
1787091063.947163
1787091064.115486
1787091064.277157
1787091064.438369
1787091064.600744
1787091064.767566
1787091064.928672
1787091065.091846
1787091065.254049
1787091065.420005
1787091065.589967
1787091065.752139
1787091065.916595
1787091066.080820
1787091066.243025
1787091066.399872
1787091066.562756
1787091066.720621
1787091066.889348
1787091067.044859
1787091067.206730
1787091067.366396
1787091067.529908
1787091067.691374
1787091067.854715
1787091068.017160
1787091068.182646
1787091068.347588
1787091068.511144
1787091068.672508
1787091068.833786
1787091068.996407
1787091069.159781
1787091069.327365
1787091069.494077
1787091069.660038
1787091069.825141
1787091069.987909
1787091070.154662
1787091070.323148
1787091070.491459
1787091070.665478
1787091070.823196
1787091070.985686
1787091071.152531
1787091071.323896
1787091071.488340
1787091071.654537
1787091071.819327
1787091071.985116
1787091072.154611
1787091072.324570
1787091072.489111
1787091072.653601
1787091072.816782
1787091072.980568
1787091073.149984
1787091073.319215
1787091073.484296
1787091073.647413
1787091073.811448
1787091073.979302
1787091074.142931
1787091074.306983
1787091074.471476
1787091074.635805
1787091074.798529
1787091074.961627
1787091075.125131
1787091075.290697
1787091075.460576
1787091075.623108
1787091075.785167
1787091075.947284
1787091076.112149
1787091076.274248
1787091076.436620
1787091076.599396
1787091076.760857
1787091076.919708
1787091077.081777
1787091077.243752
1787091077.405297
1787091077.566697
1787091077.729989
1787091077.895298
1787091078.057113
1787091078.218410
1787091078.380579
1787091078.543026
1787091078.707996
1787091078.869182
1787091079.033930
1787091079.216943
1787091079.377404
1787091079.539845
1787091079.700188
1787091079.864358
1787091080.031034
1787091080.194634
1787091080.358032
1787091080.520294
1787091080.680985
1787091080.844644
1787091081.005915
1787091081.170429
1787091081.339074
1787091081.495399
1787091081.659264
1787091081.821911
1787091081.989175
1787091082.151648
1787091082.311734
1787091082.474707
1787091082.645979
1787091082.807832
1787091082.970989
1787091083.138830
1787091083.306041
1787091083.468257
1787091083.635484
1787091083.798159
1787091083.962057
1787091084.130842
1787091084.298203
1787091084.468073
1787091084.625118
1787091084.788237
1787091084.950460
1787091085.114034
1787091085.272691
1787091085.434080
1787091085.598425
1787091085.766640
1787091085.929122
1787091086.093477
1787091086.256896
1787091086.418752
1787091086.582463
1787091086.744078
1787091086.906758
1787091087.068189
1787091087.230704
1787091087.394331
1787091087.558181
1787091087.719817
1787091087.882509
1787091088.044646
1787091088.206350
1787091088.368751
1787091088.530604
1787091088.692610
1787091088.856742
1787091089.018625
1787091089.185402
1787091089.349551
1787091089.511213
1787091089.671088
1787091089.830750
1787091089.991809
1787091090.154978
1787091090.317394
1787091090.479823
1787091090.641105
1787091090.806717
1787091090.968672
1787091091.130718
1787091091.292979
1787091091.456046
1787091091.618759
1787091091.782412
1787091091.948694
1787091092.110394
1787091092.277688
1787091092.443247
1787091092.613450
1787091092.766967
1787091092.933239
1787091093.096117
1787091093.257111
1787091093.425764
1787091093.586694
1787091093.754936
1787091093.919074
1787091094.081421
1787091094.242669
1787091094.403645
1787091094.565569
1787091094.728165
1787091094.890211
1787091095.051676
1787091095.212306
1787091095.374434
1787091095.536968
1787091095.699141
1787091095.860729
1787091096.023658
1787091096.184331
1787091096.347808
1787091096.508104
1787091096.669657
1787091096.833422
1787091096.998438
1787091097.158473
1787091097.321265
1787091097.483932
1787091097.656234
1787091097.815022
1787091097.974797
1787091098.140384
1787091098.305409
1787091098.466808
1787091098.629814
1787091098.793123
1787091098.952724
1787091099.114310
1787091099.278534
1787091099.440953
1787091099.596652
1787091099.758639
1787091099.925317
1787091100.085992
1787091100.247793
1787091100.404456
1787091100.567563
1787091100.723037
1787091100.884073
1787091101.044393
1787091101.205813
1787091101.368691
1787091101.530633
1787091101.691840
1787091101.852602
1787091102.015064
1787091102.180306
1787091102.342426
1787091102.502943
1787091102.663873
1787091102.828610
1787091102.989148
1787091103.151394
1787091103.312068
1787091103.474507
1787091103.640689
1787091103.804471
1787091103.969936
1787091104.131023
1787091104.296997
1787091104.458953
1787091104.620108
1787091104.780631
1787091104.941707
1787091105.103921
1787091105.268530
1787091105.430158
1787091105.590423
1787091105.751470
1787091105.912561
1787091106.080794
1787091106.241984
1787091106.402884
1787091106.564639
1787091106.726798
1787091106.888352
1787091107.050136
1787091107.212836
1787091107.372908
1787091107.535100
1787091107.694899
1787091107.855363
1787091108.017686
1787091108.185132
1787091108.344394
1787091108.505805
1787091108.667669
1787091108.828583
1787091108.987151
1787091109.146219
1787091109.306248
1787091109.466855
1787091109.642067
1787091109.797098
1787091109.953846
1787091110.115007
1787091110.274218
1787091110.434822
1787091110.595146
1787091110.754277
1787091110.914437
1787091111.075601
1787091111.241296
1787091111.401516
1787091111.560399
1787091111.720186
1787091111.883266
1787091112.043396
1787091112.203026
1787091112.362348
