1787076171.970068
1787076172.122907
1787076172.276918
1787076172.429131
1787076172.589051
1787076172.743702
1787076172.901521
1787076173.057463
1787076173.211581
1787076173.367345
1787076173.523845
1787076173.679749
1787076173.838949
1787076173.991998
1787076174.142792
1787076174.300192
1787076174.456013
1787076174.619698
1787076174.775041
1787076174.924683
1787076175.075706
1787076175.226467
1787076175.377292
1787076175.536261
1787076175.687580
1787076175.849946
1787076176.007653
1787076176.162854
1787076176.323373
1787076176.477964
1787076176.633184
1787076176.782766
1787076176.933837
1787076177.090245
1787076177.239784
1787076177.396092
1787076177.553284
1787076177.711768
1787076177.875707
1787076178.025162
1787076178.185074
1787076178.339979
1787076178.496864
1787076178.651141
1787076178.804673
1787076178.959832
1787076179.115347
1787076179.272160
1787076179.427912
1787076179.582205
1787076179.732480
1787076179.887228
1787076180.044414
1787076180.194706
1787076180.345823
1787076180.497082
1787076180.649639
1787076180.803144
1787076180.956144
1787076181.108564
1787076181.263793
1787076181.418807
1787076181.572680
1787076181.725508
1787076181.877376
1787076182.024128
1787076182.175820
1787076182.326500
1787076182.472553
1787076182.623737
1787076182.774889
1787076182.926625
1787076183.073151
1787076183.223130
1787076183.375240
1787076183.528026
1787076183.673978
1787076183.825646
1787076183.975596
1787076184.125932
1787076184.270653
1787076184.424935
1787076184.575803
1787076184.723076
1787076184.874526
1787076185.027235
1787076185.174117
1787076185.324203
1787076185.474698
1787076185.628517
1787076185.780428
1787076185.924594
1787076186.073366
1787076186.227238
1787076186.374737
1787076186.523114
1787076186.675193
1787076186.826479
1787076186.971300
1787076187.121277
1787076187.272231
1787076187.424786
1787076187.573608
1787076187.723799
1787076187.874952
1787076188.024423
1787076188.168838
1787076188.319807
1787076188.468907
1787076188.620684
1787076188.772856
1787076188.922808
1787076189.075041
1787076189.233520
1787076189.383874
1787076189.536283
1787076189.691043
1787076189.836992
1787076189.988936
1787076190.141445
1787076190.286550
1787076190.438211
1787076190.593313
1787076190.739214
1787076190.893834
1787076191.046515
1787076191.200074
1787076191.355115
1787076191.509192
1787076191.657105
1787076191.805883
1787076191.959972
1787076192.112052
1787076192.256054
1787076192.408268
1787076192.562577
1787076192.715803
1787076192.869405
1787076193.021143
1787076193.168543
1787076193.326769
1787076193.481871
1787076193.635636
1787076193.791597
1787076193.946413
1787076194.095716
1787076194.245196
1787076194.401616
1787076194.557192
1787076194.713840
1787076194.868451
1787076195.023438
1787076195.179909
1787076195.336792
1787076195.493552
1787076195.649782
1787076195.806582
1787076195.963946
1787076196.121002
1787076196.278374
1787076196.436286
1787076196.592802
1787076196.745435
1787076196.903751
1787076197.063378
1787076197.217391
1787076197.377578
1787076197.536895
1787076197.698613
1787076197.859618
1787076198.019678
1787076198.180841
1787076198.335833
1787076198.489390
1787076198.651460
1787076198.813480
1787076198.974908
1787076199.134101
1787076199.293045
1787076199.453997
1787076199.616147
1787076199.776954
1787076199.933783
1787076200.095267
1787076200.259982
1787076200.414680
1787076200.577441
1787076200.741872
1787076200.901117
1787076201.056975
1787076201.214262
1787076201.371299
1787076201.530561
1787076201.694656
1787076201.859994
1787076202.025615
1787076202.196405
1787076202.360294
1787076202.523388
1787076202.685768
1787076202.849257
1787076203.015772
1787076203.186818
1787076203.351277
1787076203.516253
1787076203.682834
1787076203.850979
1787076204.017133
1787076204.183087
1787076204.345714
1787076204.510582
1787076204.673527
1787076204.837916
1787076205.005162
1787076205.168972
1787076205.337612
1787076205.502028
1787076205.661861
1787076205.828336
1787076205.998048
1787076206.159640
1787076206.322670
1787076206.488766
1787076206.648695
1787076206.814455
1787076206.981140
1787076207.146148
1787076207.313017
1787076207.478394
1787076207.645017
1787076207.813961
1787076207.981717
1787076208.145882
1787076208.315251
1787076208.479867
1787076208.642602
1787076208.812501
1787076208.978610
1787076209.147709
1787076209.314622
1787076209.480919
1787076209.648949
1787076209.810202
1787076209.975479
1787076210.139355
1787076210.307575
1787076210.466850
1787076210.631945
1787076210.798866
1787076210.964790
1787076211.125353
1787076211.291578
1787076211.453589
1787076211.620237
1787076211.789931
1787076211.957263
1787076212.126288
1787076212.294128
1787076212.460067
1787076212.626472
1787076212.793612
1787076212.953946
1787076213.121308
1787076213.281893
1787076213.443569
1787076213.611083
1787076213.778301
1787076213.945889
1787076214.106446
1787076214.275932
1787076214.439956
1787076214.606919
1787076214.778838
1787076214.940078
1787076215.108090
1787076215.271109
1787076215.437019
1787076215.603011
1787076215.771158
1787076215.938829
1787076216.108426
1787076216.277106
1787076216.446291
1787076216.615830
1787076216.784535
1787076216.957400
1787076217.130943
1787076217.303666
1787076217.474413
1787076217.647845
1787076217.819846
1787076217.990629
1787076218.157385
1787076218.329501
1787076218.494055
1787076218.664147
1787076218.835984
1787076219.004481
1787076219.174708
1787076219.343518
1787076219.514318
1787076219.687557
1787076219.853863
1787076220.027459
1787076220.198522
1787076220.371737
1787076220.533826
1787076220.703373
1787076220.873476
1787076221.041110
1787076221.210768
1787076221.381980
1787076221.553762
1787076221.725402
1787076221.897413
1787076222.062408
1787076222.232454
1787076222.401958
1787076222.572529
1787076222.742704
1787076222.913101
1787076223.079449
1787076223.251326
1787076223.422367
1787076223.594589
1787076223.762814
1787076223.936282
1787076224.108877
1787076224.273968
1787076224.444391
1787076224.618158
1787076224.790916
1787076224.964713
1787076225.137285
1787076225.308879
1787076225.482921
1787076225.657358
1787076225.831739
1787076226.003490
1787076226.174453
1787076226.350312
1787076226.522042
1787076226.690722
1787076226.864558
1787076227.038992
1787076227.211646
1787076227.384875
1787076227.557279
1787076227.733310
1787076227.907935
1787076228.076605
1787076228.249865
1787076228.425457
1787076228.598411
1787076228.771929
1787076228.945599
1787076229.117692
1787076229.284971
1787076229.459678
1787076229.637257
1787076229.807313
1787076229.975806
1787076230.152523
1787076230.321800
1787076230.489707
1787076230.662292
1787076230.834915
1787076231.007728
1787076231.181615
1787076231.355801
1787076231.529723
1787076231.701447
1787076231.873135
1787076232.046326
1787076232.223475
1787076232.400324
1787076232.578835
1787076232.746884
1787076232.921899
1787076233.096250
1787076233.269491
1787076233.443753
1787076233.614789
1787076233.789710
1787076233.964168
1787076234.141450
1787076234.312084
1787076234.490109
1787076234.671114
1787076234.848720
1787076235.029540
1787076235.211340
1787076235.388929
1787076235.565364
1787076235.741915
1787076235.918730
1787076236.097691
1787076236.278721
1787076236.448574
1787076236.618302
1787076236.791888
1787076236.968863
1787076237.147354
1787076237.325455
1787076237.500130
1787076237.673053
1787076237.843084
1787076238.021966
1787076238.202716
1787076238.380260
1787076238.559824
1787076238.741088
1787076238.914475
1787076239.088068
1787076239.258020
1787076239.434796
1787076239.609220
1787076239.784138
1787076239.959868
1787076240.135116
1787076240.305620
1787076240.483428
1787076240.659219
1787076240.834807
1787076241.009248
1787076241.184982
1787076241.358254
1787076241.532524
1787076241.708646
1787076241.884588
1787076242.059042
1787076242.235820
1787076242.405036
1787076242.578712
1787076242.754776
1787076242.930105
1787076243.101065
1787076243.278853
1787076243.458623
1787076243.639673
1787076243.820312
1787076243.991220
1787076244.162806
1787076244.335760
1787076244.508197
1787076244.679792
1787076244.850981
1787076245.021878
1787076245.189346
1787076245.354558
1787076245.524061
1787076245.695264
1787076245.868513
1787076246.039606
1787076246.213562
1787076246.384188
1787076246.562517
1787076246.730107
1787076246.903051
1787076247.078008
1787076247.251267
1787076247.424815
1787076247.597650
1787076247.774652
1787076247.941598
1787076248.115564
1787076248.287261
1787076248.456397
1787076248.632674
1787076248.800029
1787076248.974027
1787076249.145854
1787076249.316730
1787076249.485747
1787076249.663105
1787076249.834716
1787076249.999587
1787076250.169061
1787076250.337153
1787076250.506711
1787076250.672768
1787076250.841005
1787076251.011708
1787076251.181710
1787076251.352597
1787076251.527170
1787076251.693285
1787076251.862975
1787076252.035847
1787076252.199407
1787076252.368900
1787076252.545758
1787076252.718201
1787076252.888956
1787076253.053102
1787076253.217663
1787076253.386724
1787076253.552274
1787076253.724286
1787076253.890536
1787076254.062297
1787076254.233003
1787076254.403327
1787076254.574683
1787076254.745372
1787076254.913856
1787076255.083130
1787076255.253771
1787076255.420618
1787076255.591596
1787076255.760329
1787076255.928960
1787076256.101225
1787076256.274228
1787076256.441007
1787076256.612361
1787076256.786706
1787076256.952137
1787076257.120281
1787076257.287263
1787076257.455831
1787076257.628073
1787076257.791231
1787076257.961121
1787076258.131532
1787076258.296150
1787076258.466336
1787076258.636005
1787076258.798228
1787076258.965664
1787076259.133902
1787076259.300940
1787076259.470316
1787076259.640860
1787076259.810419
1787076259.977604
1787076260.144566
1787076260.311649
1787076260.484867
1787076260.646969
1787076260.817622
1787076260.988251
1787076261.155634
1787076261.323843
1787076261.493088
1787076261.661728
1787076261.831280
1787076261.997641
1787076262.169196
1787076262.337920
1787076262.504817
1787076262.672774
1787076262.840622
1787076263.010030
1787076263.181297
1787076263.352175
1787076263.524297
1787076263.696928
1787076263.867012
1787076264.032358
1787076264.203686
1787076264.373405
1787076264.559367
1787076264.737862
1787076264.913662
1787076265.087787
1787076265.270665
1787076265.452569
1787076265.628575
1787076265.806028
1787076265.985117
1787076266.170655
1787076266.348409
1787076266.528056
1787076266.707983
1787076266.888198
1787076267.061518
1787076267.246456
1787076267.426508
1787076267.601527
1787076267.783230
1787076267.962645
1787076268.140557
1787076268.318907
1787076268.497594
1787076268.674728
1787076268.853301
1787076269.030968
1787076269.210683
1787076269.382830
1787076269.557454
1787076269.733338
1787076269.910716
1787076270.084337
1787076270.264291
1787076270.440372
1787076270.619375
1787076270.792321
1787076270.969596
1787076271.148245
1787076271.327240
1787076271.503878
1787076271.681639
1787076271.860579
1787076272.039576
1787076272.216975
1787076272.392956
1787076272.567641
1787076272.746103
1787076272.919595
1787076273.097932
1787076273.274762
1787076273.450718
1787076273.626661
1787076273.805997
1787076273.978240
1787076274.151429
1787076274.331100
1787076274.509458
1787076274.685047
1787076274.860872
1787076275.039761
1787076275.214412
1787076275.390552
1787076275.567719
1787076275.746330
1787076275.918414
1787076276.096150
1787076276.274163
1787076276.451514
1787076276.631163
1787076276.809374
1787076276.990431
1787076277.166904
1787076277.342858
1787076277.516140
1787076277.694168
1787076277.865568
1787076278.043005
1787076278.221175
1787076278.397199
1787076278.574044
1787076278.749576
1787076278.924805
1787076279.101115
1787076279.271558
1787076279.443551
1787076279.619601
1787076279.794294
1787076279.965432
1787076280.143533
1787076280.316221
1787076280.493038
1787076280.670664
1787076280.838562
1787076281.014416
1787076281.189367
1787076281.363386
1787076281.538363
1787076281.714636
1787076281.890286
1787076282.065542
1787076282.234385
1787076282.411909
1787076282.579990
1787076282.752255
1787076282.927219
1787076283.101383
1787076283.275944
1787076283.447902
1787076283.623657
1787076283.800652
1787076283.975507
1787076284.153013
1787076284.328286
1787076284.505545
1787076284.679036
1787076284.853294
1787076285.026381
1787076285.197525
1787076285.367555
1787076285.541485
1787076285.713593
1787076285.884666
1787076286.061488
1787076286.233202
1787076286.407589
1787076286.576807
1787076286.744366
1787076286.918618
1787076287.092770
1787076287.267005
1787076287.439687
1787076287.617357
1787076287.792568
1787076287.965572
1787076288.139050
1787076288.311634
1787076288.486104
1787076288.659948
1787076288.833457
1787076289.007970
1787076289.173897
1787076289.348982
1787076289.524589
1787076289.692194
1787076289.866899
1787076290.041455
1787076290.208061
1787076290.383209
1787076290.550663
1787076290.724681
1787076290.898604
1787076291.064039
1787076291.236087
1787076291.407035
1787076291.578432
1787076291.745322
1787076291.916469
1787076292.084806
1787076292.257974
1787076292.427618
1787076292.600021
1787076292.764293
1787076292.934363
1787076293.102345
1787076293.271222
1787076293.442950
1787076293.612837
1787076293.783888
1787076293.954864
1787076294.124385
1787076294.297065
1787076294.467686
1787076294.637285
1787076294.809697
1787076294.983055
1787076295.153988
1787076295.326102
1787076295.498146
1787076295.669793
1787076295.840178
1787076296.011200
1787076296.183453
1787076296.353271
1787076296.522313
1787076296.692127
1787076296.858016
1787076297.028893
1787076297.199308
1787076297.367898
1787076297.532961
1787076297.702960
1787076297.871445
1787076298.042446
1787076298.206773
1787076298.378409
1787076298.547589
1787076298.720472
1787076298.891544
1787076299.061235
1787076299.225603
1787076299.395696
1787076299.565397
1787076299.730979
1787076299.899767
1787076300.069517
1787076300.234519
1787076300.404919
1787076300.572611
1787076300.743181
1787076300.913115
1787076301.081024
1787076301.250410
1787076301.419238
1787076301.582647
1787076301.752941
1787076301.924326
1787076302.093935
1787076302.269476
1787076302.433413
1787076302.604249
1787076302.774569
1787076302.946588
1787076303.112677
1787076303.284213
1787076303.471091
1787076303.644919
1787076303.819060
1787076303.996101
1787076304.175171
1787076304.359542
1787076304.536880
1787076304.715126
1787076304.894789
1787076305.078624
1787076305.247441
1787076305.423601
1787076305.597430
1787076305.773768
1787076305.943350
1787076306.117246
1787076306.291597
1787076306.459283
1787076306.632524
1787076306.806329
1787076306.983532
1787076307.151923
1787076307.324767
1787076307.499050
1787076307.672279
1787076307.848301
1787076308.019038
1787076308.185133
1787076308.359677
1787076308.536769
1787076308.707631
1787076308.882210
1787076309.054242
1787076309.227769
1787076309.400761
1787076309.577566
1787076309.753818
1787076309.932174
1787076310.105058
1787076310.278978
1787076310.451049
1787076310.625833
1787076310.800702
1787076310.974713
1787076311.152237
1787076311.326583
1787076311.493569
1787076311.664524
1787076311.835430
1787076312.006746
1787076312.183307
1787076312.354626
1787076312.524278
1787076312.696515
1787076312.872481
1787076313.043039
1787076313.213764
1787076313.383519
1787076313.556199
1787076313.728351
1787076313.894380
1787076314.071420
1787076314.236814
1787076314.402354
1787076314.573228
1787076314.743988
1787076314.914080
1787076315.086718
1787076315.260165
1787076315.432798
1787076315.608736
1787076315.774539
1787076315.947097
1787076316.117789
1787076316.284797
1787076316.459300
1787076316.634457
1787076316.800519
1787076316.972064
1787076317.145814
1787076317.309184
1787076317.479714
1787076317.650187
1787076317.813980
1787076317.984674
1787076318.155600
1787076318.326155
1787076318.497161
1787076318.660640
1787076318.831862
1787076319.005380
1787076319.175341
1787076319.346965
1787076319.520084
1787076319.690549
1787076319.865162
1787076320.035156
1787076320.206079
1787076320.374107
1787076320.544391
1787076320.714187
1787076320.882604
1787076321.047715
1787076321.216340
1787076321.386046
1787076321.556970
1787076321.726507
1787076321.897132
1787076322.067945
1787076322.237746
1787076322.406651
1787076322.577438
1787076322.749079
1787076322.924381
1787076323.098181
1787076323.263183
1787076323.431432
1787076323.601044
1787076323.772217
1787076323.946136
1787076324.117951
1787076324.288859
1787076324.464115
1787076324.632325
1787076324.803126
1787076324.973892
1787076325.143127
1787076325.309574
1787076325.479026
1787076325.650444
1787076325.823604
1787076325.996712
1787076326.172032
1787076326.349867
1787076326.527535
1787076326.708341
1787076326.876872
1787076327.052624
1787076327.223659
1787076327.397251
1787076327.573533
1787076327.749239
1787076327.923378
1787076328.099240
1787076328.272790
1787076328.445387
1787076328.622593
1787076328.795793
1787076328.968251
1787076329.135547
1787076329.309914
1787076329.484602
1787076329.659945
1787076329.829645
1787076330.006602
1787076330.182548
1787076330.357525
1787076330.534254
1787076330.709367
1787076330.884183
1787076331.051620
1787076331.228081
1787076331.403432
1787076331.578601
1787076331.748927
1787076331.925253
1787076332.101312
1787076332.277953
1787076332.456591
1787076332.631506
1787076332.802757
1787076332.975159
1787076333.154068
1787076333.327173
1787076333.503101
1787076333.670511
1787076333.847226
1787076334.021969
1787076334.197615
1787076334.372547
1787076334.546424
1787076334.714112
1787076334.890654
1787076335.061165
1787076335.234566
1787076335.405899
1787076335.579521
1787076335.753281
1787076335.927343
1787076336.097451
1787076336.274088
1787076336.447594
1787076336.622202
1787076336.789638
1787076336.967631
1787076337.142936
1787076337.318226
1787076337.494697
1787076337.668395
1787076337.842727
1787076338.018523
1787076338.198659
1787076338.376644
1787076338.553431
1787076338.731347
1787076338.905685
1787076339.077231
1787076339.250606
1787076339.417532
1787076339.594721
1787076339.771321
1787076339.944595
1787076340.121824
1787076340.296648
1787076340.472584
1787076340.646538
1787076340.822737
1787076340.998297
1787076341.171432
1787076341.346357
1787076341.528795
1787076341.706578
1787076341.884899
1787076342.061478
1787076342.236431
1787076342.412681
1787076342.588799
1787076342.766822
1787076342.939208
1787076343.113231
1787076343.288879
1787076343.465078
1787076343.637872
1787076343.814810
1787076343.986566
1787076344.163662
1787076344.339875
1787076344.514245
1787076344.688631
1787076344.863700
1787076345.035444
1787076345.209546
1787076345.388154
1787076345.556309
1787076345.724243
1787076345.900481
1787076346.074971
1787076346.249870
1787076346.424044
1787076346.598011
1787076346.773683
1787076346.948016
1787076347.123909
1787076347.299353
1787076347.474859
1787076347.650006
1787076347.826770
1787076348.003306
1787076348.179543
1787076348.354341
1787076348.525461
1787076348.693933
1787076348.868455
1787076349.046211
1787076349.214602
1787076349.381104
1787076349.554923
1787076349.733737
1787076349.901902
1787076350.075769
1787076350.250862
1787076350.424314
1787076350.598200
1787076350.771259
1787076350.944354
1787076351.111953
1787076351.286886
1787076351.459282
1787076351.632690
1787076351.803764
1787076351.971050
1787076352.138554
1787076352.312997
1787076352.485574
1787076352.659398
1787076352.833585
1787076353.006145
1787076353.179774
1787076353.355325
1787076353.528601
1787076353.702415
1787076353.874839
1787076354.048101
1787076354.215672
1787076354.388093
1787076354.556458
1787076354.728345
1787076354.897506
1787076355.070808
1787076355.238497
1787076355.413371
1787076355.585473
1787076355.760104
1787076355.933648
1787076356.101655
1787076356.277062
1787076356.449789
1787076356.622542
1787076356.791522
1787076356.963611
1787076357.136509
1787076357.306261
1787076357.479803
1787076357.654725
1787076357.828345
1787076357.994216
1787076358.168292
1787076358.340873
1787076358.508628
1787076358.674896
1787076358.844967
1787076359.016813
1787076359.191942
1787076359.366242
1787076359.536841
1787076359.704327
1787076359.875133
1787076360.050234
1787076360.220856
1787076360.391244
1787076360.575637
1787076360.745658
1787076360.920000
1787076361.090745
1787076361.265106
1787076361.438948
1787076361.610573
1787076361.784813
1787076361.953208
1787076362.126862
1787076362.297637
1787076362.465040
1787076362.642254
1787076362.820741
1787076363.013282
1787076363.194442
1787076363.379364
1787076363.559584
1787076363.738638
1787076363.917327
1787076364.103474
1787076364.291146
1787076364.480386
1787076364.666420
1787076364.850380
1787076365.033585
1787076365.211591
1787076365.388732
1787076365.568482
1787076365.750842
1787076365.927347
1787076366.107889
1787076366.293460
1787076366.479707
1787076366.665726
1787076366.852792
1787076367.034772
1787076367.214327
1787076367.396784
1787076367.577477
1787076367.758492
1787076367.939723
1787076368.115850
1787076368.300004
1787076368.478263
1787076368.659967
1787076368.839338
1787076369.022360
1787076369.198562
1787076369.383079
1787076369.563038
1787076369.744246
1787076369.924809
1787076370.102515
1787076370.276265
1787076370.449130
1787076370.629494
1787076370.802668
1787076370.984062
1787076371.160892
1787076371.339449
1787076371.519438
1787076371.699266
1787076371.878908
1787076372.063094
1787076372.230806
1787076372.408678
1787076372.591038
1787076372.773255
1787076372.951452
1787076373.124915
1787076373.303463
1787076373.483798
1787076373.660305
1787076373.848636
1787076374.026258
1787076374.202538
1787076374.378841
1787076374.559686
1787076374.733567
1787076374.911747
1787076375.087608
1787076375.268682
1787076375.446586
1787076375.621717
1787076375.792437
1787076375.969411
1787076376.151635
1787076376.328213
1787076376.506773
1787076376.688304
1787076376.867969
1787076377.044973
1787076377.223151
1787076377.397420
1787076377.576341
1787076377.746038
1787076377.922735
1787076378.098101
1787076378.274467
1787076378.450581
1787076378.628746
1787076378.808447
1787076378.985347
1787076379.165376
1787076379.339768
1787076379.514830
1787076379.685825
1787076379.858963
1787076380.032192
1787076380.209838
1787076380.382211
1787076380.556728
1787076380.732162
1787076380.909744
1787076381.079981
1787076381.251301
1787076381.425982
1787076381.601899
1787076381.774723
1787076381.946944
1787076382.116460
1787076382.291234
1787076382.466830
1787076382.647563
1787076382.820549
1787076382.991548
1787076383.168417
1787076383.365256
1787076383.544475
1787076383.730068
1787076383.926429
1787076384.137485
1787076384.311737
1787076384.483464
1787076384.654999
1787076384.837070
1787076385.003819
1787076385.175437
1787076385.360368
1787076385.536908
1787076385.710981
1787076385.884603
1787076386.054989
1787076386.229692
1787076386.405686
1787076386.579054
1787076386.746825
1787076386.916815
1787076387.088068
1787076387.260237
1787076387.432543
1787076387.607841
1787076387.782470
1787076387.960509
1787076388.133320
1787076388.307619
1787076388.479346
1787076388.652570
1787076388.830495
1787076389.000797
1787076389.167958
1787076389.339813
1787076389.514158
1787076389.681479
1787076389.854334
1787076390.028913
1787076390.202168
1787076390.374543
1787076390.541306
1787076390.710614
1787076390.882024
1787076391.056779
1787076391.230043
1787076391.402340
1787076391.573652
1787076391.738785
1787076391.915892
1787076392.082913
1787076392.253703
1787076392.433293
1787076392.607661
1787076392.776702
1787076392.949078
1787076393.125819
1787076393.301635
1787076393.475853
1787076393.653672
1787076393.823274
1787076393.992788
1787076394.166202
1787076394.342190
1787076394.517756
1787076394.697908
1787076394.873345
1787076395.047633
1787076395.222095
1787076395.397879
1787076395.571462
1787076395.747599
1787076395.923037
1787076396.091534
1787076396.267422
1787076396.446056
1787076396.611255
1787076396.794680
1787076396.961836
1787076397.131634
1787076397.300684
1787076397.476887
1787076397.654263
1787076397.830784
1787076398.007951
1787076398.185462
1787076398.355318
1787076398.528546
1787076398.708998
1787076398.879323
1787076399.050141
1787076399.220748
1787076399.388499
1787076399.565397
1787076399.742552
1787076399.912083
1787076400.090386
1787076400.269998
1787076400.450054
1787076400.623739
1787076400.800807
1787076400.979013
1787076401.152134
1787076401.323101
1787076401.502424
1787076401.677778
1787076401.847985
1787076402.025140
1787076402.202347
1787076402.374942
1787076402.552947
1787076402.726778
1787076402.901747
1787076403.076889
1787076403.252344
1787076403.426549
1787076403.601088
1787076403.777899
1787076403.961089
1787076404.140232
1787076404.319258
1787076404.496829
1787076404.678939
1787076404.862234
1787076405.038341
1787076405.217965
1787076405.396340
1787076405.576495
1787076405.752739
1787076405.930115
1787076406.109221
1787076406.287931
1787076406.466804
1787076406.649062
1787076406.820877
1787076406.998371
1787076407.172954
1787076407.349374
1787076407.530285
1787076407.707857
1787076407.886007
1787076408.069200
1787076408.250649
1787076408.429707
1787076408.606332
1787076408.785013
1787076408.963568
1787076409.141171
1787076409.324062
1787076409.502580
1787076409.679906
1787076409.859060
1787076410.038822
1787076410.215653
1787076410.394861
1787076410.567357
1787076410.743262
1787076410.920499
1787076411.097741
1787076411.281519
1787076411.460438
1787076411.640001
1787076411.818952
1787076411.996785
1787076412.177509
1787076412.357592
1787076412.535888
1787076412.713403
1787076412.892258
1787076413.072741
1787076413.254210
1787076413.432282
1787076413.612410
1787076413.789851
1787076413.969767
1787076414.150325
1787076414.328534
1787076414.506411
1787076414.684283
1787076414.861161
1787076415.037105
1787076415.211680
1787076415.390287
1787076415.567806
1787076415.746492
1787076415.924501
1787076416.103927
1787076416.284058
1787076416.462954
1787076416.642166
1787076416.822210
1787076417.002283
1787076417.181783
1787076417.359346
1787076417.537703
1787076417.719159
1787076417.897607
1787076418.076880
1787076418.249055
1787076418.426724
1787076418.604596
1787076418.788003
1787076418.965358
1787076419.136458
1787076419.313516
1787076419.492710
1787076419.671237
1787076419.848799
1787076420.031160
1787076420.205846
1787076420.383364
1787076420.560707
1787076420.734066
1787076420.904388
1787076421.083722
1787076421.261417
1787076421.433660
1787076421.614420
1787076421.792378
1787076421.965471
1787076422.144176
1787076422.324561
1787076422.504708
1787076422.684845
1787076422.863798
1787076423.044995
1787076423.222829
1787076423.405828
1787076423.588464
1787076423.767065
1787076423.945107
1787076424.129987
1787076424.311635
1787076424.493025
1787076424.671063
1787076424.845840
1787076425.023749
1787076425.203284
1787076425.382385
1787076425.563113
1787076425.737281
1787076425.916613
1787076426.098270
1787076426.268904
1787076426.448876
1787076426.630989
1787076426.812800
1787076426.994251
1787076427.174732
1787076427.354844
1787076427.536621
1787076427.719290
1787076427.899225
1787076428.081848
1787076428.255695
1787076428.434875
1787076428.614616
1787076428.794197
1787076428.974569
1787076429.154062
1787076429.332801
1787076429.513135
1787076429.692559
1787076429.871640
1787076430.049868
1787076430.226930
1787076430.406738
1787076430.584161
1787076430.756725
1787076430.930161
1787076431.102289
1787076431.287796
1787076431.458027
1787076431.636422
1787076431.816225
1787076431.993485
1787076432.178106
1787076432.351853
1787076432.530089
1787076432.702840
1787076432.879702
1787076433.058938
1787076433.236092
1787076433.414385
1787076433.593072
1787076433.768873
1787076433.949132
1787076434.129020
1787076434.308894
1787076434.490596
1787076434.660998
1787076434.841760
1787076435.015137
1787076435.195588
1787076435.371686
1787076435.548209
1787076435.725728
1787076435.905145
1787076436.081653
1787076436.261162
1787076436.445033
1787076436.620761
1787076436.794184
1787076436.970765
1787076437.146366
1787076437.318905
1787076437.500224
1787076437.677586
1787076437.857752
1787076438.037094
1787076438.215703
1787076438.395531
1787076438.575901
1787076438.746374
1787076438.924089
1787076439.103740
1787076439.286606
1787076439.470974
1787076439.643974
1787076439.826735
1787076440.006528
1787076440.179285
1787076440.354249
1787076440.532023
1787076440.710809
1787076440.888408
1787076441.066952
1787076441.249349
1787076441.429476
1787076441.615391
1787076441.797816
1787076441.981976
1787076442.158001
1787076442.346865
1787076442.521790
1787076442.698222
1787076442.875672
1787076443.058550
1787076443.240765
1787076443.426480
1787076443.602198
1787076443.777322
1787076443.958763
1787076444.141716
1787076444.315126
1787076444.500030
1787076444.675372
1787076444.856731
1787076445.033519
1787076445.211513
1787076445.393265
1787076445.572729
1787076445.748320
1787076445.936657
1787076446.114816
1787076446.297124
1787076446.483485
