1787079765.628846
1787079765.782561
1787079765.935891
1787079766.090126
1787079766.241955
1787079766.395287
1787079766.550884
1787079766.708675
1787079766.862247
1787079767.016761
1787079767.170467
1787079767.320436
1787079767.471748
1787079767.628492
1787079767.785955
1787079767.937991
1787079768.097633
1787079768.249721
1787079768.407369
1787079768.563522
1787079768.721166
1787079768.878600
1787079769.033683
1787079769.184362
1787079769.332958
1787079769.482394
1787079769.631784
1787079769.780826
1787079769.935971
1787079770.089070
1787079770.241028
1787079770.390883
1787079770.547767
1787079770.703091
1787079770.859116
1787079771.012861
1787079771.170575
1787079771.326072
1787079771.482421
1787079771.637580
1787079771.791996
1787079771.949526
1787079772.106498
1787079772.260981
1787079772.416739
1787079772.569901
1787079772.724055
1787079772.880672
1787079773.037194
1787079773.193151
1787079773.346613
1787079773.499154
1787079773.652354
1787079773.807398
1787079773.957251
1787079774.105497
1787079774.253468
1787079774.407000
1787079774.558993
1787079774.712810
1787079774.864731
1787079775.017987
1787079775.173859
1787079775.319701
1787079775.473412
1787079775.624724
1787079775.770973
1787079775.921419
1787079776.073096
1787079776.223619
1787079776.367413
1787079776.518415
1787079776.671926
1787079776.823410
1787079776.973769
1787079777.123039
1787079777.273160
1787079777.426606
1787079777.586147
1787079777.732605
1787079777.873434
1787079778.024766
1787079778.180143
1787079778.326260
1787079778.471845
1787079778.625041
1787079778.775003
1787079778.925539
1787079779.074109
1787079779.219245
1787079779.372877
1787079779.526037
1787079779.678539
1787079779.825269
1787079779.975746
1787079780.124315
1787079780.274971
1787079780.425937
1787079780.572661
1787079780.723243
1787079780.877819
1787079781.030725
1787079781.181058
1787079781.329030
1787079781.479298
1787079781.634579
1787079781.779784
1787079781.930850
1787079782.077138
1787079782.231163
1787079782.378759
1787079782.527700
1787079782.684015
1787079782.829476
1787079782.981813
1787079783.134060
1787079783.281191
1787079783.433938
1787079783.587649
1787079783.739408
1787079783.887806
1787079784.034982
1787079784.182229
1787079784.333882
1787079784.487674
1787079784.641159
1787079784.789490
1787079784.944436
1787079785.092161
1787079785.245859
1787079785.400923
1787079785.558097
1787079785.709762
1787079785.857144
1787079786.011568
1787079786.160830
1787079786.310176
1787079786.464665
1787079786.617461
1787079786.767617
1787079786.916678
1787079787.066313
1787079787.221445
1787079787.375453
1787079787.523984
1787079787.679485
1787079787.837113
1787079787.992879
1787079788.146998
1787079788.299499
1787079788.456110
1787079788.606188
1787079788.761860
1787079788.919636
1787079789.075894
1787079789.228628
1787079789.380522
1787079789.540048
1787079789.695658
1787079789.855356
1787079790.007862
1787079790.161446
1787079790.315387
1787079790.474533
1787079790.634854
1787079790.789741
1787079790.951646
1787079791.106077
1787079791.268810
1787079791.430201
1787079791.594138
1787079791.754424
1787079791.914854
1787079792.086639
1787079792.240640
1787079792.403092
1787079792.562535
1787079792.725007
1787079792.891448
1787079793.048594
1787079793.204568
1787079793.365316
1787079793.527629
1787079793.691176
1787079793.854695
1787079794.016049
1787079794.185410
1787079794.342107
1787079794.505563
1787079794.667509
1787079794.835950
1787079794.999022
1787079795.163734
1787079795.328519
1787079795.493983
1787079795.658526
1787079795.817556
1787079795.982109
1787079796.140447
1787079796.297931
1787079796.460382
1787079796.625234
1787079796.793183
1787079796.952219
1787079797.117154
1787079797.276478
1787079797.440954
1787079797.598868
1787079797.765128
1787079797.924635
1787079798.091111
1787079798.259517
1787079798.429053
1787079798.593806
1787079798.754639
1787079798.919264
1787079799.085017
1787079799.250486
1787079799.408688
1787079799.577084
1787079799.737546
1787079799.897237
1787079800.064315
1787079800.225909
1787079800.395294
1787079800.555706
1787079800.721746
1787079800.886035
1787079801.054694
1787079801.217005
1787079801.383449
1787079801.543331
1787079801.711498
1787079801.878623
1787079802.045867
1787079802.206471
1787079802.373932
1787079802.540698
1787079802.708215
1787079802.875238
1787079803.042501
1787079803.211613
1787079803.381072
1787079803.547816
1787079803.714529
1787079803.882993
1787079804.054457
1787079804.221152
1787079804.391108
1787079804.558479
1787079804.725504
1787079804.892368
1787079805.060758
1787079805.228219
1787079805.389558
1787079805.559110
1787079805.721541
1787079805.887114
1787079806.054427
1787079806.221617
1787079806.390607
1787079806.561569
1787079806.729056
1787079806.899654
1787079807.069703
1787079807.234827
1787079807.405575
1787079807.580159
1787079807.743094
1787079807.905648
1787079808.071445
1787079808.235014
1787079808.401183
1787079808.568444
1787079808.735880
1787079808.903525
1787079809.073012
1787079809.233422
1787079809.398922
1787079809.564987
1787079809.735646
1787079809.904690
1787079810.065836
1787079810.231504
1787079810.402589
1787079810.571098
1787079810.738873
1787079810.905462
1787079811.074218
1787079811.244615
1787079811.414355
1787079811.580196
1787079811.747724
1787079811.916467
1787079812.080236
1787079812.247540
1787079812.413307
1787079812.580011
1787079812.750157
1787079812.917013
1787079813.086357
1787079813.257541
1787079813.420396
1787079813.590081
1787079813.763276
1787079813.930140
1787079814.099670
1787079814.270018
1787079814.438410
1787079814.602673
1787079814.771731
1787079814.935243
1787079815.105823
1787079815.271554
1787079815.440416
1787079815.608432
1787079815.777090
1787079815.946977
1787079816.117265
1787079816.285669
1787079816.455920
1787079816.616870
1787079816.785906
1787079816.953785
1787079817.123306
1787079817.292575
1787079817.461342
1787079817.634897
1787079817.804541
1787079817.975137
1787079818.146252
1787079818.313495
1787079818.483449
1787079818.646668
1787079818.813947
1787079818.984514
1787079819.154097
1787079819.322464
1787079819.494157
1787079819.663227
1787079819.831990
1787079820.002725
1787079820.173310
1787079820.342238
1787079820.511958
1787079820.681760
1787079820.844514
1787079821.013677
1787079821.182301
1787079821.352364
1787079821.523920
1787079821.693979
1787079821.863648
1787079822.035174
1787079822.206143
1787079822.377772
1787079822.549176
1787079822.713201
1787079822.883580
1787079823.054172
1787079823.222364
1787079823.393545
1787079823.562676
1787079823.730358
1787079823.901371
1787079824.072669
1787079824.244492
1787079824.416389
1787079824.588331
1787079824.759042
1787079824.934056
1787079825.106858
1787079825.278101
1787079825.449855
1787079825.615354
1787079825.782342
1787079825.948529
1787079826.114231
1787079826.284647
1787079826.456022
1787079826.627440
1787079826.800155
1787079826.966151
1787079827.136539
1787079827.310621
1787079827.474706
1787079827.645392
1787079827.817678
1787079827.991750
1787079828.166526
1787079828.339135
1787079828.514484
1787079828.681846
1787079828.854990
1787079829.031546
1787079829.197082
1787079829.367323
1787079829.539220
1787079829.709334
1787079829.874728
1787079830.046593
1787079830.215983
1787079830.388794
1787079830.558916
1787079830.724806
1787079830.896364
1787079831.064630
1787079831.235329
1787079831.398494
1787079831.567028
1787079831.735983
1787079831.907373
1787079832.074448
1787079832.243696
1787079832.412146
1787079832.578465
1787079832.745787
1787079832.913067
1787079833.082541
1787079833.253204
1787079833.425016
1787079833.588609
1787079833.755881
1787079833.928308
1787079834.102281
1787079834.268541
1787079834.435484
1787079834.607819
1787079834.780300
1787079834.953111
1787079835.124335
1787079835.294972
1787079835.470500
1787079835.641767
1787079835.815409
1787079835.986747
1787079836.162653
1787079836.328394
1787079836.503641
1787079836.676277
1787079836.849401
1787079837.020473
1787079837.192144
1787079837.361702
1787079837.526375
1787079837.701748
1787079837.867866
1787079838.039601
1787079838.214651
1787079838.380627
1787079838.554474
1787079838.728055
1787079838.902249
1787079839.075267
1787079839.246384
1787079839.418861
1787079839.591342
1787079839.758702
1787079839.932411
1787079840.104205
1787079840.274585
1787079840.442189
1787079840.611953
1787079840.780078
1787079840.951150
1787079841.121775
1787079841.291559
1787079841.461086
1787079841.631053
1787079841.801888
1787079841.972941
1787079842.145676
1787079842.309672
1787079842.479921
1787079842.650604
1787079842.820033
1787079842.992417
1787079843.167096
1787079843.334027
1787079843.508500
1787079843.679753
1787079843.852804
1787079844.024498
1787079844.194855
1787079844.365494
1787079844.529969
1787079844.699506
1787079844.870335
1787079845.043437
1787079845.219474
1787079845.392799
1787079845.566156
1787079845.737453
1787079845.906735
1787079846.078708
1787079846.255623
1787079846.422399
1787079846.594999
1787079846.765732
1787079846.939182
1787079847.105924
1787079847.277527
1787079847.446176
1787079847.614898
1787079847.781230
1787079847.950443
1787079848.115695
1787079848.285529
1787079848.455539
1787079848.627850
1787079848.793332
1787079848.962965
1787079849.134698
1787079849.305081
1787079849.472578
1787079849.643265
1787079849.812821
1787079849.984010
1787079850.153102
1787079850.324855
1787079850.495705
1787079850.661212
1787079850.830823
1787079851.002657
1787079851.173877
1787079851.344369
1787079851.515674
1787079851.686325
1787079851.857210
1787079852.028274
1787079852.200433
1787079852.369113
1787079852.538887
1787079852.711771
1787079852.886119
1787079853.058579
1787079853.225075
1787079853.399019
1787079853.573524
1787079853.748933
1787079853.924887
1787079854.093506
1787079854.263185
1787079854.438587
1787079854.607892
1787079854.785643
1787079854.958533
1787079855.133654
1787079855.308018
1787079855.481700
1787079855.652976
1787079855.825081
1787079855.997645
1787079856.165443
1787079856.337219
1787079856.510385
1787079856.684095
1787079856.849048
1787079857.021977
1787079857.192570
1787079857.359829
1787079857.534248
1787079857.706602
1787079857.874507
1787079858.054152
1787079858.233691
1787079858.407955
1787079858.582581
1787079858.755056
1787079858.930492
1787079859.103971
1787079859.277167
1787079859.452336
1787079859.622138
1787079859.798461
1787079859.977242
1787079860.146817
1787079860.322159
1787079860.491485
1787079860.667161
1787079860.844395
1787079861.018671
1787079861.192741
1787079861.367393
1787079861.541852
1787079861.720779
1787079861.900393
1787079862.076451
1787079862.247959
1787079862.423244
1787079862.595188
1787079862.768653
1787079862.943854
1787079863.116976
1787079863.288590
1787079863.453261
1787079863.621897
1787079863.791093
1787079863.962097
1787079864.132595
1787079864.304245
1787079864.474952
1787079864.645699
1787079864.809464
1787079864.983745
1787079865.158811
1787079865.333030
1787079865.498571
1787079865.673117
1787079865.847240
1787079866.022284
1787079866.201498
1787079866.370221
1787079866.545487
1787079866.719779
1787079866.894728
1787079867.073063
1787079867.248522
1787079867.427507
1787079867.600268
1787079867.781223
1787079867.950871
1787079868.123121
1787079868.304149
1787079868.477455
1787079868.652947
1787079868.830216
1787079869.009436
1787079869.176705
1787079869.353014
1787079869.527371
1787079869.703781
1787079869.880674
1787079870.055225
1787079870.231562
1787079870.408567
1787079870.576413
1787079870.755079
1787079870.934213
1787079871.105147
1787079871.279614
1787079871.455373
1787079871.627058
1787079871.795816
1787079871.970908
1787079872.144621
1787079872.318983
1787079872.491618
1787079872.659840
1787079872.834137
1787079873.007396
1787079873.178811
1787079873.346138
1787079873.520162
1787079873.697128
1787079873.868240
1787079874.040832
1787079874.214478
1787079874.388921
1787079874.562696
1787079874.737955
1787079874.909337
1787079875.083049
1787079875.253293
1787079875.424495
1787079875.594376
1787079875.766105
1787079875.937576
1787079876.110216
1787079876.281978
1787079876.452122
1787079876.622264
1787079876.787043
1787079876.959395
1787079877.135873
1787079877.308117
1787079877.479590
1787079877.653057
1787079877.819841
1787079877.992448
1787079878.163297
1787079878.333621
1787079878.503074
1787079878.669721
1787079878.835484
1787079879.002332
1787079879.169298
1787079879.343377
1787079879.513718
1787079879.678543
1787079879.848876
1787079880.019046
1787079880.194359
1787079880.367290
1787079880.538642
1787079880.710538
1787079880.882143
1787079881.052856
1787079881.232188
1787079881.398180
1787079881.569580
1787079881.741684
1787079881.913834
1787079882.086857
1787079882.260035
1787079882.436135
1787079882.603751
1787079882.777977
1787079882.954253
1787079883.130143
1787079883.303284
1787079883.481703
1787079883.652165
1787079883.827068
1787079884.001144
1787079884.177108
1787079884.350321
1787079884.524137
1787079884.695580
1787079884.871329
1787079885.046490
1787079885.223834
1787079885.397854
1787079885.572279
1787079885.748753
1787079885.923677
1787079886.098184
1787079886.278665
1787079886.446769
1787079886.623426
1787079886.796616
1787079886.974051
1787079887.149630
1787079887.324856
1787079887.497308
1787079887.674351
1787079887.846766
1787079888.024021
1787079888.203636
1787079888.381070
1787079888.555908
1787079888.731050
1787079888.906235
1787079889.078793
1787079889.256406
1787079889.432846
1787079889.609705
1787079889.785536
1787079889.958584
1787079890.127405
1787079890.292873
1787079890.461683
1787079890.628814
1787079890.808115
1787079890.978451
1787079891.146459
1787079891.315095
1787079891.485785
1787079891.654949
1787079891.828480
1787079892.004030
1787079892.190544
1787079892.364756
1787079892.542157
1787079892.712942
1787079892.889083
1787079893.065804
1787079893.242287
1787079893.418948
1787079893.595121
1787079893.771095
1787079893.945297
1787079894.120530
1787079894.294991
1787079894.468827
1787079894.645812
1787079894.821861
1787079894.995176
1787079895.169961
1787079895.348068
1787079895.523376
1787079895.701234
1787079895.879550
1787079896.056953
1787079896.235984
1787079896.413822
1787079896.591457
1787079896.765921
1787079896.944243
1787079897.119587
1787079897.298819
1787079897.477668
1787079897.657413
1787079897.845118
1787079898.016198
1787079898.196518
1787079898.379603
1787079898.559482
1787079898.736665
1787079898.912579
1787079899.086989
1787079899.265371
1787079899.432108
1787079899.603233
1787079899.777613
1787079899.948606
1787079900.114165
1787079900.288350
1787079900.462153
1787079900.633812
1787079900.805147
1787079900.971334
1787079901.143584
1787079901.308686
1787079901.480172
1787079901.651766
1787079901.816536
1787079901.987370
1787079902.158063
1787079902.329088
1787079902.505731
1787079902.680318
1787079902.852035
1787079903.024432
1787079903.196117
1787079903.366768
1787079903.538043
1787079903.709562
1787079903.882652
1787079904.056615
1787079904.223492
1787079904.399620
1787079904.572283
1787079904.744575
1787079904.916929
1787079905.089349
1787079905.261176
1787079905.431662
1787079905.603911
1787079905.775229
1787079905.945107
1787079906.116585
1787079906.289840
1787079906.460880
1787079906.633835
1787079906.797848
1787079906.969406
1787079907.133443
1787079907.305150
1787079907.479524
1787079907.647814
1787079907.820058
1787079907.997471
1787079908.168357
1787079908.339900
1787079908.506675
1787079908.677758
1787079908.841137
1787079909.011299
1787079909.182042
1787079909.347792
1787079909.518352
1787079909.690524
1787079909.860624
1787079910.032831
1787079910.203257
1787079910.368175
1787079910.540800
1787079910.714215
1787079910.883349
1787079911.055547
1787079911.224105
1787079911.393464
1787079911.566252
1787079911.735575
1787079911.903326
1787079912.081095
1787079912.248480
1787079912.412660
1787079912.585664
1787079912.756044
1787079912.925859
1787079913.093797
1787079913.265212
1787079913.436696
1787079913.603498
1787079913.772397
1787079913.938364
1787079914.113402
1787079914.285730
1787079914.461312
1787079914.637277
1787079914.810226
1787079914.983598
1787079915.158445
1787079915.329707
1787079915.499765
1787079915.674108
1787079915.848677
1787079916.021332
1787079916.196578
1787079916.370664
1787079916.543730
1787079916.716087
1787079916.886559
1787079917.062522
1787079917.238480
1787079917.412638
1787079917.588309
1787079917.757818
1787079917.932646
1787079918.102433
1787079918.278492
1787079918.454274
1787079918.623945
1787079918.798779
1787079918.973726
1787079919.147763
1787079919.319074
1787079919.496837
1787079919.672583
1787079919.846578
1787079920.020190
1787079920.186440
1787079920.357518
1787079920.533285
1787079920.700685
1787079920.876155
1787079921.052941
1787079921.225513
1787079921.396641
1787079921.568621
1787079921.743644
1787079921.915368
1787079922.092811
1787079922.263198
1787079922.429960
1787079922.604548
1787079922.771552
1787079922.946162
1787079923.125080
1787079923.300678
1787079923.472852
1787079923.648107
1787079923.818882
1787079923.992951
1787079924.166584
1787079924.339098
1787079924.512853
1787079924.688959
1787079924.858583
1787079925.031288
1787079925.201882
1787079925.375060
1787079925.545553
1787079925.717377
1787079925.882644
1787079926.055153
1787079926.226434
1787079926.395281
1787079926.567421
1787079926.739589
1787079926.911007
1787079927.086359
1787079927.257845
1787079927.430674
1787079927.603313
1787079927.769059
1787079927.941015
1787079928.113449
1787079928.284215
1787079928.456695
1787079928.627153
1787079928.796801
1787079928.967200
1787079929.140473
1787079929.306413
1787079929.478057
1787079929.653614
1787079929.826495
1787079929.993121
1787079930.163813
1787079930.336025
1787079930.506282
1787079930.678136
1787079930.850412
1787079931.022207
1787079931.196822
1787079931.362638
1787079931.535034
1787079931.706230
1787079931.876733
1787079932.049268
1787079932.222228
1787079932.393765
1787079932.565365
1787079932.739465
1787079932.911396
1787079933.083743
1787079933.256006
1787079933.427548
1787079933.599137
1787079933.765980
1787079933.936748
1787079934.109152
1787079934.280694
1787079934.455031
1787079934.622068
1787079934.795372
1787079934.968084
1787079935.140204
1787079935.315356
1787079935.485247
1787079935.654086
1787079935.821048
1787079935.988402
1787079936.163154
1787079936.334532
1787079936.505984
1787079936.679647
1787079936.854170
1787079937.028362
1787079937.205038
1787079937.374080
1787079937.549965
1787079937.726521
1787079937.903500
1787079938.072593
1787079938.241148
1787079938.417441
1787079938.594568
1787079938.771195
1787079938.943624
1787079939.118993
1787079939.295615
1787079939.473078
1787079939.646517
1787079939.824180
1787079939.991817
1787079940.171271
1787079940.343359
1787079940.515442
1787079940.689974
1787079940.855907
1787079941.029963
1787079941.202518
1787079941.375134
1787079941.545522
1787079941.717690
1787079941.889525
1787079942.060074
1787079942.232265
1787079942.403046
1787079942.575206
1787079942.745579
1787079942.915462
1787079943.087069
1787079943.262846
1787079943.432017
1787079943.603565
1787079943.776764
1787079943.950746
1787079944.122757
1787079944.295114
1787079944.465333
1787079944.634587
1787079944.804443
1787079944.975760
1787079945.147568
1787079945.326362
1787079945.498409
1787079945.671813
1787079945.844584
1787079946.014756
1787079946.186837
1787079946.358109
1787079946.527843
1787079946.698262
1787079946.867882
1787079947.038360
1787079947.210386
1787079947.384182
1787079947.555259
1787079947.724614
1787079947.893830
1787079948.067767
1787079948.231607
1787079948.403639
1787079948.574538
1787079948.745700
1787079948.917427
1787079949.089040
1787079949.258860
1787079949.429773
1787079949.601715
1787079949.771093
1787079949.942949
1787079950.114560
1787079950.285983
1787079950.455420
1787079950.627177
1787079950.802021
1787079950.968801
1787079951.135266
1787079951.307219
1787079951.476202
1787079951.647540
1787079951.818805
1787079951.990800
1787079952.162072
1787079952.333136
1787079952.505436
1787079952.678470
1787079952.851241
1787079953.023182
1787079953.196899
1787079953.370937
1787079953.543779
1787079953.715670
1787079953.888680
1787079954.059502
1787079954.227742
1787079954.400256
1787079954.573214
1787079954.744519
1787079954.916623
1787079955.089335
1787079955.259963
1787079955.433781
1787079955.606591
1787079955.778908
1787079955.948919
1787079956.120906
1787079956.297153
1787079956.465213
1787079956.631541
1787079956.805804
1787079956.979132
1787079957.149443
1787079957.324505
1787079957.496903
1787079957.669409
1787079957.843021
1787079958.009458
1787079958.181410
1787079958.345662
1787079958.517620
1787079958.691462
1787079958.858320
1787079959.032580
1787079959.200496
1787079959.372188
1787079959.546021
1787079959.718822
1787079959.893784
1787079960.062344
1787079960.230074
1787079960.402651
1787079960.573950
1787079960.747328
1787079960.921093
1787079961.095026
1787079961.268730
1787079961.441677
1787079961.615663
1787079961.788789
1787079961.961200
1787079962.134754
1787079962.303372
1787079962.476240
1787079962.649674
1787079962.821612
1787079962.994964
1787079963.168261
1787079963.341713
1787079963.514811
1787079963.687934
1787079963.861619
1787079964.035940
1787079964.205115
1787079964.378148
1787079964.553539
1787079964.732673
1787079964.907436
1787079965.081188
1787079965.256884
1787079965.429937
1787079965.606015
1787079965.780655
1787079965.956635
1787079966.131131
1787079966.306285
1787079966.483759
1787079966.662233
1787079966.836648
1787079967.011452
1787079967.186614
1787079967.363802
1787079967.532802
1787079967.706221
1787079967.880151
1787079968.056076
1787079968.231573
1787079968.399992
1787079968.567531
1787079968.743292
1787079968.914354
1787079969.088331
1787079969.263626
1787079969.440548
1787079969.611212
1787079969.781146
1787079969.957238
1787079970.131951
1787079970.308737
1787079970.485698
1787079970.664195
1787079970.833858
1787079971.008168
1787079971.181748
1787079971.355427
1787079971.529606
1787079971.704465
1787079971.877307
1787079972.053828
1787079972.238102
1787079972.407094
1787079972.580165
1787079972.753856
1787079972.925308
1787079973.101736
1787079973.274892
1787079973.443458
1787079973.618011
1787079973.794426
1787079973.970084
1787079974.144770
1787079974.322373
1787079974.498305
1787079974.670826
1787079974.849103
1787079975.027604
1787079975.206248
1787079975.382346
1787079975.558206
1787079975.733034
1787079975.911209
1787079976.086583
1787079976.260955
1787079976.439349
1787079976.609192
1787079976.780434
1787079976.950218
1787079977.121048
1787079977.297439
1787079977.474267
1787079977.649291
1787079977.825615
1787079978.002150
1787079978.181717
1787079978.362302
1787079978.538934
1787079978.716326
1787079978.890250
1787079979.065343
1787079979.242968
1787079979.414160
1787079979.591924
1787079979.764223
1787079979.938255
1787079980.117254
1787079980.287795
1787079980.461984
1787079980.639883
1787079980.816175
1787079980.992829
1787079981.169608
1787079981.346601
1787079981.526678
1787079981.698357
1787079981.873143
1787079982.051458
1787079982.228940
1787079982.406584
1787079982.583914
1787079982.760521
1787079982.937958
1787079983.113908
1787079983.284581
1787079983.458863
1787079983.635337
1787079983.812441
1787079983.988040
1787079984.165789
1787079984.335024
1787079984.508325
1787079984.683807
1787079984.858495
1787079985.034610
1787079985.210308
1787079985.385830
1787079985.557419
1787079985.733386
1787079985.911321
1787079986.091325
1787079986.261911
1787079986.430352
1787079986.608700
1787079986.784536
1787079986.954771
1787079987.122517
1787079987.290091
1787079987.460687
1787079987.636263
1787079987.815562
1787079987.991469
1787079988.159791
1787079988.336830
1787079988.509109
1787079988.683580
1787079988.861730
1787079989.038017
1787079989.207967
1787079989.384396
1787079989.554482
1787079989.733541
1787079989.907142
1787079990.081960
1787079990.258801
1787079990.426576
1787079990.596289
1787079990.771963
1787079990.948270
1787079991.126780
1787079991.302192
1787079991.479623
1787079991.648326
1787079991.824936
1787079992.000219
1787079992.177895
1787079992.358526
1787079992.527551
1787079992.698986
1787079992.877326
1787079993.052559
1787079993.227737
1787079993.403825
1787079993.579725
1787079993.754039
1787079993.930020
1787079994.099318
1787079994.275844
1787079994.451954
1787079994.628280
1787079994.798755
1787079994.969813
1787079995.144946
1787079995.320081
1787079995.494484
1787079995.663260
1787079995.840454
1787079996.015370
1787079996.190057
1787079996.365475
1787079996.536217
1787079996.712636
1787079996.886607
1787079997.066645
1787079997.234776
1787079997.410625
1787079997.588454
1787079997.763949
1787079997.940643
1787079998.118485
1787079998.296521
1787079998.463368
1787079998.638743
1787079998.821413
1787079998.989203
1787079999.167520
1787079999.345670
1787079999.515778
1787079999.685686
1787079999.861264
1787080000.037814
1787080000.216623
1787080000.387462
1787080000.561486
1787080000.738548
1787080000.915448
1787080001.091152
1787080001.266604
1787080001.443817
1787080001.616455
1787080001.786155
1787080001.961923
1787080002.136703
1787080002.311753
1787080002.485738
1787080002.658468
1787080002.833373
1787080003.009215
1787080003.184806
1787080003.360407
1787080003.534151
1787080003.707142
1787080003.882155
1787080004.050045
1787080004.225316
1787080004.396843
1787080004.574473
1787080004.750212
1787080004.928720
1787080005.107029
1787080005.277868
1787080005.452072
1787080005.627229
1787080005.802903
1787080005.979544
1787080006.155406
1787080006.330034
1787080006.505659
1787080006.677646
1787080006.853809
1787080007.028529
1787080007.204221
1787080007.377415
1787080007.551111
1787080007.723907
1787080007.898721
1787080008.074164
1787080008.249357
1787080008.425213
1787080008.596544
1787080008.771488
1787080008.946736
1787080009.120836
1787080009.293823
1787080009.468015
1787080009.643284
1787080009.817275
1787080009.992599
1787080010.171974
1787080010.341272
1787080010.517886
1787080010.693015
1787080010.868961
1787080011.046295
1787080011.229636
1787080011.404872
1787080011.581809
1787080011.757026
1787080011.929780
1787080012.097723
1787080012.273408
1787080012.447946
1787080012.622836
1787080012.797254
1787080012.971921
1787080013.147116
1787080013.317905
1787080013.488990
1787080013.662988
1787080013.836311
1787080014.008473
1787080014.183755
1787080014.357667
1787080014.532418
1787080014.708059
1787080014.883756
1787080015.060062
1787080015.237229
1787080015.410659
1787080015.588365
1787080015.765777
1787080015.942725
1787080016.116681
1787080016.292958
1787080016.468175
1787080016.642279
1787080016.810410
1787080016.984034
1787080017.157445
1787080017.327116
1787080017.501431
1787080017.676749
1787080017.851724
1787080018.022872
1787080018.198330
1787080018.373042
1787080018.545648
1787080018.718693
1787080018.892171
1787080019.060880
1787080019.234554
1787080019.407815
1787080019.585145
1787080019.755346
1787080019.927892
1787080020.101551
1787080020.266973
1787080020.439009
1787080020.613014
1787080020.780337
1787080020.953791
1787080021.127905
1787080021.300622
1787080021.471982
1787080021.644421
1787080021.816256
1787080021.988070
1787080022.153993
1787080022.326539
1787080022.495563
1787080022.662882
1787080022.829068
1787080023.000804
1787080023.172859
1787080023.347578
1787080023.520279
1787080023.702517
1787080023.874877
1787080024.055145
1787080024.224654
1787080024.392069
1787080024.563150
1787080024.739253
1787080024.911393
1787080025.083452
1787080025.253980
1787080025.426200
1787080025.600707
1787080025.772253
1787080025.943436
1787080026.115752
1787080026.288599
1787080026.462737
1787080026.636002
1787080026.808233
1787080026.981860
1787080027.154287
1787080027.328494
1787080027.503020
1787080027.679070
1787080027.854198
1787080028.029427
1787080028.204000
1787080028.375209
1787080028.548812
1787080028.724085
1787080028.899552
1787080029.069776
1787080029.239896
1787080029.414908
1787080029.586214
1787080029.759043
1787080029.929312
1787080030.103915
1787080030.275428
1787080030.446949
1787080030.622355
1787080030.790917
1787080030.963954
1787080031.132794
1787080031.301580
1787080031.472716
1787080031.643488
1787080031.807681
1787080031.978360
1787080032.152503
1787080032.316058
1787080032.487050
1787080032.662004
1787080032.836618
1787080033.007159
1787080033.180027
1787080033.349894
1787080033.526099
1787080033.698172
1787080033.870546
1787080034.040876
1787080034.206127
1787080034.377027
1787080034.550702
1787080034.725153
1787080034.897435
1787080035.069326
1787080035.238144
1787080035.409178
1787080035.581601
1787080035.754051
1787080035.926743
1787080036.099627
1787080036.270590
1787080036.442149
1787080036.613956
1787080036.784281
1787080036.954752
1787080037.126630
1787080037.299313
1787080037.472633
