1787079490.404717
1787079490.558161
1787079490.710275
1787079490.862900
1787079491.018145
1787079491.167259
1787079491.316068
1787079491.470634
1787079491.625758
1787079491.781124
1787079491.939682
1787079492.098903
1787079492.250444
1787079492.408119
1787079492.563637
1787079492.720220
1787079492.876813
1787079493.027369
1787079493.190708
1787079493.342373
1787079493.504532
1787079493.660375
1787079493.821065
1787079493.971958
1787079494.129493
1787079494.291599
1787079494.446988
1787079494.600362
1787079494.751716
1787079494.907634
1787079495.063111
1787079495.210965
1787079495.359232
1787079495.510408
1787079495.658856
1787079495.811187
1787079495.963582
1787079496.123743
1787079496.280285
1787079496.432795
1787079496.593218
1787079496.749186
1787079496.905604
1787079497.062672
1787079497.216606
1787079497.369326
1787079497.524892
1787079497.681682
1787079497.830134
1787079497.985675
1787079498.141888
1787079498.291324
1787079498.445464
1787079498.597568
1787079498.751888
1787079498.907747
1787079499.058688
1787079499.208389
1787079499.354181
1787079499.505419
1787079499.650956
1787079499.800797
1787079499.952872
1787079500.105182
1787079500.249898
1787079500.400322
1787079500.551950
1787079500.701401
1787079500.849572
1787079501.000183
1787079501.142472
1787079501.293231
1787079501.446213
1787079501.596700
1787079501.749262
1787079501.900001
1787079502.051442
1787079502.202397
1787079502.347061
1787079502.496587
1787079502.648602
1787079502.801539
1787079502.951619
1787079503.102892
1787079503.247282
1787079503.399421
1787079503.550387
1787079503.701545
1787079503.851867
1787079504.002641
1787079504.156980
1787079504.308065
1787079504.459488
1787079504.605986
1787079504.758519
1787079504.910590
1787079505.060300
1787079505.212198
1787079505.364041
1787079505.514593
1787079505.667387
1787079505.817617
1787079505.968392
1787079506.115670
1787079506.259376
1787079506.411427
1787079506.563408
1787079506.714655
1787079506.869836
1787079507.016648
1787079507.163170
1787079507.309129
1787079507.454014
1787079507.602406
1787079507.754012
1787079507.910327
1787079508.062540
1787079508.212782
1787079508.365667
1787079508.519011
1787079508.673651
1787079508.826885
1787079508.977948
1787079509.131860
1787079509.293339
1787079509.444937
1787079509.594737
1787079509.748146
1787079509.901820
1787079510.057113
1787079510.210658
1787079510.363850
1787079510.517036
1787079510.671406
1787079510.824142
1787079510.976502
1787079511.129069
1787079511.284612
1787079511.439465
1787079511.595240
1787079511.752859
1787079511.903980
1787079512.054488
1787079512.204446
1787079512.359241
1787079512.515252
1787079512.672723
1787079512.831725
1787079512.983606
1787079513.139071
1787079513.295503
1787079513.457250
1787079513.606861
1787079513.763442
1787079513.919587
1787079514.080328
1787079514.238468
1787079514.395349
1787079514.556978
1787079514.709734
1787079514.870376
1787079515.028577
1787079515.188691
1787079515.349202
1787079515.507664
1787079515.666609
1787079515.824829
1787079515.984564
1787079516.146766
1787079516.301359
1787079516.465489
1787079516.619552
1787079516.772697
1787079516.925874
1787079517.080460
1787079517.244445
1787079517.409951
1787079517.572803
1787079517.736211
1787079517.900156
1787079518.063217
1787079518.225487
1787079518.388513
1787079518.551433
1787079518.713944
1787079518.877680
1787079519.039469
1787079519.200632
1787079519.364238
1787079519.526137
1787079519.683582
1787079519.841200
1787079520.002206
1787079520.166135
1787079520.329914
1787079520.494223
1787079520.658830
1787079520.823845
1787079520.989169
1787079521.154116
1787079521.319410
1787079521.483193
1787079521.649594
1787079521.815482
1787079521.982178
1787079522.151342
1787079522.314017
1787079522.481658
1787079522.648751
1787079522.808397
1787079522.976700
1787079523.136956
1787079523.297283
1787079523.462903
1787079523.629363
1787079523.794423
1787079523.961877
1787079524.128322
1787079524.297486
1787079524.463630
1787079524.629897
1787079524.794096
1787079524.959099
1787079525.124466
1787079525.292251
1787079525.460611
1787079525.628114
1787079525.799986
1787079525.966563
1787079526.132200
1787079526.305989
1787079526.473734
1787079526.642751
1787079526.803842
1787079526.971062
1787079527.136533
1787079527.304578
1787079527.470874
1787079527.636691
1787079527.805519
1787079527.972807
1787079528.139056
1787079528.305694
1787079528.475168
1787079528.637818
1787079528.802284
1787079528.969248
1787079529.138587
1787079529.304971
1787079529.472661
1787079529.641625
1787079529.804512
1787079529.966125
1787079530.135197
1787079530.301668
1787079530.468052
1787079530.635980
1787079530.804893
1787079530.972382
1787079531.136435
1787079531.302322
1787079531.469878
1787079531.631225
1787079531.797436
1787079531.965840
1787079532.131407
1787079532.293272
1787079532.457949
1787079532.626710
1787079532.792075
1787079532.957416
1787079533.121620
1787079533.283312
1787079533.452268
1787079533.624313
1787079533.792170
1787079533.960542
1787079534.120590
1787079534.285265
1787079534.451139
1787079534.621274
1787079534.784118
1787079534.951699
1787079535.121169
1787079535.289923
1787079535.459701
1787079535.631571
1787079535.794452
1787079535.963723
1787079536.133046
1787079536.304528
1787079536.470448
1787079536.641947
1787079536.811748
1787079536.982705
1787079537.153797
1787079537.324261
1787079537.488979
1787079537.649776
1787079537.819155
1787079537.986920
1787079538.159038
1787079538.329354
1787079538.500340
1787079538.671675
1787079538.843033
1787079539.014167
1787079539.184813
1787079539.358799
1787079539.528978
1787079539.701245
1787079539.876559
1787079540.052966
1787079540.217697
1787079540.387178
1787079540.556683
1787079540.729408
1787079540.899163
1787079541.068548
1787079541.238319
1787079541.405931
1787079541.575825
1787079541.746129
1787079541.917945
1787079542.082492
1787079542.254137
1787079542.428860
1787079542.598809
1787079542.768278
1787079542.939998
1787079543.111133
1787079543.283335
1787079543.449210
1787079543.620898
1787079543.795165
1787079543.967403
1787079544.135524
1787079544.305979
1787079544.480867
1787079544.652106
1787079544.824726
1787079544.990978
1787079545.162520
1787079545.332758
1787079545.496655
1787079545.667078
1787079545.838428
1787079546.007942
1787079546.178552
1787079546.350601
1787079546.515923
1787079546.688282
1787079546.852850
1787079547.025347
1787079547.191395
1787079547.364229
1787079547.535777
1787079547.706525
1787079547.878397
1787079548.050832
1787079548.225711
1787079548.399468
1787079548.571804
1787079548.744138
1787079548.916378
1787079549.089490
1787079549.264556
1787079549.438332
1787079549.612670
1787079549.786990
1787079549.953782
1787079550.125858
1787079550.299676
1787079550.471797
1787079550.643804
1787079550.814474
1787079550.987194
1787079551.159422
1787079551.327830
1787079551.500627
1787079551.669960
1787079551.844950
1787079552.013493
1787079552.190425
1787079552.359879
1787079552.529393
1787079552.701496
1787079552.871907
1787079553.044318
1787079553.217737
1787079553.387666
1787079553.559467
1787079553.723386
1787079553.892760
1787079554.058496
1787079554.228218
1787079554.399281
1787079554.569660
1787079554.743057
1787079554.907640
1787079555.076251
1787079555.245960
1787079555.416349
1787079555.581443
1787079555.753099
1787079555.922117
1787079556.087981
1787079556.257262
1787079556.430730
1787079556.604589
1787079556.776261
1787079556.945658
1787079557.116101
1787079557.288901
1787079557.460561
1787079557.625312
1787079557.796565
1787079557.961520
1787079558.130400
1787079558.300468
1787079558.477206
1787079558.649638
1787079558.822946
1787079558.995430
1787079559.164013
1787079559.330626
1787079559.503716
1787079559.675669
1787079559.849279
1787079560.022205
1787079560.192760
1787079560.364223
1787079560.527889
1787079560.697338
1787079560.869891
1787079561.039927
1787079561.210473
1787079561.380797
1787079561.551929
1787079561.723401
1787079561.893171
1787079562.063534
1787079562.233604
1787079562.398213
1787079562.562519
1787079562.732227
1787079562.897485
1787079563.067399
1787079563.237326
1787079563.407759
1787079563.576924
1787079563.741312
1787079563.911744
1787079564.080297
1787079564.249988
1787079564.421616
1787079564.590636
1787079564.760928
1787079564.931304
1787079565.100212
1787079565.271984
1787079565.440786
1787079565.611273
1787079565.774593
1787079565.943099
1787079566.113913
1787079566.286064
1787079566.450299
1787079566.618651
1787079566.788014
1787079566.960080
1787079567.124112
1787079567.293622
1787079567.459182
1787079567.629050
1787079567.799202
1787079567.970070
1787079568.139808
1787079568.309843
1787079568.484528
1787079568.654091
1787079568.823272
1787079568.992044
1787079569.160886
1787079569.330398
1787079569.500914
1787079569.672873
1787079569.837120
1787079570.007910
1787079570.177801
1787079570.348604
1787079570.519022
1787079570.688784
1787079570.859532
1787079571.026250
1787079571.196369
1787079571.366317
1787079571.536819
1787079571.706169
1787079571.871685
1787079572.045650
1787079572.212192
1787079572.380370
1787079572.550579
1787079572.723151
1787079572.894073
1787079573.064712
1787079573.234961
1787079573.399912
1787079573.571701
1787079573.743194
1787079573.914597
1787079574.085203
1787079574.255934
1787079574.426277
1787079574.599487
1787079574.769249
1787079574.933446
1787079575.104077
1787079575.273913
1787079575.438695
1787079575.610424
1787079575.779640
1787079575.949219
1787079576.120872
1787079576.291273
1787079576.464297
1787079576.627785
1787079576.801582
1787079576.970285
1787079577.138922
1787079577.305670
1787079577.473413
1787079577.640951
1787079577.809010
1787079577.978554
1787079578.145126
1787079578.313476
1787079578.480944
1787079578.651177
1787079578.824271
1787079578.987189
1787079579.159659
1787079579.332682
1787079579.507553
1787079579.672904
1787079579.832813
1787079580.004976
1787079580.174751
1787079580.338966
1787079580.506243
1787079580.675169
1787079580.844357
1787079581.012466
1787079581.177582
1787079581.347729
1787079581.517347
1787079581.688360
1787079581.859504
1787079582.029210
1787079582.197459
1787079582.368815
1787079582.538042
1787079582.708688
1787079582.879166
1787079583.048615
1787079583.216627
1787079583.386990
1787079583.557687
1787079583.720625
1787079583.891017
1787079584.061672
1787079584.227711
1787079584.393123
1787079584.567471
1787079584.740511
1787079584.914526
1787079585.075142
1787079585.250398
1787079585.424294
1787079585.599178
1787079585.774090
1787079585.950455
1787079586.124869
1787079586.302196
1787079586.478683
1787079586.643781
1787079586.816118
1787079586.995958
1787079587.171663
1787079587.345121
1787079587.510555
1787079587.683575
1787079587.856389
1787079588.028327
1787079588.194771
1787079588.371942
1787079588.544370
1787079588.717901
1787079588.895138
1787079589.069493
1787079589.242018
1787079589.414244
1787079589.586410
1787079589.759481
1787079589.931334
1787079590.102348
1787079590.272997
1787079590.444339
1787079590.617840
1787079590.782967
1787079590.953944
1787079591.124943
1787079591.293579
1787079591.463761
1787079591.635392
1787079591.808051
1787079591.975345
1787079592.149215
1787079592.313147
1787079592.478956
1787079592.650381
1787079592.819374
1787079592.990001
1787079593.158235
1787079593.327260
1787079593.495503
1787079593.665714
1787079593.834220
1787079594.002483
1787079594.172384
1787079594.340640
1787079594.511514
1787079594.677948
1787079594.845301
1787079595.013731
1787079595.181097
1787079595.348423
1787079595.516914
1787079595.687434
1787079595.856853
1787079596.022347
1787079596.191124
1787079596.353796
1787079596.524487
1787079596.687170
1787079596.856682
1787079597.023283
1787079597.190621
1787079597.357639
1787079597.528237
1787079597.695585
1787079597.861974
1787079598.031171
1787079598.198058
1787079598.366474
1787079598.533690
1787079598.702371
1787079598.868669
1787079599.038090
1787079599.207385
1787079599.376664
1787079599.544889
1787079599.711387
1787079599.879868
1787079600.047166
1787079600.208357
1787079600.374549
1787079600.543416
1787079600.710463
1787079600.879174
1787079601.047409
1787079601.218037
1787079601.390815
1787079601.563102
1787079601.733160
1787079601.902880
1787079602.071787
1787079602.241153
1787079602.414673
1787079602.591347
1787079602.760676
1787079602.932543
1787079603.104826
1787079603.277418
1787079603.449398
1787079603.621471
1787079603.796100
1787079603.969967
1787079604.143832
1787079604.315021
1787079604.486900
1787079604.659666
1787079604.827678
1787079605.003802
1787079605.175449
1787079605.353527
1787079605.522250
1787079605.702395
1787079605.870305
1787079606.043243
1787079606.219642
1787079606.395961
1787079606.573977
1787079606.743377
1787079606.924500
1787079607.104259
1787079607.281589
1787079607.457578
1787079607.635682
1787079607.811695
1787079607.989747
1787079608.162441
1787079608.333402
1787079608.512391
1787079608.689032
1787079608.859332
1787079609.035485
1787079609.210858
1787079609.381103
1787079609.558229
1787079609.735079
1787079609.910783
1787079610.088337
1787079610.262880
1787079610.434357
1787079610.611006
1787079610.786046
1787079610.962162
1787079611.139132
1787079611.315130
1787079611.489617
1787079611.664639
1787079611.838275
1787079612.015012
1787079612.195469
1787079612.373230
1787079612.542550
1787079612.718370
1787079612.897264
1787079613.074091
1787079613.249639
1787079613.422035
1787079613.597450
1787079613.772983
1787079613.948229
1787079614.118659
1787079614.292061
1787079614.466998
1787079614.634198
1787079614.809454
1787079614.982631
1787079615.157104
1787079615.330877
1787079615.501629
1787079615.673810
1787079615.848175
1787079616.023002
1787079616.199524
1787079616.367896
1787079616.542402
1787079616.719782
1787079616.892473
1787079617.063179
1787079617.231574
1787079617.406040
1787079617.572436
1787079617.745074
1787079617.919477
1787079618.089273
1787079618.260581
1787079618.432195
1787079618.603041
1787079618.773062
1787079618.944508
1787079619.119561
1787079619.291045
1787079619.461868
1787079619.632010
1787079619.802410
1787079619.974925
1787079620.140973
1787079620.313050
1787079620.480376
1787079620.651485
1787079620.824326
1787079620.995759
1787079621.163375
1787079621.335300
1787079621.507083
1787079621.682730
1787079621.858136
1787079622.024354
1787079622.195178
1787079622.366454
1787079622.539290
1787079622.708852
1787079622.879513
1787079623.050156
1787079623.222836
1787079623.386606
1787079623.556267
1787079623.728601
1787079623.894463
1787079624.065290
1787079624.235610
1787079624.407089
1787079624.580720
1787079624.752367
1787079624.923109
1787079625.089165
1787079625.257887
1787079625.422267
1787079625.591756
1787079625.759096
1787079625.930068
1787079626.100413
1787079626.274796
1787079626.439322
1787079626.609782
1787079626.781858
1787079626.951156
1787079627.120911
1787079627.300331
1787079627.473449
1787079627.648412
1787079627.821347
1787079627.992540
1787079628.159898
1787079628.332272
1787079628.507175
1787079628.679867
1787079628.852134
1787079629.025025
1787079629.198959
1787079629.372515
1787079629.548979
1787079629.722719
1787079629.896806
1787079630.067142
1787079630.236695
1787079630.413057
1787079630.583819
1787079630.758178
1787079630.925397
1787079631.096998
1787079631.269301
1787079631.441870
1787079631.611244
1787079631.781356
1787079631.953531
1787079632.123634
1787079632.295519
1787079632.466902
1787079632.636595
1787079632.809160
1787079632.980268
1787079633.150484
1787079633.320175
1787079633.490365
1787079633.662003
1787079633.830467
1787079634.001591
1787079634.172455
1787079634.340307
1787079634.511336
1787079634.682786
1787079634.851856
1787079635.022614
1787079635.192927
1787079635.364574
1787079635.540225
1787079635.707248
1787079635.873143
1787079636.044794
1787079636.216607
1787079636.387702
1787079636.559484
1787079636.733245
1787079636.900303
1787079637.068774
1787079637.243522
1787079637.412848
1787079637.578839
1787079637.748704
1787079637.917555
1787079638.094339
1787079638.264435
1787079638.435804
1787079638.607255
1787079638.778141
1787079638.943167
1787079639.113831
1787079639.283922
1787079639.453609
1787079639.622144
1787079639.792169
1787079639.962420
1787079640.131184
1787079640.301007
1787079640.470968
1787079640.640949
1787079640.806642
1787079640.975502
1787079641.144462
1787079641.314679
1787079641.485685
1787079641.653726
1787079641.824212
1787079641.992139
1787079642.163604
1787079642.333789
1787079642.501992
1787079642.664383
1787079642.831410
1787079643.000181
1787079643.168636
1787079643.336446
1787079643.504791
1787079643.674057
1787079643.842340
1787079644.010926
1787079644.178999
1787079644.347133
1787079644.515619
1787079644.683790
1787079644.853735
1787079645.015090
1787079645.184269
1787079645.349975
1787079645.517756
1787079645.684924
1787079645.854076
1787079646.022762
1787079646.185534
1787079646.353409
1787079646.520890
1787079646.689272
1787079646.866091
1787079647.031954
1787079647.203060
1787079647.366168
1787079647.528229
1787079647.693511
1787079647.856538
1787079648.022847
1787079648.190290
1787079648.359105
1787079648.527137
1787079648.696487
1787079648.862999
1787079649.030312
1787079649.198797
1787079649.367603
1787079649.537016
1787079649.707389
1787079649.877545
1787079650.046209
1787079650.212900
1787079650.374475
1787079650.543206
1787079650.705336
1787079650.872695
1787079651.039564
1787079651.207258
1787079651.376321
1787079651.543977
1787079651.713698
1787079651.886034
1787079652.053631
1787079652.218951
1787079652.387413
1787079652.555106
1787079652.718672
1787079652.884999
1787079653.051524
1787079653.218443
1787079653.385794
1787079653.549875
1787079653.711284
1787079653.880287
1787079654.048667
1787079654.218263
1787079654.388114
1787079654.558506
1787079654.724328
1787079654.892051
1787079655.053800
1787079655.217318
1787079655.384076
1787079655.552041
1787079655.719270
1787079655.886046
1787079656.057581
1787079656.222677
1787079656.388972
1787079656.556830
1787079656.723256
1787079656.884918
1787079657.050546
1787079657.210511
1787079657.376261
1787079657.544165
1787079657.706706
1787079657.872222
1787079658.035488
1787079658.200377
1787079658.359788
1787079658.524397
1787079658.689701
1787079658.857103
1787079659.016761
1787079659.182622
1787079659.348201
1787079659.512932
1787079659.678434
1787079659.845721
1787079660.013215
1787079660.176961
1787079660.337461
1787079660.504855
1787079660.673440
1787079660.839911
1787079661.006159
1787079661.174433
1787079661.338227
1787079661.503068
1787079661.667780
1787079661.834992
1787079662.000703
1787079662.161271
1787079662.325392
1787079662.491609
1787079662.656279
1787079662.822863
1787079662.988157
1787079663.155698
1787079663.322271
1787079663.486572
1787079663.650530
1787079663.818718
1787079663.983734
1787079664.144098
1787079664.310946
1787079664.473632
1787079664.642323
1787079664.804171
1787079664.972100
1787079665.138562
1787079665.304933
1787079665.474067
1787079665.641799
1787079665.806447
1787079665.972468
1787079666.139227
1787079666.300581
1787079666.467076
1787079666.635930
1787079666.800839
1787079666.973870
1787079667.139892
1787079667.307509
1787079667.473671
1787079667.639790
1787079667.806734
1787079667.973360
1787079668.138704
1787079668.306791
1787079668.476172
1787079668.644434
1787079668.812068
1787079668.985682
1787079669.153220
1787079669.322241
1787079669.491369
1787079669.660120
1787079669.827537
1787079669.997631
1787079670.164154
1787079670.332972
1787079670.507416
1787079670.667720
1787079670.837122
1787079671.005501
1787079671.175392
1787079671.345664
1787079671.515147
1787079671.687593
1787079671.855369
1787079672.023891
1787079672.198137
1787079672.362113
1787079672.531442
1787079672.702693
1787079672.876639
1787079673.039818
1787079673.211356
1787079673.381515
1787079673.555001
1787079673.719530
1787079673.891541
1787079674.062071
1787079674.227030
1787079674.395810
1787079674.562234
1787079674.733736
1787079674.903393
1787079675.077696
1787079675.249506
1787079675.419402
1787079675.585067
1787079675.754406
1787079675.925507
1787079676.099120
1787079676.271477
1787079676.443282
1787079676.613691
1787079676.784676
1787079676.958269
1787079677.125982
1787079677.298273
1787079677.471850
1787079677.645361
1787079677.815006
1787079677.986114
1787079678.158522
1787079678.331492
1787079678.498985
1787079678.671460
1787079678.850301
1787079679.015289
1787079679.189999
1787079679.362463
1787079679.535877
1787079679.702773
1787079679.869905
1787079680.041834
1787079680.213496
1787079680.387266
1787079680.559157
1787079680.733573
1787079680.904236
1787079681.075021
1787079681.248150
1787079681.419604
1787079681.593691
1787079681.764796
1787079681.936669
1787079682.108443
1787079682.283595
1787079682.455652
1787079682.630681
1787079682.796150
1787079682.970130
1787079683.134283
1787079683.301762
1787079683.474972
1787079683.649684
1787079683.816107
1787079683.988182
1787079684.159983
1787079684.331996
1787079684.503237
1787079684.676112
1787079684.851266
1787079685.017441
1787079685.190221
1787079685.360150
1787079685.532458
1787079685.708094
1787079685.880987
1787079686.053141
1787079686.224496
1787079686.393255
1787079686.564595
1787079686.737289
1787079686.909924
1787079687.077388
1787079687.248559
1787079687.417879
1787079687.590652
1787079687.764848
1787079687.937466
1787079688.103883
1787079688.273379
1787079688.444510
1787079688.618507
1787079688.784924
1787079688.956022
1787079689.126169
1787079689.302410
1787079689.469011
1787079689.639199
1787079689.808865
1787079689.981207
1787079690.155009
1787079690.321407
1787079690.493274
1787079690.665734
1787079690.835965
1787079691.007268
1787079691.182687
1787079691.357454
1787079691.528386
1787079691.693197
1787079691.867361
1787079692.032965
1787079692.206117
1787079692.383317
1787079692.555087
1787079692.728764
1787079692.896971
1787079693.070083
1787079693.242177
1787079693.409052
1787079693.581994
1787079693.754810
1787079693.926625
1787079694.097684
1787079694.276589
1787079694.438263
1787079694.611525
1787079694.783566
1787079694.953488
1787079695.117744
1787079695.291436
1787079695.461542
1787079695.626733
1787079695.797577
1787079695.967234
1787079696.131643
1787079696.300826
1787079696.470403
1787079696.641075
1787079696.805395
1787079696.983060
1787079697.151645
1787079697.322106
1787079697.494545
1787079697.656208
1787079697.826404
1787079697.989219
1787079698.155991
1787079698.321540
1787079698.492965
1787079698.662246
1787079698.824576
1787079698.992497
1787079699.158423
1787079699.321043
1787079699.490650
1787079699.659590
1787079699.830505
1787079700.001152
1787079700.169892
1787079700.339385
1787079700.509914
1787079700.683430
1787079700.851571
1787079701.023474
1787079701.194152
1787079701.361503
1787079701.532976
1787079701.698730
1787079701.864604
1787079702.035296
1787079702.199982
1787079702.368943
1787079702.540153
1787079702.712173
1787079702.877521
1787079703.047695
1787079703.212572
1787079703.384188
1787079703.553655
1787079703.722789
1787079703.890580
1787079704.062332
1787079704.232830
1787079704.403451
1787079704.570878
1787079704.742716
1787079704.915123
1787079705.084137
1787079705.254805
1787079705.425960
1787079705.593305
1787079705.762474
1787079705.932244
1787079706.100726
1787079706.270617
1787079706.439407
1787079706.610263
1787079706.773859
1787079706.945265
1787079707.111195
1787079707.282976
1787079707.452987
1787079707.624010
1787079707.804760
1787079707.976493
1787079708.147204
1787079708.330484
1787079708.510214
1787079708.687773
1787079708.870940
1787079709.052453
1787079709.232730
1787079709.411641
1787079709.593748
1787079709.767204
1787079709.943822
1787079710.127275
1787079710.298557
1787079710.477288
1787079710.657005
1787079710.834414
1787079711.014565
1787079711.190449
1787079711.367400
1787079711.544124
1787079711.720751
1787079711.901213
1787079712.079967
1787079712.255646
1787079712.433824
1787079712.610792
1787079712.787561
1787079712.963935
1787079713.140261
1787079713.316003
1787079713.494247
1787079713.674616
1787079713.850814
1787079714.026138
1787079714.203044
1787079714.378965
1787079714.556187
1787079714.733304
1787079714.910739
1787079715.085217
1787079715.256654
1787079715.434019
1787079715.603667
1787079715.779875
1787079715.958514
1787079716.132965
1787079716.302119
1787079716.479060
1787079716.655169
1787079716.832963
1787079717.008930
1787079717.191782
1787079717.368870
1787079717.544408
1787079717.718023
1787079717.897007
1787079718.073972
1787079718.250553
1787079718.427826
1787079718.604794
1787079718.779191
1787079718.953581
1787079719.127174
1787079719.294737
1787079719.466183
1787079719.639732
1787079719.807337
1787079719.981248
1787079720.155780
1787079720.333204
1787079720.506417
1787079720.673589
1787079720.843374
1787079721.016724
1787079721.191685
1787079721.367254
1787079721.542079
1787079721.719934
1787079721.886908
1787079722.067871
1787079722.242575
1787079722.419759
1787079722.596928
1787079722.774441
1787079722.948800
1787079723.123187
1787079723.295902
1787079723.470253
1787079723.644929
1787079723.819168
1787079723.985566
1787079724.161137
1787079724.335170
1787079724.509021
1787079724.685122
1787079724.854606
1787079725.027341
1787079725.199722
1787079725.373141
1787079725.549009
1787079725.722233
1787079725.895006
1787079726.069431
1787079726.242870
1787079726.417739
1787079726.590325
1787079726.764497
1787079726.938564
1787079727.113801
1787079727.277950
1787079727.457636
1787079727.632142
1787079727.808251
1787079727.981066
1787079728.154554
1787079728.329413
1787079728.505547
1787079728.680381
1787079728.855027
1787079729.030637
1787079729.203901
1787079729.379413
1787079729.554252
1787079729.731085
1787079729.907376
1787079730.086352
1787079730.257561
1787079730.437576
1787079730.616773
1787079730.802847
1787079730.986042
1787079731.168396
1787079731.351877
1787079731.531318
1787079731.710526
1787079731.889618
1787079732.082151
1787079732.261198
1787079732.444665
1787079732.627387
1787079732.810502
1787079732.990205
1787079733.175625
1787079733.356661
1787079733.540674
1787079733.723590
1787079733.908515
1787079734.092379
1787079734.280061
1787079734.460984
1787079734.642767
1787079734.827323
1787079735.009385
1787079735.185961
1787079735.368759
1787079735.543890
1787079735.720568
1787079735.906876
1787079736.088481
1787079736.267978
1787079736.451396
1787079736.627800
1787079736.812849
1787079736.988837
1787079737.169751
1787079737.342520
1787079737.520764
1787079737.705328
1787079737.887419
1787079738.063841
1787079738.241760
1787079738.428880
1787079738.609132
1787079738.786525
1787079738.968897
1787079739.151450
1787079739.325632
1787079739.502479
1787079739.690555
1787079739.874585
1787079740.064065
1787079740.242316
1787079740.428366
1787079740.608442
1787079740.795052
1787079740.975165
1787079741.155595
1787079741.334133
1787079741.520475
1787079741.694980
1787079741.877578
1787079742.057025
1787079742.235387
1787079742.420990
1787079742.597897
1787079742.778478
1787079742.957228
1787079743.135112
1787079743.314342
1787079743.496037
1787079743.676740
1787079743.852821
1787079744.031577
1787079744.210690
1787079744.391221
1787079744.571900
1787079744.752467
1787079744.936494
1787079745.115852
1787079745.295712
1787079745.476108
1787079745.649755
1787079745.836023
1787079746.014550
1787079746.191290
1787079746.370209
1787079746.546486
1787079746.727850
1787079746.908252
1787079747.089117
1787079747.266948
1787079747.445102
1787079747.627234
1787079747.808707
1787079747.987083
1787079748.168206
1787079748.350753
1787079748.531438
1787079748.707897
1787079748.887731
1787079749.068077
1787079749.251790
1787079749.430658
1787079749.608814
1787079749.792189
1787079749.971498
1787079750.148519
1787079750.317522
1787079750.496063
1787079750.673537
1787079750.853671
1787079751.032505
1787079751.215801
1787079751.389068
1787079751.564573
1787079751.745507
1787079751.924648
1787079752.104378
1787079752.280742
1787079752.464629
1787079752.644176
1787079752.822552
1787079752.999375
1787079753.180166
1787079753.360195
1787079753.539302
1787079753.718616
1787079753.898666
1787079754.083136
1787079754.262833
1787079754.447406
1787079754.619098
1787079754.799174
1787079754.980517
1787079755.159087
1787079755.339635
1787079755.517560
1787079755.695920
1787079755.881412
1787079756.060325
1787079756.239568
1787079756.417428
1787079756.596498
1787079756.773819
1787079756.953430
1787079757.125868
1787079757.301775
1787079757.471980
1787079757.648489
1787079757.827078
1787079758.004187
1787079758.185099
1787079758.363390
1787079758.541322
1787079758.719458
1787079758.896971
1787079759.075864
1787079759.254738
1787079759.435061
1787079759.614355
1787079759.792017
1787079759.969869
1787079760.149559
1787079760.326239
1787079760.497209
1787079760.675872
1787079760.853400
1787079761.031607
1787079761.210431
1787079761.389641
