1787091917.643215
1787091917.805323
1787091917.959634
1787091918.108417
1787091918.253799
1787091918.403230
1787091918.556807
1787091918.706936
1787091918.860116
1787091919.014867
1787091919.171450
1787091919.329374
1787091919.484131
1787091919.638878
1787091919.793478
1787091919.950215
1787091920.108620
1787091920.272626
1787091920.424259
1787091920.583941
1787091920.737624
1787091920.897241
1787091921.053181
1787091921.210011
1787091921.360914
1787091921.508451
1787091921.662799
1787091921.817698
1787091921.964078
1787091922.113846
1787091922.269073
1787091922.427451
1787091922.581296
1787091922.731220
1787091922.879824
1787091923.029497
1787091923.186099
1787091923.338779
1787091923.488059
1787091923.643959
1787091923.794873
1787091923.945611
1787091924.098924
1787091924.247930
1787091924.405474
1787091924.560612
1787091924.715246
1787091924.865393
1787091925.020348
1787091925.174038
1787091925.328603
1787091925.484842
1787091925.638472
1787091925.786619
1787091925.937869
1787091926.091032
1787091926.238930
1787091926.385139
1787091926.537442
1787091926.687116
1787091926.839072
1787091926.991153
1787091927.143531
1787091927.294970
1787091927.441291
1787091927.592232
1787091927.743318
1787091927.894946
1787091928.045115
1787091928.195496
1787091928.345573
1787091928.496195
1787091928.647672
1787091928.797496
1787091928.950055
1787091929.099998
1787091929.245402
1787091929.397579
1787091929.549789
1787091929.700892
1787091929.846315
1787091929.999097
1787091930.151898
1787091930.301187
1787091930.448757
1787091930.595268
1787091930.752410
1787091930.902996
1787091931.055293
1787091931.207308
1787091931.359382
1787091931.510599
1787091931.661741
1787091931.814739
1787091931.964628
1787091932.116217
1787091932.267407
1787091932.413239
1787091932.559531
1787091932.719797
1787091932.865146
1787091933.017620
1787091933.164184
1787091933.312043
1787091933.463654
1787091933.610746
1787091933.761822
1787091933.914936
1787091934.063199
1787091934.211747
1787091934.364932
1787091934.516998
1787091934.669735
1787091934.824535
1787091934.972615
1787091935.128210
1787091935.276764
1787091935.431302
1787091935.585680
1787091935.741363
1787091935.896381
1787091936.052856
1787091936.202628
1787091936.357899
1787091936.506528
1787091936.661773
1787091936.810658
1787091936.960691
1787091937.110496
1787091937.260440
1787091937.417515
1787091937.572785
1787091937.727504
1787091937.880283
1787091938.030111
1787091938.186035
1787091938.343373
1787091938.500378
1787091938.657573
1787091938.812593
1787091938.964520
1787091939.115554
1787091939.267167
1787091939.419458
1787091939.571348
1787091939.730564
1787091939.886579
1787091940.043157
1787091940.194158
1787091940.346814
1787091940.502037
1787091940.660637
1787091940.821536
1787091940.974615
1787091941.127474
1787091941.289953
1787091941.443554
1787091941.604989
1787091941.759729
1787091941.922513
1787091942.075676
1787091942.233087
1787091942.386409
1787091942.547435
1787091942.707377
1787091942.861978
1787091943.015882
1787091943.177598
1787091943.333369
1787091943.497337
1787091943.652356
1787091943.808895
1787091943.974986
1787091944.137342
1787091944.298534
1787091944.459296
1787091944.620918
1787091944.782926
1787091944.943453
1787091945.103750
1787091945.265414
1787091945.425511
1787091945.585893
1787091945.745313
1787091945.907970
1787091946.074070
1787091946.235892
1787091946.398338
1787091946.562087
1787091946.725460
1787091946.887522
1787091947.045104
1787091947.208017
1787091947.370710
1787091947.533722
1787091947.699368
1787091947.862707
1787091948.025879
1787091948.187667
1787091948.350854
1787091948.514623
1787091948.677283
1787091948.843971
1787091949.002665
1787091949.166012
1787091949.325171
1787091949.485955
1787091949.649077
1787091949.812951
1787091949.980472
1787091950.139817
1787091950.301610
1787091950.465787
1787091950.629061
1787091950.794599
1787091950.958419
1787091951.122077
1787091951.286215
1787091951.450585
1787091951.616381
1787091951.781035
1787091951.939315
1787091952.096751
1787091952.258777
1787091952.418523
1787091952.583573
1787091952.748472
1787091952.914254
1787091953.077106
1787091953.242091
1787091953.407932
1787091953.573050
1787091953.738266
1787091953.902974
1787091954.070647
1787091954.240675
1787091954.400268
1787091954.566648
1787091954.730276
1787091954.899647
1787091955.065734
1787091955.230011
1787091955.397818
1787091955.563444
1787091955.729515
1787091955.894299
1787091956.061237
1787091956.226898
1787091956.388922
1787091956.553534
1787091956.722445
1787091956.888361
1787091957.054114
1787091957.219855
1787091957.386412
1787091957.551023
1787091957.716963
1787091957.877476
1787091958.042513
1787091958.208723
1787091958.375690
1787091958.540703
1787091958.705492
1787091958.869335
1787091959.035716
1787091959.200846
1787091959.368042
1787091959.532298
1787091959.698341
1787091959.865511
1787091960.030342
1787091960.191136
1787091960.351198
1787091960.516711
1787091960.685512
1787091960.850030
1787091961.008905
1787091961.173389
1787091961.340478
1787091961.499253
1787091961.659302
1787091961.821201
1787091961.984528
1787091962.144968
1787091962.310578
1787091962.476567
1787091962.642859
1787091962.804416
1787091962.975418
1787091963.140205
1787091963.304577
1787091963.469682
1787091963.633675
1787091963.799748
1787091963.964459
1787091964.128696
1787091964.293545
1787091964.458960
1787091964.622235
1787091964.787396
1787091964.954726
1787091965.115825
1787091965.279094
1787091965.440221
1787091965.604641
1787091965.768567
1787091965.936193
1787091966.101244
1787091966.266384
1787091966.429368
1787091966.597611
1787091966.763185
1787091966.928061
1787091967.089048
1787091967.248719
1787091967.407933
1787091967.575020
1787091967.736896
1787091967.899660
1787091968.060251
1787091968.226632
1787091968.386863
1787091968.552314
1787091968.718505
1787091968.885353
1787091969.046450
1787091969.211370
1787091969.371357
1787091969.531780
1787091969.699184
1787091969.868722
1787091970.028610
1787091970.195701
1787091970.361272
1787091970.527119
1787091970.688076
1787091970.856653
1787091971.023646
1787091971.185454
1787091971.350618
1787091971.512000
1787091971.678218
1787091971.843650
1787091972.008814
1787091972.176155
1787091972.347640
1787091972.508305
1787091972.668516
1787091972.833568
1787091973.001453
1787091973.160877
1787091973.327594
1787091973.493932
1787091973.657322
1787091973.823494
1787091973.990557
1787091974.156762
1787091974.322136
1787091974.488597
1787091974.654380
1787091974.817636
1787091974.983831
1787091975.149607
1787091975.309874
1787091975.476742
1787091975.643581
1787091975.803535
1787091975.970148
1787091976.138291
1787091976.307073
1787091976.469254
1787091976.635696
1787091976.803656
1787091976.971661
1787091977.133772
1787091977.297600
1787091977.460625
1787091977.620887
1787091977.786950
1787091977.952702
1787091978.117304
1787091978.283122
1787091978.447710
1787091978.616838
1787091978.782025
1787091978.946887
1787091979.111468
1787091979.282226
1787091979.448876
1787091979.621443
1787091979.782197
1787091979.949443
1787091980.116571
1787091980.284191
1787091980.454251
1787091980.621863
1787091980.788717
1787091980.955051
1787091981.119318
1787091981.286010
1787091981.450291
1787091981.619736
1787091981.786066
1787091981.951000
1787091982.116268
1787091982.281729
1787091982.444747
1787091982.612703
1787091982.777288
1787091982.942690
1787091983.099144
1787091983.257947
1787091983.423505
1787091983.587916
1787091983.752392
1787091983.916684
1787091984.081160
1787091984.247516
1787091984.406336
1787091984.568893
1787091984.733884
1787091984.897665
1787091985.058857
1787091985.222506
1787091985.386920
1787091985.551149
1787091985.717592
1787091985.885196
1787091986.052249
1787091986.216593
1787091986.381587
1787091986.547320
1787091986.711496
1787091986.876771
1787091987.042701
1787091987.209460
1787091987.374898
1787091987.539219
1787091987.698372
1787091987.862923
1787091988.035835
1787091988.200946
1787091988.362239
1787091988.526763
1787091988.694070
1787091988.859709
1787091989.025946
1787091989.192198
1787091989.352375
1787091989.517647
1787091989.686950
1787091989.853152
1787091990.019218
1787091990.183091
1787091990.348110
1787091990.511753
1787091990.677485
1787091990.846275
1787091991.006006
1787091991.170086
1787091991.335972
1787091991.500248
1787091991.667320
1787091991.833562
1787091991.999628
1787091992.175265
1787091992.345615
1787091992.506042
1787091992.670622
1787091992.830902
1787091993.004926
1787091993.162641
1787091993.328528
1787091993.487710
1787091993.651475
1787091993.816497
1787091993.984282
1787091994.150879
1787091994.310766
1787091994.475354
1787091994.642016
1787091994.807276
1787091994.973782
1787091995.142345
1787091995.305890
1787091995.470806
1787091995.637857
1787091995.803265
1787091995.968228
1787091996.133549
1787091996.292783
1787091996.458122
1787091996.625334
1787091996.792822
1787091996.958006
1787091997.125073
1787091997.291771
1787091997.457830
1787091997.627684
1787091997.788724
1787091997.955311
1787091998.123235
1787091998.291930
1787091998.458582
1787091998.628618
1787091998.793013
1787091998.960604
1787091999.127184
1787091999.296151
1787091999.462226
1787091999.629329
1787091999.796051
1787091999.961295
1787092000.122644
1787092000.283878
1787092000.451819
1787092000.618005
1787092000.784696
1787092000.949955
1787092001.118710
1787092001.279318
1787092001.447872
1787092001.613596
1787092001.779976
1787092001.946927
1787092002.113860
1787092002.275939
1787092002.438341
1787092002.603015
1787092002.762655
1787092002.928397
1787092003.094852
1787092003.255936
1787092003.421401
1787092003.586626
1787092003.752281
1787092003.912391
1787092004.077572
1787092004.242946
1787092004.409274
1787092004.575592
1787092004.741260
1787092004.905806
1787092005.072585
1787092005.232847
1787092005.398803
1787092005.567379
1787092005.734241
1787092005.899823
1787092006.065623
1787092006.226310
1787092006.393005
1787092006.559897
1787092006.727053
1787092006.891638
1787092007.057477
1787092007.224822
1787092007.390987
1787092007.557381
1787092007.723386
1787092007.888825
1787092008.053224
1787092008.216614
1787092008.382168
1787092008.547188
1787092008.717607
1787092008.882161
1787092009.047441
1787092009.214013
1787092009.378979
1787092009.544375
1787092009.706856
1787092009.873112
1787092010.039062
1787092010.205924
1787092010.376426
1787092010.537491
1787092010.704976
1787092010.872616
1787092011.040316
1787092011.207965
1787092011.375282
1787092011.543108
1787092011.710602
1787092011.877890
1787092012.045359
1787092012.213481
1787092012.375009
1787092012.541918
1787092012.711642
1787092012.872696
1787092013.040131
1787092013.210635
1787092013.377946
1787092013.545099
1787092013.713535
1787092013.878816
1787092014.047006
1787092014.215014
1787092014.378907
1787092014.544202
1787092014.710441
1787092014.877012
1787092015.047817
1787092015.213588
1787092015.379233
1787092015.539084
1787092015.707110
1787092015.876323
1787092016.040512
1787092016.211129
1787092016.377371
1787092016.548378
1787092016.720812
1787092016.887814
1787092017.056256
1787092017.221114
1787092017.382706
1787092017.548742
1787092017.717441
1787092017.887353
1787092018.054510
1787092018.216377
1787092018.384587
1787092018.545410
1787092018.715205
1787092018.878469
1787092019.047972
1787092019.213008
1787092019.383561
1787092019.552950
1787092019.721533
1787092019.889246
1787092020.057242
1787092020.218486
1787092020.386079
1787092020.556155
1787092020.722662
1787092020.883613
1787092021.055822
1787092021.216932
1787092021.384316
1787092021.549437
1787092021.717168
1787092021.885746
1787092022.051185
1787092022.220801
1787092022.387921
1787092022.551805
1787092022.718451
1787092022.887141
1787092023.049568
1787092023.215885
1787092023.381776
1787092023.545651
1787092023.709217
1787092023.875277
1787092024.040652
1787092024.208241
1787092024.371637
1787092024.538354
1787092024.704051
1787092024.869422
1787092025.035842
1787092025.200521
1787092025.359977
1787092025.526047
1787092025.690516
1787092025.856615
1787092026.023101
1787092026.189046
1787092026.355352
1787092026.523157
1787092026.689378
1787092026.858901
1787092027.027092
1787092027.195191
1787092027.364006
1787092027.531359
1787092027.698720
1787092027.868554
1787092028.029300
1787092028.198049
1787092028.365357
1787092028.532800
1787092028.699500
1787092028.866288
1787092029.033835
1787092029.202126
1787092029.369171
1787092029.542017
1787092029.709698
1787092029.878067
1787092030.045572
1787092030.212282
1787092030.376988
1787092030.546449
1787092030.714363
1787092030.882758
1787092031.050472
1787092031.217239
1787092031.385575
1787092031.552717
1787092031.716278
1787092031.884139
1787092032.049088
1787092032.216988
1787092032.378025
1787092032.547685
1787092032.719759
1787092032.882343
1787092033.051554
1787092033.212871
1787092033.377897
1787092033.546182
1787092033.707421
1787092033.875336
1787092034.043331
1787092034.204992
1787092034.372600
1787092034.538165
1787092034.707689
1787092034.868165
1787092035.033450
1787092035.196495
1787092035.366224
1787092035.530577
1787092035.697015
1787092035.868200
1787092036.036356
1787092036.204902
1787092036.368254
1787092036.536124
1787092036.704585
1787092036.872795
1787092037.040040
1787092037.209321
1787092037.378709
1787092037.550027
1787092037.723791
1787092037.895906
1787092038.067481
1787092038.240169
1787092038.411973
1787092038.583666
1787092038.754130
1787092038.925382
1787092039.096406
1787092039.262926
1787092039.433661
1787092039.605797
1787092039.774442
1787092039.945862
1787092040.115319
1787092040.278847
1787092040.450795
1787092040.620481
1787092040.793064
1787092040.961117
1787092041.129928
1787092041.298259
1787092041.467222
1787092041.634649
1787092041.803961
1787092041.972464
1787092042.143559
1787092042.312556
1787092042.480429
1787092042.648063
1787092042.816491
1787092042.984235
1787092043.152611
1787092043.328503
1787092043.491050
1787092043.659445
1787092043.825528
1787092043.996936
1787092044.160694
1787092044.330227
1787092044.500871
1787092044.669715
1787092044.838126
1787092045.005977
1787092045.173152
1787092045.336012
1787092045.503558
1787092045.666604
1787092045.833174
1787092045.995512
1787092046.164826
1787092046.336847
1787092046.498545
1787092046.667638
1787092046.834140
1787092047.003514
1787092047.174285
1787092047.341959
1787092047.508392
1787092047.677615
1787092047.844228
1787092048.010960
1787092048.177321
1787092048.344749
1787092048.510884
1787092048.678121
1787092048.846206
1787092049.012694
1787092049.173765
1787092049.341231
1787092049.505201
1787092049.671763
1787092049.833326
1787092050.000499
1787092050.167875
1787092050.330878
1787092050.493166
1787092050.658726
1787092050.825515
1787092050.993806
1787092051.156276
1787092051.321801
1787092051.487330
1787092051.653206
1787092051.813817
1787092051.978047
1787092052.145120
1787092052.310711
1787092052.473632
1787092052.639152
1787092052.804844
1787092052.968598
1787092053.135130
1787092053.301519
1787092053.462759
1787092053.628976
1787092053.794975
1787092053.961158
1787092054.122435
1787092054.284551
1787092054.452576
1787092054.620676
1787092054.787889
1787092054.950728
1787092055.117218
1787092055.278237
1787092055.445221
1787092055.611303
1787092055.777173
1787092055.943939
1787092056.111430
1787092056.272584
1787092056.437480
1787092056.603919
1787092056.764077
1787092056.929544
1787092057.096984
1787092057.261903
1787092057.429911
1787092057.596988
1787092057.767826
1787092057.924638
1787092058.092457
1787092058.260784
1787092058.427757
1787092058.586786
1787092058.756739
1787092058.922651
1787092059.088397
1787092059.255049
1787092059.420126
1787092059.586135
1787092059.752692
1787092059.916880
1787092060.081831
1787092060.248369
1787092060.407782
1787092060.574447
1787092060.742151
1787092060.902512
1787092061.071367
1787092061.231398
1787092061.391215
1787092061.559776
1787092061.725710
1787092061.894817
1787092062.056403
1787092062.223143
1787092062.388553
1787092062.558103
1787092062.719986
1787092062.880100
1787092063.040234
1787092063.203742
1787092063.365351
1787092063.528090
1787092063.698392
1787092063.858478
1787092064.023562
1787092064.184415
1787092064.351926
1787092064.519069
1787092064.687456
1787092064.847908
1787092065.016062
1787092065.182787
1787092065.341861
1787092065.512687
1787092065.677791
1787092065.843135
1787092066.008365
1787092066.172128
1787092066.332201
1787092066.492348
1787092066.658098
1787092066.823983
1787092066.990253
1787092067.160320
1787092067.329940
1787092067.496478
1787092067.663155
1787092067.830506
1787092067.990725
1787092068.154160
1787092068.314360
1787092068.480305
1787092068.648343
1787092068.814654
1787092068.973653
1787092069.136987
1787092069.303542
1787092069.464016
1787092069.629732
1787092069.799376
1787092069.965291
1787092070.130516
1787092070.291469
1787092070.457610
1787092070.623738
1787092070.787225
1787092070.954984
1787092071.114571
1787092071.281371
1787092071.442667
1787092071.601877
1787092071.758236
1787092071.918019
1787092072.084608
1787092072.246192
1787092072.409971
1787092072.568813
1787092072.738701
1787092072.903239
1787092073.070455
1787092073.233091
1787092073.393171
1787092073.552930
1787092073.717298
1787092073.884573
1787092074.043174
1787092074.206588
1787092074.373467
1787092074.533630
1787092074.691988
1787092074.850206
1787092075.013565
1787092075.177837
1787092075.337801
1787092075.496728
1787092075.663490
1787092075.826824
1787092075.990626
1787092076.152669
1787092076.316868
1787092076.482244
1787092076.646965
1787092076.809215
1787092076.972145
1787092077.134766
1787092077.298747
1787092077.456740
1787092077.614785
1787092077.780157
1787092077.937253
1787092078.101641
1787092078.264813
1787092078.427645
1787092078.590469
1787092078.751496
1787092078.916767
1787092079.079070
1787092079.238297
1787092079.399995
1787092079.557532
1787092079.714447
1787092079.876651
1787092080.034856
1787092080.192514
1787092080.354651
1787092080.517065
1787092080.681588
1787092080.839436
1787092080.996935
1787092081.160532
1787092081.325551
1787092081.489154
1787092081.652646
1787092081.820139
1787092081.985230
1787092082.153519
1787092082.320854
1787092082.484513
1787092082.650456
1787092082.816557
1787092082.982255
1787092083.147703
1787092083.312104
1787092083.476064
1787092083.632482
1787092083.798989
1787092083.961409
1787092084.126345
1787092084.290474
1787092084.453007
1787092084.617524
1787092084.780839
1787092084.944096
1787092085.111964
1787092085.267567
1787092085.430557
1787092085.590488
1787092085.750334
1787092085.912184
1787092086.075761
1787092086.238070
1787092086.396421
1787092086.559429
1787092086.722455
1787092086.889102
1787092087.051709
1787092087.215255
1787092087.384237
1787092087.541476
1787092087.703887
1787092087.867803
1787092088.032889
1787092088.196989
1787092088.361303
1787092088.523509
1787092088.681778
1787092088.844005
1787092089.005476
1787092089.170360
1787092089.334180
1787092089.497812
1787092089.660632
1787092089.817222
1787092089.979990
1787092090.143981
1787092090.306488
1787092090.469680
1787092090.627384
1787092090.785862
1787092090.948460
1787092091.106156
1787092091.264373
1787092091.424971
1787092091.591167
1787092091.755914
1787092091.917824
1787092092.081504
1787092092.243531
1787092092.399874
1787092092.561570
1787092092.724384
1787092092.886644
1787092093.049658
1787092093.210460
1787092093.371634
1787092093.542654
1787092093.704425
1787092093.865517
1787092094.026659
1787092094.186322
1787092094.347367
1787092094.509659
1787092094.672641
1787092094.834898
1787092094.999454
1787092095.162134
1787092095.318544
1787092095.482213
1787092095.637969
1787092095.794701
1787092095.957378
1787092096.113962
1787092096.271389
1787092096.436819
1787092096.597501
1787092096.758309
1787092096.924408
1787092097.087593
1787092097.249153
1787092097.405467
1787092097.564111
1787092097.726088
1787092097.887919
1787092098.049334
1787092098.212270
1787092098.368168
1787092098.524356
1787092098.690302
1787092098.845781
1787092099.007818
1787092099.167844
1787092099.324642
1787092099.489024
1787092099.645188
1787092099.807600
1787092099.969732
1787092100.131895
1787092100.293884
1787092100.449505
1787092100.612046
1787092100.775334
1787092100.935574
1787092101.097711
1787092101.254495
1787092101.410356
1787092101.571136
1787092101.735420
1787092101.900282
1787092102.062451
1787092102.224483
1787092102.386728
1787092102.550361
1787092102.714850
1787092102.876973
1787092103.040730
1787092103.203337
1787092103.365584
1787092103.530828
1787092103.685682
1787092103.846659
1787092104.009215
1787092104.173231
1787092104.336680
1787092104.499408
1787092104.660806
1787092104.825588
1787092104.990175
1787092105.147696
1787092105.312155
1787092105.476163
1787092105.638989
1787092105.803568
1787092105.970197
1787092106.134760
1787092106.299636
1787092106.463884
1787092106.621933
1787092106.786294
1787092106.949716
1787092107.115064
1787092107.279325
1787092107.445309
1787092107.610057
1787092107.774611
1787092107.941853
1787092108.101283
1787092108.266356
1787092108.431509
1787092108.595753
1787092108.760654
1787092108.924800
1787092109.093139
1787092109.256935
1787092109.421739
1787092109.586064
1787092109.751322
1787092109.915058
1787092110.078414
1787092110.242108
1787092110.400467
1787092110.567449
1787092110.731987
1787092110.895727
1787092111.059519
1787092111.226633
1787092111.391708
1787092111.557235
1787092111.721937
1787092111.887437
1787092112.051042
1787092112.218914
1787092112.385330
1787092112.550415
1787092112.711101
1787092112.876233
1787092113.042802
1787092113.208264
1787092113.374590
1787092113.541312
1787092113.702541
1787092113.871095
1787092114.036547
1787092114.204315
1787092114.370104
1787092114.535282
1787092114.701607
1787092114.866610
1787092115.035869
1787092115.201136
1787092115.369347
1787092115.536083
1787092115.702515
1787092115.862708
1787092116.027203
1787092116.191941
1787092116.357154
1787092116.518288
1787092116.686696
1787092116.853187
1787092117.020380
1787092117.180282
1787092117.340573
1787092117.507580
1787092117.676260
1787092117.837676
1787092117.999775
1787092118.161104
1787092118.327523
1787092118.493886
1787092118.653042
1787092118.819047
1787092118.985997
1787092119.150015
1787092119.315623
1787092119.475219
1787092119.639934
1787092119.806042
1787092119.970850
1787092120.135602
1787092120.302683
1787092120.464671
1787092120.639879
1787092120.810964
1787092120.978238
1787092121.142345
1787092121.304905
1787092121.470587
1787092121.633836
1787092121.801678
1787092121.962232
1787092122.126134
1787092122.290250
1787092122.455293
1787092122.619187
1787092122.777484
1787092122.943044
1787092123.107767
1787092123.271717
1787092123.435279
1787092123.605708
1787092123.764797
1787092123.929174
1787092124.095649
1787092124.258785
1787092124.422839
1787092124.584867
1787092124.750873
1787092124.909735
1787092125.075377
1787092125.238894
1787092125.403531
1787092125.566566
1787092125.731660
1787092125.896299
1787092126.060314
1787092126.225391
1787092126.390066
1787092126.554417
1787092126.719424
1787092126.884898
1787092127.049087
1787092127.213849
1787092127.377933
1787092127.542619
1787092127.710965
1787092127.869838
1787092128.036713
1787092128.212096
1787092128.380840
1787092128.550566
1787092128.714671
1787092128.884898
1787092129.047254
1787092129.217398
1787092129.384496
1787092129.552595
1787092129.722708
1787092129.887701
1787092130.057821
1787092130.229254
1787092130.401041
1787092130.564589
1787092130.734506
1787092130.897975
1787092131.066408
1787092131.235949
1787092131.406135
1787092131.577339
1787092131.742594
1787092131.910704
1787092132.081351
1787092132.249424
1787092132.418191
1787092132.586346
1787092132.758916
1787092132.924502
1787092133.092668
1787092133.261549
1787092133.428827
1787092133.597834
1787092133.764127
1787092133.932628
1787092134.100428
1787092134.261907
1787092134.429948
1787092134.601275
1787092134.763485
1787092134.930334
1787092135.097183
1787092135.261209
1787092135.429886
1787092135.597593
1787092135.767807
1787092135.938087
1787092136.104651
1787092136.272710
1787092136.441333
1787092136.610265
1787092136.779192
1787092136.948242
1787092137.121532
1787092137.291567
1787092137.460403
1787092137.630965
1787092137.796503
1787092137.967241
1787092138.138608
1787092138.309952
1787092138.479925
1787092138.650708
1787092138.821326
1787092138.990512
1787092139.159922
1787092139.328559
1787092139.497580
1787092139.667061
1787092139.832774
1787092139.995831
1787092140.166557
1787092140.333791
1787092140.500604
1787092140.669344
1787092140.834966
1787092141.001850
1787092141.171087
1787092141.340708
1787092141.509277
1787092141.679464
1787092141.851895
1787092142.027567
1787092142.199024
1787092142.371553
1787092142.541481
1787092142.714834
1787092142.878249
1787092143.048373
1787092143.217289
1787092143.382586
1787092143.552604
1787092143.721622
1787092143.883913
1787092144.055476
1787092144.220948
1787092144.391191
1787092144.559352
1787092144.729440
1787092144.894661
1787092145.066378
1787092145.235465
1787092145.404582
1787092145.569232
1787092145.738779
1787092145.909313
1787092146.076991
1787092146.243526
1787092146.411917
1787092146.580451
1787092146.748391
1787092146.919122
1787092147.086347
1787092147.254492
1787092147.424144
1787092147.592179
1787092147.762033
1787092147.930117
1787092148.099333
1787092148.262465
1787092148.426792
1787092148.595221
1787092148.764878
1787092148.933992
1787092149.104583
1787092149.268016
1787092149.437758
1787092149.604792
1787092149.775196
1787092149.946404
1787092150.113565
1787092150.282150
1787092150.449171
1787092150.622199
1787092150.790919
1787092150.961054
1787092151.130106
1787092151.297492
1787092151.466118
1787092151.636507
1787092151.811569
1787092151.980866
1787092152.148779
1787092152.320359
1787092152.485035
1787092152.653935
1787092152.823845
1787092152.994706
1787092153.162801
1787092153.331880
1787092153.500211
1787092153.669797
1787092153.842892
1787092154.014838
1787092154.185544
1787092154.360852
1787092154.532368
1787092154.699393
1787092154.865624
1787092155.030519
1787092155.199927
1787092155.369290
1787092155.539671
1787092155.703884
1787092155.866767
1787092156.036389
1787092156.207986
1787092156.376273
1787092156.544309
1787092156.709593
1787092156.881424
1787092157.044548
1787092157.213793
1787092157.383457
1787092157.555544
1787092157.727029
1787092157.897517
1787092158.066165
1787092158.235925
1787092158.404970
1787092158.576261
1787092158.746364
1787092158.915512
1787092159.082429
1787092159.251331
1787092159.421523
1787092159.590316
1787092159.760736
1787092159.929598
1787092160.099952
1787092160.274370
1787092160.444336
1787092160.612218
1787092160.782672
1787092160.951558
1787092161.121720
1787092161.290219
1787092161.460165
1787092161.630489
1787092161.801278
1787092161.970980
1787092162.139249
1787092162.309082
1787092162.479566
1787092162.653062
1787092162.821746
1787092162.991792
1787092163.165980
1787092163.331325
1787092163.501526
1787092163.675861
1787092163.847276
1787092164.015378
1787092164.179916
1787092164.354774
1787092164.520236
1787092164.689415
1787092164.858284
1787092165.028898
1787092165.193887
1787092165.363551
1787092165.532055
1787092165.700896
1787092165.870293
1787092166.043725
1787092166.216269
1787092166.380380
1787092166.544688
1787092166.715153
1787092166.884397
1787092167.054330
1787092167.225803
1787092167.397740
1787092167.567988
1787092167.739561
1787092167.910208
1787092168.082050
1787092168.251481
1787092168.420779
1787092168.593669
1787092168.766180
1787092168.936962
1787092169.105675
1787092169.274891
1787092169.446118
1787092169.618727
1787092169.793855
1787092169.966098
1787092170.135846
1787092170.304781
1787092170.474919
1787092170.645873
1787092170.809811
1787092170.980520
1787092171.145446
1787092171.321845
1787092171.493001
1787092171.663484
1787092171.833264
1787092172.003565
1787092172.173275
1787092172.344306
1787092172.514880
1787092172.684821
1787092172.854919
1787092173.021953
1787092173.190250
1787092173.362927
1787092173.536162
1787092173.707601
1787092173.878457
1787092174.044565
1787092174.214415
1787092174.384230
1787092174.555488
1787092174.725213
1787092174.897048
1787092175.070418
1787092175.241137
1787092175.415956
1787092175.585525
1787092175.752065
1787092175.921574
1787092176.093818
1787092176.264745
1787092176.433502
1787092176.604632
1787092176.775916
1787092176.946510
1787092177.117721
1787092177.281454
1787092177.451413
1787092177.621019
1787092177.792154
1787092177.961700
1787092178.131570
1787092178.302059
1787092178.484847
1787092178.650615
1787092178.814808
1787092178.983951
1787092179.154888
1787092179.324280
1787092179.495777
1787092179.664478
1787092179.834646
1787092180.003452
1787092180.172625
1787092180.343953
1787092180.515607
1787092180.682240
