1787073082.452329
1787073082.600303
1787073082.746630
1787073082.893883
1787073083.040700
1787073083.188094
1787073083.339386
1787073083.487584
1787073083.645553
1787073083.799441
1787073083.949422
1787073084.107713
1787073084.261909
1787073084.431682
1787073084.591522
1787073084.750733
1787073084.908127
1787073085.063492
1787073085.215124
1787073085.363707
1787073085.511414
1787073085.660836
1787073085.810425
1787073085.961707
1787073086.107978
1787073086.255835
1787073086.414792
1787073086.561935
1787073086.709728
1787073086.857958
1787073087.004994
1787073087.152833
1787073087.301286
1787073087.448252
1787073087.596081
1787073087.744367
1787073087.893257
1787073088.040519
1787073088.188017
1787073088.334964
1787073088.491078
1787073088.639590
1787073088.796902
1787073088.947443
1787073089.097832
1787073089.254838
1787073089.403959
1787073089.550726
1787073089.697359
1787073089.846056
1787073089.995351
1787073090.140747
1787073090.287552
1787073090.433947
1787073090.589714
1787073090.735651
1787073090.890129
1787073091.036473
1787073091.183374
1787073091.331141
1787073091.477146
1787073091.623242
1787073091.767891
1787073091.914685
1787073092.062626
1787073092.208881
1787073092.353287
1787073092.495702
1787073092.658904
1787073092.822888
1787073092.973845
1787073093.123532
1787073093.273530
1787073093.417845
1787073093.561723
1787073093.705328
1787073093.847219
1787073093.999909
1787073094.144797
1787073094.298242
1787073094.442628
1787073094.593840
1787073094.748103
1787073094.897068
1787073095.040901
1787073095.185989
1787073095.338161
1787073095.484443
1787073095.637559
1787073095.782185
1787073095.927759
1787073096.073077
1787073096.218059
1787073096.363775
1787073096.514381
1787073096.663936
1787073096.812480
1787073096.962499
1787073097.107296
1787073097.260789
1787073097.406311
1787073097.557222
1787073097.707196
1787073097.850709
1787073098.003976
1787073098.157874
1787073098.309197
1787073098.455038
1787073098.601471
1787073098.745430
1787073098.889720
1787073099.042572
1787073099.188001
1787073099.335637
1787073099.487708
1787073099.638322
1787073099.784040
1787073099.937411
1787073100.087425
1787073100.238610
1787073100.384730
1787073100.538453
1787073100.687439
1787073100.841647
1787073100.988133
1787073101.134650
1787073101.287414
1787073101.436594
1787073101.585165
1787073101.738242
1787073101.891621
1787073102.038946
1787073102.185864
1787073102.334713
1787073102.486472
1787073102.642845
1787073102.790175
1787073102.935954
1787073103.091294
1787073103.239957
1787073103.387606
1787073103.541710
1787073103.698740
1787073103.846311
1787073104.003042
1787073104.151970
1787073104.312842
1787073104.469057
1787073104.619109
1787073104.776846
1787073104.925531
1787073105.080462
1787073105.228946
1787073105.378187
1787073105.527548
1787073105.678568
1787073105.834308
1787073105.985476
1787073106.145209
1787073106.301565
1787073106.457507
1787073106.606907
1787073106.756768
1787073106.913319
1787073107.065064
1787073107.222538
1787073107.380421
1787073107.540543
1787073107.698706
1787073107.853110
1787073108.013552
1787073108.174490
1787073108.336877
1787073108.499303
1787073108.653297
1787073108.810083
1787073108.972447
1787073109.127887
1787073109.293931
1787073109.452853
1787073109.614776
1787073109.775596
1787073109.936375
1787073110.100335
1787073110.268317
1787073110.424875
1787073110.580877
1787073110.738446
1787073110.895046
1787073111.051430
1787073111.209783
1787073111.371237
1787073111.529118
1787073111.687107
1787073111.845950
1787073112.008159
1787073112.175219
1787073112.336768
1787073112.505626
1787073112.661059
1787073112.826020
1787073112.992281
1787073113.152707
1787073113.320257
1787073113.477821
1787073113.644739
1787073113.809053
1787073113.973047
1787073114.132437
1787073114.297374
1787073114.459887
1787073114.627640
1787073114.793513
1787073114.960715
1787073115.120457
1787073115.287539
1787073115.450808
1787073115.618841
1787073115.781517
1787073115.948745
1787073116.118496
1787073116.287381
1787073116.448431
1787073116.617105
1787073116.781601
1787073116.951014
1787073117.119277
1787073117.284271
1787073117.450404
1787073117.618804
1787073117.785357
1787073117.949392
1787073118.118261
1787073118.285620
1787073118.447656
1787073118.616694
1787073118.781831
1787073118.951046
1787073119.118906
1787073119.286676
1787073119.454006
1787073119.615719
1787073119.784113
1787073119.946880
1787073120.114637
1787073120.278982
1787073120.447197
1787073120.614137
1787073120.783602
1787073120.950676
1787073121.122782
1787073121.285654
1787073121.456220
1787073121.628760
1787073121.790528
1787073121.960088
1787073122.127877
1787073122.292422
1787073122.461208
1787073122.630903
1787073122.798448
1787073122.961284
1787073123.123049
1787073123.291011
1787073123.459316
1787073123.625836
1787073123.794203
1787073123.965464
1787073124.131328
1787073124.303048
1787073124.466797
1787073124.633144
1787073124.803623
1787073124.965794
1787073125.135347
1787073125.303506
1787073125.471966
1787073125.641819
1787073125.809011
1787073125.973947
1787073126.137097
1787073126.301327
1787073126.469903
1787073126.631689
1787073126.798515
1787073126.968574
1787073127.137972
1787073127.302209
1787073127.474838
1787073127.639312
1787073127.810313
1787073127.981441
1787073128.148304
1787073128.318053
1787073128.481986
1787073128.652605
1787073128.820799
1787073128.985352
1787073129.155376
1787073129.324472
1787073129.496870
1787073129.665266
1787073129.831993
1787073130.003595
1787073130.166851
1787073130.331045
1787073130.499527
1787073130.661881
1787073130.832543
1787073130.995797
1787073131.164263
1787073131.333726
1787073131.507066
1787073131.671948
1787073131.836185
1787073132.012237
1787073132.173132
1787073132.346024
1787073132.519616
1787073132.691820
1787073132.858031
1787073133.031336
1787073133.198057
1787073133.370159
1787073133.538771
1787073133.703962
1787073133.874894
1787073134.048583
1787073134.215130
1787073134.386804
1787073134.562482
1787073134.728292
1787073134.894274
1787073135.066755
1787073135.234287
1787073135.405926
1787073135.571977
1787073135.745283
1787073135.915893
1787073136.087208
1787073136.258121
1787073136.433943
1787073136.600609
1787073136.771765
1787073136.938727
1787073137.112799
1787073137.284220
1787073137.450526
1787073137.609730
1787073137.779305
1787073137.948791
1787073138.121615
1787073138.287032
1787073138.457615
1787073138.629205
1787073138.793388
1787073138.960304
1787073139.133466
1787073139.304453
1787073139.475181
1787073139.648520
1787073139.823745
1787073140.001284
1787073140.171255
1787073140.342807
1787073140.506819
1787073140.676628
1787073140.845261
1787073141.014357
1787073141.184518
1787073141.356398
1787073141.527720
1787073141.692038
1787073141.859303
1787073142.033305
1787073142.197789
1787073142.365174
1787073142.540146
1787073142.721598
1787073142.881181
1787073143.051553
1787073143.221257
1787073143.389866
1787073143.566971
1787073143.733201
1787073143.900044
1787073144.069752
1787073144.233402
1787073144.404222
1787073144.578258
1787073144.754261
1787073144.926641
1787073145.102653
1787073145.279248
1787073145.457589
1787073145.629813
1787073145.810210
1787073145.975266
1787073146.144535
1787073146.321639
1787073146.490446
1787073146.665088
1787073146.840342
1787073147.008819
1787073147.177036
1787073147.343773
1787073147.517703
1787073147.692378
1787073147.860282
1787073148.036234
1787073148.210628
1787073148.383232
1787073148.550601
1787073148.728344
1787073148.905058
1787073149.076124
1787073149.248395
1787073149.424367
1787073149.601466
1787073149.783046
1787073149.963361
1787073150.139412
1787073150.313942
1787073150.491148
1787073150.669425
1787073150.850739
1787073151.024270
1787073151.197029
1787073151.371341
1787073151.550277
1787073151.729239
1787073151.907283
1787073152.080892
1787073152.253158
1787073152.424322
1787073152.594956
1787073152.766015
1787073152.936422
1787073153.107920
1787073153.284900
1787073153.455421
1787073153.632197
1787073153.806544
1787073153.980331
1787073154.158226
1787073154.338812
1787073154.519675
1787073154.699665
1787073154.876991
1787073155.053719
1787073155.234675
1787073155.406088
1787073155.578580
1787073155.746655
1787073155.919455
1787073156.092645
1787073156.266325
1787073156.441847
1787073156.615023
1787073156.793756
1787073156.963958
1787073157.134073
1787073157.309814
1787073157.487993
1787073157.666933
1787073157.842182
1787073158.011244
1787073158.181295
1787073158.352488
1787073158.521283
1787073158.689477
1787073158.866378
1787073159.034588
1787073159.204310
1787073159.378858
1787073159.554060
1787073159.727661
1787073159.898328
1787073160.075478
1787073160.247542
1787073160.420149
1787073160.595319
1787073160.761803
1787073160.935061
1787073161.107936
1787073161.277107
1787073161.449010
1787073161.623376
1787073161.795344
1787073161.966821
1787073162.145895
1787073162.317160
1787073162.488449
1787073162.663013
1787073162.833016
1787073163.009039
1787073163.185758
1787073163.352321
1787073163.523641
1787073163.695405
1787073163.867879
1787073164.043139
1787073164.209605
1787073164.382431
1787073164.556043
1787073164.720940
1787073164.894106
1787073165.065761
1787073165.232671
1787073165.405124
1787073165.585378
1787073165.750382
1787073165.923766
1787073166.097996
1787073166.270139
1787073166.445547
1787073166.614078
1787073166.786385
1787073166.959619
1787073167.128188
1787073167.301137
1787073167.473514
1787073167.644642
1787073167.811826
1787073167.987112
1787073168.155670
1787073168.322099
1787073168.499782
1787073168.677786
1787073168.847845
1787073169.017274
1787073169.192380
1787073169.362997
1787073169.529098
1787073169.695187
1787073169.866282
1787073170.051331
1787073170.220078
1787073170.387731
1787073170.560376
1787073170.727411
1787073170.894642
1787073171.066728
1787073171.242179
1787073171.413980
1787073171.586883
1787073171.761139
1787073171.928396
1787073172.101132
1787073172.268782
1787073172.434741
1787073172.607836
1787073172.781748
1787073172.955283
1787073173.123469
1787073173.296637
1787073173.473086
1787073173.645808
1787073173.813543
1787073173.987938
1787073174.163451
1787073174.332567
1787073174.501786
1787073174.678167
1787073174.856311
1787073175.030719
1787073175.198892
1787073175.368109
1787073175.544421
1787073175.724464
1787073175.901054
1787073176.077017
1787073176.250650
1787073176.419118
1787073176.597960
1787073176.770030
1787073176.940600
1787073177.114068
1787073177.288708
1787073177.467662
1787073177.636440
1787073177.810939
1787073177.980585
1787073178.154163
1787073178.329276
1787073178.501482
1787073178.667393
1787073178.839989
1787073179.011027
1787073179.182847
1787073179.361412
1787073179.536525
1787073179.714918
1787073179.881707
1787073180.051895
1787073180.221254
1787073180.393760
1787073180.559793
1787073180.736149
1787073180.910138
1787073181.079405
1787073181.251323
1787073181.426436
1787073181.594831
1787073181.763778
1787073181.930976
1787073182.104784
1787073182.278130
1787073182.452003
1787073182.627841
1787073182.803253
1787073182.975258
1787073183.150916
1787073183.318929
1787073183.493714
1787073183.668284
1787073183.842140
1787073184.012278
1787073184.186980
1787073184.362931
1787073184.538801
1787073184.712063
1787073184.885860
1787073185.062448
1787073185.236087
1787073185.407706
1787073185.582410
1787073185.756716
1787073185.925497
1787073186.100842
1787073186.271553
1787073186.446488
1787073186.620888
1787073186.795177
1787073186.973096
1787073187.142104
1787073187.310130
1787073187.485334
1787073187.660400
1787073187.828454
1787073188.004615
1787073188.175635
1787073188.349572
1787073188.527709
1787073188.703845
1787073188.884325
1787073189.062989
1787073189.239536
1787073189.415493
1787073189.595030
1787073189.773385
1787073189.947936
1787073190.126244
1787073190.299809
1787073190.472473
1787073190.646307
1787073190.822357
1787073190.995641
1787073191.174591
1787073191.344961
1787073191.517649
1787073191.683796
1787073191.853860
1787073192.029814
1787073192.196716
1787073192.374134
1787073192.541840
1787073192.713212
1787073192.886134
1787073193.061787
1787073193.229287
1787073193.403447
1787073193.575832
1787073193.746237
1787073193.919192
1787073194.096154
1787073194.269394
1787073194.447101
1787073194.626022
1787073194.794741
1787073194.962794
1787073195.136976
1787073195.315125
1787073195.483270
1787073195.651310
1787073195.826244
1787073196.001937
1787073196.168341
1787073196.342698
1787073196.516158
1787073196.689764
1787073196.862992
1787073197.030126
1787073197.196127
1787073197.371167
1787073197.546927
1787073197.719533
1787073197.895220
1787073198.073256
1787073198.239551
1787073198.416192
1787073198.583480
1787073198.758168
1787073198.925907
1787073199.102863
1787073199.269101
1787073199.441766
1787073199.607333
1787073199.772364
1787073199.944695
1787073200.117548
1787073200.292528
1787073200.461524
1787073200.627781
1787073200.799875
1787073200.970195
1787073201.132730
1787073201.301501
1787073201.474050
1787073201.649126
1787073201.823187
1787073201.990885
1787073202.159178
1787073202.335248
1787073202.504110
1787073202.682616
1787073202.868445
1787073203.048884
1787073203.227741
1787073203.406788
1787073203.591775
1787073203.779296
1787073203.963199
1787073204.146631
1787073204.331948
1787073204.511410
1787073204.692676
1787073204.872195
1787073205.057558
1787073205.236034
1787073205.423477
1787073205.602114
1787073205.780148
1787073205.951602
1787073206.131254
1787073206.312376
1787073206.491640
1787073206.671925
1787073206.853915
1787073207.031203
1787073207.209158
1787073207.387615
1787073207.573875
1787073207.756489
1787073207.943401
1787073208.122917
1787073208.304456
1787073208.483158
1787073208.660291
1787073208.840502
1787073209.015094
1787073209.192296
1787073209.374286
1787073209.552643
1787073209.733821
1787073209.914536
1787073210.096403
1787073210.284751
1787073210.463155
1787073210.640521
1787073210.823967
1787073211.005998
1787073211.181586
1787073211.361509
1787073211.536988
1787073211.723543
1787073211.904160
1787073212.078106
1787073212.250359
1787073212.431550
1787073212.610477
1787073212.786148
1787073212.964061
1787073213.141233
1787073213.322129
1787073213.499876
1787073213.677478
1787073213.852883
1787073214.029327
1787073214.209646
1787073214.394009
1787073214.572278
1787073214.746094
1787073214.918512
1787073215.097407
1787073215.276412
1787073215.456531
1787073215.638416
1787073215.819448
1787073215.992729
1787073216.172974
1787073216.349097
1787073216.529893
1787073216.710669
1787073216.892681
1787073217.073114
1787073217.250893
1787073217.430061
1787073217.607883
1787073217.788546
1787073217.968732
1787073218.141674
1787073218.319468
1787073218.497339
1787073218.668787
1787073218.848677
1787073219.024889
1787073219.197362
1787073219.371065
1787073219.545534
1787073219.720929
1787073219.893100
1787073220.067198
1787073220.246164
1787073220.425401
1787073220.601754
1787073220.777788
1787073220.960965
1787073221.140803
1787073221.313981
1787073221.490828
1787073221.670200
1787073221.849567
1787073222.029791
1787073222.203963
1787073222.381515
1787073222.561221
1787073222.738174
1787073222.916623
1787073223.098830
1787073223.276985
1787073223.450746
1787073223.628667
1787073223.800757
1787073223.979311
1787073224.158541
1787073224.338325
1787073224.517515
1787073224.696589
1787073224.870191
1787073225.044335
1787073225.217595
1787073225.390021
1787073225.568195
1787073225.748235
1787073225.926397
1787073226.097990
1787073226.277826
1787073226.450820
1787073226.634474
1787073226.811505
1787073226.983763
1787073227.156967
1787073227.334319
1787073227.511869
1787073227.690275
1787073227.867362
1787073228.038234
1787073228.214962
1787073228.388583
1787073228.565919
1787073228.743330
1787073228.924280
1787073229.099918
1787073229.278061
1787073229.450425
1787073229.619871
1787073229.786746
1787073229.958129
1787073230.128525
1787073230.293643
1787073230.463181
1787073230.627969
1787073230.796309
1787073230.960921
1787073231.131538
1787073231.300498
1787073231.465454
1787073231.638779
1787073231.808231
1787073231.981181
1787073232.152031
1787073232.319883
1787073232.486241
1787073232.651165
1787073232.815338
1787073232.979030
1787073233.148314
1787073233.316710
1787073233.481147
1787073233.645669
1787073233.809773
1787073233.979436
1787073234.143386
1787073234.312103
1787073234.479975
1787073234.643291
1787073234.813784
1787073234.989679
1787073235.160141
1787073235.330562
1787073235.495312
1787073235.667552
1787073235.838498
1787073236.009352
1787073236.182108
1787073236.353911
1787073236.524837
1787073236.689787
1787073236.859837
1787073237.021761
1787073237.195664
1787073237.367183
1787073237.537671
1787073237.703380
1787073237.869522
1787073238.035230
1787073238.210740
1787073238.375216
1787073238.540292
1787073238.707536
1787073238.878753
1787073239.049217
1787073239.219249
1787073239.393499
1787073239.565222
1787073239.733844
1787073239.905702
1787073240.077880
1787073240.240223
1787073240.414320
1787073240.585968
1787073240.751823
1787073240.917680
1787073241.088756
1787073241.260756
1787073241.430559
1787073241.602527
1787073241.772390
1787073241.946046
1787073242.115499
1787073242.283754
1787073242.470950
1787073242.650164
1787073242.833339
1787073243.013247
1787073243.188778
1787073243.370968
1787073243.550303
1787073243.731723
1787073243.911430
1787073244.092772
1787073244.284552
1787073244.469339
1787073244.656090
1787073244.841006
1787073245.021553
1787073245.203673
1787073245.385672
1787073245.569333
1787073245.746216
1787073245.921240
1787073246.100544
1787073246.282324
1787073246.461229
1787073246.643538
1787073246.828661
1787073247.017457
1787073247.199123
1787073247.380278
1787073247.561718
1787073247.749504
1787073247.928566
1787073248.108645
1787073248.290590
1787073248.463593
1787073248.641555
1787073248.818526
1787073248.998743
1787073249.182691
1787073249.365187
1787073249.547671
1787073249.723451
1787073249.907224
1787073250.089395
1787073250.275284
1787073250.451106
1787073250.620586
1787073250.796646
1787073250.969988
1787073251.144945
1787073251.319612
1787073251.487919
1787073251.660422
1787073251.831707
1787073251.999139
1787073252.162749
1787073252.329648
1787073252.502440
1787073252.678294
1787073252.844080
1787073253.018347
1787073253.185196
1787073253.359750
1787073253.526093
1787073253.702628
1787073253.871399
1787073254.047654
1787073254.216375
1787073254.392211
1787073254.567876
1787073254.740316
1787073254.911130
1787073255.085683
1787073255.259011
1787073255.433519
1787073255.600697
1787073255.768507
1787073255.944093
1787073256.114675
1787073256.288018
1787073256.460745
1787073256.632883
1787073256.806606
1787073256.973629
1787073257.146935
1787073257.319959
1787073257.495485
1787073257.659869
1787073257.834725
1787073258.002126
1787073258.169417
1787073258.346892
1787073258.513852
1787073258.680816
1787073258.854983
1787073259.020563
1787073259.188586
1787073259.362447
1787073259.527769
1787073259.700659
1787073259.871494
1787073260.038155
1787073260.204117
1787073260.377904
1787073260.550196
1787073260.723207
1787073260.896338
1787073261.074697
1787073261.242100
1787073261.408718
1787073261.581706
1787073261.754475
1787073261.919918
1787073262.092990
1787073262.258977
1787073262.432577
1787073262.608770
1787073262.783112
1787073262.954681
1787073263.127608
1787073263.302198
1787073263.478149
1787073263.647449
1787073263.812836
1787073263.978894
1787073264.152451
1787073264.319549
1787073264.492930
1787073264.666773
1787073264.833476
1787073265.006260
1787073265.177545
1787073265.344705
1787073265.514092
1787073265.691185
1787073265.862694
1787073266.030287
1787073266.194213
1787073266.367164
1787073266.533399
1787073266.703715
1787073266.873799
1787073267.041824
1787073267.212041
1787073267.383937
1787073267.550448
1787073267.728013
1787073267.893482
1787073268.065675
1787073268.235942
1787073268.402812
1787073268.569800
1787073268.740426
1787073268.912162
1787073269.088102
1787073269.255677
1787073269.424766
1787073269.599793
1787073269.766730
1787073269.932215
1787073270.109672
1787073270.273601
1787073270.438427
1787073270.610434
1787073270.777434
1787073270.949941
1787073271.123669
1787073271.289191
1787073271.460139
1787073271.631475
1787073271.804320
1787073271.969100
1787073272.139037
1787073272.305277
1787073272.477142
1787073272.648730
1787073272.818465
1787073272.990975
1787073273.164253
1787073273.332338
1787073273.503484
1787073273.674464
1787073273.839333
1787073274.014177
1787073274.186928
1787073274.358056
1787073274.526298
1787073274.701396
1787073274.873475
1787073275.043352
1787073275.209284
1787073275.378291
1787073275.542862
1787073275.714524
1787073275.885191
1787073276.058786
1787073276.224513
1787073276.395213
1787073276.561349
1787073276.733816
1787073276.905486
1787073277.071920
1787073277.244960
1787073277.420732
1787073277.591613
1787073277.767592
1787073277.941528
1787073278.113554
1787073278.290535
1787073278.463020
1787073278.636110
1787073278.808177
1787073278.978735
1787073279.144161
1787073279.317015
1787073279.490575
1787073279.661761
1787073279.826323
1787073279.996129
1787073280.162028
1787073280.336164
1787073280.503004
1787073280.669549
1787073280.845001
1787073281.018437
1787073281.183813
1787073281.357071
1787073281.529907
1787073281.702930
1787073281.870012
1787073282.037549
1787073282.204088
1787073282.379107
1787073282.556478
1787073282.725450
1787073282.896671
1787073283.068346
1787073283.239889
1787073283.411332
1787073283.576749
1787073283.748772
1787073283.915470
1787073284.088389
1787073284.259517
1787073284.431517
1787073284.596640
1787073284.767774
1787073284.937052
1787073285.108850
1787073285.278543
1787073285.445615
1787073285.616321
1787073285.786855
1787073285.959521
1787073286.126350
1787073286.287184
1787073286.457984
1787073286.630244
1787073286.799524
1787073286.971812
1787073287.143835
1787073287.318258
1787073287.487932
1787073287.660450
1787073287.831278
1787073287.997097
1787073288.167820
1787073288.337557
1787073288.501856
1787073288.668909
1787073288.838645
1787073289.010450
1787073289.182852
1787073289.358219
1787073289.521721
1787073289.694124
1787073289.858533
1787073290.023650
1787073290.194787
1787073290.359092
1787073290.531686
1787073290.696206
1787073290.865703
1787073291.034959
1787073291.199004
1787073291.369435
1787073291.536172
1787073291.707645
1787073291.875510
1787073292.044914
1787073292.210302
1787073292.372746
1787073292.541967
1787073292.712503
1787073292.875609
1787073293.044290
1787073293.209338
1787073293.379514
1787073293.546741
1787073293.710972
1787073293.881400
1787073294.045691
1787073294.208823
1787073294.378934
1787073294.553743
1787073294.718297
1787073294.881700
1787073295.049254
1787073295.219585
1787073295.386479
1787073295.550766
1787073295.715146
1787073295.883332
1787073296.052868
1787073296.215345
1787073296.376067
1787073296.539660
1787073296.709776
1787073296.878925
1787073297.050682
1787073297.222101
1787073297.384045
1787073297.548831
1787073297.719026
1787073297.890883
1787073298.062262
1787073298.237886
1787073298.408295
1787073298.579180
1787073298.753135
1787073298.918423
1787073299.116269
1787073299.303316
1787073299.482171
1787073299.661244
1787073299.846222
1787073300.034865
1787073300.221718
1787073300.405770
1787073300.598108
1787073300.778119
1787073300.966054
1787073301.148890
1787073301.331477
1787073301.514861
1787073301.704724
1787073301.888913
1787073302.072270
1787073302.257939
1787073302.445404
1787073302.632421
1787073302.821580
1787073303.007200
1787073303.190062
1787073303.373433
1787073303.557352
1787073303.737428
1787073303.925937
1787073304.111116
1787073304.295482
1787073304.481390
1787073304.668068
1787073304.851251
1787073305.034042
1787073305.220655
1787073305.406755
1787073305.588901
1787073305.774793
1787073305.959944
1787073306.139086
1787073306.331431
1787073306.516054
1787073306.703141
1787073306.881056
1787073307.061273
1787073307.246415
1787073307.424276
1787073307.610202
1787073307.788759
1787073307.965519
1787073308.140110
1787073308.321333
1787073308.506439
1787073308.678407
1787073308.860879
1787073309.039014
1787073309.227099
1787073309.412116
1787073309.590621
1787073309.769337
1787073309.952910
1787073310.134754
1787073310.318623
1787073310.501741
1787073310.685211
1787073310.865134
1787073311.042640
1787073311.217948
1787073311.394274
1787073311.573878
1787073311.751853
1787073311.924543
1787073312.101371
1787073312.282241
1787073312.456320
1787073312.634800
1787073312.808691
1787073312.989175
1787073313.167076
1787073313.341872
1787073313.519517
1787073313.693215
1787073313.876163
1787073314.051740
1787073314.236363
1787073314.416344
1787073314.590134
1787073314.768114
1787073314.943976
1787073315.125955
1787073315.307407
1787073315.486596
1787073315.668769
1787073315.848741
1787073316.026032
1787073316.211551
1787073316.393215
1787073316.573866
1787073316.747861
1787073316.926064
1787073317.106822
1787073317.282907
1787073317.462457
1787073317.637770
1787073317.814673
1787073317.995944
1787073318.175900
1787073318.350885
1787073318.526435
1787073318.701953
1787073318.881948
1787073319.056916
1787073319.234863
1787073319.414053
1787073319.595928
1787073319.777059
1787073319.955205
1787073320.133609
1787073320.316138
1787073320.497884
1787073320.678018
1787073320.859036
1787073321.035648
1787073321.217003
1787073321.404352
1787073321.581831
1787073321.754478
1787073321.928987
1787073322.112366
1787073322.295891
1787073322.474439
1787073322.658984
1787073322.839064
1787073323.020982
1787073323.197387
1787073323.378900
1787073323.561015
1787073323.741468
1787073323.925544
1787073324.102159
1787073324.281146
1787073324.466091
1787073324.645452
1787073324.830897
1787073325.007573
1787073325.190325
1787073325.374789
1787073325.559269
1787073325.742764
1787073325.927966
1787073326.104060
1787073326.291246
1787073326.466677
1787073326.651127
1787073326.834500
1787073327.011344
1787073327.195343
1787073327.383031
1787073327.561630
1787073327.742597
1787073327.927091
1787073328.111695
1787073328.296952
1787073328.478652
1787073328.660626
1787073328.844467
1787073329.027038
1787073329.209825
1787073329.386006
1787073329.568845
1787073329.746800
1787073329.929657
1787073330.114985
1787073330.293905
1787073330.480368
1787073330.668861
1787073330.853143
1787073331.034295
1787073331.214800
1787073331.397441
1787073331.577252
1787073331.755272
1787073331.940406
1787073332.120741
1787073332.305048
1787073332.485476
1787073332.670672
1787073332.855265
1787073333.040353
1787073333.224730
1787073333.410512
1787073333.593524
1787073333.774859
1787073333.955712
1787073334.143830
1787073334.329572
1787073334.510974
1787073334.701454
1787073334.885314
1787073335.065364
1787073335.246084
1787073335.432727
1787073335.618517
1787073335.803248
1787073335.991045
1787073336.172004
1787073336.354774
1787073336.535351
1787073336.724675
1787073336.908787
1787073337.094548
1787073337.280516
1787073337.465542
1787073337.658746
1787073337.846623
1787073338.031863
1787073338.215806
1787073338.399806
1787073338.587454
1787073338.773130
1787073338.961926
1787073339.145693
1787073339.337848
1787073339.524700
1787073339.713580
1787073339.902083
1787073340.086260
1787073340.271910
1787073340.459104
1787073340.656708
1787073340.840413
1787073341.024293
1787073341.210281
1787073341.394650
1787073341.580734
1787073341.770285
1787073341.957931
1787073342.149470
1787073342.330787
1787073342.512952
1787073342.707887
1787073342.896794
1787073343.084170
1787073343.269651
1787073343.452121
1787073343.636601
1787073343.822198
1787073344.005619
1787073344.186810
1787073344.374566
1787073344.561231
1787073344.748106
1787073344.939129
1787073345.124944
1787073345.314265
1787073345.501499
1787073345.683123
1787073345.869065
1787073346.056895
1787073346.242634
1787073346.431143
1787073346.612496
1787073346.794492
1787073346.976730
1787073347.163559
1787073347.348195
1787073347.528584
1787073347.714411
1787073347.899593
1787073348.075043
1787073348.268452
1787073348.450439
1787073348.638449
1787073348.827778
1787073349.014287
1787073349.197654
1787073349.390986
1787073349.577249
1787073349.756597
1787073349.946461
1787073350.144501
1787073350.318148
1787073350.505351
1787073350.692760
1787073350.880789
1787073351.069032
1787073351.258103
1787073351.445825
1787073351.628273
1787073351.816528
1787073352.003371
1787073352.188918
1787073352.378299
1787073352.560872
1787073352.751846
1787073352.937009
1787073353.125927
1787073353.312856
1787073353.497050
1787073353.682472
1787073353.873447
1787073354.065629
1787073354.257558
1787073354.449726
1787073354.631971
1787073354.823178
1787073355.006139
1787073355.188965
1787073355.374250
1787073355.557158
1787073355.740310
1787073355.926432
1787073356.114835
1787073356.307228
1787073356.490284
1787073356.669978
1787073356.859928
1787073357.046041
1787073357.230336
1787073357.419368
