1787073642.081848
1787073642.237247
1787073642.390437
1787073642.536251
1787073642.682103
1787073642.829273
1787073642.977583
1787073643.126096
1787073643.273941
1787073643.422915
1787073643.581178
1787073643.732575
1787073643.893623
1787073644.054899
1787073644.210860
1787073644.366548
1787073644.516182
1787073644.664639
1787073644.814385
1787073644.965794
1787073645.114694
1787073645.262957
1787073645.420943
1787073645.570234
1787073645.720804
1787073645.868668
1787073646.027701
1787073646.173919
1787073646.329069
1787073646.476064
1787073646.625556
1787073646.771971
1787073646.918738
1787073647.064439
1787073647.222535
1787073647.366073
1787073647.514792
1787073647.661870
1787073647.818332
1787073647.965810
1787073648.128141
1787073648.277456
1787073648.426341
1787073648.573986
1787073648.722803
1787073648.870244
1787073649.025414
1787073649.175865
1787073649.324313
1787073649.472695
1787073649.621111
1787073649.770600
1787073649.924490
1787073650.072617
1787073650.225693
1787073650.381397
1787073650.529483
1787073650.683385
1787073650.829693
1787073650.974303
1787073651.121468
1787073651.267049
1787073651.412727
1787073651.561953
1787073651.709989
1787073651.863229
1787073652.009397
1787073652.161704
1787073652.306953
1787073652.458982
1787073652.610685
1787073652.761393
1787073652.906332
1787073653.059129
1787073653.204138
1787073653.356907
1787073653.508900
1787073653.658474
1787073653.808223
1787073653.958787
1787073654.110998
1787073654.264130
1787073654.409626
1787073654.560025
1787073654.713549
1787073654.861466
1787073655.007362
1787073655.151393
1787073655.297407
1787073655.441719
1787073655.593829
1787073655.739395
1787073655.888296
1787073656.033761
1787073656.178841
1787073656.328922
1787073656.478859
1787073656.631414
1787073656.776139
1787073656.932301
1787073657.080869
1787073657.234229
1787073657.379194
1787073657.530951
1787073657.683369
1787073657.835888
1787073657.981100
1787073658.137403
1787073658.283066
1787073658.436324
1787073658.583097
1787073658.737093
1787073658.884429
1787073659.030804
1787073659.183804
1787073659.329482
1787073659.481782
1787073659.636083
1787073659.784837
1787073659.930993
1787073660.078737
1787073660.225247
1787073660.378853
1787073660.532552
1787073660.685267
1787073660.833421
1787073660.981598
1787073661.128255
1787073661.282015
1787073661.436610
1787073661.583835
1787073661.737505
1787073661.892173
1787073662.047271
1787073662.194574
1787073662.341732
1787073662.490467
1787073662.638994
1787073662.787148
1787073662.935354
1787073663.088963
1787073663.243696
1787073663.401820
1787073663.557282
1787073663.710995
1787073663.867106
1787073664.017009
1787073664.165898
1787073664.324077
1787073664.474014
1787073664.626514
1787073664.779536
1787073664.930347
1787073665.082981
1787073665.238634
1787073665.392873
1787073665.552084
1787073665.704069
1787073665.856204
1787073666.010085
1787073666.165465
1787073666.326880
1787073666.488410
1787073666.644116
1787073666.799761
1787073666.962777
1787073667.124850
1787073667.286324
1787073667.449537
1787073667.613123
1787073667.775555
1787073667.939634
1787073668.095345
1787073668.251907
1787073668.415386
1787073668.576841
1787073668.740055
1787073668.897224
1787073669.058803
1787073669.223307
1787073669.387981
1787073669.551695
1787073669.716770
1787073669.874631
1787073670.030406
1787073670.193696
1787073670.359099
1787073670.519232
1787073670.676982
1787073670.839790
1787073670.997325
1787073671.155841
1787073671.320640
1787073671.479296
1787073671.644837
1787073671.804850
1787073671.979925
1787073672.136767
1787073672.300884
1787073672.464438
1787073672.627389
1787073672.796197
1787073672.963076
1787073673.125885
1787073673.288129
1787073673.454998
1787073673.626849
1787073673.792401
1787073673.955511
1787073674.129156
1787073674.298874
1787073674.461021
1787073674.628131
1787073674.793702
1787073674.960634
1787073675.134028
1787073675.294589
1787073675.463568
1787073675.626308
1787073675.795183
1787073675.956685
1787073676.125201
1787073676.289966
1787073676.453549
1787073676.615575
1787073676.783448
1787073676.948094
1787073677.113034
1787073677.281801
1787073677.449425
1787073677.610972
1787073677.782235
1787073677.945217
1787073678.104820
1787073678.275956
1787073678.445690
1787073678.614651
1787073678.776543
1787073678.948040
1787073679.110725
1787073679.279811
1787073679.448935
1787073679.614141
1787073679.783362
1787073679.954170
1787073680.126988
1787073680.298041
1787073680.469333
1787073680.638979
1787073680.809316
1787073680.979858
1787073681.152214
1787073681.324236
1787073681.488866
1787073681.653099
1787073681.824853
1787073681.987266
1787073682.150748
1787073682.314224
1787073682.486678
1787073682.650035
1787073682.819229
1787073682.982699
1787073683.152831
1787073683.320011
1787073683.490721
1787073683.665370
1787073683.829118
1787073683.993596
1787073684.159702
1787073684.331444
1787073684.503483
1787073684.674198
1787073684.836697
1787073684.999568
1787073685.162924
1787073685.329454
1787073685.491539
1787073685.654525
1787073685.823207
1787073685.994086
1787073686.162870
1787073686.330569
1787073686.501367
1787073686.663040
1787073686.831315
1787073687.001377
1787073687.171664
1787073687.338056
1787073687.512217
1787073687.684238
1787073687.848004
1787073688.020680
1787073688.184338
1787073688.350432
1787073688.517352
1787073688.686757
1787073688.852720
1787073689.022093
1787073689.191810
1787073689.356036
1787073689.519471
1787073689.683928
1787073689.848130
1787073690.012674
1787073690.176650
1787073690.339769
1787073690.503435
1787073690.672134
1787073690.835490
1787073691.002881
1787073691.166695
1787073691.337591
1787073691.502133
1787073691.665659
1787073691.834846
1787073692.003751
1787073692.167174
1787073692.338925
1787073692.510462
1787073692.682276
1787073692.847620
1787073693.017488
1787073693.181589
1787073693.345556
1787073693.513594
1787073693.686644
1787073693.852507
1787073694.022746
1787073694.192559
1787073694.356185
1787073694.526509
1787073694.689586
1787073694.859906
1787073695.024324
1787073695.189747
1787073695.362914
1787073695.528027
1787073695.699018
1787073695.868753
1787073696.038068
1787073696.202335
1787073696.371088
1787073696.536183
1787073696.707247
1787073696.870704
1787073697.039936
1787073697.213643
1787073697.382228
1787073697.549286
1787073697.715590
1787073697.881578
1787073698.052421
1787073698.218412
1787073698.386707
1787073698.555727
1787073698.726543
1787073698.889825
1787073699.060395
1787073699.225494
1787073699.393159
1787073699.559571
1787073699.725526
1787073699.898953
1787073700.065829
1787073700.232148
1787073700.408816
1787073700.571481
1787073700.742435
1787073700.913875
1787073701.084577
1787073701.252948
1787073701.423317
1787073701.592290
1787073701.755947
1787073701.919978
1787073702.090464
1787073702.261357
1787073702.428785
1787073702.600520
1787073702.767528
1787073702.937999
1787073703.113870
1787073703.288794
1787073703.460998
1787073703.629896
1787073703.802457
1787073703.977219
1787073704.147241
1787073704.314249
1787073704.485827
1787073704.652017
1787073704.824961
1787073705.001013
1787073705.172145
1787073705.340402
1787073705.513599
1787073705.687265
1787073705.865427
1787073706.032515
1787073706.208338
1787073706.385522
1787073706.552644
1787073706.719690
1787073706.892942
1787073707.065233
1787073707.235734
1787073707.401421
1787073707.574118
1787073707.740894
1787073707.903437
1787073708.070901
1787073708.234702
1787073708.403738
1787073708.572342
1787073708.739761
1787073708.906407
1787073709.085107
1787073709.256881
1787073709.422154
1787073709.595349
1787073709.768206
1787073709.934372
1787073710.100530
1787073710.269374
1787073710.440926
1787073710.613797
1787073710.785734
1787073710.955933
1787073711.123080
1787073711.296820
1787073711.461680
1787073711.627374
1787073711.799932
1787073711.972406
1787073712.145912
1787073712.317207
1787073712.487116
1787073712.659005
1787073712.830889
1787073713.000942
1787073713.166221
1787073713.337246
1787073713.509889
1787073713.679299
1787073713.851392
1787073714.029352
1787073714.196786
1787073714.370383
1787073714.545513
1787073714.718057
1787073714.890813
1787073715.055583
1787073715.230917
1787073715.409113
1787073715.577349
1787073715.748612
1787073715.929677
1787073716.111018
1787073716.283506
1787073716.458591
1787073716.633488
1787073716.803541
1787073716.981410
1787073717.156147
1787073717.329558
1787073717.502615
1787073717.676298
1787073717.853824
1787073718.022942
1787073718.195070
1787073718.360873
1787073718.533521
1787073718.708324
1787073718.889946
1787073719.059024
1787073719.230463
1787073719.404492
1787073719.576287
1787073719.748032
1787073719.920487
1787073720.095528
1787073720.270945
1787073720.449877
1787073720.628685
1787073720.806795
1787073720.975386
1787073721.143448
1787073721.319587
1787073721.490252
1787073721.662176
1787073721.834886
1787073722.008076
1787073722.181879
1787073722.350856
1787073722.527227
1787073722.707077
1787073722.885264
1787073723.064532
1787073723.245004
1787073723.428830
1787073723.611944
1787073723.789412
1787073723.967429
1787073724.144488
1787073724.324452
1787073724.499582
1787073724.676520
1787073724.848372
1787073725.020285
1787073725.200923
1787073725.377187
1787073725.550608
1787073725.721848
1787073725.895796
1787073726.065811
1787073726.239751
1787073726.417289
1787073726.583479
1787073726.755560
1787073726.926109
1787073727.091434
1787073727.265508
1787073727.442915
1787073727.618616
1787073727.786400
1787073727.962008
1787073728.140458
1787073728.306911
1787073728.481850
1787073728.658336
1787073728.826980
1787073729.001643
1787073729.178620
1787073729.354145
1787073729.521213
1787073729.698123
1787073729.873497
1787073730.048165
1787073730.217670
1787073730.386095
1787073730.560415
1787073730.738671
1787073730.910145
1787073731.082556
1787073731.260679
1787073731.430916
1787073731.606483
1787073731.783684
1787073731.969813
1787073732.138680
1787073732.316506
1787073732.497114
1787073732.673580
1787073732.852910
1787073733.030649
1787073733.209924
1787073733.390300
1787073733.565506
1787073733.729501
1787073733.927432
1787073734.094349
1787073734.264398
1787073734.434500
1787073734.605141
1787073734.777177
1787073734.945994
1787073735.118494
1787073735.283553
1787073735.463134
1787073735.632720
1787073735.815247
1787073735.983650
1787073736.151083
1787073736.326281
1787073736.507778
1787073736.690397
1787073736.870696
1787073737.051598
1787073737.227810
1787073737.411396
1787073737.596352
1787073737.773924
1787073737.954899
1787073738.133267
1787073738.311659
1787073738.494354
1787073738.672047
1787073738.853256
1787073739.026069
1787073739.203556
1787073739.378166
1787073739.549693
1787073739.725210
1787073739.905868
1787073740.080716
1787073740.259940
1787073740.438680
1787073740.618021
1787073740.789726
1787073740.972599
1787073741.146032
1787073741.316070
1787073741.492609
1787073741.678380
1787073741.856053
1787073742.035610
1787073742.215199
1787073742.391136
1787073742.568496
1787073742.748005
1787073742.925147
1787073743.108114
1787073743.288532
1787073743.464284
1787073743.641128
1787073743.820216
1787073743.997418
1787073744.169144
1787073744.347372
1787073744.518368
1787073744.695415
1787073744.869535
1787073745.036555
1787073745.205017
1787073745.379211
1787073745.550858
1787073745.722964
1787073745.900574
1787073746.076872
1787073746.246022
1787073746.418977
1787073746.592162
1787073746.770923
1787073746.946967
1787073747.121934
1787073747.299815
1787073747.478044
1787073747.649557
1787073747.825468
1787073747.994786
1787073748.173477
1787073748.351120
1787073748.526163
1787073748.702734
1787073748.876571
1787073749.050515
1787073749.237368
1787073749.406420
1787073749.581300
1787073749.759172
1787073749.932093
1787073750.101978
1787073750.270864
1787073750.443384
1787073750.618365
1787073750.787470
1787073750.956101
1787073751.125403
1787073751.295944
1787073751.469540
1787073751.638507
1787073751.814647
1787073751.987892
1787073752.163607
1787073752.342369
1787073752.508655
1787073752.683514
1787073752.850994
1787073753.031874
1787073753.209795
1787073753.386064
1787073753.554319
1787073753.724793
1787073753.899850
1787073754.080080
1787073754.249291
1787073754.419266
1787073754.594290
1787073754.769513
1787073754.942369
1787073755.113496
1787073755.295171
1787073755.463727
1787073755.638511
1787073755.816079
1787073755.985713
1787073756.156001
1787073756.333026
1787073756.508876
1787073756.685955
1787073756.859029
1787073757.031825
1787073757.209241
1787073757.387569
1787073757.557850
1787073757.726303
1787073757.900520
1787073758.074590
1787073758.250961
1787073758.420846
1787073758.593906
1787073758.761361
1787073758.932920
1787073759.103346
1787073759.270618
1787073759.447809
1787073759.623409
1787073759.791503
1787073759.967718
1787073760.144376
1787073760.321054
1787073760.492369
1787073760.665789
1787073760.841006
1787073761.015517
1787073761.186710
1787073761.362854
1787073761.545738
1787073761.715307
1787073761.891970
1787073762.069047
1787073762.242489
1787073762.414156
1787073762.594767
1787073762.770966
1787073762.941909
1787073763.119212
1787073763.295733
1787073763.472160
1787073763.649811
1787073763.820391
1787073763.990516
1787073764.166925
1787073764.338869
1787073764.512348
1787073764.688967
1787073764.861894
1787073765.037813
1787073765.207345
1787073765.378443
1787073765.551944
1787073765.725605
1787073765.904817
1787073766.074833
1787073766.241617
1787073766.415673
1787073766.587130
1787073766.761622
1787073766.932011
1787073767.100442
1787073767.272677
1787073767.447513
1787073767.619710
1787073767.796293
1787073767.969472
1787073768.142165
1787073768.313292
1787073768.488820
1787073768.659194
1787073768.827088
1787073769.001789
1787073769.169082
1787073769.348885
1787073769.520009
1787073769.685822
1787073769.853490
1787073770.019584
1787073770.186158
1787073770.355733
1787073770.520769
1787073770.692508
1787073770.858635
1787073771.026839
1787073771.198901
1787073771.370869
1787073771.543304
1787073771.720575
1787073771.888884
1787073772.054770
1787073772.227449
1787073772.398500
1787073772.563214
1787073772.733557
1787073772.901639
1787073773.072698
1787073773.247963
1787073773.413659
1787073773.577051
1787073773.747438
1787073773.917070
1787073774.090714
1787073774.261464
1787073774.439521
1787073774.614955
1787073774.787436
1787073774.961620
1787073775.133937
1787073775.300910
1787073775.471015
1787073775.642934
1787073775.811266
1787073775.975681
1787073776.144488
1787073776.309694
1787073776.478214
1787073776.641598
1787073776.811190
1787073776.981982
1787073777.146187
1787073777.317842
1787073777.486773
1787073777.657017
1787073777.822174
1787073777.987410
1787073778.158839
1787073778.323276
1787073778.489178
1787073778.654104
1787073778.825812
1787073778.994999
1787073779.160543
1787073779.331157
1787073779.500549
1787073779.667721
1787073779.836769
1787073780.002542
1787073780.171887
1787073780.339477
1787073780.511401
1787073780.684769
1787073780.850540
1787073781.025260
1787073781.191334
1787073781.362610
1787073781.526120
1787073781.695167
1787073781.861483
1787073782.032067
1787073782.197828
1787073782.362818
1787073782.527348
1787073782.699611
1787073782.868497
1787073783.034645
1787073783.206104
1787073783.377435
1787073783.553989
1787073783.727078
1787073783.898425
1787073784.065857
1787073784.235191
1787073784.401459
1787073784.567487
1787073784.736123
1787073784.905607
1787073785.076358
1787073785.250856
1787073785.426976
1787073785.594806
1787073785.769459
1787073785.943862
1787073786.117841
1787073786.276029
1787073786.452912
1787073786.615968
1787073786.787869
1787073786.961151
1787073787.124725
1787073787.301035
1787073787.471089
1787073787.642642
1787073787.811663
1787073787.982898
1787073788.151077
1787073788.315896
1787073788.486462
1787073788.649797
1787073788.823700
1787073788.990477
1787073789.165199
1787073789.335863
1787073789.507282
1787073789.677013
1787073789.850502
1787073790.020644
1787073790.186539
1787073790.351346
1787073790.523684
1787073790.691434
1787073790.860740
1787073791.031757
1787073791.198491
1787073791.367252
1787073791.550534
1787073791.711471
1787073791.883076
1787073792.054587
1787073792.216785
1787073792.386867
1787073792.559246
1787073792.726572
1787073792.891729
1787073793.061522
1787073793.232882
1787073793.398453
1787073793.568870
1787073793.741890
1787073793.912244
1787073794.077576
1787073794.250225
1787073794.419268
1787073794.588429
1787073794.759286
1787073794.926975
1787073795.093133
1787073795.265343
1787073795.436072
1787073795.602632
1787073795.765811
1787073795.931392
1787073796.103340
1787073796.272578
1787073796.444996
1787073796.618876
1787073796.794927
1787073796.963408
1787073797.129838
1787073797.307352
1787073797.472131
1787073797.638491
1787073797.808384
1787073797.973868
1787073798.143497
1787073798.308628
1787073798.480220
1787073798.642877
1787073798.813505
1787073798.982940
1787073799.150637
1787073799.317547
1787073799.479161
1787073799.649934
1787073799.820588
1787073799.989035
1787073800.159345
1787073800.329483
1787073800.502298
1787073800.673688
1787073800.847468
1787073801.010364
1787073801.178112
1787073801.344021
1787073801.510061
1787073801.677017
1787073801.842370
1787073802.008575
1787073802.174052
1787073802.345313
1787073802.518147
1787073802.684286
1787073802.854955
1787073803.025369
1787073803.198687
1787073803.363570
1787073803.531431
1787073803.703397
1787073803.869658
1787073804.036943
1787073804.202193
1787073804.374000
1787073804.540106
1787073804.709829
1787073804.880228
1787073805.045182
1787073805.220906
1787073805.387503
1787073805.563577
1787073805.739009
1787073805.904798
1787073806.079516
1787073806.253544
1787073806.423795
1787073806.594857
1787073806.769991
1787073806.947006
1787073807.123586
1787073807.302989
1787073807.472329
1787073807.644433
1787073807.820417
1787073807.990342
1787073808.169464
1787073808.335704
1787073808.510807
1787073808.678864
1787073808.852797
1787073809.021973
1787073809.206904
1787073809.373785
1787073809.541773
1787073809.719123
1787073809.893806
1787073810.068862
1787073810.245245
1787073810.420291
1787073810.589671
1787073810.772933
1787073810.963023
1787073811.147470
1787073811.336906
1787073811.528038
1787073811.709681
1787073811.889480
1787073812.072201
1787073812.253379
1787073812.436104
1787073812.618417
1787073812.805176
1787073812.994964
1787073813.179366
1787073813.361985
1787073813.538827
1787073813.731610
1787073813.911016
1787073814.091210
1787073814.284069
1787073814.471159
1787073814.665520
1787073814.851579
1787073815.037231
1787073815.225255
1787073815.404655
1787073815.590682
1787073815.772533
1787073815.957827
1787073816.141765
1787073816.328331
1787073816.511657
1787073816.700574
1787073816.879572
1787073817.057840
1787073817.248428
1787073817.434517
1787073817.620048
1787073817.797850
1787073817.979991
1787073818.166521
1787073818.344945
1787073818.532701
1787073818.719023
1787073818.901246
1787073819.082238
1787073819.259568
1787073819.434588
1787073819.621552
1787073819.798859
1787073819.983334
1787073820.159743
1787073820.337767
1787073820.520404
1787073820.697880
1787073820.877241
1787073821.058443
1787073821.241774
1787073821.423228
1787073821.604887
1787073821.779294
1787073821.959023
1787073822.141697
1787073822.330682
1787073822.505244
1787073822.677572
1787073822.857984
1787073823.029782
1787073823.205164
1787073823.387784
1787073823.564507
1787073823.737885
1787073823.918274
1787073824.092758
1787073824.272590
1787073824.452272
1787073824.636203
1787073824.816552
1787073824.989497
1787073825.163875
1787073825.341009
1787073825.517013
1787073825.693173
1787073825.875157
1787073826.051682
1787073826.236947
1787073826.411279
1787073826.592719
1787073826.766935
1787073826.944226
1787073827.119987
1787073827.297314
1787073827.476106
1787073827.657806
1787073827.840126
1787073828.018218
1787073828.203500
1787073828.378055
1787073828.557778
1787073828.737512
1787073828.916879
1787073829.094304
1787073829.275357
1787073829.454659
1787073829.636296
1787073829.816453
1787073829.996785
1787073830.176835
1787073830.351886
1787073830.531652
1787073830.717542
1787073830.892789
1787073831.067856
1787073831.250234
1787073831.430956
1787073831.611776
1787073831.797138
1787073831.977500
1787073832.153850
1787073832.333717
1787073832.515840
1787073832.695928
1787073832.876525
1787073833.049263
1787073833.231233
1787073833.404160
1787073833.585222
1787073833.761609
1787073833.935116
1787073834.108271
1787073834.280316
1787073834.463906
1787073834.642704
1787073834.821205
1787073835.007133
1787073835.185955
1787073835.366532
1787073835.548071
1787073835.729396
1787073835.906839
1787073836.085664
1787073836.267619
1787073836.439231
1787073836.618358
1787073836.798853
1787073836.979200
1787073837.160539
1787073837.332433
1787073837.515635
1787073837.689768
1787073837.863115
1787073838.037842
1787073838.218551
1787073838.395158
1787073838.577170
1787073838.756340
1787073838.936190
1787073839.116547
1787073839.291484
1787073839.471242
1787073839.649154
1787073839.831485
1787073840.014335
1787073840.208521
1787073840.388486
1787073840.565974
1787073840.736284
1787073840.912645
1787073841.091153
1787073841.269988
1787073841.446401
1787073841.615880
1787073841.786869
1787073841.967075
1787073842.145035
1787073842.323504
1787073842.498298
1787073842.678027
1787073842.849854
1787073843.026307
1787073843.204190
1787073843.372637
1787073843.549667
1787073843.727698
1787073843.903990
1787073844.084007
1787073844.260851
1787073844.430810
1787073844.600268
1787073844.777739
1787073844.954917
1787073845.129798
1787073845.306014
1787073845.480998
1787073845.651371
1787073845.830454
1787073846.008178
1787073846.184509
1787073846.364013
1787073846.537770
1787073846.719298
1787073846.895146
1787073847.069445
1787073847.248513
1787073847.428369
1787073847.610697
1787073847.786003
1787073847.964106
1787073848.150240
1787073848.338569
1787073848.528478
1787073848.711518
1787073848.890411
1787073849.079294
1787073849.265105
1787073849.452046
1787073849.636698
1787073849.818605
1787073850.003827
1787073850.189135
1787073850.379820
1787073850.569187
1787073850.758079
1787073850.942326
1787073851.128927
1787073851.319769
1787073851.500741
1787073851.679500
1787073851.867845
1787073852.049695
1787073852.234059
1787073852.411888
1787073852.597430
1787073852.781004
1787073852.987182
1787073853.166145
1787073853.344904
1787073853.521529
1787073853.706438
1787073853.890515
1787073854.067301
1787073854.252004
1787073854.437770
1787073854.615553
1787073854.792934
1787073854.975708
1787073855.155665
1787073855.336307
1787073855.515597
1787073855.695226
1787073855.876593
1787073856.055642
1787073856.235385
1787073856.424859
1787073856.605517
1787073856.789494
1787073856.973320
1787073857.164486
1787073857.349466
1787073857.531001
1787073857.712807
1787073857.892885
1787073858.077271
1787073858.260210
1787073858.437623
1787073858.619915
1787073858.803868
1787073858.976341
1787073859.155282
1787073859.338045
1787073859.516446
1787073859.696131
1787073859.875302
1787073860.055021
1787073860.240048
1787073860.423272
1787073860.605860
1787073860.787191
1787073860.972026
1787073861.151088
1787073861.328408
1787073861.509208
1787073861.689268
1787073861.871768
1787073862.050354
1787073862.230700
1787073862.411749
1787073862.589672
1787073862.772228
1787073862.959611
1787073863.137462
1787073863.323557
1787073863.503528
1787073863.688927
1787073863.871559
1787073864.058316
1787073864.249593
1787073864.430986
1787073864.611340
1787073864.797401
1787073864.982173
1787073865.164525
1787073865.347740
1787073865.533608
1787073865.715321
1787073865.897033
1787073866.084378
1787073866.272237
1787073866.454543
1787073866.635330
1787073866.818331
1787073866.998127
1787073867.180202
1787073867.360644
1787073867.537484
1787073867.721965
1787073867.897336
1787073868.077417
1787073868.263659
1787073868.442443
1787073868.625992
1787073868.803590
1787073868.976833
1787073869.159639
1787073869.345871
1787073869.520802
1787073869.702946
1787073869.887466
1787073870.066696
1787073870.246125
1787073870.425836
1787073870.603795
1787073870.783318
1787073870.958175
1787073871.138729
1787073871.314379
1787073871.493853
1787073871.675201
1787073871.857343
1787073872.034536
1787073872.213654
1787073872.392903
1787073872.570567
1787073872.756414
1787073872.938131
1787073873.124216
1787073873.306340
1787073873.495547
1787073873.679741
1787073873.858355
1787073874.044795
1787073874.234331
1787073874.415366
1787073874.595857
1787073874.779154
1787073874.963841
1787073875.147282
1787073875.331410
1787073875.517004
1787073875.702387
1787073875.880063
1787073876.061183
1787073876.241378
1787073876.421981
1787073876.598328
1787073876.783448
1787073876.966775
1787073877.145314
1787073877.323833
1787073877.502446
1787073877.681825
1787073877.858470
1787073878.036809
1787073878.213330
1787073878.398851
1787073878.580494
1787073878.767570
1787073878.946091
1787073879.124061
1787073879.301978
1787073879.479578
1787073879.668940
1787073879.847643
1787073880.032521
1787073880.213154
1787073880.396388
1787073880.576640
1787073880.758572
1787073880.936943
1787073881.121316
1787073881.301456
1787073881.483342
1787073881.670977
1787073881.854666
1787073882.033417
1787073882.211891
1787073882.390626
1787073882.572685
1787073882.751745
1787073882.933136
1787073883.122531
1787073883.300732
1787073883.484078
1787073883.667135
1787073883.849692
1787073884.027316
1787073884.209307
1787073884.395016
1787073884.576932
1787073884.753784
1787073884.934261
1787073885.113944
1787073885.297407
1787073885.478270
1787073885.657705
1787073885.837011
1787073886.020649
1787073886.198218
1787073886.388777
1787073886.569400
1787073886.746282
1787073886.928601
1787073887.107023
1787073887.292169
1787073887.474269
1787073887.658197
1787073887.842500
1787073888.024602
1787073888.205236
1787073888.385481
1787073888.562934
1787073888.745080
1787073888.926498
1787073889.101636
1787073889.286767
1787073889.471434
1787073889.657422
1787073889.836228
1787073890.013037
1787073890.200254
1787073890.379254
1787073890.562904
1787073890.746892
1787073890.930565
1787073891.104302
1787073891.290438
1787073891.474658
1787073891.656546
1787073891.838906
1787073892.021492
1787073892.198988
1787073892.385163
1787073892.567344
1787073892.754841
1787073892.934963
1787073893.112955
1787073893.299944
1787073893.484393
1787073893.668316
1787073893.855377
1787073894.034362
1787073894.212839
1787073894.395057
1787073894.573260
1787073894.749704
1787073894.933740
1787073895.114195
1787073895.299570
1787073895.484918
1787073895.664552
1787073895.850166
1787073896.030733
1787073896.219203
1787073896.407414
1787073896.589679
1787073896.766207
1787073896.950470
1787073897.135380
1787073897.318502
1787073897.501111
1787073897.683580
1787073897.867229
1787073898.043270
1787073898.230359
1787073898.416857
1787073898.593247
1787073898.772795
1787073898.960589
1787073899.137153
1787073899.320028
1787073899.497456
1787073899.671393
1787073899.855837
1787073900.033775
1787073900.209269
1787073900.392028
1787073900.574559
1787073900.750693
1787073900.927393
1787073901.107944
1787073901.290062
1787073901.468070
1787073901.649287
1787073901.829211
1787073902.011721
1787073902.188009
1787073902.368301
1787073902.544597
1787073902.724349
1787073902.903044
1787073903.081231
1787073903.262430
1787073903.448521
1787073903.623316
1787073903.802599
1787073903.984040
1787073904.163210
1787073904.342514
1787073904.523703
1787073904.703048
1787073904.885681
1787073905.066272
1787073905.248527
1787073905.424777
1787073905.605238
1787073905.785750
1787073905.964566
1787073906.145935
1787073906.327706
1787073906.503074
1787073906.682155
1787073906.865235
1787073907.047577
1787073907.230080
1787073907.414198
1787073907.591784
1787073907.779700
1787073907.957743
1787073908.137896
1787073908.317562
1787073908.500251
1787073908.683070
1787073908.866288
1787073909.049092
1787073909.224805
1787073909.407631
1787073909.594490
1787073909.780244
1787073909.961350
1787073910.142183
1787073910.318870
1787073910.499782
1787073910.679511
1787073910.861421
1787073911.038723
1787073911.234222
1787073911.419950
1787073911.605289
1787073911.789146
1787073911.978086
1787073912.154233
1787073912.336702
1787073912.520590
1787073912.700693
1787073912.888567
1787073913.074079
1787073913.261782
1787073913.447615
1787073913.640534
1787073913.828707
1787073914.019697
1787073914.200347
1787073914.382894
1787073914.562554
1787073914.751992
1787073914.939220
1787073915.118459
1787073915.307616
1787073915.498021
1787073915.684097
1787073915.871053
1787073916.051808
1787073916.238565
1787073916.417936
1787073916.599615
1787073916.780000
1787073916.963502
1787073917.145346
1787073917.331301
1787073917.524275
1787073917.709084
1787073917.891025
1787073918.072479
1787073918.253698
