1787091650.461972
1787091650.616314
1787091650.762591
1787091650.911517
1787091651.058731
1787091651.206253
1787091651.352156
1787091651.511893
1787091651.666752
1787091651.820338
1787091651.974449
1787091652.125872
1787091652.276811
1787091652.432637
1787091652.586276
1787091652.736706
1787091652.888694
1787091653.044869
1787091653.201264
1787091653.359790
1787091653.516805
1787091653.674562
1787091653.830512
1787091653.985674
1787091654.141625
1787091654.296998
1787091654.457428
1787091654.613951
1787091654.759747
1787091654.909181
1787091655.056983
1787091655.206037
1787091655.361743
1787091655.514846
1787091655.668626
1787091655.818808
1787091655.967466
1787091656.117315
1787091656.272214
1787091656.427434
1787091656.582893
1787091656.732015
1787091656.887519
1787091657.043222
1787091657.198382
1787091657.352680
1787091657.506678
1787091657.663033
1787091657.812322
1787091657.964457
1787091658.117170
1787091658.272476
1787091658.426728
1787091658.577557
1787091658.730900
1787091658.882715
1787091659.035231
1787091659.189795
1787091659.336320
1787091659.489614
1787091659.642262
1787091659.794799
1787091659.946296
1787091660.098098
1787091660.249460
1787091660.400920
1787091660.551658
1787091660.699622
1787091660.848723
1787091660.999333
1787091661.149386
1787091661.303841
1787091661.458813
1787091661.602772
1787091661.753588
1787091661.905418
1787091662.051924
1787091662.198881
1787091662.344812
1787091662.491935
1787091662.644768
1787091662.794590
1787091662.941929
1787091663.094764
1787091663.246455
1787091663.399794
1787091663.553698
1787091663.705210
1787091663.856444
1787091664.006820
1787091664.158084
1787091664.309295
1787091664.459571
1787091664.609861
1787091664.761351
1787091664.911784
1787091665.062080
1787091665.212288
1787091665.362085
1787091665.512636
1787091665.662684
1787091665.812904
1787091665.960977
1787091666.112849
1787091666.259020
1787091666.404214
1787091666.555097
1787091666.708957
1787091666.855960
1787091667.001612
1787091667.151089
1787091667.300754
1787091667.454830
1787091667.606700
1787091667.757399
1787091667.908503
1787091668.058483
1787091668.209736
1787091668.363067
1787091668.514885
1787091668.670194
1787091668.812627
1787091668.959616
1787091669.112699
1787091669.264799
1787091669.416878
1787091669.569033
1787091669.725589
1787091669.878911
1787091670.032657
1787091670.184864
1787091670.340523
1787091670.494433
1787091670.647737
1787091670.800280
1787091670.954319
1787091671.110032
1787091671.263077
1787091671.415298
1787091671.568781
1787091671.716892
1787091671.870165
1787091672.019239
1787091672.169385
1787091672.334107
1787091672.490964
1787091672.646543
1787091672.800830
1787091672.956584
1787091673.113236
1787091673.269243
1787091673.424760
1787091673.579467
1787091673.729264
1787091673.884737
1787091674.040230
1787091674.196054
1787091674.352123
1787091674.510207
1787091674.667290
1787091674.825291
1787091674.989784
1787091675.146403
1787091675.304532
1787091675.462966
1787091675.619155
1787091675.777953
1787091675.937467
1787091676.095775
1787091676.255593
1787091676.417860
1787091676.575013
1787091676.732524
1787091676.894208
1787091677.050478
1787091677.208351
1787091677.363526
1787091677.520207
1787091677.683071
1787091677.844026
1787091678.007182
1787091678.163572
1787091678.325059
1787091678.488410
1787091678.650587
1787091678.812672
1787091678.970458
1787091679.132126
1787091679.289228
1787091679.446178
1787091679.610177
1787091679.772352
1787091679.935185
1787091680.097686
1787091680.260986
1787091680.423175
1787091680.581877
1787091680.744756
1787091680.909903
1787091681.070221
1787091681.235977
1787091681.401026
1787091681.559226
1787091681.716672
1787091681.880455
1787091682.044472
1787091682.202239
1787091682.367931
1787091682.534416
1787091682.700414
1787091682.865659
1787091683.031890
1787091683.196844
1787091683.362138
1787091683.527663
1787091683.692756
1787091683.858490
1787091684.027607
1787091684.194940
1787091684.364835
1787091684.532750
1787091684.699286
1787091684.865368
1787091685.035784
1787091685.196512
1787091685.358701
1787091685.522444
1787091685.687404
1787091685.854234
1787091686.021540
1787091686.186186
1787091686.348404
1787091686.515824
1787091686.679760
1787091686.851496
1787091687.010496
1787091687.166319
1787091687.322115
1787091687.480821
1787091687.641940
1787091687.802324
1787091687.964240
1787091688.124257
1787091688.289985
1787091688.450346
1787091688.609470
1787091688.773301
1787091688.936306
1787091689.099169
1787091689.258538
1787091689.423568
1787091689.580787
1787091689.743506
1787091689.908625
1787091690.066421
1787091690.230998
1787091690.391822
1787091690.552484
1787091690.714930
1787091690.877673
1787091691.044222
1787091691.207685
1787091691.368236
1787091691.533469
1787091691.697697
1787091691.860532
1787091692.022292
1787091692.184916
1787091692.349132
1787091692.512312
1787091692.675745
1787091692.834889
1787091692.997395
1787091693.163910
1787091693.331574
1787091693.494408
1787091693.658305
1787091693.817826
1787091693.980827
1787091694.143759
1787091694.306438
1787091694.469132
1787091694.628526
1787091694.795681
1787091694.963827
1787091695.127178
1787091695.292023
1787091695.459812
1787091695.625642
1787091695.790997
1787091695.956251
1787091696.116015
1787091696.282320
1787091696.447693
1787091696.612889
1787091696.779173
1787091696.938922
1787091697.100280
1787091697.266636
1787091697.433140
1787091697.599262
1787091697.765495
1787091697.932104
1787091698.096943
1787091698.256850
1787091698.421523
1787091698.585628
1787091698.751773
1787091698.915748
1787091699.075201
1787091699.240156
1787091699.405272
1787091699.569359
1787091699.734855
1787091699.899792
1787091700.065664
1787091700.233199
1787091700.394939
1787091700.559452
1787091700.723437
1787091700.888487
1787091701.053401
1787091701.218311
1787091701.384637
1787091701.547187
1787091701.714729
1787091701.871237
1787091702.037145
1787091702.203580
1787091702.370969
1787091702.538337
1787091702.708675
1787091702.873746
1787091703.039489
1787091703.204823
1787091703.373320
1787091703.539551
1787091703.704636
1787091703.870277
1787091704.034936
1787091704.201352
1787091704.365912
1787091704.534292
1787091704.692847
1787091704.859067
1787091705.024460
1787091705.193935
1787091705.359615
1787091705.521120
1787091705.686763
1787091705.852072
1787091706.020493
1787091706.184633
1787091706.350544
1787091706.516486
1787091706.681179
1787091706.846098
1787091707.010775
1787091707.170459
1787091707.338012
1787091707.498865
1787091707.663511
1787091707.828485
1787091707.995450
1787091708.160977
1787091708.326082
1787091708.490719
1787091708.654791
1787091708.821284
1787091708.989872
1787091709.154191
1787091709.323216
1787091709.487296
1787091709.654125
1787091709.818768
1787091709.984425
1787091710.151844
1787091710.319375
1787091710.484547
1787091710.652422
1787091710.812352
1787091710.977907
1787091711.137655
1787091711.304919
1787091711.472551
1787091711.637692
1787091711.807996
1787091711.976414
1787091712.142172
1787091712.309608
1787091712.476612
1787091712.640959
1787091712.807843
1787091712.974399
1787091713.141246
1787091713.308228
1787091713.473525
1787091713.647576
1787091713.818970
1787091713.986720
1787091714.152688
1787091714.321380
1787091714.485337
1787091714.650687
1787091714.816511
1787091714.982563
1787091715.148914
1787091715.316613
1787091715.484608
1787091715.650525
1787091715.817154
1787091715.983118
1787091716.150204
1787091716.310997
1787091716.474982
1787091716.640020
1787091716.799872
1787091716.964884
1787091717.130414
1787091717.295449
1787091717.459506
1787091717.623931
1787091717.791414
1787091717.955584
1787091718.120607
1787091718.286332
1787091718.453959
1787091718.620303
1787091718.785415
1787091718.951944
1787091719.112803
1787091719.278095
1787091719.437480
1787091719.601864
1787091719.768270
1787091719.934085
1787091720.102216
1787091720.266079
1787091720.433551
1787091720.603414
1787091720.772492
1787091720.932796
1787091721.093503
1787091721.259130
1787091721.420858
1787091721.590915
1787091721.752993
1787091721.911026
1787091722.078693
1787091722.246886
1787091722.413705
1787091722.581118
1787091722.741134
1787091722.907048
1787091723.075006
1787091723.241064
1787091723.402722
1787091723.573000
1787091723.741276
1787091723.911189
1787091724.079053
1787091724.242877
1787091724.409407
1787091724.571432
1787091724.739388
1787091724.906548
1787091725.076311
1787091725.243974
1787091725.411493
1787091725.580539
1787091725.747104
1787091725.912456
1787091726.073211
1787091726.240201
1787091726.407280
1787091726.574650
1787091726.741402
1787091726.908025
1787091727.075074
1787091727.241379
1787091727.408633
1787091727.570260
1787091727.737035
1787091727.904554
1787091728.071548
1787091728.233727
1787091728.400635
1787091728.566926
1787091728.732867
1787091728.897986
1787091729.064542
1787091729.229376
1787091729.394751
1787091729.560388
1787091729.726681
1787091729.896040
1787091730.061996
1787091730.225472
1787091730.390998
1787091730.555780
1787091730.715827
1787091730.874398
1787091731.040528
1787091731.206435
1787091731.371407
1787091731.535802
1787091731.699742
1787091731.859697
1787091732.016677
1787091732.177527
1787091732.345295
1787091732.512628
1787091732.676309
1787091732.839372
1787091732.997231
1787091733.161612
1787091733.326222
1787091733.490766
1787091733.655016
1787091733.818298
1787091733.982456
1787091734.147814
1787091734.312552
1787091734.471808
1787091734.635597
1787091734.802698
1787091734.961450
1787091735.127252
1787091735.292781
1787091735.457420
1787091735.626673
1787091735.791174
1787091735.955492
1787091736.117333
1787091736.277150
1787091736.443236
1787091736.609064
1787091736.774387
1787091736.942099
1787091737.107842
1787091737.272051
1787091737.437157
1787091737.597193
1787091737.762290
1787091737.928208
1787091738.092293
1787091738.257669
1787091738.423364
1787091738.591139
1787091738.756957
1787091738.924210
1787091739.088969
1787091739.254197
1787091739.420009
1787091739.584775
1787091739.749316
1787091739.915887
1787091740.083198
1787091740.250222
1787091740.411299
1787091740.579081
1787091740.747642
1787091740.916517
1787091741.088841
1787091741.258265
1787091741.427557
1787091741.589887
1787091741.758887
1787091741.926002
1787091742.084852
1787091742.253334
1787091742.421881
1787091742.587940
1787091742.748930
1787091742.909677
1787091743.076419
1787091743.242332
1787091743.410196
1787091743.576351
1787091743.737627
1787091743.897968
1787091744.062454
1787091744.227199
1787091744.393287
1787091744.560132
1787091744.727276
1787091744.895149
1787091745.060361
1787091745.225991
1787091745.392599
1787091745.558765
1787091745.717001
1787091745.878523
1787091746.044610
1787091746.211115
1787091746.370710
1787091746.531734
1787091746.696422
1787091746.861758
1787091747.026372
1787091747.186820
1787091747.354777
1787091747.521201
1787091747.686192
1787091747.853060
1787091748.018015
1787091748.183977
1787091748.348975
1787091748.514263
1787091748.681354
1787091748.846618
1787091749.011817
1787091749.178239
1787091749.345937
1787091749.509767
1787091749.676647
1787091749.843980
1787091750.008673
1787091750.173495
1787091750.336415
1787091750.494354
1787091750.658673
1787091750.824598
1787091750.988523
1787091751.149331
1787091751.316607
1787091751.484623
1787091751.650848
1787091751.811760
1787091751.977570
1787091752.136632
1787091752.304449
1787091752.463936
1787091752.628859
1787091752.795096
1787091752.962735
1787091753.128742
1787091753.294117
1787091753.458917
1787091753.623482
1787091753.789800
1787091753.956225
1787091754.125161
1787091754.290503
1787091754.453412
1787091754.622247
1787091754.786417
1787091754.951265
1787091755.115265
1787091755.280331
1787091755.439136
1787091755.603446
1787091755.768147
1787091755.934246
1787091756.098638
1787091756.264745
1787091756.433797
1787091756.603681
1787091756.771365
1787091756.939348
1787091757.106201
1787091757.273170
1787091757.439498
1787091757.600193
1787091757.761122
1787091757.929822
1787091758.090749
1787091758.250079
1787091758.411492
1787091758.577888
1787091758.744529
1787091758.911257
1787091759.079139
1787091759.246068
1787091759.413628
1787091759.575088
1787091759.742710
1787091759.908896
1787091760.076076
1787091760.241786
1787091760.408249
1787091760.575897
1787091760.742305
1787091760.906365
1787091761.072182
1787091761.238622
1787091761.398631
1787091761.565027
1787091761.730725
1787091761.897221
1787091762.064727
1787091762.232996
1787091762.399903
1787091762.566007
1787091762.733570
1787091762.900700
1787091763.061487
1787091763.228524
1787091763.396222
1787091763.563542
1787091763.730127
1787091763.896012
1787091764.062914
1787091764.229416
1787091764.392780
1787091764.559646
1787091764.728040
1787091764.888642
1787091765.054570
1787091765.222381
1787091765.385660
1787091765.545410
1787091765.712469
1787091765.880924
1787091766.048364
1787091766.215444
1787091766.378365
1787091766.545938
1787091766.713069
1787091766.876485
1787091767.041695
1787091767.204338
1787091767.369697
1787091767.535857
1787091767.703475
1787091767.871815
1787091768.042160
1787091768.205450
1787091768.367984
1787091768.529987
1787091768.697640
1787091768.864177
1787091769.031293
1787091769.200385
1787091769.364290
1787091769.531044
1787091769.693042
1787091769.859672
1787091770.028317
1787091770.197596
1787091770.364493
1787091770.531495
1787091770.699622
1787091770.860604
1787091771.026165
1787091771.195143
1787091771.357252
1787091771.525275
1787091771.693716
1787091771.867042
1787091772.035749
1787091772.193654
1787091772.363619
1787091772.525985
1787091772.692397
1787091772.856186
1787091773.023171
1787091773.190924
1787091773.358176
1787091773.525340
1787091773.697863
1787091773.863913
1787091774.029065
1787091774.192844
1787091774.355075
1787091774.521332
1787091774.690357
1787091774.863205
1787091775.031054
1787091775.199672
1787091775.361000
1787091775.528553
1787091775.694791
1787091775.861574
1787091776.032464
1787091776.199347
1787091776.364796
1787091776.531323
1787091776.696801
1787091776.863688
1787091777.028662
1787091777.188632
1787091777.357695
1787091777.524254
1787091777.690255
1787091777.851041
1787091778.016891
1787091778.182855
1787091778.347390
1787091778.512428
1787091778.678043
1787091778.838918
1787091779.005101
1787091779.171158
1787091779.335021
1787091779.500858
1787091779.665787
1787091779.831676
1787091779.992480
1787091780.162467
1787091780.329065
1787091780.489540
1787091780.655521
1787091780.822478
1787091780.982009
1787091781.148570
1787091781.314384
1787091781.481602
1787091781.649014
1787091781.814697
1787091781.982858
1787091782.150693
1787091782.315592
1787091782.482244
1787091782.647403
1787091782.813441
1787091782.978464
1787091783.142593
1787091783.308517
1787091783.467617
1787091783.632457
1787091783.798407
1787091783.962564
1787091784.126725
1787091784.291949
1787091784.457147
1787091784.625554
1787091784.795123
1787091784.960824
1787091785.123779
1787091785.289176
1787091785.448553
1787091785.612829
1787091785.778078
1787091785.942442
1787091786.109332
1787091786.267845
1787091786.426078
1787091786.592356
1787091786.759013
1787091786.925137
1787091787.090957
1787091787.255065
1787091787.422683
1787091787.586317
1787091787.752346
1787091787.912640
1787091788.080028
1787091788.240408
1787091788.406033
1787091788.576374
1787091788.741704
1787091788.901166
1787091789.067091
1787091789.233242
1787091789.402874
1787091789.571382
1787091789.731996
1787091789.897658
1787091790.057758
1787091790.227897
1787091790.395779
1787091790.560571
1787091790.727696
1787091790.893306
1787091791.058147
1787091791.222870
1787091791.382395
1787091791.546810
1787091791.711570
1787091791.874967
1787091792.039370
1787091792.208469
1787091792.362670
1787091792.524331
1787091792.690284
1787091792.854485
1787091793.019777
1787091793.179881
1787091793.348219
1787091793.515218
1787091793.679479
1787091793.838573
1787091794.002768
1787091794.167596
1787091794.334170
1787091794.498447
1787091794.663263
1787091794.828510
1787091794.992619
1787091795.157107
1787091795.322605
1787091795.485466
1787091795.646549
1787091795.809712
1787091795.972958
1787091796.132321
1787091796.290614
1787091796.454372
1787091796.619847
1787091796.778096
1787091796.942388
1787091797.104268
1787091797.266755
1787091797.428270
1787091797.591017
1787091797.746784
1787091797.910221
1787091798.073578
1787091798.234814
1787091798.395961
1787091798.557047
1787091798.717100
1787091798.880704
1787091799.041565
1787091799.205284
1787091799.368089
1787091799.528534
1787091799.690742
1787091799.848541
1787091800.006910
1787091800.166147
1787091800.331544
1787091800.491889
1787091800.654739
1787091800.811769
1787091800.975425
1787091801.137119
1787091801.298631
1787091801.460630
1787091801.623631
1787091801.786824
1787091801.947960
1787091802.110779
1787091802.269843
1787091802.432392
1787091802.588474
1787091802.744198
1787091802.899664
1787091803.060515
1787091803.221859
1787091803.385985
1787091803.549777
1787091803.707370
1787091803.872755
1787091804.033764
1787091804.196693
1787091804.357507
1787091804.514246
1787091804.674387
1787091804.838187
1787091805.000391
1787091805.155342
1787091805.316224
1787091805.471495
1787091805.635969
1787091805.791337
1787091805.954793
1787091806.111255
1787091806.275034
1787091806.431500
1787091806.588282
1787091806.750160
1787091806.912494
1787091807.075147
1787091807.236858
1787091807.401527
1787091807.562163
1787091807.725055
1787091807.886901
1787091808.049359
1787091808.208316
1787091808.367001
1787091808.528907
1787091808.691885
1787091808.857349
1787091809.014716
1787091809.175282
1787091809.332610
1787091809.492696
1787091809.656690
1787091809.820860
1787091809.982035
1787091810.143594
1787091810.307063
1787091810.464355
1787091810.625686
1787091810.786719
1787091810.944994
1787091811.106337
1787091811.270193
1787091811.432857
1787091811.595855
1787091811.762199
1787091811.923982
1787091812.086035
1787091812.247784
1787091812.403008
1787091812.565769
1787091812.730639
1787091812.890150
1787091813.051687
1787091813.215096
1787091813.369404
1787091813.533878
1787091813.699342
1787091813.863029
1787091814.025366
1787091814.183767
1787091814.346096
1787091814.504459
1787091814.661772
1787091814.824435
1787091814.986895
1787091815.151405
1787091815.316022
1787091815.483368
1787091815.644892
1787091815.802385
1787091815.965842
1787091816.123479
1787091816.282072
1787091816.445865
1787091816.603168
1787091816.763987
1787091816.925967
1787091817.084236
1787091817.243513
1787091817.405050
1787091817.567686
1787091817.730969
1787091817.891635
1787091818.053721
1787091818.214285
1787091818.376801
1787091818.539629
1787091818.702051
1787091818.865749
1787091819.028480
1787091819.192768
1787091819.354681
1787091819.512098
1787091819.674602
1787091819.836852
1787091819.998901
1787091820.160629
1787091820.325493
1787091820.490631
1787091820.654470
1787091820.820431
1787091820.983990
1787091821.147069
1787091821.311036
1787091821.475278
1787091821.638842
1787091821.802562
1787091821.964656
1787091822.128407
1787091822.292631
1787091822.455330
1787091822.617661
1787091822.781017
1787091822.940134
1787091823.102872
1787091823.266010
1787091823.431410
1787091823.597815
1787091823.755286
1787091823.918772
1787091824.081220
1787091824.246865
1787091824.401603
1787091824.566344
1787091824.727597
1787091824.890728
1787091825.053108
1787091825.214110
1787091825.377524
1787091825.540060
1787091825.703422
1787091825.864676
1787091826.027419
1787091826.192004
1787091826.355983
1787091826.518991
1787091826.683187
1787091826.846887
1787091827.011225
1787091827.169020
1787091827.333638
1787091827.497446
1787091827.662250
1787091827.826277
1787091827.991746
1787091828.157897
1787091828.322386
1787091828.488059
1787091828.655112
1787091828.819237
1787091828.985931
1787091829.151508
1787091829.316728
1787091829.474864
1787091829.634936
1787091829.802724
1787091829.969744
1787091830.135746
1787091830.303582
1787091830.470591
1787091830.638033
1787091830.804910
1787091830.971027
1787091831.135515
1787091831.296316
1787091831.464169
1787091831.627024
1787091831.796135
1787091831.964637
1787091832.126243
1787091832.293854
1787091832.454235
1787091832.622610
1787091832.788460
1787091832.953917
1787091833.120827
1787091833.286745
1787091833.455654
1787091833.622095
1787091833.789476
1787091833.955938
1787091834.121350
1787091834.289620
1787091834.452645
1787091834.619086
1787091834.787595
1787091834.957610
1787091835.126432
1787091835.294530
1787091835.462980
1787091835.631049
1787091835.799107
1787091835.962044
1787091836.130652
1787091836.294826
1787091836.457324
1787091836.626594
1787091836.795419
1787091836.958413
1787091837.128375
1787091837.299966
1787091837.468555
1787091837.637463
1787091837.806136
1787091837.975601
1787091838.143195
1787091838.308992
1787091838.479408
1787091838.643490
1787091838.816269
1787091838.978888
1787091839.149502
1787091839.317539
1787091839.487529
1787091839.656513
1787091839.827007
1787091839.989527
1787091840.163418
1787091840.328881
1787091840.498912
1787091840.668379
1787091840.840986
1787091841.006861
1787091841.174923
1787091841.343852
1787091841.512807
1787091841.684353
1787091841.850281
1787091842.020119
1787091842.187458
1787091842.356918
1787091842.518370
1787091842.688173
1787091842.858117
1787091843.028282
1787091843.198804
1787091843.366575
1787091843.537193
1787091843.705292
1787091843.874439
1787091844.037912
1787091844.206512
1787091844.378396
1787091844.543496
1787091844.708061
1787091844.881146
1787091845.051288
1787091845.222445
1787091845.386550
1787091845.554356
1787091845.724634
1787091845.895202
1787091846.064421
1787091846.234336
1787091846.405849
1787091846.569493
1787091846.733595
1787091846.902994
1787091847.073655
1787091847.239416
1787091847.408848
1787091847.579111
1787091847.749942
1787091847.920399
1787091848.089853
1787091848.258116
1787091848.423798
1787091848.595959
1787091848.758617
1787091848.926867
1787091849.095929
1787091849.265469
1787091849.435879
1787091849.598115
1787091849.769997
1787091849.933042
1787091850.104389
1787091850.277379
1787091850.445963
1787091850.609898
1787091850.779408
1787091850.949112
1787091851.120198
1787091851.290243
1787091851.458998
1787091851.630076
1787091851.800772
1787091851.971310
1787091852.142725
1787091852.314919
1787091852.483142
1787091852.647695
1787091852.818797
1787091852.988931
1787091853.158290
1787091853.331433
1787091853.497583
1787091853.667842
1787091853.831967
1787091854.008759
1787091854.171471
1787091854.340412
1787091854.510671
1787091854.680489
1787091854.850357
1787091855.020714
1787091855.191431
1787091855.360809
1787091855.529279
1787091855.698682
1787091855.870155
1787091856.041151
1787091856.213945
1787091856.380171
1787091856.550427
1787091856.717572
1787091856.888763
1787091857.054864
1787091857.224230
1787091857.389547
1787091857.563066
1787091857.734402
1787091857.899791
1787091858.072566
1787091858.244984
1787091858.420294
1787091858.594739
1787091858.766032
1787091858.937542
1787091859.107147
1787091859.278883
1787091859.448699
1787091859.617350
1787091859.787769
1787091859.957273
1787091860.126748
1787091860.296319
1787091860.468471
1787091860.637721
1787091860.808412
1787091860.979233
1787091861.148930
1787091861.320862
1787091861.489913
1787091861.657345
1787091861.827622
1787091861.998274
1787091862.171941
1787091862.341116
1787091862.522535
1787091862.696451
1787091862.868541
1787091863.042435
1787091863.215210
1787091863.387744
1787091863.559804
1787091863.732487
1787091863.905468
1787091864.078018
1787091864.244206
1787091864.411024
1787091864.585885
1787091864.757972
1787091864.934993
1787091865.108514
1787091865.281269
1787091865.453963
1787091865.627631
1787091865.802809
1787091865.974970
1787091866.147624
1787091866.319493
1787091866.490226
1787091866.662962
1787091866.837744
1787091867.004246
1787091867.177269
1787091867.351998
1787091867.518972
1787091867.686449
1787091867.857426
1787091868.027829
1787091868.199340
1787091868.373095
1787091868.543177
1787091868.711579
1787091868.883934
1787091869.059386
1787091869.224416
1787091869.389400
1787091869.559583
1787091869.730069
1787091869.899656
1787091870.070918
1787091870.244031
1787091870.419382
1787091870.588861
1787091870.759885
1787091870.927596
1787091871.098622
1787091871.269136
1787091871.436945
1787091871.606228
1787091871.775267
1787091871.939077
1787091872.107887
1787091872.272678
1787091872.445006
1787091872.605732
1787091872.774921
1787091872.942978
1787091873.112950
1787091873.282832
1787091873.452709
1787091873.623504
1787091873.791879
1787091873.960354
1787091874.126820
1787091874.295908
1787091874.470572
1787091874.639229
1787091874.808845
1787091874.977889
1787091875.149220
1787091875.319082
1787091875.488394
1787091875.658395
1787091875.827054
1787091875.990820
1787091876.161405
1787091876.329523
1787091876.498709
1787091876.669666
1787091876.839442
1787091877.008684
1787091877.178766
1787091877.348431
1787091877.522727
1787091877.695612
1787091877.868874
1787091878.042579
1787091878.217716
1787091878.388803
1787091878.558145
1787091878.729156
1787091878.898968
1787091879.070181
1787091879.235294
1787091879.406463
1787091879.576972
1787091879.742282
1787091879.913259
1787091880.083023
1787091880.246515
1787091880.414250
1787091880.579507
1787091880.750104
1787091880.919768
1787091881.090759
1787091881.262212
1787091881.431653
1787091881.601105
1787091881.771827
1787091881.938600
1787091882.109344
1787091882.278633
1787091882.446721
1787091882.623818
1787091882.794150
1787091882.964113
1787091883.132887
1787091883.303002
1787091883.470489
1787091883.640184
1787091883.809387
1787091883.972441
1787091884.140697
1787091884.309283
1787091884.471322
1787091884.634213
1787091884.807454
1787091884.969292
1787091885.138411
1787091885.307361
1787091885.476130
1787091885.644546
1787091885.814903
1787091885.982334
1787091886.150470
1787091886.317376
1787091886.485917
1787091886.657253
1787091886.820533
1787091886.988781
1787091887.157334
1787091887.318346
1787091887.488184
1787091887.655214
1787091887.821491
1787091887.987850
1787091888.156303
1787091888.328568
1787091888.497110
1787091888.664503
1787091888.826280
1787091888.992047
1787091889.156663
1787091889.321875
1787091889.487141
1787091889.654314
1787091889.822969
1787091889.990434
1787091890.158098
1787091890.325773
1787091890.494077
1787091890.661699
1787091890.829031
1787091890.995333
1787091891.158134
1787091891.322800
1787091891.488995
1787091891.655562
1787091891.823370
1787091891.993028
1787091892.154491
1787091892.319724
1787091892.486194
1787091892.656517
1787091892.824598
1787091892.991754
1787091893.158994
1787091893.320515
1787091893.485592
1787091893.653204
1787091893.817160
1787091893.984704
1787091894.151796
1787091894.314280
1787091894.481019
1787091894.651713
1787091894.819949
1787091894.987658
1787091895.157843
1787091895.319827
1787091895.489183
1787091895.662884
1787091895.831036
1787091896.003620
1787091896.172351
1787091896.343560
1787091896.511951
1787091896.681002
1787091896.850032
1787091897.018822
1787091897.187029
1787091897.355143
1787091897.523898
1787091897.691821
1787091897.861504
1787091898.030546
1787091898.201900
1787091898.365115
1787091898.533203
1787091898.696088
1787091898.863756
1787091899.036646
1787091899.204900
1787091899.373954
1787091899.536795
1787091899.709849
1787091899.873668
1787091900.042646
1787091900.205808
1787091900.375295
1787091900.543372
1787091900.710026
1787091900.879282
1787091901.046741
1787091901.211386
1787091901.375071
1787091901.545624
1787091901.714053
1787091901.877053
1787091902.046888
1787091902.208047
1787091902.376279
1787091902.547868
1787091902.714904
1787091902.881294
1787091903.046678
1787091903.213453
1787091903.380098
1787091903.546966
1787091903.714663
1787091903.882257
1787091904.048815
1787091904.211613
1787091904.378725
1787091904.546502
1787091904.715228
1787091904.876740
1787091905.044064
1787091905.204561
1787091905.369589
1787091905.537317
1787091905.705757
1787091905.867464
1787091906.032682
1787091906.198735
1787091906.367183
1787091906.528497
1787091906.695719
1787091906.862431
1787091907.029386
1787091907.198802
1787091907.365481
1787091907.531133
1787091907.696790
1787091907.863049
1787091908.028950
1787091908.195640
1787091908.361905
1787091908.528082
1787091908.696209
1787091908.863487
1787091909.031298
1787091909.199059
1787091909.367590
1787091909.533973
1787091909.701652
1787091909.867050
1787091910.031466
1787091910.196416
1787091910.363234
1787091910.528438
1787091910.695810
1787091910.861412
1787091911.021551
1787091911.185909
1787091911.351785
1787091911.517794
1787091911.683965
1787091911.848619
1787091912.007314
1787091912.173430
1787091912.351320
1787091912.511083
1787091912.677430
1787091912.842736
1787091913.006595
1787091913.170095
1787091913.330230
