1787080041.785340
1787080041.938527
1787080042.090880
1787080042.238626
1787080042.385415
1787080042.532956
1787080042.681284
1787080042.835909
1787080042.990900
1787080043.147820
1787080043.297187
1787080043.451790
1787080043.609773
1787080043.773381
1787080043.931499
1787080044.089486
1787080044.244661
1787080044.403332
1787080044.559943
1787080044.719825
1787080044.876620
1787080045.031015
1787080045.186877
1787080045.336708
1787080045.493868
1787080045.650316
1787080045.811472
1787080045.965031
1787080046.112065
1787080046.260004
1787080046.407231
1787080046.555120
1787080046.703565
1787080046.860892
1787080047.015476
1787080047.167506
1787080047.322307
1787080047.481133
1787080047.628930
1787080047.778302
1787080047.927987
1787080048.084017
1787080048.234221
1787080048.388634
1787080048.543707
1787080048.692708
1787080048.846563
1787080049.001451
1787080049.149982
1787080049.298141
1787080049.452285
1787080049.603912
1787080049.755723
1787080049.907731
1787080050.063099
1787080050.211566
1787080050.359924
1787080050.510871
1787080050.663276
1787080050.813686
1787080050.967223
1787080051.119311
1787080051.269185
1787080051.415938
1787080051.567331
1787080051.721237
1787080051.871460
1787080052.015608
1787080052.167448
1787080052.317194
1787080052.469350
1787080052.621588
1787080052.770821
1787080052.922324
1787080053.070351
1787080053.220877
1787080053.365932
1787080053.516324
1787080053.670570
1787080053.821229
1787080053.970468
1787080054.120195
1787080054.268965
1787080054.412859
1787080054.564932
1787080054.716375
1787080054.866905
1787080055.016834
1787080055.165726
1787080055.318976
1787080055.468632
1787080055.613236
1787080055.766603
1787080055.916695
1787080056.069226
1787080056.219226
1787080056.362842
1787080056.513610
1787080056.665025
1787080056.817182
1787080056.968404
1787080057.119139
1787080057.269979
1787080057.413998
1787080057.563205
1787080057.714929
1787080057.864351
1787080058.015707
1787080058.168654
1787080058.319576
1787080058.467519
1787080058.616602
1787080058.767763
1787080058.919662
1787080059.069929
1787080059.216174
1787080059.368291
1787080059.518057
1787080059.668168
1787080059.818804
1787080059.970530
1787080060.120513
1787080060.271190
1787080060.422067
1787080060.572496
1787080060.725030
1787080060.871208
1787080061.018799
1787080061.172219
1787080061.317945
1787080061.472409
1787080061.625923
1787080061.773485
1787080061.921177
1787080062.070333
1787080062.217988
1787080062.372634
1787080062.527559
1787080062.684936
1787080062.833526
1787080062.988826
1787080063.136224
1787080063.288569
1787080063.441644
1787080063.594939
1787080063.751600
1787080063.899999
1787080064.052720
1787080064.202654
1787080064.357821
1787080064.512007
1787080064.667747
1787080064.823115
1787080064.977995
1787080065.130656
1787080065.288689
1787080065.439003
1787080065.588986
1787080065.739382
1787080065.890303
1787080066.047643
1787080066.203602
1787080066.365789
1787080066.522769
1787080066.680962
1787080066.839766
1787080066.998610
1787080067.151290
1787080067.310769
1787080067.466630
1787080067.625391
1787080067.783476
1787080067.942918
1787080068.104662
1787080068.263508
1787080068.425738
1787080068.588521
1787080068.746588
1787080068.901416
1787080069.057910
1787080069.213591
1787080069.374221
1787080069.536677
1787080069.697496
1787080069.860976
1787080070.022740
1787080070.188871
1787080070.345185
1787080070.510159
1787080070.666606
1787080070.823168
1787080070.987727
1787080071.153389
1787080071.309738
1787080071.471194
1787080071.634983
1787080071.798643
1787080071.961626
1787080072.120352
1787080072.284358
1787080072.442981
1787080072.610255
1787080072.776431
1787080072.941306
1787080073.104738
1787080073.270303
1787080073.434787
1787080073.600642
1787080073.766264
1787080073.929134
1787080074.095198
1787080074.253706
1787080074.419288
1787080074.583100
1787080074.748090
1787080074.912302
1787080075.079164
1787080075.240926
1787080075.404753
1787080075.564746
1787080075.725065
1787080075.891469
1787080076.058962
1787080076.225471
1787080076.387923
1787080076.554127
1787080076.720217
1787080076.887325
1787080077.055148
1787080077.225366
1787080077.390155
1787080077.553410
1787080077.707178
1787080077.874562
1787080078.035270
1787080078.201614
1787080078.369269
1787080078.537034
1787080078.704581
1787080078.865299
1787080079.031541
1787080079.198207
1787080079.364910
1787080079.529927
1787080079.690509
1787080079.858169
1787080080.026909
1787080080.188945
1787080080.357645
1787080080.527816
1787080080.694311
1787080080.857265
1787080081.023505
1787080081.188191
1787080081.356448
1787080081.525826
1787080081.693814
1787080081.860676
1787080082.023687
1787080082.190671
1787080082.357039
1787080082.524785
1787080082.692181
1787080082.855079
1787080083.023864
1787080083.194460
1787080083.364096
1787080083.528435
1787080083.692049
1787080083.852342
1787080084.014611
1787080084.176862
1787080084.338354
1787080084.506057
1787080084.674309
1787080084.844412
1787080085.013704
1787080085.182528
1787080085.351190
1787080085.521807
1787080085.687148
1787080085.856346
1787080086.025449
1787080086.195705
1787080086.364194
1787080086.533719
1787080086.703142
1787080086.871239
1787080087.038827
1787080087.206336
1787080087.374845
1787080087.544355
1787080087.711758
1787080087.880316
1787080088.050521
1787080088.220956
1787080088.391019
1787080088.560090
1787080088.728755
1787080088.893234
1787080089.063646
1787080089.230307
1787080089.398958
1787080089.566523
1787080089.729003
1787080089.894725
1787080090.065639
1787080090.234015
1787080090.405943
1787080090.574570
1787080090.742091
1787080090.908075
1787080091.074604
1787080091.247311
1787080091.416536
1787080091.583272
1787080091.746765
1787080091.918139
1787080092.086136
1787080092.251908
1787080092.418236
1787080092.586945
1787080092.754888
1787080092.923323
1787080093.093380
1787080093.255340
1787080093.422640
1787080093.591281
1787080093.761773
1787080093.929745
1787080094.097528
1787080094.261671
1787080094.428447
1787080094.590001
1787080094.759284
1787080094.928610
1787080095.096118
1787080095.262549
1787080095.434002
1787080095.595399
1787080095.764754
1787080095.936773
1787080096.109237
1787080096.278880
1787080096.449155
1787080096.619330
1787080096.788843
1787080096.959085
1787080097.130569
1787080097.301046
1787080097.473425
1787080097.640510
1787080097.812663
1787080097.981901
1787080098.149425
1787080098.312916
1787080098.487172
1787080098.660018
1787080098.829643
1787080099.002749
1787080099.174280
1787080099.340868
1787080099.509612
1787080099.679636
1787080099.848074
1787080100.013815
1787080100.180863
1787080100.349693
1787080100.518400
1787080100.683243
1787080100.853656
1787080101.026146
1787080101.192055
1787080101.361262
1787080101.532153
1787080101.706650
1787080101.883238
1787080102.049932
1787080102.216769
1787080102.389968
1787080102.561232
1787080102.734159
1787080102.906433
1787080103.079176
1787080103.255500
1787080103.429938
1787080103.602433
1787080103.774825
1787080103.947569
1787080104.121741
1787080104.289399
1787080104.457611
1787080104.630848
1787080104.800891
1787080104.976036
1787080105.144065
1787080105.311640
1787080105.483195
1787080105.655409
1787080105.830445
1787080106.001218
1787080106.174040
1787080106.337983
1787080106.508530
1787080106.678630
1787080106.849795
1787080107.020387
1787080107.189351
1787080107.359045
1787080107.530153
1787080107.702510
1787080107.869184
1787080108.039002
1787080108.210232
1787080108.382614
1787080108.552887
1787080108.723164
1787080108.887388
1787080109.056681
1787080109.226269
1787080109.395058
1787080109.562167
1787080109.728695
1787080109.899227
1787080110.068029
1787080110.236720
1787080110.404981
1787080110.573420
1787080110.742810
1787080110.912199
1787080111.078824
1787080111.247813
1787080111.418830
1787080111.587186
1787080111.755260
1787080111.923426
1787080112.091261
1787080112.258985
1787080112.428136
1787080112.606462
1787080112.772175
1787080112.939325
1787080113.106120
1787080113.271697
1787080113.432484
1787080113.597573
1787080113.759904
1787080113.928248
1787080114.092905
1787080114.258288
1787080114.418580
1787080114.585771
1787080114.751635
1787080114.920761
1787080115.090869
1787080115.256587
1787080115.425376
1787080115.597986
1787080115.766731
1787080115.936788
1787080116.106446
1787080116.276789
1787080116.443068
1787080116.616747
1787080116.779293
1787080116.949143
1787080117.113713
1787080117.276437
1787080117.444088
1787080117.617795
1787080117.783302
1787080117.950115
1787080118.113396
1787080118.278923
1787080118.451560
1787080118.622003
1787080118.804584
1787080118.965711
1787080119.135606
1787080119.303601
1787080119.471790
1787080119.638444
1787080119.799365
1787080119.965760
1787080120.134121
1787080120.296793
1787080120.457908
1787080120.627231
1787080120.793598
1787080120.961473
1787080121.128195
1787080121.290325
1787080121.457619
1787080121.625257
1787080121.790617
1787080121.958531
1787080122.121298
1787080122.282711
1787080122.449882
1787080122.616952
1787080122.784303
1787080122.949431
1787080123.115398
1787080123.282881
1787080123.452296
1787080123.622916
1787080123.788131
1787080123.955431
1787080124.122297
1787080124.289246
1787080124.450952
1787080124.618137
1787080124.784472
1787080124.951669
1787080125.117979
1787080125.281636
1787080125.443572
1787080125.612609
1787080125.783098
1787080125.946949
1787080126.115796
1787080126.284360
1787080126.451764
1787080126.617623
1787080126.785127
1787080126.953506
1787080127.124635
1787080127.288124
1787080127.455924
1787080127.623761
1787080127.790496
1787080127.960053
1787080128.123336
1787080128.292777
1787080128.461674
1787080128.630326
1787080128.793750
1787080128.966999
1787080129.137397
1787080129.309103
1787080129.479128
1787080129.651997
1787080129.818275
1787080129.981432
1787080130.145155
1787080130.308318
1787080130.472974
1787080130.636245
1787080130.806763
1787080130.975822
1787080131.146140
1787080131.314661
1787080131.481420
1787080131.649124
1787080131.817579
1787080131.984816
1787080132.148239
1787080132.314526
1787080132.483553
1787080132.649455
1787080132.815285
1787080132.982353
1787080133.148810
1787080133.310271
1787080133.477061
1787080133.644339
1787080133.812479
1787080133.980869
1787080134.143342
1787080134.307437
1787080134.474541
1787080134.639405
1787080134.806051
1787080134.965382
1787080135.132246
1787080135.300729
1787080135.468785
1787080135.636287
1787080135.804578
1787080135.968560
1787080136.137160
1787080136.306073
1787080136.473653
1787080136.643533
1787080136.814978
1787080136.984096
1787080137.151704
1787080137.314067
1787080137.483594
1787080137.649665
1787080137.819705
1787080137.987634
1787080138.155281
1787080138.324543
1787080138.495925
1787080138.664964
1787080138.838567
1787080139.004900
1787080139.168880
1787080139.337370
1787080139.500407
1787080139.670326
1787080139.832509
1787080140.000932
1787080140.171761
1787080140.340925
1787080140.510287
1787080140.679930
1787080140.850137
1787080141.019816
1787080141.185108
1787080141.355455
1787080141.523847
1787080141.693979
1787080141.862739
1787080142.035879
1787080142.205129
1787080142.373209
1787080142.545828
1787080142.719768
1787080142.893992
1787080143.068629
1787080143.235788
1787080143.406893
1787080143.580501
1787080143.754087
1787080143.923058
1787080144.094347
1787080144.258444
1787080144.423050
1787080144.594833
1787080144.762973
1787080144.936103
1787080145.104660
1787080145.270950
1787080145.442608
1787080145.607257
1787080145.779241
1787080145.952523
1787080146.124911
1787080146.290747
1787080146.463175
1787080146.634504
1787080146.805139
1787080146.974470
1787080147.143426
1787080147.307845
1787080147.478373
1787080147.646352
1787080147.817096
1787080147.985960
1787080148.154994
1787080148.324910
1787080148.493254
1787080148.661293
1787080148.832402
1787080149.002210
1787080149.163615
1787080149.331211
1787080149.501361
1787080149.669448
1787080149.837380
1787080150.006808
1787080150.173684
1787080150.344413
1787080150.511091
1787080150.677428
1787080150.847254
1787080151.015570
1787080151.183361
1787080151.351866
1787080151.518946
1787080151.681346
1787080151.849484
1787080152.011870
1787080152.185774
1787080152.347940
1787080152.515500
1787080152.683568
1787080152.853257
1787080153.021089
1787080153.191761
1787080153.355075
1787080153.518340
1787080153.686095
1787080153.854899
1787080154.026956
1787080154.195987
1787080154.364918
1787080154.528791
1787080154.692848
1787080154.864743
1787080155.038329
1787080155.205936
1787080155.374859
1787080155.543738
1787080155.712450
1787080155.880571
1787080156.048998
1787080156.218126
1787080156.387142
1787080156.554405
1787080156.723675
1787080156.891263
1787080157.060258
1787080157.227521
1787080157.395682
1787080157.564232
1787080157.730767
1787080157.892998
1787080158.060849
1787080158.230265
1787080158.399481
1787080158.563816
1787080158.733256
1787080158.900052
1787080159.062640
1787080159.229132
1787080159.396384
1787080159.559612
1787080159.721418
1787080159.887745
1787080160.055253
1787080160.222184
1787080160.391967
1787080160.559973
1787080160.726818
1787080160.894496
1787080161.060889
1787080161.223421
1787080161.389527
1787080161.550509
1787080161.715937
1787080161.876715
1787080162.037682
1787080162.204450
1787080162.370831
1787080162.538159
1787080162.707914
1787080162.875355
1787080163.040565
1787080163.209078
1787080163.376199
1787080163.542356
1787080163.710537
1787080163.871906
1787080164.039178
1787080164.204545
1787080164.371977
1787080164.540382
1787080164.701530
1787080164.869556
1787080165.036386
1787080165.203961
1787080165.375008
1787080165.544135
1787080165.712545
1787080165.884364
1787080166.052318
1787080166.221391
1787080166.388476
1787080166.557263
1787080166.723890
1787080166.892615
1787080167.063142
1787080167.231125
1787080167.402926
1787080167.574781
1787080167.741724
1787080167.914212
1787080168.080862
1787080168.244196
1787080168.413929
1787080168.587791
1787080168.757274
1787080168.925824
1787080169.093142
1787080169.250428
1787080169.420162
1787080169.588765
1787080169.756581
1787080169.924699
1787080170.094737
1787080170.263799
1787080170.433863
1787080170.600337
1787080170.768297
1787080170.935457
1787080171.103855
1787080171.272804
1787080171.439779
1787080171.608749
1787080171.771124
1787080171.937770
1787080172.104767
1787080172.274616
1787080172.443619
1787080172.606049
1787080172.768882
1787080172.935610
1787080173.104107
1787080173.270577
1787080173.437885
1787080173.605554
1787080173.774236
1787080173.941375
1787080174.109092
1787080174.270459
1787080174.439320
1787080174.600642
1787080174.766576
1787080174.933344
1787080175.098828
1787080175.262467
1787080175.429968
1787080175.593308
1787080175.759061
1787080175.923256
1787080176.091242
1787080176.257725
1787080176.424737
1787080176.591012
1787080176.757303
1787080176.922852
1787080177.090434
1787080177.254184
1787080177.423140
1787080177.582737
1787080177.751091
1787080177.911301
1787080178.079130
1787080178.242056
1787080178.408825
1787080178.575258
1787080178.743204
1787080178.909923
1787080179.078437
1787080179.237922
1787080179.406924
1787080179.578585
1787080179.738579
1787080179.907166
1787080180.074608
1787080180.243457
1787080180.413367
1787080180.583156
1787080180.753001
1787080180.918948
1787080181.087021
1787080181.255005
1787080181.422270
1787080181.590531
1787080181.753144
1787080181.921646
1787080182.092674
1787080182.256264
1787080182.424937
1787080182.592672
1787080182.761933
1787080182.929749
1787080183.098055
1787080183.267044
1787080183.435073
1787080183.602702
1787080183.772626
1787080183.937966
1787080184.107332
1787080184.276116
1787080184.445035
1787080184.612696
1787080184.782519
1787080184.954427
1787080185.111495
1787080185.283983
1787080185.449873
1787080185.619473
1787080185.789078
1787080185.957140
1787080186.128695
1787080186.300022
1787080186.472449
1787080186.647290
1787080186.820131
1787080186.989904
1787080187.153087
1787080187.323071
1787080187.491514
1787080187.660124
1787080187.828478
1787080187.995551
1787080188.162539
1787080188.333358
1787080188.505007
1787080188.675213
1787080188.846419
1787080189.015122
1787080189.184881
1787080189.354662
1787080189.526219
1787080189.695787
1787080189.864133
1787080190.033904
1787080190.204991
1787080190.375427
1787080190.545444
1787080190.714323
1787080190.882974
1787080191.052632
1787080191.222600
1787080191.391920
1787080191.560259
1787080191.732177
1787080191.895344
1787080192.065368
1787080192.234406
1787080192.397834
1787080192.567634
1787080192.737070
1787080192.907142
1787080193.077873
1787080193.248102
1787080193.416483
1787080193.586072
1787080193.754591
1787080193.926051
1787080194.090044
1787080194.255668
1787080194.424321
1787080194.594661
1787080194.765528
1787080194.935045
1787080195.108648
1787080195.279143
1787080195.448497
1787080195.618028
1787080195.787417
1787080195.957751
1787080196.127609
1787080196.290613
1787080196.456743
1787080196.629190
1787080196.797876
1787080196.968424
1787080197.141268
1787080197.312148
1787080197.481443
1787080197.650469
1787080197.824315
1787080197.988408
1787080198.158535
1787080198.327333
1787080198.496864
1787080198.659794
1787080198.827167
1787080198.995106
1787080199.165331
1787080199.330628
1787080199.498909
1787080199.668084
1787080199.837813
1787080200.007993
1787080200.177881
1787080200.349807
1787080200.519177
1787080200.689644
1787080200.852943
1787080201.022638
1787080201.192658
1787080201.366478
1787080201.531701
1787080201.701729
1787080201.873321
1787080202.036931
1787080202.206193
1787080202.377204
1787080202.548766
1787080202.718309
1787080202.888834
1787080203.052830
1787080203.226018
1787080203.391355
1787080203.562107
1787080203.734258
1787080203.905167
1787080204.081768
1787080204.251631
1787080204.416422
1787080204.580774
1787080204.750695
1787080204.922352
1787080205.091877
1787080205.261790
1787080205.431099
1787080205.602563
1787080205.777340
1787080205.941285
1787080206.112251
1787080206.282610
1787080206.445942
1787080206.616937
1787080206.787995
1787080206.956257
1787080207.126285
1787080207.297270
1787080207.467478
1787080207.637227
1787080207.808492
1787080207.977028
1787080208.147784
1787080208.317797
1787080208.488050
1787080208.658722
1787080208.821946
1787080208.991773
1787080209.162637
1787080209.331711
1787080209.501935
1787080209.675160
1787080209.839153
1787080210.008127
1787080210.176775
1787080210.344523
1787080210.514783
1787080210.684558
1787080210.854732
1787080211.024295
1787080211.192971
1787080211.363492
1787080211.532828
1787080211.703599
1787080211.876869
1787080212.045717
1787080212.221685
1787080212.394837
1787080212.561741
1787080212.732172
1787080212.902213
1787080213.075659
1787080213.246078
1787080213.415044
1787080213.587720
1787080213.759019
1787080213.931421
1787080214.102826
1787080214.268057
1787080214.436921
1787080214.609705
1787080214.782729
1787080214.954983
1787080215.121894
1787080215.292488
1787080215.465557
1787080215.635607
1787080215.807414
1787080215.976320
1787080216.148069
1787080216.317053
1787080216.487726
1787080216.657712
1787080216.826591
1787080216.997247
1787080217.166380
1787080217.330341
1787080217.501469
1787080217.673100
1787080217.846273
1787080218.018464
1787080218.186942
1787080218.356153
1787080218.527997
1787080218.699378
1787080218.867901
1787080219.038186
1787080219.209967
1787080219.379079
1787080219.546877
1787080219.714636
1787080219.883260
1787080220.054193
1787080220.224049
1787080220.397226
1787080220.565282
1787080220.734735
1787080220.904477
1787080221.072246
1787080221.238739
1787080221.406465
1787080221.574410
1787080221.745094
1787080221.917518
1787080222.086694
1787080222.254064
1787080222.423630
1787080222.592321
1787080222.762827
1787080222.934918
1787080223.096626
1787080223.261372
1787080223.431976
1787080223.594904
1787080223.762935
1787080223.926261
1787080224.093207
1787080224.256113
1787080224.423221
1787080224.593397
1787080224.764966
1787080224.933076
1787080225.102461
1787080225.273251
1787080225.444962
1787080225.614945
1787080225.784677
1787080225.953455
1787080226.117956
1787080226.287972
1787080226.457780
1787080226.629691
1787080226.799228
1787080226.968435
1787080227.137467
1787080227.308214
1787080227.476377
1787080227.647262
1787080227.810996
1787080227.974707
1787080228.142357
1787080228.314264
1787080228.484951
1787080228.655725
1787080228.828222
1787080228.992962
1787080229.162951
1787080229.337650
1787080229.500073
1787080229.671047
1787080229.842361
1787080230.014648
1787080230.181064
1787080230.354520
1787080230.519378
1787080230.686899
1787080230.857663
1787080231.026393
1787080231.197405
1787080231.369049
1787080231.539408
1787080231.711584
1787080231.887328
1787080232.058129
1787080232.229977
1787080232.398561
1787080232.573132
1787080232.746624
1787080232.919002
1787080233.089937
1787080233.262732
1787080233.434574
1787080233.604676
1787080233.771005
1787080233.944038
1787080234.108847
1787080234.280372
1787080234.452140
1787080234.623059
1787080234.796223
1787080234.967751
1787080235.141426
1787080235.310078
1787080235.483866
1787080235.649127
1787080235.811616
1787080235.978320
1787080236.143757
1787080236.310664
1787080236.480052
1787080236.646387
1787080236.811067
1787080236.979831
1787080237.141128
1787080237.308783
1787080237.475244
1787080237.642045
1787080237.809934
1787080237.971104
1787080238.138038
1787080238.305062
1787080238.473430
1787080238.641019
1787080238.809102
1787080238.976356
1787080239.141627
1787080239.308674
1787080239.477596
1787080239.646112
1787080239.814314
1787080239.982661
1787080240.152183
1787080240.312920
1787080240.480590
1787080240.643338
1787080240.812093
1787080240.978255
1787080241.138693
1787080241.304829
1787080241.471932
1787080241.640870
1787080241.809828
1787080241.970963
1787080242.137115
1787080242.305881
1787080242.467106
1787080242.635912
1787080242.803574
1787080242.963977
1787080243.126612
1787080243.295843
1787080243.463473
1787080243.632864
1787080243.799490
1787080243.967825
1787080244.134753
1787080244.303009
1787080244.471015
1787080244.640066
1787080244.801436
1787080244.968009
1787080245.128750
1787080245.294116
1787080245.460422
1787080245.628993
1787080245.797159
1787080245.966383
1787080246.136946
1787080246.305038
1787080246.473170
1787080246.634471
1787080246.799805
1787080246.966787
1787080247.134699
1787080247.303403
1787080247.472250
1787080247.632959
1787080247.799780
1787080247.966900
1787080248.129327
1787080248.295236
1787080248.463484
1787080248.630442
1787080248.799352
1787080248.967008
1787080249.134928
1787080249.302746
1787080249.472770
1787080249.626591
1787080249.791567
1787080249.958501
1787080250.124534
1787080250.292593
1787080250.454862
1787080250.620709
1787080250.788957
1787080250.950804
1787080251.116137
1787080251.283435
1787080251.452086
1787080251.618470
1787080251.786090
1787080251.954655
1787080252.121946
1787080252.287268
1787080252.446937
1787080252.614139
1787080252.781551
1787080252.946638
1787080253.114944
1787080253.281388
1787080253.442363
1787080253.608940
1787080253.771684
1787080253.938335
1787080254.101064
1787080254.268395
1787080254.435369
1787080254.601238
1787080254.760937
1787080254.927414
1787080255.087051
1787080255.254672
1787080255.420142
1787080255.586407
1787080255.752815
1787080255.919826
1787080256.084872
1787080256.250255
1787080256.416950
1787080256.582336
1787080256.745666
1787080256.911359
1787080257.078304
1787080257.246002
1787080257.416408
1787080257.584343
1787080257.744438
1787080257.910457
1787080258.077247
1787080258.243207
1787080258.412212
1787080258.578062
1787080258.744658
1787080258.911358
1787080259.078293
1787080259.244303
1787080259.412030
1787080259.580964
1787080259.746422
1787080259.913881
1787080260.075097
1787080260.241329
1787080260.402340
1787080260.567832
1787080260.734577
1787080260.901319
1787080261.062556
1787080261.227887
1787080261.393709
1787080261.561203
1787080261.727660
1787080261.892464
1787080262.058950
1787080262.226185
1787080262.394781
1787080262.564127
1787080262.733466
1787080262.900733
1787080263.067672
1787080263.233935
1787080263.400762
1787080263.568993
1787080263.737944
1787080263.904338
1787080264.075124
1787080264.242793
1787080264.409832
1787080264.578441
1787080264.747078
1787080264.914303
1787080265.082420
1787080265.248833
1787080265.415301
1787080265.579457
1787080265.739638
1787080265.907868
1787080266.075627
1787080266.240515
1787080266.406724
1787080266.572378
1787080266.741313
1787080266.909421
1787080267.068938
1787080267.234763
1787080267.401551
1787080267.571051
1787080267.730291
1787080267.897781
1787080268.063590
1787080268.228389
1787080268.390365
1787080268.555851
1787080268.718102
1787080268.885057
1787080269.051713
1787080269.218673
1787080269.379194
1787080269.549338
1787080269.708869
1787080269.876153
1787080270.046852
1787080270.216591
1787080270.386193
1787080270.558495
1787080270.723331
1787080270.892489
1787080271.055668
1787080271.230516
1787080271.401461
1787080271.562728
1787080271.729687
1787080271.897350
1787080272.063819
1787080272.233986
1787080272.401121
1787080272.567087
1787080272.726809
1787080272.885054
1787080273.050205
1787080273.208313
1787080273.373768
1787080273.541049
1787080273.705978
1787080273.866559
1787080274.034063
1787080274.201808
1787080274.367190
1787080274.534893
1787080274.701836
1787080274.868018
1787080275.035005
1787080275.200750
1787080275.369335
1787080275.538379
1787080275.698105
1787080275.864662
1787080276.031532
1787080276.197447
1787080276.359851
1787080276.528795
1787080276.690757
1787080276.856138
1787080277.020257
1787080277.186209
1787080277.346535
1787080277.507868
1787080277.673432
1787080277.838928
1787080278.004390
1787080278.163539
1787080278.327943
1787080278.493052
1787080278.659823
1787080278.821249
1787080278.986595
1787080279.145700
1787080279.304716
1787080279.468068
1787080279.638564
1787080279.797214
1787080279.959810
1787080280.125174
1787080280.291361
1787080280.457947
1787080280.618649
1787080280.783944
1787080280.951038
1787080281.113759
1787080281.278700
1787080281.442349
1787080281.607375
1787080281.777399
1787080281.943186
1787080282.111045
1787080282.272228
1787080282.435757
1787080282.601654
1787080282.765501
1787080282.930780
1787080283.097053
1787080283.259895
1787080283.419423
1787080283.585741
1787080283.746739
1787080283.915291
1787080284.085289
1787080284.255416
1787080284.424772
1787080284.597235
1787080284.765777
1787080284.932993
1787080285.102490
1787080285.271930
1787080285.440427
1787080285.616200
1787080285.786567
1787080285.956407
1787080286.126520
1787080286.290736
1787080286.457233
1787080286.627998
1787080286.796808
1787080286.964348
1787080287.125693
1787080287.295128
1787080287.464256
1787080287.632203
1787080287.793608
1787080287.960502
1787080288.130429
1787080288.298368
1787080288.463753
1787080288.633218
1787080288.800202
1787080288.962520
1787080289.128169
1787080289.295124
1787080289.462953
1787080289.632155
1787080289.793822
1787080289.962539
1787080290.132299
1787080290.301198
1787080290.468967
1787080290.636995
1787080290.805914
1787080290.975073
1787080291.144663
1787080291.310409
1787080291.478419
1787080291.645629
1787080291.813911
1787080291.982009
1787080292.147937
1787080292.317008
1787080292.486763
1787080292.655395
1787080292.821453
1787080292.991108
1787080293.159317
1787080293.338065
1787080293.503292
1787080293.675608
1787080293.839680
1787080294.006744
1787080294.179617
1787080294.348073
1787080294.518287
1787080294.687903
1787080294.859271
1787080295.024214
1787080295.192164
1787080295.361618
1787080295.530849
1787080295.700181
1787080295.870021
1787080296.039543
1787080296.207117
1787080296.378985
1787080296.550174
1787080296.715630
1787080296.884181
1787080297.051874
1787080297.214635
1787080297.382020
1787080297.553419
1787080297.720268
1787080297.888601
1787080298.052132
1787080298.222362
1787080298.392357
1787080298.561934
1787080298.723809
1787080298.893784
1787080299.062406
1787080299.235755
1787080299.406230
1787080299.574207
1787080299.748954
1787080299.919506
1787080300.090879
1787080300.258753
1787080300.429224
1787080300.598726
1787080300.766458
1787080300.932060
1787080301.099112
1787080301.263022
1787080301.429861
1787080301.595299
1787080301.766387
1787080301.926600
1787080302.093143
1787080302.262841
1787080302.436108
1787080302.604582
1787080302.768958
1787080302.938460
1787080303.103350
1787080303.273781
1787080303.437073
1787080303.607475
1787080303.775757
1787080303.937428
1787080304.103507
1787080304.266882
1787080304.433282
1787080304.601535
1787080304.772352
1787080304.939332
1787080305.105061
1787080305.271785
1787080305.434633
1787080305.601590
1787080305.771975
1787080305.938302
1787080306.105627
1787080306.272333
1787080306.440284
1787080306.603534
1787080306.771940
1787080306.941761
1787080307.112987
1787080307.275016
