1787078662.646614
1787078662.799354
1787078662.944443
1787078663.090996
1787078663.238492
1787078663.386252
1787078663.534143
1787078663.681683
1787078663.829946
1787078663.979617
1787078664.128250
1787078664.277518
1787078664.434993
1787078664.594762
1787078664.750196
1787078664.904304
1787078665.053202
1787078665.199889
1787078665.348143
1787078665.506132
1787078665.663937
1787078665.820012
1787078665.974938
1787078666.124573
1787078666.277319
1787078666.429891
1787078666.581186
1787078666.731670
1787078666.877539
1787078667.025299
1787078667.174144
1787078667.321964
1787078667.474663
1787078667.630593
1787078667.785320
1787078667.935235
1787078668.091501
1787078668.240837
1787078668.397108
1787078668.553021
1787078668.699116
1787078668.852315
1787078669.005099
1787078669.152836
1787078669.305965
1787078669.461021
1787078669.616205
1787078669.770965
1787078669.925399
1787078670.077873
1787078670.231428
1787078670.384375
1787078670.531230
1787078670.683285
1787078670.838940
1787078670.990326
1787078671.135930
1787078671.281173
1787078671.432566
1787078671.585320
1787078671.731113
1787078671.880813
1787078672.030235
1787078672.184453
1787078672.329414
1787078672.480578
1787078672.629904
1787078672.779923
1787078672.929546
1787078673.080130
1787078673.232417
1787078673.381590
1787078673.534247
1787078673.684797
1787078673.830332
1787078673.978717
1787078674.129347
1787078674.280730
1787078674.429159
1787078674.579728
1787078674.730172
1787078674.877958
1787078675.026644
1787078675.178290
1787078675.328200
1787078675.479040
1787078675.629121
1787078675.780042
1787078675.922939
1787078676.067077
1787078676.216523
1787078676.359643
1787078676.508468
1787078676.657761
1787078676.809531
1787078676.954847
1787078677.098168
1787078677.248619
1787078677.398690
1787078677.551085
1787078677.702846
1787078677.853002
1787078677.997770
1787078678.148598
1787078678.292930
1787078678.443499
1787078678.593943
1787078678.745128
1787078678.895865
1787078679.046754
1787078679.199307
1787078679.353300
1787078679.506368
1787078679.659548
1787078679.810549
1787078679.962946
1787078680.114078
1787078680.269878
1787078680.419962
1787078680.572297
1787078680.723490
1787078680.875870
1787078681.028421
1787078681.175208
1787078681.329100
1787078681.482646
1787078681.633821
1787078681.785834
1787078681.934441
1787078682.082119
1787078682.236567
1787078682.384956
1787078682.542373
1787078682.695625
1787078682.850847
1787078683.004303
1787078683.158782
1787078683.312610
1787078683.468626
1787078683.621520
1787078683.774319
1787078683.927570
1787078684.082281
1787078684.232037
1787078684.386237
1787078684.538128
1787078684.691910
1787078684.845778
1787078684.995539
1787078685.143340
1787078685.299498
1787078685.448032
1787078685.603281
1787078685.757818
1787078685.912574
1787078686.067191
1787078686.223802
1787078686.381962
1787078686.537596
1787078686.693624
1787078686.850352
1787078687.007550
1787078687.159395
1787078687.310965
1787078687.460899
1787078687.619294
1787078687.776879
1787078687.935475
1787078688.092162
1787078688.249575
1787078688.403183
1787078688.561892
1787078688.721270
1787078688.881723
1787078689.041172
1787078689.201665
1787078689.363120
1787078689.525398
1787078689.685398
1787078689.846959
1787078690.012369
1787078690.175289
1787078690.336499
1787078690.497269
1787078690.657445
1787078690.822955
1787078690.985297
1787078691.149247
1787078691.305021
1787078691.461647
1787078691.624047
1787078691.786857
1787078691.943795
1787078692.101977
1787078692.266038
1787078692.424190
1787078692.589673
1787078692.755766
1787078692.922722
1787078693.089418
1787078693.254021
1787078693.419427
1787078693.585197
1787078693.751452
1787078693.915684
1787078694.081106
1787078694.246000
1787078694.411901
1787078694.578955
1787078694.744885
1787078694.909561
1787078695.075176
1787078695.239782
1787078695.404349
1787078695.569675
1787078695.737996
1787078695.905829
1787078696.064673
1787078696.231565
1787078696.391556
1787078696.553896
1787078696.719232
1787078696.887645
1787078697.048951
1787078697.214543
1787078697.380681
1787078697.539974
1787078697.707090
1787078697.878404
1787078698.044999
1787078698.205442
1787078698.373533
1787078698.537645
1787078698.707437
1787078698.868941
1787078699.030135
1787078699.197031
1787078699.364952
1787078699.533403
1787078699.700759
1787078699.866729
1787078700.038019
1787078700.201313
1787078700.368355
1787078700.536143
1787078700.703563
1787078700.872993
1787078701.041574
1787078701.210676
1787078701.378964
1787078701.545830
1787078701.718708
1787078701.880254
1787078702.047512
1787078702.215855
1787078702.381343
1787078702.544281
1787078702.711854
1787078702.874544
1787078703.042185
1787078703.210940
1787078703.379912
1787078703.548047
1787078703.716391
1787078703.881579
1787078704.043631
1787078704.216308
1787078704.386469
1787078704.548952
1787078704.719796
1787078704.888187
1787078705.055478
1787078705.223105
1787078705.392217
1787078705.560273
1787078705.728655
1787078705.897287
1787078706.064469
1787078706.233762
1787078706.404705
1787078706.575190
1787078706.742041
1787078706.906486
1787078707.075984
1787078707.243354
1787078707.412468
1787078707.576002
1787078707.746293
1787078707.915032
1787078708.076833
1787078708.246619
1787078708.413697
1787078708.584475
1787078708.752843
1787078708.916389
1787078709.078853
1787078709.248127
1787078709.416363
1787078709.583730
1787078709.752236
1787078709.920488
1787078710.094175
1787078710.259108
1787078710.429972
1787078710.597869
1787078710.767088
1787078710.935812
1787078711.104343
1787078711.272807
1787078711.437366
1787078711.606104
1787078711.774023
1787078711.944203
1787078712.114789
1787078712.274547
1787078712.444551
1787078712.604785
1787078712.766270
1787078712.934187
1787078713.101147
1787078713.265234
1787078713.433536
1787078713.594688
1787078713.757540
1787078713.919866
1787078714.081497
1787078714.250486
1787078714.419813
1787078714.582020
1787078714.752426
1787078714.917674
1787078715.086791
1787078715.248901
1787078715.415767
1787078715.587615
1787078715.754811
1787078715.927171
1787078716.088309
1787078716.250691
1787078716.416800
1787078716.587073
1787078716.758413
1787078716.920775
1787078717.089251
1787078717.258492
1787078717.425177
1787078717.594068
1787078717.763090
1787078717.932760
1787078718.098556
1787078718.269023
1787078718.442104
1787078718.617132
1787078718.784666
1787078718.957157
1787078719.121770
1787078719.290572
1787078719.461133
1787078719.629481
1787078719.800419
1787078719.971570
1787078720.142936
1787078720.313120
1787078720.485068
1787078720.656337
1787078720.822271
1787078720.995234
1787078721.161804
1787078721.333582
1787078721.506704
1787078721.679945
1787078721.850642
1787078722.021470
1787078722.192009
1787078722.366106
1787078722.538646
1787078722.703103
1787078722.873500
1787078723.038519
1787078723.210705
1787078723.381886
1787078723.552628
1787078723.725916
1787078723.897755
1787078724.063559
1787078724.236528
1787078724.405531
1787078724.576720
1787078724.746184
1787078724.915539
1787078725.081366
1787078725.251789
1787078725.421288
1787078725.591662
1787078725.761749
1787078725.930963
1787078726.095353
1787078726.267181
1787078726.435663
1787078726.605874
1787078726.770021
1787078726.941235
1787078727.111375
1787078727.279602
1787078727.451828
1787078727.623113
1787078727.789929
1787078727.962993
1787078728.140176
1787078728.305728
1787078728.478314
1787078728.652681
1787078728.828120
1787078728.994964
1787078729.163861
1787078729.333777
1787078729.498652
1787078729.670583
1787078729.843306
1787078730.015064
1787078730.182244
1787078730.356691
1787078730.529716
1787078730.702576
1787078730.869597
1787078731.039979
1787078731.216187
1787078731.386027
1787078731.558539
1787078731.733056
1787078731.905932
1787078732.073087
1787078732.245283
1787078732.418718
1787078732.586215
1787078732.753940
1787078732.926697
1787078733.097572
1787078733.268427
1787078733.439101
1787078733.602641
1787078733.774291
1787078733.937912
1787078734.110609
1787078734.275800
1787078734.445652
1787078734.614856
1787078734.785077
1787078734.956407
1787078735.125457
1787078735.295760
1787078735.458741
1787078735.631325
1787078735.803533
1787078735.973670
1787078736.148392
1787078736.314018
1787078736.481585
1787078736.648687
1787078736.814397
1787078736.984154
1787078737.148297
1787078737.316603
1787078737.481358
1787078737.650845
1787078737.820113
1787078737.988644
1787078738.161460
1787078738.332164
1787078738.500642
1787078738.665674
1787078738.837103
1787078739.007080
1787078739.174307
1787078739.345728
1787078739.510369
1787078739.677320
1787078739.848551
1787078740.018866
1787078740.190301
1787078740.359186
1787078740.531235
1787078740.702313
1787078740.875229
1787078741.052723
1787078741.227566
1787078741.403292
1787078741.582340
1787078741.751358
1787078741.921225
1787078742.090526
1787078742.265001
1787078742.433969
1787078742.610736
1787078742.786050
1787078742.960531
1787078743.133098
1787078743.305276
1787078743.472067
1787078743.645135
1787078743.819491
1787078743.985728
1787078744.164088
1787078744.337330
1787078744.503946
1787078744.672272
1787078744.845253
1787078745.016661
1787078745.192658
1787078745.367057
1787078745.536022
1787078745.706807
1787078745.881808
1787078746.053939
1787078746.223413
1787078746.388362
1787078746.559852
1787078746.729750
1787078746.898850
1787078747.068192
1787078747.238052
1787078747.409682
1787078747.580547
1787078747.747646
1787078747.918629
1787078748.085898
1787078748.256732
1787078748.430443
1787078748.597595
1787078748.761384
1787078748.924608
1787078749.093296
1787078749.258487
1787078749.428916
1787078749.598167
1787078749.768702
1787078749.939025
1787078750.103819
1787078750.273596
1787078750.446295
1787078750.619227
1787078750.791511
1787078750.962115
1787078751.131422
1787078751.301641
1787078751.471989
1787078751.641102
1787078751.814233
1787078751.984834
1787078752.149868
1787078752.321897
1787078752.493775
1787078752.668689
1787078752.837861
1787078753.009274
1787078753.179753
1787078753.349630
1787078753.520296
1787078753.687550
1787078753.856045
1787078754.028017
1787078754.193112
1787078754.364329
1787078754.539019
1787078754.702655
1787078754.871884
1787078755.042264
1787078755.213137
1787078755.382955
1787078755.553215
1787078755.721256
1787078755.891296
1787078756.064548
1787078756.234648
1787078756.410492
1787078756.579423
1787078756.755464
1787078756.928045
1787078757.097629
1787078757.272236
1787078757.443267
1787078757.624940
1787078757.803796
1787078757.984848
1787078758.156757
1787078758.335444
1787078758.517283
1787078758.702383
1787078758.882436
1787078759.060832
1787078759.239361
1787078759.418951
1787078759.596922
1787078759.775063
1787078759.955442
1787078760.136410
1787078760.314624
1787078760.493350
1787078760.671512
1787078760.849331
1787078761.027423
1787078761.201689
1787078761.381486
1787078761.552564
1787078761.732388
1787078761.909846
1787078762.082594
1787078762.254930
1787078762.427127
1787078762.606216
1787078762.775569
1787078762.954718
1787078763.134622
1787078763.315335
1787078763.494809
1787078763.673483
1787078763.849972
1787078764.024661
1787078764.200790
1787078764.376805
1787078764.552088
1787078764.728571
1787078764.905875
1787078765.081596
1787078765.260061
1787078765.437483
1787078765.613216
1787078765.786412
1787078765.959702
1787078766.135115
1787078766.307919
1787078766.485122
1787078766.664833
1787078766.843698
1787078767.015294
1787078767.186015
1787078767.362383
1787078767.545464
1787078767.722615
1787078767.901915
1787078768.078612
1787078768.255638
1787078768.429703
1787078768.607002
1787078768.776842
1787078768.954097
1787078769.130137
1787078769.310358
1787078769.479154
1787078769.655974
1787078769.837267
1787078770.018713
1787078770.199396
1787078770.374105
1787078770.551382
1787078770.731921
1787078770.912577
1787078771.087873
1787078771.268128
1787078771.448170
1787078771.628828
1787078771.811672
1787078771.999070
1787078772.189767
1787078772.370843
1787078772.550304
1787078772.738135
1787078772.920493
1787078773.100674
1787078773.284345
1787078773.465825
1787078773.641624
1787078773.821783
1787078774.001983
1787078774.177715
1787078774.360048
1787078774.541653
1787078774.723654
1787078774.902508
1787078775.078768
1787078775.257202
1787078775.438708
1787078775.620368
1787078775.803724
1787078775.985689
1787078776.165016
1787078776.343517
1787078776.522993
1787078776.709576
1787078776.893804
1787078777.069535
1787078777.245665
1787078777.421263
1787078777.604395
1787078777.777517
1787078777.956324
1787078778.138512
1787078778.316911
1787078778.498290
1787078778.677640
1787078778.854453
1787078779.033400
1787078779.217375
1787078779.401349
1787078779.576380
1787078779.756183
1787078779.932794
1787078780.109762
1787078780.286432
1787078780.461580
1787078780.633991
1787078780.810146
1787078780.983491
1787078781.161112
1787078781.334819
1787078781.510094
1787078781.683976
1787078781.860701
1787078782.034221
1787078782.210482
1787078782.386226
1787078782.561077
1787078782.731348
1787078782.900645
1787078783.075528
1787078783.251593
1787078783.430042
1787078783.607937
1787078783.780110
1787078783.954610
1787078784.132880
1787078784.309957
1787078784.487376
1787078784.662318
1787078784.840994
1787078785.013937
1787078785.185445
1787078785.363555
1787078785.544224
1787078785.722898
1787078785.901311
1787078786.083870
1787078786.268057
1787078786.444504
1787078786.626464
1787078786.804793
1787078786.985710
1787078787.165993
1787078787.347076
1787078787.531298
1787078787.709678
1787078787.889069
1787078788.067724
1787078788.246741
1787078788.428652
1787078788.609567
1787078788.789990
1787078788.970687
1787078789.153265
1787078789.336250
1787078789.515215
1787078789.699564
1787078789.881235
1787078790.070780
1787078790.248111
1787078790.431331
1787078790.615970
1787078790.797006
1787078790.981856
1787078791.168247
1787078791.349664
1787078791.531809
1787078791.715384
1787078791.897786
1787078792.082695
1787078792.266233
1787078792.448406
1787078792.630440
1787078792.815130
1787078792.988389
1787078793.165848
1787078793.343025
1787078793.519555
1787078793.696570
1787078793.872350
1787078794.049457
1787078794.220899
1787078794.393755
1787078794.572908
1787078794.749746
1787078794.930495
1787078795.108983
1787078795.288787
1787078795.459172
1787078795.638233
1787078795.813864
1787078795.992324
1787078796.175969
1787078796.347524
1787078796.522451
1787078796.702160
1787078796.882229
1787078797.061337
1787078797.242016
1787078797.423607
1787078797.604249
1787078797.783140
1787078797.965471
1787078798.143100
1787078798.324074
1787078798.507580
1787078798.694726
1787078798.879134
1787078799.062295
1787078799.241961
1787078799.426656
1787078799.611133
1787078799.795147
1787078799.976924
1787078800.161905
1787078800.338821
1787078800.516342
1787078800.699210
1787078800.876004
1787078801.054780
1787078801.241675
1787078801.419832
1787078801.596190
1787078801.769614
1787078801.944953
1787078802.120805
1787078802.296448
1787078802.472147
1787078802.644073
1787078802.823232
1787078802.999701
1787078803.178414
1787078803.355932
1787078803.530132
1787078803.704506
1787078803.884093
1787078804.056529
1787078804.231020
1787078804.408131
1787078804.582640
1787078804.760998
1787078804.935818
1787078805.111303
1787078805.286291
1787078805.453538
1787078805.629727
1787078805.801838
1787078805.969962
1787078806.144689
1787078806.319231
1787078806.490493
1787078806.662248
1787078806.835508
1787078807.009577
1787078807.184502
1787078807.359688
1787078807.535011
1787078807.703648
1787078807.872239
1787078808.044544
1787078808.219613
1787078808.394536
1787078808.568780
1787078808.741410
1787078808.914743
1787078809.081870
1787078809.255184
1787078809.426114
1787078809.603358
1787078809.777812
1787078809.950040
1787078810.122462
1787078810.294348
1787078810.467019
1787078810.640509
1787078810.816591
1787078810.982868
1787078811.149826
1787078811.321127
1787078811.486613
1787078811.648685
1787078811.815366
1787078811.986645
1787078812.157447
1787078812.321944
1787078812.494279
1787078812.663453
1787078812.835199
1787078812.998739
1787078813.171613
1787078813.341740
1787078813.513677
1787078813.683703
1787078813.854336
1787078814.023225
1787078814.188813
1787078814.359176
1787078814.529951
1787078814.699896
1787078814.871691
1787078815.045760
1787078815.219524
1787078815.385505
1787078815.558001
1787078815.726522
1787078815.898441
1787078816.066561
1787078816.238904
1787078816.409183
1787078816.579309
1787078816.750586
1787078816.918464
1787078817.087871
1787078817.256824
1787078817.419948
1787078817.588503
1787078817.758552
1787078817.929600
1787078818.098717
1787078818.267555
1787078818.436167
1787078818.604115
1787078818.772599
1787078818.941286
1787078819.109906
1787078819.272881
1787078819.439983
1787078819.604068
1787078819.773714
1787078819.942262
1787078820.105698
1787078820.269480
1787078820.443164
1787078820.613446
1787078820.782943
1787078820.953970
1787078821.122176
1787078821.285606
1787078821.454662
1787078821.624371
1787078821.793644
1787078821.961503
1787078822.131629
1787078822.301184
1787078822.474537
1787078822.643857
1787078822.813552
1787078822.984937
1787078823.155879
1787078823.325208
1787078823.487553
1787078823.656951
1787078823.824081
1787078823.993955
1787078824.165760
1787078824.333616
1787078824.499826
1787078824.669522
1787078824.838067
1787078825.006286
1787078825.175702
1787078825.346518
1787078825.516105
1787078825.686693
1787078825.849674
1787078826.017568
1787078826.178619
1787078826.347042
1787078826.515689
1787078826.685859
1787078826.848102
1787078827.016279
1787078827.183488
1787078827.345252
1787078827.517101
1787078827.689289
1787078827.856951
1787078828.023688
1787078828.193389
1787078828.355072
1787078828.529847
1787078828.702381
1787078828.876168
1787078829.047609
1787078829.220839
1787078829.394686
1787078829.568117
1787078829.743547
1787078829.918409
1787078830.090043
1787078830.263487
1787078830.436589
1787078830.601311
1787078830.773970
1787078830.944713
1787078831.110078
1787078831.283463
1787078831.458502
1787078831.624065
1787078831.797892
1787078831.972151
1787078832.151395
1787078832.314169
1787078832.487006
1787078832.656705
1787078832.829010
1787078832.998245
1787078833.167685
1787078833.338591
1787078833.507333
1787078833.680476
1787078833.851677
1787078834.020449
1787078834.191558
1787078834.363337
1787078834.537121
1787078834.712677
1787078834.884757
1787078835.057004
1787078835.229683
1787078835.401691
1787078835.573666
1787078835.747806
1787078835.915242
1787078836.092623
1787078836.264299
1787078836.438677
1787078836.611444
1787078836.784139
1787078836.961252
1787078837.133462
1787078837.305970
1787078837.476469
1787078837.649727
1787078837.822204
1787078837.996666
1787078838.162288
1787078838.334429
1787078838.506068
1787078838.676160
1787078838.843107
1787078839.013818
1787078839.180058
1787078839.352444
1787078839.522118
1787078839.691433
1787078839.861596
1787078840.036982
1787078840.200502
1787078840.372340
1787078840.530809
1787078840.705290
1787078840.882750
1787078841.048567
1787078841.223788
1787078841.400621
1787078841.571717
1787078841.742840
1787078841.912127
1787078842.078116
1787078842.247028
1787078842.423318
1787078842.595336
1787078842.765956
1787078842.935549
1787078843.099240
1787078843.269228
1787078843.437778
1787078843.607617
1787078843.776403
1787078843.949152
1787078844.120596
1787078844.291608
1787078844.460691
1787078844.622869
1787078844.793212
1787078844.968880
1787078845.137100
1787078845.305286
1787078845.475039
1787078845.645415
1787078845.815227
1787078845.977945
1787078846.145348
1787078846.314965
1787078846.483099
1787078846.653521
1787078846.823590
1787078846.988298
1787078847.157873
1787078847.326489
1787078847.494903
1787078847.665004
1787078847.833490
1787078848.002246
1787078848.165092
1787078848.332657
1787078848.500325
1787078848.669645
1787078848.837965
1787078849.008194
1787078849.175014
1787078849.348404
1787078849.517997
1787078849.687289
1787078849.857595
1787078850.029088
1787078850.194580
1787078850.360507
1787078850.530227
1787078850.696931
1787078850.865297
1787078851.032609
1787078851.200014
1787078851.367845
1787078851.534492
1787078851.701698
1787078851.870672
1787078852.032092
1787078852.201720
1787078852.376131
1787078852.545666
1787078852.708497
1787078852.878314
1787078853.046670
1787078853.210983
1787078853.380389
1787078853.550074
1787078853.719081
1787078853.888572
1787078854.059893
1787078854.231928
1787078854.400126
1787078854.568458
1787078854.737454
1787078854.905413
1787078855.074564
1787078855.246022
1787078855.414930
1787078855.584519
1787078855.752774
1787078855.919629
1787078856.088439
1787078856.259036
1787078856.428535
1787078856.599522
1787078856.768016
1787078856.938059
1787078857.108558
1787078857.278528
1787078857.446618
1787078857.614971
1787078857.785636
1787078857.958038
1787078858.128037
1787078858.297057
1787078858.465148
1787078858.635744
1787078858.800574
1787078858.970492
1787078859.139594
1787078859.308756
1787078859.480206
1787078859.650963
1787078859.825993
1787078860.001024
1787078860.171555
1787078860.343476
1787078860.511713
1787078860.681558
1787078860.853504
1787078861.023350
1787078861.187148
1787078861.359726
1787078861.532715
1787078861.702867
1787078861.873911
1787078862.044665
1787078862.219570
1787078862.393143
1787078862.559375
1787078862.727028
1787078862.898043
1787078863.068459
1787078863.231071
1787078863.400885
1787078863.571785
1787078863.743311
1787078863.912150
1787078864.084882
1787078864.261945
1787078864.433318
1787078864.610424
1787078864.781018
1787078864.947293
1787078865.119521
1787078865.290936
1787078865.464343
1787078865.639255
1787078865.812300
1787078865.983829
1787078866.150428
1787078866.322986
1787078866.495067
1787078866.664764
1787078866.838752
1787078867.009172
1787078867.184148
1787078867.356936
1787078867.527534
1787078867.697780
1787078867.872317
1787078868.036712
1787078868.210056
1787078868.376122
1787078868.542122
1787078868.713628
1787078868.889311
1787078869.061386
1787078869.233426
1787078869.408825
1787078869.581465
1787078869.756580
1787078869.930838
1787078870.104119
1787078870.275839
1787078870.444709
1787078870.610583
1787078870.783936
1787078870.955365
1787078871.121506
1787078871.293928
1787078871.464154
1787078871.631243
1787078871.804551
1787078871.983557
1787078872.161449
1787078872.337197
1787078872.520412
1787078872.702370
1787078872.875923
1787078873.053981
1787078873.230643
1787078873.408171
1787078873.588659
1787078873.767905
1787078873.945513
1787078874.123834
1787078874.304643
1787078874.483706
1787078874.665234
1787078874.843567
1787078875.018735
1787078875.198764
1787078875.381835
1787078875.556862
1787078875.736195
1787078875.917209
1787078876.097270
1787078876.281348
1787078876.465974
1787078876.642374
1787078876.817270
1787078876.989399
1787078877.169861
1787078877.350972
1787078877.534426
1787078877.713882
1787078877.895796
1787078878.070787
1787078878.249064
1787078878.427554
1787078878.606929
1787078878.785102
1787078878.966417
1787078879.149554
1787078879.326855
1787078879.506685
1787078879.685809
1787078879.864959
1787078880.049743
1787078880.224669
1787078880.408516
1787078880.592058
1787078880.766458
1787078880.943385
1787078881.118207
1787078881.298996
1787078881.478727
1787078881.656133
1787078881.835737
1787078882.016415
1787078882.197760
1787078882.378807
1787078882.555294
1787078882.734205
1787078882.914958
1787078883.091843
1787078883.262558
1787078883.440957
1787078883.619919
1787078883.799682
1787078883.975797
1787078884.155574
1787078884.339558
1787078884.517971
1787078884.695311
1787078884.874443
1787078885.060216
1787078885.238571
1787078885.420740
1787078885.605707
1787078885.786556
1787078885.964484
1787078886.150852
1787078886.326973
1787078886.503734
1787078886.683866
1787078886.861892
1787078887.035827
1787078887.210947
1787078887.392694
1787078887.568195
1787078887.746486
1787078887.926428
1787078888.100095
1787078888.274453
1787078888.451769
1787078888.630994
1787078888.808444
1787078888.987831
1787078889.162422
1787078889.340758
1787078889.516089
1787078889.697835
1787078889.877267
1787078890.058098
1787078890.244850
1787078890.427689
1787078890.607069
1787078890.785286
1787078890.967215
1787078891.144621
1787078891.325035
1787078891.503551
1787078891.682269
1787078891.862169
1787078892.042694
1787078892.228614
1787078892.414965
1787078892.593877
1787078892.777056
1787078892.959715
1787078893.135907
1787078893.305822
1787078893.489201
1787078893.673337
1787078893.852369
1787078894.031753
1787078894.211150
1787078894.386787
1787078894.568003
1787078894.751036
1787078894.930378
1787078895.110587
1787078895.288199
1787078895.469936
1787078895.651744
1787078895.835369
1787078896.012890
1787078896.190979
1787078896.369088
1787078896.548160
1787078896.731178
1787078896.911678
1787078897.092304
1787078897.267558
1787078897.446227
1787078897.628216
1787078897.807181
1787078897.985929
1787078898.165722
1787078898.348634
1787078898.520945
1787078898.698439
1787078898.879320
1787078899.062024
1787078899.237099
1787078899.416291
1787078899.599535
1787078899.775399
1787078899.956382
1787078900.137762
1787078900.313825
1787078900.494808
1787078900.674546
1787078900.853492
1787078901.031841
1787078901.209902
1787078901.381040
1787078901.553795
1787078901.731313
1787078901.909958
1787078902.090643
1787078902.266528
1787078902.444687
1787078902.618815
1787078902.793916
1787078902.965980
1787078903.143724
1787078903.317945
1787078903.494398
1787078903.670797
1787078903.844928
1787078904.017307
1787078904.199469
1787078904.376483
1787078904.553480
1787078904.736995
1787078904.913714
1787078905.085737
1787078905.261844
1787078905.438708
1787078905.612293
1787078905.782651
1787078905.959289
1787078906.140802
1787078906.312886
1787078906.493406
1787078906.665466
1787078906.844801
1787078907.019197
1787078907.196316
1787078907.371967
1787078907.549021
1787078907.726305
1787078907.902830
1787078908.079654
1787078908.257003
1787078908.436587
1787078908.607732
1787078908.789011
1787078908.966655
1787078909.143060
1787078909.321999
1787078909.499511
1787078909.676860
1787078909.856238
1787078910.033322
1787078910.212170
1787078910.390257
1787078910.566513
1787078910.744986
1787078910.924565
1787078911.099001
1787078911.275162
1787078911.454013
1787078911.631911
1787078911.806997
1787078911.982701
1787078912.158374
1787078912.336023
1787078912.510184
1787078912.680000
1787078912.856746
1787078913.035452
1787078913.209329
1787078913.385117
1787078913.559967
1787078913.734533
1787078913.908604
1787078914.088119
1787078914.263672
1787078914.443767
1787078914.625150
1787078914.801172
1787078914.975204
1787078915.148574
1787078915.322446
1787078915.501092
1787078915.679647
1787078915.854313
1787078916.032354
1787078916.212221
1787078916.383529
1787078916.554344
1787078916.729635
1787078916.904534
1787078917.080090
1787078917.255088
1787078917.434077
1787078917.606829
1787078917.782610
1787078917.959211
1787078918.129711
1787078918.297821
1787078918.472086
1787078918.645595
1787078918.821579
1787078918.993678
1787078919.162997
1787078919.336551
1787078919.511611
1787078919.686168
1787078919.856946
1787078920.031134
1787078920.204989
1787078920.379757
1787078920.552986
1787078920.721569
1787078920.895811
1787078921.068748
1787078921.236569
1787078921.410578
1787078921.585232
1787078921.758759
1787078921.936604
1787078922.105949
1787078922.274380
1787078922.447701
1787078922.618620
1787078922.786100
1787078922.962014
1787078923.136209
1787078923.311479
1787078923.479242
1787078923.652289
1787078923.825910
1787078923.998304
1787078924.176817
1787078924.355962
1787078924.532500
1787078924.707234
1787078924.884495
1787078925.059054
1787078925.229036
1787078925.398011
1787078925.573010
1787078925.749081
1787078925.923824
1787078926.098384
1787078926.272552
1787078926.446958
1787078926.614789
1787078926.786482
1787078926.971756
1787078927.158011
1787078927.336803
1787078927.512197
1787078927.692168
1787078927.876535
1787078928.053472
1787078928.231018
1787078928.413155
1787078928.589206
1787078928.769989
1787078928.942951
1787078929.125329
1787078929.307026
1787078929.483686
1787078929.661968
1787078929.837464
1787078930.011348
1787078930.184384
1787078930.357736
1787078930.537565
1787078930.714469
1787078930.896743
1787078931.074286
1787078931.255765
1787078931.434505
1787078931.613246
1787078931.793528
1787078931.971608
1787078932.152535
1787078932.327534
1787078932.502818
1787078932.680619
1787078932.853850
1787078933.024661
1787078933.201838
1787078933.378199
1787078933.549246
1787078933.728988
1787078933.903745
1787078934.082767
1787078934.260640
1787078934.438051
1787078934.613127
1787078934.791859
1787078934.971582
1787078935.144642
1787078935.317461
1787078935.497105
1787078935.669916
1787078935.846206
