1787086834.121130
1787086834.269140
1787086834.424850
1787086834.584387
1787086834.737443
1787086834.886043
1787086835.036513
1787086835.185220
1787086835.338841
1787086835.493996
1787086835.651042
1787086835.806973
1787086835.964841
1787086836.119289
1787086836.276759
1787086836.435144
1787086836.590571
1787086836.747660
1787086836.902590
1787086837.059062
1787086837.216861
1787086837.375038
1787086837.529626
1787086837.686699
1787086837.843704
1787086838.001956
1787086838.156901
1787086838.313615
1787086838.472719
1787086838.628191
1787086838.785010
1787086838.941647
1787086839.089054
1787086839.247351
1787086839.396853
1787086839.550353
1787086839.703421
1787086839.859780
1787086840.004696
1787086840.159774
1787086840.316053
1787086840.470069
1787086840.625675
1787086840.780739
1787086840.929859
1787086841.084618
1787086841.239445
1787086841.396114
1787086841.549477
1787086841.703124
1787086841.857177
1787086842.011242
1787086842.160820
1787086842.313758
1787086842.467356
1787086842.621907
1787086842.774234
1787086842.928458
1787086843.073742
1787086843.219401
1787086843.368644
1787086843.520457
1787086843.675216
1787086843.826413
1787086843.976990
1787086844.126242
1787086844.276797
1787086844.428660
1787086844.584368
1787086844.731553
1787086844.875391
1787086845.017197
1787086845.169188
1787086845.321630
1787086845.472272
1787086845.622481
1787086845.767363
1787086845.918810
1787086846.069290
1787086846.221364
1787086846.370767
1787086846.519754
1787086846.668533
1787086846.819550
1787086846.971581
1787086847.122597
1787086847.268914
1787086847.420660
1787086847.570583
1787086847.719226
1787086847.868408
1787086848.020763
1787086848.169040
1787086848.321077
1787086848.472468
1787086848.623354
1787086848.776577
1787086848.928264
1787086849.089826
1787086849.232625
1787086849.383078
1787086849.532216
1787086849.683355
1787086849.835128
1787086849.985964
1787086850.138271
1787086850.291349
1787086850.444220
1787086850.597302
1787086850.751107
1787086850.901558
1787086851.054379
1787086851.204162
1787086851.355066
1787086851.508350
1787086851.655068
1787086851.801060
1787086851.952646
1787086852.099120
1787086852.246342
1787086852.392261
1787086852.547743
1787086852.695178
1787086852.853484
1787086853.007903
1787086853.155622
1787086853.304017
1787086853.455616
1787086853.609324
1787086853.763025
1787086853.916267
1787086854.068595
1787086854.224494
1787086854.371890
1787086854.527468
1787086854.683033
1787086854.835104
1787086854.987513
1787086855.135131
1787086855.287483
1787086855.444350
1787086855.592991
1787086855.745425
1787086855.899059
1787086856.053216
1787086856.209061
1787086856.364394
1787086856.517293
1787086856.672035
1787086856.826995
1787086856.985028
1787086857.133681
1787086857.288938
1787086857.445569
1787086857.603391
1787086857.754304
1787086857.904058
1787086858.061014
1787086858.212870
1787086858.369415
1787086858.527660
1787086858.682536
1787086858.841927
1787086858.993820
1787086859.151128
1787086859.308711
1787086859.465817
1787086859.617570
1787086859.771184
1787086859.932359
1787086860.085451
1787086860.245529
1787086860.408079
1787086860.562691
1787086860.722721
1787086860.882650
1787086861.044528
1787086861.203681
1787086861.357984
1787086861.512890
1787086861.673286
1787086861.837476
1787086861.994097
1787086862.156110
1787086862.315331
1787086862.471257
1787086862.633459
1787086862.794575
1787086862.956316
1787086863.118166
1787086863.285139
1787086863.441517
1787086863.605095
1787086863.761689
1787086863.922981
1787086864.085613
1787086864.248172
1787086864.404281
1787086864.565238
1787086864.722820
1787086864.880867
1787086865.042407
1787086865.208285
1787086865.374548
1787086865.536309
1787086865.703014
1787086865.868746
1787086866.031635
1787086866.196352
1787086866.362170
1787086866.528402
1787086866.692754
1787086866.859160
1787086867.022713
1787086867.187294
1787086867.355012
1787086867.521976
1787086867.687308
1787086867.856546
1787086868.015721
1787086868.177232
1787086868.339234
1787086868.503636
1787086868.664967
1787086868.830283
1787086868.998666
1787086869.168151
1787086869.337058
1787086869.503580
1787086869.673211
1787086869.839238
1787086870.010200
1787086870.169761
1787086870.336220
1787086870.503340
1787086870.669627
1787086870.837631
1787086871.004529
1787086871.168197
1787086871.331613
1787086871.498222
1787086871.665507
1787086871.831494
1787086871.999729
1787086872.168904
1787086872.328161
1787086872.494936
1787086872.663313
1787086872.830172
1787086872.998104
1787086873.166845
1787086873.332962
1787086873.499848
1787086873.666953
1787086873.834977
1787086874.001776
1787086874.166314
1787086874.333023
1787086874.493621
1787086874.660034
1787086874.825682
1787086874.989191
1787086875.155581
1787086875.325507
1787086875.487245
1787086875.653919
1787086875.820761
1787086875.989352
1787086876.159062
1787086876.327845
1787086876.493159
1787086876.658751
1787086876.821875
1787086876.989483
1787086877.159511
1787086877.323680
1787086877.491426
1787086877.659912
1787086877.828715
1787086877.998785
1787086878.166971
1787086878.336352
1787086878.505435
1787086878.674660
1787086878.847587
1787086879.016131
1787086879.176464
1787086879.345105
1787086879.514014
1787086879.675175
1787086879.839449
1787086880.006595
1787086880.165560
1787086880.331449
1787086880.499464
1787086880.666465
1787086880.831351
1787086880.991480
1787086881.159808
1787086881.325782
1787086881.494096
1787086881.661616
1787086881.828249
1787086881.994004
1787086882.161359
1787086882.325255
1787086882.493659
1787086882.660679
1787086882.828402
1787086882.995474
1787086883.162927
1787086883.331204
1787086883.499538
1787086883.666944
1787086883.833537
1787086883.999674
1787086884.165076
1787086884.325401
1787086884.494253
1787086884.657101
1787086884.822340
1787086884.989682
1787086885.157228
1787086885.325486
1787086885.496887
1787086885.665871
1787086885.832813
1787086886.002450
1787086886.172712
1787086886.335331
1787086886.503370
1787086886.673514
1787086886.844041
1787086887.016774
1787086887.183386
1787086887.347358
1787086887.513313
1787086887.684878
1787086887.850085
1787086888.022594
1787086888.196118
1787086888.360653
1787086888.531875
1787086888.704720
1787086888.876059
1787086889.049957
1787086889.217934
1787086889.387408
1787086889.557383
1787086889.724887
1787086889.891524
1787086890.060140
1787086890.220112
1787086890.389018
1787086890.553219
1787086890.723321
1787086890.891831
1787086891.060941
1787086891.223082
1787086891.391495
1787086891.563400
1787086891.730299
1787086891.899353
1787086892.067398
1787086892.236981
1787086892.408336
1787086892.577702
1787086892.747736
1787086892.916925
1787086893.084504
1787086893.252732
1787086893.417838
1787086893.586723
1787086893.757065
1787086893.927667
1787086894.090113
1787086894.259262
1787086894.422510
1787086894.590556
1787086894.758592
1787086894.921569
1787086895.092574
1787086895.256466
1787086895.427484
1787086895.597090
1787086895.768159
1787086895.940143
1787086896.113400
1787086896.280642
1787086896.450868
1787086896.620337
1787086896.788480
1787086896.956108
1787086897.122511
1787086897.284837
1787086897.456400
1787086897.618685
1787086897.787407
1787086897.955937
1787086898.118520
1787086898.289495
1787086898.457459
1787086898.625482
1787086898.793887
1787086898.963578
1787086899.134927
1787086899.300239
1787086899.469188
1787086899.638450
1787086899.808115
1787086899.977107
1787086900.149820
1787086900.312760
1787086900.482242
1787086900.651777
1787086900.820848
1787086900.988757
1787086901.159780
1787086901.332229
1787086901.500767
1787086901.673015
1787086901.842728
1787086902.012420
1787086902.175275
1787086902.342913
1787086902.505946
1787086902.673460
1787086902.835966
1787086903.006307
1787086903.168561
1787086903.338969
1787086903.508161
1787086903.677546
1787086903.846732
1787086904.016564
1787086904.186280
1787086904.357070
1787086904.531532
1787086904.701835
1787086904.872064
1787086905.040910
1787086905.203884
1787086905.370643
1787086905.537517
1787086905.703745
1787086905.872149
1787086906.042050
1787086906.213161
1787086906.382561
1787086906.551728
1787086906.713761
1787086906.881116
1787086907.048959
1787086907.209698
1787086907.370088
1787086907.536553
1787086907.704987
1787086907.870777
1787086908.037686
1787086908.204628
1787086908.373436
1787086908.539649
1787086908.707417
1787086908.873786
1787086909.039861
1787086909.206025
1787086909.371543
1787086909.537794
1787086909.705706
1787086909.872438
1787086910.041531
1787086910.216869
1787086910.384931
1787086910.550512
1787086910.717742
1787086910.885069
1787086911.051684
1787086911.218112
1787086911.386033
1787086911.550494
1787086911.716506
1787086911.883419
1787086912.044957
1787086912.213888
1787086912.377784
1787086912.545563
1787086912.712675
1787086912.883216
1787086913.045581
1787086913.206861
1787086913.378640
1787086913.543436
1787086913.706059
1787086913.874382
1787086914.041161
1787086914.209164
1787086914.378174
1787086914.547306
1787086914.718553
1787086914.881423
1787086915.049549
1787086915.217621
1787086915.390144
1787086915.549354
1787086915.716301
1787086915.882420
1787086916.049742
1787086916.217422
1787086916.382475
1787086916.548797
1787086916.716645
1787086916.883443
1787086917.050551
1787086917.218165
1787086917.386955
1787086917.552206
1787086917.718349
1787086917.883871
1787086918.049075
1787086918.215667
1787086918.381858
1787086918.546094
1787086918.712779
1787086918.880045
1787086919.046148
1787086919.206943
1787086919.367753
1787086919.534821
1787086919.700324
1787086919.865735
1787086920.034321
1787086920.198518
1787086920.356255
1787086920.520985
1787086920.685154
1787086920.848882
1787086921.014309
1787086921.178837
1787086921.339222
1787086921.505379
1787086921.666115
1787086921.833953
1787086921.999610
1787086922.168415
1787086922.336111
1787086922.501284
1787086922.667788
1787086922.833620
1787086923.000344
1787086923.169003
1787086923.338958
1787086923.508255
1787086923.674551
1787086923.843447
1787086924.010708
1787086924.170993
1787086924.336689
1787086924.504054
1787086924.672422
1787086924.831642
1787086924.997253
1787086925.165681
1787086925.333750
1787086925.501396
1787086925.660939
1787086925.826619
1787086925.992416
1787086926.157543
1787086926.323227
1787086926.487070
1787086926.651414
1787086926.818223
1787086926.977185
1787086927.143300
1787086927.309553
1787086927.475589
1787086927.641496
1787086927.806189
1787086927.972803
1787086928.137398
1787086928.296132
1787086928.463727
1787086928.629419
1787086928.795411
1787086928.965033
1787086929.131998
1787086929.300384
1787086929.467500
1787086929.637688
1787086929.805587
1787086929.976404
1787086930.143678
1787086930.316966
1787086930.483787
1787086930.655010
1787086930.822576
1787086930.988845
1787086931.158513
1787086931.320075
1787086931.486997
1787086931.656131
1787086931.816816
1787086931.981670
1787086932.152405
1787086932.313317
1787086932.480265
1787086932.646832
1787086932.817161
1787086932.984595
1787086933.152327
1787086933.318974
1787086933.488528
1787086933.657865
1787086933.825242
1787086933.994447
1787086934.162370
1787086934.330843
1787086934.500051
1787086934.661117
1787086934.827100
1787086934.996170
1787086935.164437
1787086935.325727
1787086935.492251
1787086935.659556
1787086935.827849
1787086935.998121
1787086936.163487
1787086936.334428
1787086936.504249
1787086936.674980
1787086936.847649
1787086937.020284
1787086937.192578
1787086937.363110
1787086937.533815
1787086937.704629
1787086937.878809
1787086938.047893
1787086938.218113
1787086938.388443
1787086938.557737
1787086938.728091
1787086938.898981
1787086939.063031
1787086939.231051
1787086939.400711
1787086939.569633
1787086939.738232
1787086939.907244
1787086940.076922
1787086940.255081
1787086940.414877
1787086940.581692
1787086940.749910
1787086940.919554
1787086941.089051
1787086941.258880
1787086941.428728
1787086941.598072
1787086941.766215
1787086941.935215
1787086942.104103
1787086942.274741
1787086942.445181
1787086942.614444
1787086942.783852
1787086942.953462
1787086943.123439
1787086943.292922
1787086943.462435
1787086943.631122
1787086943.801492
1787086943.970555
1787086944.140427
1787086944.307998
1787086944.475597
1787086944.648512
1787086944.818356
1787086944.987773
1787086945.155431
1787086945.325052
1787086945.493853
1787086945.663688
1787086945.833173
1787086946.000878
1787086946.164443
1787086946.330783
1787086946.494658
1787086946.663776
1787086946.826639
1787086946.995836
1787086947.162815
1787086947.332130
1787086947.502043
1787086947.670825
1787086947.839154
1787086948.007927
1787086948.177519
1787086948.347132
1787086948.515669
1787086948.684297
1787086948.857336
1787086949.022370
1787086949.187955
1787086949.357295
1787086949.525490
1787086949.695533
1787086949.858798
1787086950.027832
1787086950.199193
1787086950.364241
1787086950.527246
1787086950.695247
1787086950.864009
1787086951.032111
1787086951.195531
1787086951.359559
1787086951.528424
1787086951.698271
1787086951.861221
1787086952.031147
1787086952.195699
1787086952.366888
1787086952.537772
1787086952.707114
1787086952.879042
1787086953.048189
1787086953.217566
1787086953.387640
1787086953.554408
1787086953.723970
1787086953.895889
1787086954.063801
1787086954.228664
1787086954.397383
1787086954.568393
1787086954.738470
1787086954.906377
1787086955.075153
1787086955.243687
1787086955.410720
1787086955.578054
1787086955.745386
1787086955.908808
1787086956.077474
1787086956.246865
1787086956.413387
1787086956.579110
1787086956.746893
1787086956.913798
1787086957.082202
1787086957.250176
1787086957.418894
1787086957.587193
1787086957.749425
1787086957.911905
1787086958.075476
1787086958.238607
1787086958.401305
1787086958.571007
1787086958.738727
1787086958.906494
1787086959.075763
1787086959.244985
1787086959.414692
1787086959.578709
1787086959.742116
1787086959.912021
1787086960.074411
1787086960.242860
1787086960.406373
1787086960.573644
1787086960.742605
1787086960.911117
1787086961.079580
1787086961.243256
1787086961.411707
1787086961.579258
1787086961.748952
1787086961.913026
1787086962.082313
1787086962.249265
1787086962.419078
1787086962.588689
1787086962.759798
1787086962.930170
1787086963.101534
1787086963.270872
1787086963.441906
1787086963.613178
1787086963.781286
1787086963.946675
1787086964.117399
1787086964.282763
1787086964.451356
1787086964.621777
1787086964.790754
1787086964.962612
1787086965.133427
1787086965.305363
1787086965.474407
1787086965.644235
1787086965.809162
1787086965.977907
1787086966.146315
1787086966.315865
1787086966.484456
1787086966.654490
1787086966.823159
1787086966.993245
1787086967.161507
1787086967.323531
1787086967.491396
1787086967.662024
1787086967.823938
1787086967.992344
1787086968.161502
1787086968.329557
1787086968.498000
1787086968.666111
1787086968.833762
1787086968.995608
1787086969.165950
1787086969.334233
1787086969.494456
1787086969.660295
1787086969.821467
1787086969.987882
1787086970.155306
1787086970.320600
1787086970.490398
1787086970.656335
1787086970.821635
1787086970.986872
1787086971.148682
1787086971.314185
1787086971.482678
1787086971.646994
1787086971.816322
1787086971.984883
1787086972.151885
1787086972.311829
1787086972.476171
1787086972.642054
1787086972.807773
1787086972.972161
1787086973.140462
1787086973.299453
1787086973.464214
1787086973.629683
1787086973.796446
1787086973.966087
1787086974.134284
1787086974.293802
1787086974.461147
1787086974.626992
1787086974.795043
1787086974.956801
1787086975.123186
1787086975.291632
1787086975.457762
1787086975.623954
1787086975.789260
1787086975.955754
1787086976.122872
1787086976.289249
1787086976.457331
1787086976.622325
1787086976.784403
1787086976.950020
1787086977.118142
1787086977.285537
1787086977.452983
1787086977.620428
1787086977.791381
1787086977.953888
1787086978.119990
1787086978.278117
1787086978.446176
1787086978.611898
1787086978.774653
1787086978.939570
1787086979.107215
1787086979.273224
1787086979.439761
1787086979.604783
1787086979.770310
1787086979.928189
1787086980.093956
1787086980.262875
1787086980.426866
1787086980.583192
1787086980.748308
1787086980.910891
1787086981.069451
1787086981.228352
1787086981.393568
1787086981.561225
1787086981.725903
1787086981.884485
1787086982.048680
1787086982.215925
1787086982.374835
1787086982.539690
1787086982.698095
1787086982.861525
1787086983.025974
1787086983.190056
1787086983.353945
1787086983.516497
1787086983.680264
1787086983.837372
1787086983.999266
1787086984.161179
1787086984.324535
1787086984.487740
1787086984.645413
1787086984.808859
1787086984.972139
1787086985.133956
1787086985.298363
1787086985.463237
1787086985.627411
1787086985.790405
1787086985.954435
1787086986.118137
1787086986.282758
1787086986.443019
1787086986.606618
1787086986.770194
1787086986.928608
1787086987.093682
1787086987.258665
1787086987.423307
1787086987.581942
1787086987.744990
1787086987.910083
1787086988.077206
1787086988.247174
1787086988.413788
1787086988.583836
1787086988.752091
1787086988.914377
1787086989.080978
1787086989.245923
1787086989.416829
1787086989.584924
1787086989.752235
1787086989.920156
1787086990.086654
1787086990.255244
1787086990.415245
1787086990.586975
1787086990.755467
1787086990.920417
1787086991.087409
1787086991.250589
1787086991.421494
1787086991.588672
1787086991.756187
1787086991.924630
1787086992.092708
1787086992.263731
1787086992.429915
1787086992.592094
1787086992.751753
1787086992.921390
1787086993.087698
1787086993.257915
1787086993.423145
1787086993.582745
1787086993.748033
1787086993.918584
1787086994.089031
1787086994.257520
1787086994.424686
1787086994.583553
1787086994.751245
1787086994.912464
1787086995.077318
1787086995.245484
1787086995.406590
1787086995.568099
1787086995.732643
1787086995.896097
1787086996.061736
1787086996.222229
1787086996.387681
1787086996.549919
1787086996.716425
1787086996.883448
1787086997.050424
1787086997.210643
1787086997.375578
1787086997.537325
1787086997.704626
1787086997.870655
1787086998.037215
1787086998.205371
1787086998.364962
1787086998.532478
1787086998.691760
1787086998.857364
1787086999.022839
1787086999.187613
1787086999.356332
1787086999.522608
1787086999.680933
1787086999.847791
1787087000.013231
1787087000.176128
1787087000.343385
1787087000.503623
1787087000.666856
1787087000.835011
1787087000.993874
1787087001.158851
1787087001.317809
1787087001.484006
1787087001.649533
1787087001.816664
1787087001.977801
1787087002.140722
1787087002.302009
1787087002.469217
1787087002.635141
1787087002.801285
1787087002.967541
1787087003.133934
1787087003.301089
1787087003.466002
1787087003.632667
1787087003.800717
1787087003.960287
1787087004.127471
1787087004.293802
1787087004.460249
1787087004.626471
1787087004.791535
1787087004.951292
1787087005.115744
1787087005.283053
1787087005.450480
1787087005.612804
1787087005.777048
1787087005.944265
1787087006.108742
1787087006.278703
1787087006.439248
1787087006.606969
1787087006.774304
1787087006.941514
1787087007.108306
1787087007.275625
1787087007.442864
1787087007.603534
1787087007.765428
1787087007.925855
1787087008.090895
1787087008.256307
1787087008.425602
1787087008.586979
1787087008.753593
1787087008.914989
1787087009.081298
1787087009.244047
1787087009.410187
1787087009.580308
1787087009.748503
1787087009.925508
1787087010.085863
1787087010.253546
1787087010.415675
1787087010.584342
1787087010.746572
1787087010.917010
1787087011.078569
1787087011.243577
1787087011.410226
1787087011.579427
1787087011.747189
1787087011.915475
1787087012.082086
1787087012.244830
1787087012.410568
1787087012.577688
1787087012.742575
1787087012.911289
1787087013.080186
1787087013.242124
1787087013.408376
1787087013.577091
1787087013.745070
1787087013.915945
1787087014.086375
1787087014.257854
1787087014.421238
1787087014.590045
1787087014.760725
1787087014.924088
1787087015.092443
1787087015.262671
1787087015.425579
1787087015.595679
1787087015.764446
1787087015.935490
1787087016.103007
1787087016.271259
1787087016.440728
1787087016.609097
1787087016.778824
1787087016.949081
1787087017.111312
1787087017.283869
1787087017.450766
1787087017.620299
1787087017.789108
1787087017.958146
1787087018.127406
1787087018.300245
1787087018.463381
1787087018.635611
1787087018.803296
1787087018.973304
1787087019.143649
1787087019.313911
1787087019.484344
1787087019.653494
1787087019.823950
1787087019.994823
1787087020.164633
1787087020.332453
1787087020.503314
1787087020.676375
1787087020.840021
1787087021.010750
1787087021.180913
1787087021.350526
1787087021.520133
1787087021.690424
1787087021.860565
1787087022.030131
1787087022.198897
1787087022.364115
1787087022.545665
1787087022.719125
1787087022.884715
1787087023.054715
1787087023.223761
1787087023.391030
1787087023.561524
1787087023.730904
1787087023.899304
1787087024.069544
1787087024.239975
1787087024.410036
1787087024.579496
1787087024.751135
1787087024.921629
1787087025.092281
1787087025.263377
1787087025.433219
1787087025.599123
1787087025.772121
1787087025.942648
1787087026.113539
1787087026.287373
1787087026.458622
1787087026.632538
1787087026.804334
1787087026.974778
1787087027.146194
1787087027.318899
1787087027.490830
1787087027.660985
1787087027.831977
1787087028.002103
1787087028.171937
1787087028.343475
1787087028.513172
1787087028.683421
1787087028.852060
1787087029.023528
1787087029.195450
1787087029.368522
1787087029.543366
1787087029.714470
1787087029.885375
1787087030.049285
1787087030.222437
1787087030.394071
1787087030.564204
1787087030.735607
1787087030.907348
1787087031.077014
1787087031.247855
1787087031.421635
1787087031.591878
1787087031.760627
1787087031.931036
1787087032.101018
1787087032.266046
1787087032.437983
1787087032.606468
1787087032.776825
1787087032.947152
1787087033.112877
1787087033.278006
1787087033.449787
1787087033.620695
1787087033.791767
1787087033.963774
1787087034.126220
1787087034.297761
1787087034.465429
1787087034.636012
1787087034.807947
1787087034.977887
1787087035.151196
1787087035.321286
1787087035.493622
1787087035.662659
1787087035.831836
1787087036.002365
1787087036.167690
1787087036.341343
1787087036.511967
1787087036.682624
1787087036.853466
1787087037.025357
1787087037.195572
1787087037.360954
1787087037.529756
1787087037.699266
1787087037.870770
1787087038.040488
1787087038.204232
1787087038.376183
1787087038.549546
1787087038.720564
1787087038.892828
1787087039.064926
1787087039.228459
1787087039.399878
1787087039.569269
1787087039.738603
1787087039.908757
1787087040.083615
1787087040.247088
1787087040.418812
1787087040.582911
1787087040.746429
1787087040.904785
1787087041.073219
1787087041.236899
1787087041.404986
1787087041.570608
1787087041.733851
1787087041.903214
1787087042.066749
1787087042.232305
1787087042.396068
1787087042.563082
1787087042.725459
1787087042.891510
1787087043.054450
1787087043.220537
1787087043.393404
1787087043.566204
1787087043.723828
1787087043.892663
1787087044.061761
1787087044.223501
1787087044.393194
1787087044.560254
1787087044.727690
1787087044.898242
1787087045.060251
1787087045.220882
1787087045.385195
1787087045.545411
1787087045.712629
1787087045.873900
1787087046.040529
1787087046.200740
1787087046.367337
1787087046.534689
1787087046.700214
1787087046.866467
1787087047.031731
1787087047.191613
1787087047.356469
1787087047.522546
1787087047.687420
1787087047.854407
1787087048.014527
1787087048.180563
1787087048.345879
1787087048.515410
1787087048.675242
1787087048.841987
1787087049.005929
1787087049.170582
1787087049.334795
1787087049.500481
1787087049.665670
1787087049.831709
1787087049.996192
1787087050.160448
1787087050.323856
1787087050.486945
1787087050.651101
1787087050.816092
1787087050.972337
1787087051.138076
1787087051.307184
1787087051.476285
1787087051.634662
1787087051.798299
1787087051.964123
1787087052.127537
1787087052.305536
1787087052.471308
1787087052.632923
1787087052.797616
1787087052.963451
1787087053.124788
1787087053.290185
1787087053.454777
1787087053.620183
1787087053.784636
1787087053.948707
1787087054.112002
1787087054.277836
1787087054.440529
1787087054.598628
1787087054.762798
1787087054.927477
1787087055.091268
1787087055.257533
1787087055.421953
1787087055.586080
1787087055.742821
1787087055.905520
1787087056.068046
1787087056.224648
1787087056.389688
1787087056.553074
1787087056.719145
1787087056.882615
1787087057.044326
1787087057.201069
1787087057.359107
1787087057.521438
1787087057.684791
1787087057.848288
1787087058.011545
1787087058.175255
1787087058.340753
1787087058.498043
1787087058.663136
1787087058.824491
1787087058.987226
1787087059.151772
1787087059.307185
1787087059.469348
1787087059.631910
1787087059.794939
1787087059.958801
1787087060.115843
1787087060.273192
1787087060.434702
1787087060.597037
1787087060.764410
1787087060.931204
1787087061.093369
1787087061.254680
1787087061.417336
1787087061.578699
1787087061.744620
1787087061.906336
1787087062.063502
1787087062.219396
1787087062.385119
1787087062.546293
1787087062.709617
1787087062.876484
1787087063.038877
1787087063.202769
1787087063.364415
1787087063.526033
1787087063.688563
1787087063.851338
1787087064.013437
1787087064.175663
1787087064.337002
1787087064.496262
1787087064.657855
1787087064.824029
1787087064.990368
1787087065.156414
1787087065.325487
1787087065.493527
1787087065.659057
1787087065.826877
1787087065.996508
1787087066.162522
1787087066.331427
1787087066.497270
1787087066.665434
1787087066.832571
1787087067.001195
1787087067.168837
1787087067.335291
1787087067.501696
1787087067.668350
1787087067.835835
1787087068.001709
1787087068.164509
1787087068.329180
1787087068.495640
1787087068.662520
1787087068.831160
1787087068.996456
1787087069.163574
1787087069.331138
1787087069.503669
1787087069.664924
1787087069.829662
1787087069.996450
1787087070.164633
1787087070.326252
1787087070.491671
1787087070.658638
1787087070.824220
1787087070.993919
1787087071.162811
1787087071.331412
1787087071.494258
1787087071.658085
1787087071.826548
1787087071.992469
1787087072.153842
1787087072.319809
1787087072.486734
1787087072.655828
1787087072.826775
1787087072.999734
1787087073.161330
1787087073.325576
1787087073.492198
1787087073.656249
1787087073.824751
1787087073.986589
1787087074.154592
1787087074.326842
1787087074.496753
1787087074.666603
1787087074.840496
1787087075.009956
1787087075.179075
1787087075.343777
1787087075.513311
1787087075.684246
1787087075.853058
1787087076.022456
1787087076.191242
1787087076.359592
1787087076.526032
1787087076.697798
1787087076.868607
1787087077.036655
1787087077.201097
1787087077.363644
1787087077.527586
1787087077.698590
1787087077.863768
1787087078.029853
1787087078.200733
1787087078.370821
1787087078.539562
1787087078.709642
1787087078.879983
1787087079.048611
1787087079.217565
1787087079.387562
1787087079.555489
1787087079.728784
1787087079.901702
1787087080.072204
1787087080.235594
1787087080.405753
1787087080.571919
1787087080.741984
1787087080.915853
1787087081.078235
1787087081.247744
1787087081.415341
1787087081.579757
1787087081.747429
1787087081.910519
1787087082.080650
1787087082.250205
1787087082.416802
1787087082.585697
1787087082.748127
1787087082.917500
1787087083.086227
1787087083.258493
1787087083.419377
1787087083.586473
1787087083.753856
1787087083.922112
1787087084.089058
1787087084.258182
1787087084.426339
1787087084.592671
1787087084.761626
1787087084.930014
1787087085.099007
1787087085.273974
1787087085.444046
1787087085.614577
1787087085.784809
1787087085.954273
1787087086.126782
1787087086.292155
1787087086.464290
1787087086.631977
1787087086.801136
1787087086.969140
1787087087.138067
1787087087.305624
1787087087.466212
1787087087.633686
1787087087.799242
1787087087.967848
1787087088.135830
1787087088.303400
1787087088.472950
1787087088.639520
1787087088.806291
1787087088.972371
1787087089.140658
1787087089.306290
1787087089.468643
1787087089.634680
1787087089.803086
1787087089.971961
1787087090.139210
1787087090.311219
1787087090.480936
1787087090.650860
1787087090.813360
1787087090.980000
1787087091.140682
1787087091.309519
1787087091.477626
1787087091.648192
1787087091.811046
1787087091.978996
1787087092.148787
1787087092.311917
1787087092.480047
1787087092.648188
1787087092.817419
1787087092.985998
1787087093.156045
1787087093.324758
1787087093.494316
1787087093.663576
1787087093.830918
1787087094.000892
1787087094.173003
1787087094.337068
1787087094.507612
1787087094.677870
1787087094.851971
1787087095.022139
1787087095.193640
1787087095.360701
1787087095.533358
1787087095.702825
1787087095.874146
1787087096.046351
1787087096.211576
1787087096.375744
1787087096.545757
1787087096.715171
1787087096.886934
1787087097.057141
1787087097.220566
1787087097.390912
1787087097.558421
1787087097.729128
1787087097.900033
1787087098.070443
1787087098.244449
1787087098.416595
1787087098.587226
