1787080311.518224
1787080311.674873
1787080311.830836
1787080311.979932
1787080312.137545
1787080312.295270
1787080312.450836
1787080312.609014
1787080312.761577
1787080312.918377
1787080313.075123
1787080313.231505
1787080313.393772
1787080313.548759
1787080313.699786
1787080313.857908
1787080314.015692
1787080314.172397
1787080314.322509
1787080314.473181
1787080314.628699
1787080314.786649
1787080314.945151
1787080315.103085
1787080315.253981
1787080315.410363
1787080315.565826
1787080315.721648
1787080315.875165
1787080316.028442
1787080316.177948
1787080316.327115
1787080316.477240
1787080316.631221
1787080316.786961
1787080316.942183
1787080317.097947
1787080317.253771
1787080317.410855
1787080317.560377
1787080317.717651
1787080317.866655
1787080318.018649
1787080318.176070
1787080318.333503
1787080318.486549
1787080318.636932
1787080318.785513
1787080318.940120
1787080319.088240
1787080319.236762
1787080319.392499
1787080319.546434
1787080319.701891
1787080319.847641
1787080320.001549
1787080320.152702
1787080320.307341
1787080320.462283
1787080320.612980
1787080320.766498
1787080320.913920
1787080321.064725
1787080321.219166
1787080321.370450
1787080321.521624
1787080321.671516
1787080321.826978
1787080321.978544
1787080322.124601
1787080322.270769
1787080322.416012
1787080322.570847
1787080322.716731
1787080322.862858
1787080323.013077
1787080323.159258
1787080323.309922
1787080323.460270
1787080323.605278
1787080323.753243
1787080323.903395
1787080324.058625
1787080324.206868
1787080324.357865
1787080324.502065
1787080324.651170
1787080324.802208
1787080324.951611
1787080325.104254
1787080325.254722
1787080325.406180
1787080325.556570
1787080325.707098
1787080325.860673
1787080326.010097
1787080326.158716
1787080326.308946
1787080326.459586
1787080326.611794
1787080326.762486
1787080326.914244
1787080327.058605
1787080327.211074
1787080327.362242
1787080327.507208
1787080327.658421
1787080327.810725
1787080327.961030
1787080328.112713
1787080328.267600
1787080328.419679
1787080328.572477
1787080328.723913
1787080328.876559
1787080329.027418
1787080329.181820
1787080329.332583
1787080329.486458
1787080329.638633
1787080329.791519
1787080329.937337
1787080330.090036
1787080330.242773
1787080330.391005
1787080330.543053
1787080330.699259
1787080330.852395
1787080331.005744
1787080331.159700
1787080331.313728
1787080331.465000
1787080331.617491
1787080331.771877
1787080331.923581
1787080332.082279
1787080332.228208
1787080332.376044
1787080332.525859
1787080332.675181
1787080332.827520
1787080332.981853
1787080333.129849
1787080333.278636
1787080333.430368
1787080333.580414
1787080333.735740
1787080333.892375
1787080334.047342
1787080334.203393
1787080334.357621
1787080334.513438
1787080334.669449
1787080334.825008
1787080334.982249
1787080335.137721
1787080335.289267
1787080335.441068
1787080335.593295
1787080335.752027
1787080335.909546
1787080336.068832
1787080336.227214
1787080336.384145
1787080336.541273
1787080336.700793
1787080336.859156
1787080337.017325
1787080337.176421
1787080337.337912
1787080337.499573
1787080337.661909
1787080337.817474
1787080337.979804
1787080338.133670
1787080338.289497
1787080338.451453
1787080338.613110
1787080338.777333
1787080338.932505
1787080339.095931
1787080339.252864
1787080339.415091
1787080339.578756
1787080339.739337
1787080339.906082
1787080340.068006
1787080340.226063
1787080340.387931
1787080340.550369
1787080340.713948
1787080340.876864
1787080341.039001
1787080341.198347
1787080341.361118
1787080341.524428
1787080341.689469
1787080341.853444
1787080342.014787
1787080342.177691
1787080342.340484
1787080342.505279
1787080342.670209
1787080342.835383
1787080342.999915
1787080343.163656
1787080343.321513
1787080343.485486
1787080343.651432
1787080343.814322
1787080343.981135
1787080344.140694
1787080344.306655
1787080344.474325
1787080344.639024
1787080344.806442
1787080344.972331
1787080345.136907
1787080345.296179
1787080345.457797
1787080345.622043
1787080345.787472
1787080345.950892
1787080346.118311
1787080346.284187
1787080346.448739
1787080346.613202
1787080346.778381
1787080346.943337
1787080347.105579
1787080347.268963
1787080347.428199
1787080347.594201
1787080347.761391
1787080347.927337
1787080348.091691
1787080348.258179
1787080348.423706
1787080348.588499
1787080348.754693
1787080348.921524
1787080349.085600
1787080349.251770
1787080349.418849
1787080349.584029
1787080349.751092
1787080349.918753
1787080350.079515
1787080350.244003
1787080350.403954
1787080350.571248
1787080350.739171
1787080350.907760
1787080351.075855
1787080351.243227
1787080351.409529
1787080351.577955
1787080351.745986
1787080351.914727
1787080352.083742
1787080352.250874
1787080352.417741
1787080352.585598
1787080352.753344
1787080352.918556
1787080353.087973
1787080353.258930
1787080353.421394
1787080353.594177
1787080353.763445
1787080353.930739
1787080354.103671
1787080354.274832
1787080354.445097
1787080354.617236
1787080354.788584
1787080354.955854
1787080355.123556
1787080355.285833
1787080355.453857
1787080355.624403
1787080355.787019
1787080355.956554
1787080356.118429
1787080356.286765
1787080356.457141
1787080356.627302
1787080356.796533
1787080356.964076
1787080357.128579
1787080357.295060
1787080357.460066
1787080357.629160
1787080357.797297
1787080357.961013
1787080358.124999
1787080358.293398
1787080358.457103
1787080358.626562
1787080358.790122
1787080358.958384
1787080359.126092
1787080359.294583
1787080359.462224
1787080359.632873
1787080359.794898
1787080359.964574
1787080360.126542
1787080360.297611
1787080360.468427
1787080360.630862
1787080360.799288
1787080360.969209
1787080361.137848
1787080361.306171
1787080361.475955
1787080361.643898
1787080361.806865
1787080361.974087
1787080362.137618
1787080362.306413
1787080362.477099
1787080362.645222
1787080362.812865
1787080362.975180
1787080363.143616
1787080363.312010
1787080363.480487
1787080363.648913
1787080363.816702
1787080363.983792
1787080364.148255
1787080364.315544
1787080364.487024
1787080364.655572
1787080364.818853
1787080364.987768
1787080365.156465
1787080365.329162
1787080365.498496
1787080365.667980
1787080365.837549
1787080366.004998
1787080366.172050
1787080366.338236
1787080366.506873
1787080366.675596
1787080366.844830
1787080367.012646
1787080367.184552
1787080367.352297
1787080367.521116
1787080367.691055
1787080367.862538
1787080368.031640
1787080368.192938
1787080368.366853
1787080368.536384
1787080368.705211
1787080368.874471
1787080369.039970
1787080369.211875
1787080369.386037
1787080369.551496
1787080369.719765
1787080369.889475
1787080370.062877
1787080370.232676
1787080370.398051
1787080370.567337
1787080370.738016
1787080370.911633
1787080371.075767
1787080371.244874
1787080371.409211
1787080371.579598
1787080371.749627
1787080371.920538
1787080372.092267
1787080372.259282
1787080372.429907
1787080372.599056
1787080372.768460
1787080372.935049
1787080373.102648
1787080373.274401
1787080373.448613
1787080373.621032
1787080373.785219
1787080373.954659
1787080374.120919
1787080374.284644
1787080374.452254
1787080374.620337
1787080374.789152
1787080374.957639
1787080375.127997
1787080375.302493
1787080375.471658
1787080375.634939
1787080375.804973
1787080375.978773
1787080376.151814
1787080376.322031
1787080376.491385
1787080376.662652
1787080376.834724
1787080377.003360
1787080377.173388
1787080377.342469
1787080377.513050
1787080377.677556
1787080377.844409
1787080378.009005
1787080378.176810
1787080378.347891
1787080378.512271
1787080378.675707
1787080378.847429
1787080379.011643
1787080379.174978
1787080379.342896
1787080379.512645
1787080379.682031
1787080379.850627
1787080380.020923
1787080380.181716
1787080380.350417
1787080380.518147
1787080380.685868
1787080380.853687
1787080381.019465
1787080381.181698
1787080381.349133
1787080381.515810
1787080381.681669
1787080381.853104
1787080382.020490
1787080382.185647
1787080382.355184
1787080382.524136
1787080382.692450
1787080382.859218
1787080383.022464
1787080383.193157
1787080383.359794
1787080383.527691
1787080383.696318
1787080383.864887
1787080384.031700
1787080384.198663
1787080384.366131
1787080384.536189
1787080384.698205
1787080384.867505
1787080385.034375
1787080385.203110
1787080385.375007
1787080385.544408
1787080385.715013
1787080385.881150
1787080386.051712
1787080386.225738
1787080386.394991
1787080386.565564
1787080386.736938
1787080386.908194
1787080387.080487
1787080387.253141
1787080387.423874
1787080387.594696
1787080387.765367
1787080387.937625
1787080388.109382
1787080388.274060
1787080388.451081
1787080388.619277
1787080388.792688
1787080388.965463
1787080389.138483
1787080389.309278
1787080389.480382
1787080389.653595
1787080389.826710
1787080389.996897
1787080390.170311
1787080390.343410
1787080390.519774
1787080390.687224
1787080390.858361
1787080391.032056
1787080391.204584
1787080391.379043
1787080391.551551
1787080391.725514
1787080391.897197
1787080392.068879
1787080392.244829
1787080392.421527
1787080392.599403
1787080392.779526
1787080392.945680
1787080393.117276
1787080393.295388
1787080393.458431
1787080393.630401
1787080393.799567
1787080393.970270
1787080394.141340
1787080394.312850
1787080394.483331
1787080394.658717
1787080394.825354
1787080394.989644
1787080395.162062
1787080395.334205
1787080395.500994
1787080395.672915
1787080395.844728
1787080396.013908
1787080396.190675
1787080396.357995
1787080396.523915
1787080396.696723
1787080396.870396
1787080397.041597
1787080397.212656
1787080397.384631
1787080397.555940
1787080397.728623
1787080397.898035
1787080398.069931
1787080398.241061
1787080398.413591
1787080398.586941
1787080398.756801
1787080398.928104
1787080399.098775
1787080399.263539
1787080399.428231
1787080399.601374
1787080399.770864
1787080399.938573
1787080400.108726
1787080400.271846
1787080400.442760
1787080400.606175
1787080400.778871
1787080400.944853
1787080401.108336
1787080401.276368
1787080401.445394
1787080401.613677
1787080401.779927
1787080401.943051
1787080402.102959
1787080402.270940
1787080402.439479
1787080402.608324
1787080402.775708
1787080402.944635
1787080403.114521
1787080403.279943
1787080403.440697
1787080403.607486
1787080403.774785
1787080403.944016
1787080404.112714
1787080404.280425
1787080404.449833
1787080404.612070
1787080404.781438
1787080404.952247
1787080405.114310
1787080405.283250
1787080405.444869
1787080405.607456
1787080405.775793
1787080405.947263
1787080406.115994
1787080406.279435
1787080406.448684
1787080406.617349
1787080406.786005
1787080406.956718
1787080407.118813
1787080407.287648
1787080407.457024
1787080407.619523
1787080407.790040
1787080407.956836
1787080408.126642
1787080408.295632
1787080408.458868
1787080408.626194
1787080408.796757
1787080408.966521
1787080409.134034
1787080409.303685
1787080409.473587
1787080409.641343
1787080409.811971
1787080409.981595
1787080410.156981
1787080410.318279
1787080410.491635
1787080410.660039
1787080410.831191
1787080411.001161
1787080411.169623
1787080411.339755
1787080411.506423
1787080411.675839
1787080411.845393
1787080412.014277
1787080412.176421
1787080412.342703
1787080412.505249
1787080412.670461
1787080412.836576
1787080413.003242
1787080413.166121
1787080413.333436
1787080413.506131
1787080413.675623
1787080413.843666
1787080414.015866
1787080414.183554
1787080414.351287
1787080414.517861
1787080414.685169
1787080414.853398
1787080415.021920
1787080415.185213
1787080415.356983
1787080415.518435
1787080415.687661
1787080415.856737
1787080416.024420
1787080416.194975
1787080416.362058
1787080416.523616
1787080416.690509
1787080416.852836
1787080417.019182
1787080417.180549
1787080417.346773
1787080417.513771
1787080417.679223
1787080417.838950
1787080418.005229
1787080418.173015
1787080418.340348
1787080418.504326
1787080418.669130
1787080418.835934
1787080419.001024
1787080419.171408
1787080419.337313
1787080419.504833
1787080419.670878
1787080419.835680
1787080420.002060
1787080420.173923
1787080420.334438
1787080420.500817
1787080420.661552
1787080420.826830
1787080420.994958
1787080421.160219
1787080421.326167
1787080421.493439
1787080421.653513
1787080421.824760
1787080421.989080
1787080422.156195
1787080422.327357
1787080422.494140
1787080422.661867
1787080422.825530
1787080422.992688
1787080423.158298
1787080423.324376
1787080423.487423
1787080423.656733
1787080423.825890
1787080423.993746
1787080424.159853
1787080424.329096
1787080424.497314
1787080424.664014
1787080424.832627
1787080425.000154
1787080425.168080
1787080425.333147
1787080425.500821
1787080425.668178
1787080425.834397
1787080426.001203
1787080426.167416
1787080426.333600
1787080426.498456
1787080426.664244
1787080426.832604
1787080427.001244
1787080427.171197
1787080427.333650
1787080427.501657
1787080427.669353
1787080427.838552
1787080428.005864
1787080428.169584
1787080428.339617
1787080428.509811
1787080428.680403
1787080428.850540
1787080429.018825
1787080429.190915
1787080429.363024
1787080429.535700
1787080429.703678
1787080429.866664
1787080430.037057
1787080430.209143
1787080430.379214
1787080430.551417
1787080430.722323
1787080430.893629
1787080431.061754
1787080431.231418
1787080431.403229
1787080431.569225
1787080431.735014
1787080431.904492
1787080432.078492
1787080432.248887
1787080432.419289
1787080432.589264
1787080432.759767
1787080432.937543
1787080433.112093
1787080433.286006
1787080433.465530
1787080433.636972
1787080433.812248
1787080433.984702
1787080434.152276
1787080434.327525
1787080434.502606
1787080434.676768
1787080434.852102
1787080435.025755
1787080435.201716
1787080435.375412
1787080435.548764
1787080435.722955
1787080435.895513
1787080436.067952
1787080436.240383
1787080436.410665
1787080436.584148
1787080436.756505
1787080436.928507
1787080437.098628
1787080437.265274
1787080437.432083
1787080437.601852
1787080437.773730
1787080437.945168
1787080438.115817
1787080438.281026
1787080438.450431
1787080438.621253
1787080438.791117
1787080438.961891
1787080439.128676
1787080439.299291
1787080439.472686
1787080439.642881
1787080439.814816
1787080439.981247
1787080440.151579
1787080440.321994
1787080440.484491
1787080440.650722
1787080440.819283
1787080440.988649
1787080441.159698
1787080441.323545
1787080441.486960
1787080441.655334
1787080441.823920
1787080441.994137
1787080442.162770
1787080442.325774
1787080442.493644
1787080442.663106
1787080442.833362
1787080443.001846
1787080443.171813
1787080443.342473
1787080443.511855
1787080443.683211
1787080443.852333
1787080444.021932
1787080444.188299
1787080444.357307
1787080444.529597
1787080444.694067
1787080444.865677
1787080445.036907
1787080445.208011
1787080445.379070
1787080445.545179
1787080445.716544
1787080445.885566
1787080446.055234
1787080446.226629
1787080446.399004
1787080446.574674
1787080446.743953
1787080446.914689
1787080447.086606
1787080447.260956
1787080447.436669
1787080447.605863
1787080447.769897
1787080447.941671
1787080448.113180
1787080448.281560
1787080448.451262
1787080448.622426
1787080448.785059
1787080448.955712
1787080449.118574
1787080449.292742
1787080449.469661
1787080449.641939
1787080449.816366
1787080449.981706
1787080450.150450
1787080450.318911
1787080450.486134
1787080450.656126
1787080450.829930
1787080451.000109
1787080451.169147
1787080451.337610
1787080451.509449
1787080451.679116
1787080451.849089
1787080452.018197
1787080452.191983
1787080452.364469
1787080452.540579
1787080452.712445
1787080452.883844
1787080453.054274
1787080453.228892
1787080453.400214
1787080453.570382
1787080453.740794
1787080453.911392
1787080454.081435
1787080454.249927
1787080454.413678
1787080454.585159
1787080454.754105
1787080454.925451
1787080455.094967
1787080455.261999
1787080455.433508
1787080455.604053
1787080455.769665
1787080455.941072
1787080456.115092
1787080456.290858
1787080456.466212
1787080456.643080
1787080456.817605
1787080456.994075
1787080457.164907
1787080457.343940
1787080457.521572
1787080457.701096
1787080457.876635
1787080458.051389
1787080458.227246
1787080458.397795
1787080458.573063
1787080458.748813
1787080458.923345
1787080459.097993
1787080459.274152
1787080459.452260
1787080459.627083
1787080459.795496
1787080459.969848
1787080460.145822
1787080460.324502
1787080460.495230
1787080460.664784
1787080460.838911
1787080461.014313
1787080461.188770
1787080461.362503
1787080461.537375
1787080461.712090
1787080461.886173
1787080462.060597
1787080462.233998
1787080462.407750
1787080462.581994
1787080462.755603
1787080462.927519
1787080463.095272
1787080463.269805
1787080463.442453
1787080463.613232
1787080463.787196
1787080463.961387
1787080464.135869
1787080464.303266
1787080464.476327
1787080464.650343
1787080464.821959
1787080464.992229
1787080465.165581
1787080465.337779
1787080465.513297
1787080465.686403
1787080465.860597
1787080466.033123
1787080466.210628
1787080466.377619
1787080466.552132
1787080466.726368
1787080466.901163
1787080467.072223
1787080467.242294
1787080467.416200
1787080467.588603
1787080467.761917
1787080467.933157
1787080468.100950
1787080468.272831
1787080468.445052
1787080468.622625
1787080468.798314
1787080468.972930
1787080469.145865
1787080469.312611
1787080469.488078
1787080469.662089
1787080469.834965
1787080470.008958
1787080470.179803
1787080470.352499
1787080470.526064
1787080470.689925
1787080470.861140
1787080471.041322
1787080471.205144
1787080471.378969
1787080471.553543
1787080471.729175
1787080471.905046
1787080472.079844
1787080472.248309
1787080472.419420
1787080472.589905
1787080472.758804
1787080472.928686
1787080473.099076
1787080473.270054
1787080473.441341
1787080473.610704
1787080473.781587
1787080473.952212
1787080474.116618
1787080474.281264
1787080474.451326
1787080474.614345
1787080474.785055
1787080474.955818
1787080475.130848
1787080475.302985
1787080475.477682
1787080475.645503
1787080475.812256
1787080475.982121
1787080476.146572
1787080476.322809
1787080476.488476
1787080476.651732
1787080476.820674
1787080476.989079
1787080477.158640
1787080477.327329
1787080477.488457
1787080477.658428
1787080477.829911
1787080477.986472
1787080478.161408
1787080478.330471
1787080478.498067
1787080478.667668
1787080478.836661
1787080479.004641
1787080479.167053
1787080479.338106
1787080479.500141
1787080479.671201
1787080479.840802
1787080480.012631
1787080480.185182
1787080480.354102
1787080480.524939
1787080480.698353
1787080480.868423
1787080481.039152
1787080481.212783
1787080481.383801
1787080481.553983
1787080481.723770
1787080481.894380
1787080482.063326
1787080482.230899
1787080482.402121
1787080482.569057
1787080482.739759
1787080482.910796
1787080483.080859
1787080483.253035
1787080483.420552
1787080483.583798
1787080483.753157
1787080483.922054
1787080484.085201
1787080484.256180
1787080484.420292
1787080484.590292
1787080484.757630
1787080484.927552
1787080485.095301
1787080485.268906
1787080485.438705
1787080485.608777
1787080485.786222
1787080485.959725
1787080486.130810
1787080486.300524
1787080486.465648
1787080486.634881
1787080486.797840
1787080486.966932
1787080487.135497
1787080487.300411
1787080487.470319
1787080487.638382
1787080487.809457
1787080487.979658
1787080488.148365
1787080488.319973
1787080488.489861
1787080488.657001
1787080488.827254
1787080488.995107
1787080489.162810
1787080489.332755
1787080489.500318
1787080489.670785
1787080489.844781
1787080490.008147
1787080490.176688
1787080490.347104
1787080490.511501
1787080490.675425
1787080490.838560
1787080491.005084
1787080491.167563
1787080491.337620
1787080491.509860
1787080491.678424
1787080491.847788
1787080492.011426
1787080492.178925
1787080492.347068
1787080492.514277
1787080492.683990
1787080492.852192
1787080493.020213
1787080493.186488
1787080493.354164
1787080493.514601
1787080493.681694
1787080493.848185
1787080494.013929
1787080494.179780
1787080494.347433
1787080494.515819
1787080494.685625
1787080494.858035
1787080495.021314
1787080495.189985
1787080495.359043
1787080495.524419
1787080495.694088
1787080495.859821
1787080496.026516
1787080496.193723
1787080496.362617
1787080496.530592
1787080496.699901
1787080496.869721
1787080497.038940
1787080497.211071
1787080497.381673
1787080497.548731
1787080497.717504
1787080497.885919
1787080498.055797
1787080498.224679
1787080498.392251
1787080498.558180
1787080498.727148
1787080498.898651
1787080499.067581
1787080499.239283
1787080499.409163
1787080499.577480
1787080499.747088
1787080499.915171
1787080500.083468
1787080500.255644
1787080500.417797
1787080500.594881
1787080500.756123
1787080500.925719
1787080501.095792
1787080501.265635
1787080501.433276
1787080501.606055
1787080501.775483
1787080501.938182
1787080502.099854
1787080502.270095
1787080502.439361
1787080502.611670
1787080502.780921
1787080502.949634
1787080503.121782
1787080503.290679
1787080503.461766
1787080503.632084
1787080503.800610
1787080503.969242
1787080504.137034
1787080504.306821
1787080504.475691
1787080504.649990
1787080504.823772
1787080504.997129
1787080505.170674
1787080505.337645
1787080505.508796
1787080505.680433
1787080505.844243
1787080506.012857
1787080506.188695
1787080506.351900
1787080506.521643
1787080506.691002
1787080506.855134
1787080507.022918
1787080507.191344
1787080507.360044
1787080507.530266
1787080507.701342
1787080507.871763
1787080508.040793
1787080508.212834
1787080508.382721
1787080508.547518
1787080508.716547
1787080508.886690
1787080509.056903
1787080509.228377
1787080509.399019
1787080509.569035
1787080509.739965
1787080509.910133
1787080510.083440
1787080510.252784
1787080510.425293
1787080510.588912
1787080510.765003
1787080510.935691
1787080511.106275
1787080511.276406
1787080511.446414
1787080511.617231
1787080511.785809
1787080511.955065
1787080512.127353
1787080512.291170
1787080512.454494
1787080512.618058
1787080512.782380
1787080512.952188
1787080513.115792
1787080513.277769
1787080513.445586
1787080513.609051
1787080513.776849
1787080513.945702
1787080514.116284
1787080514.284772
1787080514.454289
1787080514.626186
1787080514.791945
1787080514.960706
1787080515.128300
1787080515.293654
1787080515.463515
1787080515.627342
1787080515.797974
1787080515.965561
1787080516.135961
1787080516.305824
1787080516.475899
1787080516.648312
1787080516.817191
1787080516.984695
1787080517.154042
1787080517.324514
1787080517.496248
1787080517.659901
1787080517.830055
1787080518.002707
1787080518.172585
1787080518.342092
1787080518.511100
1787080518.680372
1787080518.851843
1787080519.013445
1787080519.180679
1787080519.349833
1787080519.519634
1787080519.688683
1787080519.859760
1787080520.029302
1787080520.197253
1787080520.371080
1787080520.537590
1787080520.705548
1787080520.866655
1787080521.034555
1787080521.205131
1787080521.368353
1787080521.537195
1787080521.705168
1787080521.875413
1787080522.044220
1787080522.213569
1787080522.383417
1787080522.546873
1787080522.715944
1787080522.884904
1787080523.060558
1787080523.229313
1787080523.403077
1787080523.575692
1787080523.747044
1787080523.910761
1787080524.083043
1787080524.253231
1787080524.420587
1787080524.590908
1787080524.760867
1787080524.930358
1787080525.101331
1787080525.269931
1787080525.439885
1787080525.609779
1787080525.779868
1787080525.950418
1787080526.120168
1787080526.290635
1787080526.463230
1787080526.633499
1787080526.803468
1787080526.973182
1787080527.137979
1787080527.309663
1787080527.480482
1787080527.651984
1787080527.823030
1787080527.991723
1787080528.162038
1787080528.334474
1787080528.505115
1787080528.677800
1787080528.850343
1787080529.020184
1787080529.188921
1787080529.360565
1787080529.534385
1787080529.699498
1787080529.871909
1787080530.045069
1787080530.209756
1787080530.380874
1787080530.552209
1787080530.724641
1787080530.888969
1787080531.061139
1787080531.232734
1787080531.402549
1787080531.571385
1787080531.741357
1787080531.913526
1787080532.089256
1787080532.255695
1787080532.428396
1787080532.600448
1787080532.772622
1787080532.943756
1787080533.115626
1787080533.290491
1787080533.461906
1787080533.637562
1787080533.808689
1787080533.981838
1787080534.153127
1787080534.326149
1787080534.498041
1787080534.673944
1787080534.852168
1787080535.018341
1787080535.183890
1787080535.351307
1787080535.516823
1787080535.681183
1787080535.852269
1787080536.016595
1787080536.186145
1787080536.359744
1787080536.530280
1787080536.700080
1787080536.869476
1787080537.040215
1787080537.210714
1787080537.381274
1787080537.553212
1787080537.725053
1787080537.894194
1787080538.058942
1787080538.227313
1787080538.401513
1787080538.574162
1787080538.739145
1787080538.902806
1787080539.074631
1787080539.244653
1787080539.416191
1787080539.587593
1787080539.756750
1787080539.927243
1787080540.099669
1787080540.264322
1787080540.429623
1787080540.601886
1787080540.773843
1787080540.938065
1787080541.108378
1787080541.282182
1787080541.455163
1787080541.627585
1787080541.793754
1787080541.969784
1787080542.144413
1787080542.311824
1787080542.481604
1787080542.656321
1787080542.829940
1787080543.003749
1787080543.176281
1787080543.350301
1787080543.522890
1787080543.697634
1787080543.870547
1787080544.039413
1787080544.214474
1787080544.388203
1787080544.561416
1787080544.730190
1787080544.904272
1787080545.082270
1787080545.250986
1787080545.425173
1787080545.605923
1787080545.785467
1787080545.962141
1787080546.136306
1787080546.312141
1787080546.487639
1787080546.662627
1787080546.832126
1787080547.008781
1787080547.184067
1787080547.361136
1787080547.536235
1787080547.708470
1787080547.882785
1787080548.057419
1787080548.233261
1787080548.408364
1787080548.581892
1787080548.749837
1787080548.925364
1787080549.100572
1787080549.280064
1787080549.457015
1787080549.629807
1787080549.804870
1787080549.980007
1787080550.153732
1787080550.326827
1787080550.501099
1787080550.674186
1787080550.849715
1787080551.017365
1787080551.190265
1787080551.364993
1787080551.541540
1787080551.716645
1787080551.893019
1787080552.073838
1787080552.243155
1787080552.413350
1787080552.587248
1787080552.763466
1787080552.940162
1787080553.108334
1787080553.284003
1787080553.458229
1787080553.631925
1787080553.809218
1787080553.985664
1787080554.161469
1787080554.335717
1787080554.511626
1787080554.687773
1787080554.864392
1787080555.040576
1787080555.222457
1787080555.398191
1787080555.579639
1787080555.755479
1787080555.929719
1787080556.106432
1787080556.283177
1787080556.463462
1787080556.643482
1787080556.822497
1787080557.001785
1787080557.181048
1787080557.351470
1787080557.530278
1787080557.702138
1787080557.873127
1787080558.049004
1787080558.229144
1787080558.407671
1787080558.590112
1787080558.770255
1787080558.949121
1787080559.123030
1787080559.302484
1787080559.483779
1787080559.657706
1787080559.831738
1787080560.010706
1787080560.190362
1787080560.362119
1787080560.546244
1787080560.731313
1787080560.908921
1787080561.084361
1787080561.262117
1787080561.440920
1787080561.622162
1787080561.802449
1787080561.983540
1787080562.165885
1787080562.340555
1787080562.515593
1787080562.692332
1787080562.867956
1787080563.041431
1787080563.216603
1787080563.391969
1787080563.565556
1787080563.739514
1787080563.914889
1787080564.086555
1787080564.256326
1787080564.427733
1787080564.602241
1787080564.769989
1787080564.944183
1787080565.113571
1787080565.284485
1787080565.456658
1787080565.630748
1787080565.803952
1787080565.977488
1787080566.143573
1787080566.313484
1787080566.483630
1787080566.655853
1787080566.829790
1787080567.001401
1787080567.173492
1787080567.347173
1787080567.519481
1787080567.693305
1787080567.867300
1787080568.040774
1787080568.213012
1787080568.384674
1787080568.557637
1787080568.729771
1787080568.903013
1787080569.076365
1787080569.248260
1787080569.420690
1787080569.594247
1787080569.768549
1787080569.945593
1787080570.115889
1787080570.295879
1787080570.469980
1787080570.644345
1787080570.819108
1787080570.992776
1787080571.165342
1787080571.340367
1787080571.517401
1787080571.693456
1787080571.867052
1787080572.040207
1787080572.218015
1787080572.391577
1787080572.566546
1787080572.735697
1787080572.902583
1787080573.078522
1787080573.252999
1787080573.426504
1787080573.600622
1787080573.773672
1787080573.948197
1787080574.120081
1787080574.292911
1787080574.461821
1787080574.636333
1787080574.809884
1787080574.983934
1787080575.156057
1787080575.335718
1787080575.511479
1787080575.684026
1787080575.858517
1787080576.032479
1787080576.202855
1787080576.376421
1787080576.553093
1787080576.722461
1787080576.888575
1787080577.063139
1787080577.237517
1787080577.413484
1787080577.590569
1787080577.764185
1787080577.937649
1787080578.111373
1787080578.284729
1787080578.458658
1787080578.634632
1787080578.801036
1787080578.975331
1787080579.148450
1787080579.315210
1787080579.495584
1787080579.662283
1787080579.830789
1787080579.998338
1787080580.168283
1787080580.333525
