1787088446.306876
1787088446.470336
1787088446.625340
1787088446.778566
1787088446.934353
1787088447.082089
1787088447.236186
1787088447.384270
1787088447.539781
1787088447.694865
1787088447.849297
1787088448.003858
1787088448.158994
1787088448.316247
1787088448.476439
1787088448.636480
1787088448.793836
1787088448.950613
1787088449.106819
1787088449.262946
1787088449.424321
1787088449.575622
1787088449.731759
1787088449.889004
1787088450.040213
1787088450.195466
1787088450.344631
1787088450.490798
1787088450.644475
1787088450.794705
1787088450.943328
1787088451.099592
1787088451.253325
1787088451.406970
1787088451.559623
1787088451.715898
1787088451.870739
1787088452.026416
1787088452.175893
1787088452.325634
1787088452.474438
1787088452.632017
1787088452.788527
1787088452.945200
1787088453.099967
1787088453.255355
1787088453.406374
1787088453.552379
1787088453.703347
1787088453.854444
1787088454.004168
1787088454.152906
1787088454.305721
1787088454.455008
1787088454.602203
1787088454.748816
1787088454.901637
1787088455.049479
1787088455.201808
1787088455.348622
1787088455.500010
1787088455.651388
1787088455.799256
1787088455.947479
1787088456.099275
1787088456.246819
1787088456.398455
1787088456.549650
1787088456.700379
1787088456.850839
1787088456.998078
1787088457.140675
1787088457.291938
1787088457.447021
1787088457.599447
1787088457.744824
1787088457.895733
1787088458.046822
1787088458.193716
1787088458.345045
1787088458.489688
1787088458.635087
1787088458.788986
1787088458.934802
1787088459.085591
1787088459.236671
1787088459.386985
1787088459.537881
1787088459.689252
1787088459.840822
1787088459.990551
1787088460.140905
1787088460.292286
1787088460.445294
1787088460.597135
1787088460.747314
1787088460.899027
1787088461.049728
1787088461.197099
1787088461.348466
1787088461.501019
1787088461.646328
1787088461.797552
1787088461.948377
1787088462.098131
1787088462.249713
1787088462.398274
1787088462.549233
1787088462.699019
1787088462.849283
1787088463.002227
1787088463.151480
1787088463.296677
1787088463.449617
1787088463.605286
1787088463.757255
1787088463.909053
1787088464.062603
1787088464.209331
1787088464.362825
1787088464.517549
1787088464.669113
1787088464.819901
1787088464.972735
1787088465.124261
1787088465.275197
1787088465.428405
1787088465.579144
1787088465.731020
1787088465.879462
1787088466.031216
1787088466.181497
1787088466.337529
1787088466.485525
1787088466.637883
1787088466.791724
1787088466.947732
1787088467.096708
1787088467.251357
1787088467.406312
1787088467.562683
1787088467.718516
1787088467.872672
1787088468.028980
1787088468.178766
1787088468.333650
1787088468.478750
1787088468.628742
1787088468.779104
1787088468.929609
1787088469.080637
1787088469.236044
1787088469.391884
1787088469.547588
1787088469.697556
1787088469.849311
1787088470.006454
1787088470.164005
1787088470.322052
1787088470.481952
1787088470.645339
1787088470.799446
1787088470.962729
1787088471.115980
1787088471.275437
1787088471.434141
1787088471.592951
1787088471.751802
1787088471.912443
1787088472.070969
1787088472.229616
1787088472.393689
1787088472.552692
1787088472.714489
1787088472.877581
1787088473.036779
1787088473.196764
1787088473.358053
1787088473.514662
1787088473.675043
1787088473.834598
1787088473.998081
1787088474.155344
1787088474.314863
1787088474.474224
1787088474.636878
1787088474.798398
1787088474.960018
1787088475.122261
1787088475.286462
1787088475.442804
1787088475.604681
1787088475.766486
1787088475.928210
1787088476.090280
1787088476.253736
1787088476.417353
1787088476.580616
1787088476.736828
1787088476.897497
1787088477.060381
1787088477.214928
1787088477.378023
1787088477.536167
1787088477.698880
1787088477.863471
1787088478.020234
1787088478.183114
1787088478.345520
1787088478.509095
1787088478.673452
1787088478.832954
1787088478.991659
1787088479.153255
1787088479.321169
1787088479.483952
1787088479.642323
1787088479.803722
1787088479.969231
1787088480.136547
1787088480.301136
1787088480.467043
1787088480.631336
1787088480.797732
1787088480.962341
1787088481.126708
1787088481.289788
1787088481.456316
1787088481.624160
1787088481.789521
1787088481.954173
1787088482.119355
1787088482.286854
1787088482.448578
1787088482.613387
1787088482.777310
1787088482.944979
1787088483.103055
1787088483.268844
1787088483.434627
1787088483.601325
1787088483.759966
1787088483.924008
1787088484.083719
1787088484.242301
1787088484.406133
1787088484.564691
1787088484.730364
1787088484.894124
1787088485.052118
1787088485.215679
1787088485.384668
1787088485.544637
1787088485.703611
1787088485.865823
1787088486.024626
1787088486.186348
1787088486.352279
1787088486.517794
1787088486.681787
1787088486.849044
1787088487.017062
1787088487.185308
1787088487.352526
1787088487.516634
1787088487.681011
1787088487.846292
1787088488.011452
1787088488.178507
1787088488.343709
1787088488.511707
1787088488.671046
1787088488.837342
1787088489.003315
1787088489.170230
1787088489.336268
1787088489.501281
1787088489.665833
1787088489.831270
1787088489.997346
1787088490.166107
1787088490.325056
1787088490.486964
1787088490.651774
1787088490.817043
1787088490.981198
1787088491.147034
1787088491.312760
1787088491.477607
1787088491.643753
1787088491.810214
1787088491.977095
1787088492.137413
1787088492.317989
1787088492.487864
1787088492.650710
1787088492.817873
1787088492.988595
1787088493.156841
1787088493.328229
1787088493.496583
1787088493.662666
1787088493.831478
1787088493.992944
1787088494.158608
1787088494.318300
1787088494.487071
1787088494.654737
1787088494.819154
1787088494.985848
1787088495.154335
1787088495.323276
1787088495.486316
1787088495.653269
1787088495.822799
1787088495.991894
1787088496.162945
1787088496.329156
1787088496.497279
1787088496.659879
1787088496.828873
1787088496.997049
1787088497.169770
1787088497.332193
1787088497.496660
1787088497.664774
1787088497.833483
1787088498.002119
1787088498.165552
1787088498.335098
1787088498.505113
1787088498.675579
1787088498.841964
1787088499.011878
1787088499.180902
1787088499.351372
1787088499.513842
1787088499.682045
1787088499.851902
1787088500.020710
1787088500.182705
1787088500.351680
1787088500.514377
1787088500.676434
1787088500.843858
1787088501.012465
1787088501.178691
1787088501.347063
1787088501.513394
1787088501.681735
1787088501.848541
1787088502.011205
1787088502.177959
1787088502.350136
1787088502.516172
1787088502.684683
1787088502.854453
1787088503.023139
1787088503.189996
1787088503.353998
1787088503.523470
1787088503.694992
1787088503.863634
1787088504.030756
1787088504.196337
1787088504.364268
1787088504.532247
1787088504.704572
1787088504.866309
1787088505.032763
1787088505.198905
1787088505.366056
1787088505.528695
1787088505.697031
1787088505.864115
1787088506.032195
1787088506.201566
1787088506.365326
1787088506.533881
1787088506.703063
1787088506.879550
1787088507.050749
1787088507.224119
1787088507.387055
1787088507.553835
1787088507.724362
1787088507.888286
1787088508.060540
1787088508.224172
1787088508.393640
1787088508.563020
1787088508.735474
1787088508.905277
1787088509.074747
1787088509.242946
1787088509.414900
1787088509.578910
1787088509.741870
1787088509.912797
1787088510.077299
1787088510.247970
1787088510.411877
1787088510.577106
1787088510.740698
1787088510.910136
1787088511.082424
1787088511.252131
1787088511.421811
1787088511.583876
1787088511.752865
1787088511.921593
1787088512.090426
1787088512.260854
1787088512.427423
1787088512.598203
1787088512.768029
1787088512.930835
1787088513.099818
1787088513.260995
1787088513.431337
1787088513.594502
1787088513.764768
1787088513.933399
1787088514.102282
1787088514.270705
1787088514.439105
1787088514.601451
1787088514.770932
1787088514.934381
1787088515.096122
1787088515.263908
1787088515.431359
1787088515.592534
1787088515.760812
1787088515.928143
1787088516.095204
1787088516.264370
1787088516.425510
1787088516.585788
1787088516.751660
1787088516.917737
1787088517.085677
1787088517.252251
1787088517.412145
1787088517.582623
1787088517.749646
1787088517.912199
1787088518.078838
1787088518.239029
1787088518.406068
1787088518.565621
1787088518.731062
1787088518.896973
1787088519.061962
1787088519.220595
1787088519.390182
1787088519.558319
1787088519.727695
1787088519.894045
1787088520.055970
1787088520.217062
1787088520.380795
1787088520.542076
1787088520.711298
1787088520.876039
1787088521.045077
1787088521.212947
1787088521.384002
1787088521.552676
1787088521.716593
1787088521.884990
1787088522.053709
1787088522.223519
1787088522.387316
1787088522.550350
1787088522.720013
1787088522.883021
1787088523.052378
1787088523.213170
1787088523.382923
1787088523.555096
1787088523.725752
1787088523.894577
1787088524.062963
1787088524.234082
1787088524.399680
1787088524.558333
1787088524.724809
1787088524.886158
1787088525.050608
1787088525.214142
1787088525.376634
1787088525.546136
1787088525.709299
1787088525.879094
1787088526.048461
1787088526.211389
1787088526.375943
1787088526.544378
1787088526.713952
1787088526.883076
1787088527.053922
1787088527.223231
1787088527.390879
1787088527.560954
1787088527.729191
1787088527.893142
1787088528.063090
1787088528.232770
1787088528.394804
1787088528.557184
1787088528.728112
1787088528.893255
1787088529.055909
1787088529.224655
1787088529.394035
1787088529.564560
1787088529.733011
1787088529.902614
1787088530.068545
1787088530.231719
1787088530.401124
1787088530.562370
1787088530.728007
1787088530.893896
1787088531.062096
1787088531.223570
1787088531.391268
1787088531.554463
1787088531.725461
1787088531.891753
1787088532.056813
1787088532.219464
1787088532.382704
1787088532.553005
1787088532.718154
1787088532.880120
1787088533.043093
1787088533.211585
1787088533.382433
1787088533.546765
1787088533.719514
1787088533.892461
1787088534.057936
1787088534.228579
1787088534.401779
1787088534.566169
1787088534.738620
1787088534.910087
1787088535.078491
1787088535.251256
1787088535.421930
1787088535.594461
1787088535.760545
1787088535.932102
1787088536.104784
1787088536.274522
1787088536.446386
1787088536.619103
1787088536.791933
1787088536.966559
1787088537.140027
1787088537.314549
1787088537.479796
1787088537.653591
1787088537.825968
1787088537.999366
1787088538.174037
1787088538.340514
1787088538.512901
1787088538.685093
1787088538.854970
1787088539.028870
1787088539.201210
1787088539.369234
1787088539.539619
1787088539.710016
1787088539.883929
1787088540.062782
1787088540.231855
1787088540.405056
1787088540.574505
1787088540.743336
1787088540.920129
1787088541.091750
1787088541.256884
1787088541.423285
1787088541.593668
1787088541.766525
1787088541.937977
1787088542.110006
1787088542.289011
1787088542.452622
1787088542.624020
1787088542.792783
1787088542.962056
1787088543.131314
1787088543.302217
1787088543.465295
1787088543.633603
1787088543.802933
1787088543.969901
1787088544.134986
1787088544.302791
1787088544.472840
1787088544.637899
1787088544.808896
1787088544.970875
1787088545.140014
1787088545.307549
1787088545.474831
1787088545.643257
1787088545.811719
1787088545.979361
1787088546.145576
1787088546.312313
1787088546.479743
1787088546.641113
1787088546.807623
1787088546.975614
1787088547.144755
1787088547.309719
1787088547.485566
1787088547.655856
1787088547.823393
1787088547.990415
1787088548.159074
1787088548.320649
1787088548.488088
1787088548.654555
1787088548.819802
1787088548.983649
1787088549.149943
1787088549.318603
1787088549.486020
1787088549.642941
1787088549.810004
1787088549.977684
1787088550.145866
1787088550.314400
1787088550.483739
1787088550.650200
1787088550.818907
1787088550.988217
1787088551.159781
1787088551.327826
1787088551.496216
1787088551.666359
1787088551.834562
1787088552.002197
1787088552.180572
1787088552.339744
1787088552.506946
1787088552.668267
1787088552.829196
1787088552.995341
1787088553.165344
1787088553.329127
1787088553.498370
1787088553.665660
1787088553.833637
1787088554.002304
1787088554.170471
1787088554.339993
1787088554.507006
1787088554.673957
1787088554.841025
1787088555.002163
1787088555.174185
1787088555.341512
1787088555.508511
1787088555.677410
1787088555.847013
1787088556.010664
1787088556.181547
1787088556.349541
1787088556.518920
1787088556.690069
1787088556.852945
1787088557.021322
1787088557.190296
1787088557.360987
1787088557.535488
1787088557.704793
1787088557.872988
1787088558.043411
1787088558.208052
1787088558.379344
1787088558.548673
1787088558.713886
1787088558.883724
1787088559.052094
1787088559.217414
1787088559.388913
1787088559.559945
1787088559.725843
1787088559.896425
1787088560.065298
1787088560.237148
1787088560.409462
1787088560.579661
1787088560.742415
1787088560.912077
1787088561.075722
1787088561.246854
1787088561.416123
1787088561.586056
1787088561.758682
1787088561.927870
1787088562.099830
1787088562.276731
1787088562.448093
1787088562.621914
1787088562.792768
1787088562.964327
1787088563.143280
1787088563.311909
1787088563.484493
1787088563.655862
1787088563.829221
1787088563.994925
1787088564.167074
1787088564.339499
1787088564.506192
1787088564.678083
1787088564.850742
1787088565.022221
1787088565.189120
1787088565.359715
1787088565.530454
1787088565.703075
1787088565.876744
1787088566.050021
1787088566.226729
1787088566.399916
1787088566.568609
1787088566.745778
1787088566.914698
1787088567.086725
1787088567.263033
1787088567.436723
1787088567.611518
1787088567.786416
1787088567.958460
1787088568.133415
1787088568.311691
1787088568.487653
1787088568.663196
1787088568.834195
1787088569.004625
1787088569.186869
1787088569.363258
1787088569.539497
1787088569.719027
1787088569.890911
1787088570.063695
1787088570.241992
1787088570.420703
1787088570.599769
1787088570.771858
1787088570.946610
1787088571.120451
1787088571.295538
1787088571.470848
1787088571.645414
1787088571.821276
1787088571.995198
1787088572.167435
1787088572.341496
1787088572.516180
1787088572.691379
1787088572.866481
1787088573.041816
1787088573.215558
1787088573.390184
1787088573.563992
1787088573.738323
1787088573.913758
1787088574.083672
1787088574.253532
1787088574.429032
1787088574.604884
1787088574.782893
1787088574.960046
1787088575.132603
1787088575.301786
1787088575.478981
1787088575.655406
1787088575.825232
1787088575.995196
1787088576.170639
1787088576.350097
1787088576.525727
1787088576.701097
1787088576.880194
1787088577.050981
1787088577.226397
1787088577.404625
1787088577.581730
1787088577.752160
1787088577.929804
1787088578.106129
1787088578.282294
1787088578.461102
1787088578.635070
1787088578.810891
1787088578.985047
1787088579.154654
1787088579.324727
1787088579.500412
1787088579.675830
1787088579.850177
1787088580.024247
1787088580.200892
1787088580.381217
1787088580.559670
1787088580.736962
1787088580.912986
1787088581.088507
1787088581.264791
1787088581.434260
1787088581.610475
1787088581.789804
1787088581.971070
1787088582.147483
1787088582.327523
1787088582.503584
1787088582.680272
1787088582.857363
1787088583.035109
1787088583.213020
1787088583.390256
1787088583.562962
1787088583.736195
1787088583.909100
1787088584.087759
1787088584.266397
1787088584.444200
1787088584.620296
1787088584.793059
1787088584.971406
1787088585.147843
1787088585.331546
1787088585.509077
1787088585.685506
1787088585.863563
1787088586.039534
1787088586.218596
1787088586.398558
1787088586.566918
1787088586.738436
1787088586.918040
1787088587.093446
1787088587.271090
1787088587.450457
1787088587.628046
1787088587.798107
1787088587.976039
1787088588.151584
1787088588.331196
1787088588.508799
1787088588.685191
1787088588.862266
1787088589.042012
1787088589.220824
1787088589.404465
1787088589.579435
1787088589.759381
1787088589.940581
1787088590.123069
1787088590.304492
1787088590.485564
1787088590.658347
1787088590.832336
1787088591.006311
1787088591.187052
1787088591.370293
1787088591.550833
1787088591.731297
1787088591.915780
1787088592.092609
1787088592.271426
1787088592.456342
1787088592.641191
1787088592.826380
1787088593.009735
1787088593.194148
1787088593.378070
1787088593.565849
1787088593.751030
1787088593.932931
1787088594.116844
1787088594.301436
1787088594.485154
1787088594.666577
1787088594.848169
1787088595.031322
1787088595.205812
1787088595.390237
1787088595.571807
1787088595.754642
1787088595.936237
1787088596.113043
1787088596.295047
1787088596.473059
1787088596.651523
1787088596.833171
1787088597.011298
1787088597.192348
1787088597.369977
1787088597.544679
1787088597.727426
1787088597.904954
1787088598.084230
1787088598.263803
1787088598.443219
1787088598.624355
1787088598.803039
1787088598.986173
1787088599.168345
1787088599.347109
1787088599.524621
1787088599.704120
1787088599.883225
1787088600.066360
1787088600.241117
1787088600.415553
1787088600.590191
1787088600.764416
1787088600.938927
1787088601.113193
1787088601.296139
1787088601.478770
1787088601.654503
1787088601.833951
1787088602.013541
1787088602.192390
1787088602.371363
1787088602.559460
1787088602.735042
1787088602.916317
1787088603.096581
1787088603.275496
1787088603.456708
1787088603.635963
1787088603.818537
1787088604.001549
1787088604.180964
1787088604.361172
1787088604.545546
1787088604.723209
1787088604.898872
1787088605.072377
1787088605.255767
1787088605.439469
1787088605.620291
1787088605.798714
1787088605.974231
1787088606.154440
1787088606.335590
1787088606.525310
1787088606.694846
1787088606.876501
1787088607.060204
1787088607.240301
1787088607.420881
1787088607.605125
1787088607.788296
1787088607.971924
1787088608.160420
1787088608.351387
1787088608.538866
1787088608.720101
1787088608.902379
1787088609.086482
1787088609.268072
1787088609.450165
1787088609.631968
1787088609.811947
1787088609.992585
1787088610.171997
1787088610.352363
1787088610.525782
1787088610.700046
1787088610.873655
1787088611.046202
1787088611.221228
1787088611.402282
1787088611.584645
1787088611.757310
1787088611.937877
1787088612.111417
1787088612.292842
1787088612.466675
1787088612.639519
1787088612.813320
1787088612.985307
1787088613.156227
1787088613.329997
1787088613.505279
1787088613.682743
1787088613.857070
1787088614.032360
1787088614.210332
1787088614.391789
1787088614.565335
1787088614.739470
1787088614.909138
1787088615.086117
1787088615.260968
1787088615.433566
1787088615.607136
1787088615.783262
1787088615.961092
1787088616.139235
1787088616.313819
1787088616.489401
1787088616.661086
1787088616.838241
1787088617.010640
1787088617.185888
1787088617.358261
1787088617.528480
1787088617.706910
1787088617.879434
1787088618.054567
1787088618.231980
1787088618.402454
1787088618.573241
1787088618.750360
1787088618.925170
1787088619.099375
1787088619.279363
1787088619.452649
1787088619.623993
1787088619.796883
1787088619.977346
1787088620.150162
1787088620.326865
1787088620.503850
1787088620.675566
1787088620.845333
1787088621.016326
1787088621.188190
1787088621.359357
1787088621.533842
1787088621.707298
1787088621.880028
1787088622.049524
1787088622.220449
1787088622.392240
1787088622.560581
1787088622.730918
1787088622.924381
1787088623.091287
1787088623.261897
1787088623.433671
1787088623.614099
1787088623.777415
1787088623.946125
1787088624.114339
1787088624.285493
1787088624.457195
1787088624.635648
1787088624.819000
1787088624.990618
1787088625.165166
1787088625.335196
1787088625.508341
1787088625.677467
1787088625.847406
1787088626.022264
1787088626.193721
1787088626.363474
1787088626.543493
1787088626.713051
1787088626.883338
1787088627.061343
1787088627.237938
1787088627.409231
1787088627.579670
1787088627.748813
1787088627.921671
1787088628.098737
1787088628.266320
1787088628.442177
1787088628.612251
1787088628.780615
1787088628.952653
1787088629.131182
1787088629.300537
1787088629.468727
1787088629.636944
1787088629.813855
1787088629.992357
1787088630.160235
1787088630.333374
1787088630.510941
1787088630.673295
1787088630.848821
1787088631.017322
1787088631.192707
1787088631.375346
1787088631.547350
1787088631.721788
1787088631.905402
1787088632.086797
1787088632.269387
1787088632.452245
1787088632.632473
1787088632.813085
1787088633.002418
1787088633.182842
1787088633.364492
1787088633.547425
1787088633.732333
1787088633.913058
1787088634.097678
1787088634.283505
1787088634.472443
1787088634.653179
1787088634.841882
1787088635.031622
1787088635.208155
1787088635.397434
1787088635.581040
1787088635.762156
1787088635.949348
1787088636.131154
1787088636.312012
1787088636.491886
1787088636.676717
1787088636.857230
1787088637.041054
1787088637.218545
1787088637.396155
1787088637.577261
1787088637.761825
1787088637.945029
1787088638.126631
1787088638.310008
1787088638.490785
1787088638.682581
1787088638.864997
1787088639.043313
1787088639.214513
1787088639.399656
1787088639.569453
1787088639.742829
1787088639.920643
1787088640.091749
1787088640.263417
1787088640.435880
1787088640.612052
1787088640.789016
1787088640.960939
1787088641.130619
1787088641.306262
1787088641.484354
1787088641.661613
1787088641.832956
1787088641.999019
1787088642.168609
1787088642.342074
1787088642.513381
1787088642.691285
1787088642.866238
1787088643.042007
1787088643.211940
1787088643.383231
1787088643.554281
1787088643.726698
1787088643.901344
1787088644.072303
1787088644.246722
1787088644.426279
1787088644.596935
1787088644.769212
1787088644.942455
1787088645.117980
1787088645.298339
1787088645.476018
1787088645.651439
1787088645.829011
1787088645.997947
1787088646.168446
1787088646.346318
1787088646.514462
1787088646.692091
1787088646.860670
1787088647.037677
1787088647.206935
1787088647.380387
1787088647.556041
1787088647.722684
1787088647.894749
1787088648.061522
1787088648.236356
1787088648.411736
1787088648.588037
1787088648.758176
1787088648.927778
1787088649.103909
1787088649.279628
1787088649.454006
1787088649.626537
1787088649.794050
1787088649.969966
1787088650.144259
1787088650.313414
1787088650.482296
1787088650.658895
1787088650.835540
1787088651.009151
1787088651.176081
1787088651.350898
1787088651.527053
1787088651.697049
1787088651.868966
1787088652.042082
1787088652.209860
1787088652.378747
1787088652.553552
1787088652.729432
1787088652.901431
1787088653.067688
1787088653.239160
1787088653.410314
1787088653.583957
1787088653.758130
1787088653.931729
1787088654.105021
1787088654.276184
1787088654.444607
1787088654.618614
1787088654.791841
1787088654.956322
1787088655.130726
1787088655.309860
1787088655.478655
1787088655.659137
1787088655.829812
1787088656.006299
1787088656.186116
1787088656.364495
1787088656.539950
1787088656.714913
1787088656.886343
1787088657.062160
1787088657.233121
1787088657.409564
1787088657.578542
1787088657.749951
1787088657.919482
1787088658.087086
1787088658.256446
1787088658.430034
1787088658.607176
1787088658.783693
1787088658.953975
1787088659.128709
1787088659.304710
1787088659.481277
1787088659.657500
1787088659.831326
1787088660.009359
1787088660.179302
1787088660.353563
1787088660.534048
1787088660.703327
1787088660.877476
1787088661.046488
1787088661.220827
1787088661.390409
1787088661.554872
1787088661.730530
1787088661.900109
1787088662.071125
1787088662.244489
1787088662.421483
1787088662.599554
1787088662.768537
1787088662.936244
1787088663.112838
1787088663.281089
1787088663.454401
1787088663.628004
1787088663.800657
1787088663.978773
1787088664.148296
1787088664.317299
1787088664.492957
1787088664.669348
1787088664.838807
1787088665.010287
1787088665.178502
1787088665.351118
1787088665.523397
1787088665.691187
1787088665.866302
1787088666.033902
1787088666.214669
1787088666.385687
1787088666.560936
1787088666.738739
1787088666.907845
1787088667.080036
1787088667.256161
1787088667.436983
1787088667.611270
1787088667.788518
1787088667.958019
1787088668.123391
1787088668.298839
1787088668.477171
1787088668.647235
1787088668.815113
1787088668.990275
1787088669.162742
1787088669.337442
1787088669.510617
1787088669.685152
1787088669.858313
1787088670.032868
1787088670.202614
1787088670.380130
1787088670.548982
1787088670.726520
1787088670.901009
1787088671.069535
1787088671.246826
1787088671.428288
1787088671.598522
1787088671.774200
1787088671.952895
1787088672.120612
1787088672.298526
1787088672.474794
1787088672.648903
1787088672.826726
1787088672.995186
1787088673.173728
1787088673.347747
1787088673.524857
1787088673.702197
1787088673.880202
1787088674.048701
1787088674.218785
1787088674.395167
1787088674.570658
1787088674.743800
1787088674.911445
1787088675.080238
1787088675.255872
1787088675.432381
1787088675.602638
1787088675.776509
1787088675.951396
1787088676.126572
1787088676.296019
1787088676.471302
1787088676.646728
1787088676.822513
1787088676.997338
1787088677.170136
1787088677.337349
1787088677.511582
1787088677.689166
1787088677.857534
1787088678.031006
1787088678.202099
1787088678.371305
1787088678.538351
1787088678.709108
1787088678.875253
1787088679.046930
1787088679.220699
1787088679.399038
1787088679.568381
1787088679.736891
1787088679.912685
1787088680.092394
1787088680.261395
1787088680.428959
1787088680.605087
1787088680.780015
1787088680.953274
1787088681.126097
1787088681.301860
1787088681.470789
1787088681.650417
1787088681.818588
1787088681.989281
1787088682.162424
1787088682.339150
1787088682.510168
1787088682.680874
1787088682.848215
1787088683.022830
1787088683.194892
1787088683.361889
1787088683.535620
1787088683.711866
1787088683.879410
1787088684.052071
1787088684.224644
1787088684.391886
1787088684.560789
1787088684.734384
1787088684.906680
1787088685.073380
1787088685.240109
1787088685.407133
1787088685.580762
1787088685.754205
1787088685.928942
1787088686.099960
1787088686.275488
1787088686.447509
1787088686.621516
1787088686.793076
1787088686.966033
1787088687.137019
1787088687.304016
1787088687.471569
1787088687.648280
1787088687.817653
1787088687.987415
1787088688.159242
1787088688.326686
1787088688.499525
1787088688.672772
1787088688.846496
1787088689.020402
1787088689.194359
1787088689.363364
1787088689.532027
1787088689.707651
1787088689.880563
1787088690.053168
1787088690.227275
1787088690.394663
1787088690.562381
1787088690.734759
1787088690.909900
1787088691.085233
1787088691.254115
1787088691.427931
1787088691.601770
1787088691.770437
1787088691.942689
1787088692.116004
1787088692.284207
1787088692.456977
1787088692.630741
1787088692.804551
1787088692.993246
1787088693.161978
1787088693.328875
1787088693.501835
1787088693.671423
1787088693.844631
1787088694.020817
1787088694.198162
1787088694.371889
1787088694.545974
1787088694.719457
1787088694.894786
1787088695.067740
1787088695.237813
1787088695.411687
1787088695.578971
1787088695.752850
1787088695.929507
1787088696.103114
1787088696.271687
1787088696.447743
1787088696.624267
1787088696.796517
1787088696.970554
1787088697.143363
1787088697.317577
1787088697.492615
1787088697.667961
1787088697.842594
1787088698.018371
1787088698.187230
1787088698.360661
1787088698.538158
1787088698.706027
1787088698.873994
1787088699.048897
1787088699.217772
1787088699.389132
1787088699.562855
1787088699.742829
1787088699.911675
1787088700.079008
1787088700.255277
1787088700.429605
1787088700.602297
1787088700.770978
1787088700.940478
1787088701.115889
1787088701.290294
1787088701.459108
1787088701.634992
1787088701.811957
1787088701.986226
1787088702.155317
1787088702.328413
1787088702.504670
1787088702.674201
1787088702.842951
1787088703.011856
1787088703.189747
1787088703.358198
1787088703.531566
1787088703.704084
1787088703.879980
1787088704.050465
1787088704.221101
1787088704.393720
1787088704.568874
1787088704.738831
1787088704.908156
1787088705.083905
1787088705.257956
1787088705.434125
1787088705.603166
1787088705.774962
1787088705.951470
1787088706.126805
1787088706.304026
1787088706.472674
1787088706.651780
1787088706.828474
1787088707.002757
1787088707.174194
1787088707.348329
1787088707.517574
1787088707.692731
1787088707.866962
1787088708.035106
1787088708.204850
1787088708.378886
1787088708.554347
1787088708.722140
1787088708.895973
1787088709.073171
1787088709.240955
1787088709.411355
1787088709.584472
1787088709.754377
1787088709.923646
1787088710.097023
1787088710.272688
1787088710.441119
1787088710.610435
1787088710.790030
1787088710.965144
1787088711.140466
1787088711.311727
1787088711.481287
1787088711.649695
1787088711.827186
1787088711.995927
1787088712.165120
1787088712.338825
1787088712.516080
1787088712.685121
1787088712.860801
1787088713.036187
1787088713.205541
1787088713.374546
1787088713.548441
1787088713.725362
1787088713.904802
1787088714.083050
1787088714.258530
1787088714.437992
1787088714.604166
1787088714.780025
1787088714.949020
1787088715.122624
1787088715.295783
1787088715.464160
1787088715.633642
1787088715.802077
1787088715.979409
1787088716.155623
1787088716.331928
1787088716.512477
1787088716.685354
1787088716.854862
1787088717.029033
1787088717.204805
1787088717.374117
1787088717.542119
1787088717.716200
1787088717.892115
