1787081402.712724
1787081402.866378
1787081403.019446
1787081403.173609
1787081403.333193
1787081403.482651
1787081403.631299
1787081403.779352
1787081403.935334
1787081404.090387
1787081404.245940
1787081404.402670
1787081404.563438
1787081404.719921
1787081404.876885
1787081405.027774
1787081405.184415
1787081405.339347
1787081405.496609
1787081405.650347
1787081405.801859
1787081405.952441
1787081406.103718
1787081406.253805
1787081406.411022
1787081406.566598
1787081406.720834
1787081406.878346
1787081407.027963
1787081407.178334
1787081407.327455
1787081407.484682
1787081407.635803
1787081407.790433
1787081407.946073
1787081408.099122
1787081408.252400
1787081408.408039
1787081408.563503
1787081408.718146
1787081408.874539
1787081409.027884
1787081409.181710
1787081409.338175
1787081409.494593
1787081409.648885
1787081409.806140
1787081409.961038
1787081410.115083
1787081410.268615
1787081410.422339
1787081410.574359
1787081410.726552
1787081410.879211
1787081411.034239
1787081411.181621
1787081411.334845
1787081411.491365
1787081411.644126
1787081411.794753
1787081411.943475
1787081412.091945
1787081412.239599
1787081412.389161
1787081412.533864
1787081412.684737
1787081412.837852
1787081412.983421
1787081413.135020
1787081413.285604
1787081413.434330
1787081413.585083
1787081413.730495
1787081413.880236
1787081414.029340
1787081414.180828
1787081414.326804
1787081414.477366
1787081414.626347
1787081414.777358
1787081414.927641
1787081415.068289
1787081415.218639
1787081415.370816
1787081415.514796
1787081415.664449
1787081415.813962
1787081415.965209
1787081416.116088
1787081416.268480
1787081416.420758
1787081416.569588
1787081416.717411
1787081416.863009
1787081417.006721
1787081417.156285
1787081417.306008
1787081417.450932
1787081417.601939
1787081417.751489
1787081417.901261
1787081418.050887
1787081418.204746
1787081418.356320
1787081418.509228
1787081418.654088
1787081418.805336
1787081418.957415
1787081419.104193
1787081419.256258
1787081419.402139
1787081419.552853
1787081419.706738
1787081419.856489
1787081420.007633
1787081420.154967
1787081420.306906
1787081420.457535
1787081420.609418
1787081420.755778
1787081420.910674
1787081421.063047
1787081421.217321
1787081421.364521
1787081421.511517
1787081421.658481
1787081421.805527
1787081421.957717
1787081422.106308
1787081422.260035
1787081422.409420
1787081422.556535
1787081422.704306
1787081422.857388
1787081423.004628
1787081423.156320
1787081423.305792
1787081423.459566
1787081423.613271
1787081423.768659
1787081423.924161
1787081424.078107
1787081424.232229
1787081424.385076
1787081424.537673
1787081424.690038
1787081424.839064
1787081424.987853
1787081425.135836
1787081425.288904
1787081425.439354
1787081425.595008
1787081425.743822
1787081425.899071
1787081426.057127
1787081426.214039
1787081426.365621
1787081426.521400
1787081426.678309
1787081426.836165
1787081426.990529
1787081427.148127
1787081427.305129
1787081427.456968
1787081427.611798
1787081427.762310
1787081427.920192
1787081428.082545
1787081428.245717
1787081428.401109
1787081428.556023
1787081428.703756
1787081428.865690
1787081429.025811
1787081429.187117
1787081429.347214
1787081429.501451
1787081429.655590
1787081429.811461
1787081429.974756
1787081430.139946
1787081430.299932
1787081430.462374
1787081430.623711
1787081430.786618
1787081430.950429
1787081431.115273
1787081431.278550
1787081431.439883
1787081431.604065
1787081431.768788
1787081431.933426
1787081432.096666
1787081432.259684
1787081432.425955
1787081432.590544
1787081432.747314
1787081432.916801
1787081433.084001
1787081433.245395
1787081433.410501
1787081433.572044
1787081433.736657
1787081433.906209
1787081434.072937
1787081434.231217
1787081434.395510
1787081434.560608
1787081434.723394
1787081434.887794
1787081435.053887
1787081435.219250
1787081435.384945
1787081435.546097
1787081435.707762
1787081435.870298
1787081436.035299
1787081436.200071
1787081436.366021
1787081436.532980
1787081436.700013
1787081436.859539
1787081437.023884
1787081437.189395
1787081437.353540
1787081437.518302
1787081437.686275
1787081437.857261
1787081438.022848
1787081438.184279
1787081438.352272
1787081438.515536
1787081438.683357
1787081438.844567
1787081439.010618
1787081439.173210
1787081439.340602
1787081439.501565
1787081439.668237
1787081439.835686
1787081440.003769
1787081440.171722
1787081440.340755
1787081440.508661
1787081440.676486
1787081440.843697
1787081441.010646
1787081441.177986
1787081441.347736
1787081441.517326
1787081441.685120
1787081441.849655
1787081442.018224
1787081442.182827
1787081442.351315
1787081442.539989
1787081442.704306
1787081442.866066
1787081443.030544
1787081443.198514
1787081443.366481
1787081443.526099
1787081443.685876
1787081443.852415
1787081444.015198
1787081444.178237
1787081444.342035
1787081444.502577
1787081444.661055
1787081444.820672
1787081444.981498
1787081445.139875
1787081445.301156
1787081445.461967
1787081445.623622
1787081445.786509
1787081445.954556
1787081446.123563
1787081446.290298
1787081446.459348
1787081446.628658
1787081446.795172
1787081446.963346
1787081447.130578
1787081447.296509
1787081447.464020
1787081447.630568
1787081447.798038
1787081447.965685
1787081448.134258
1787081448.301400
1787081448.468585
1787081448.638382
1787081448.805906
1787081448.974512
1787081449.143922
1787081449.314179
1787081449.483828
1787081449.650021
1787081449.817524
1787081449.986111
1787081450.148237
1787081450.317806
1787081450.487034
1787081450.653851
1787081450.822623
1787081450.990755
1787081451.159180
1787081451.329232
1787081451.498870
1787081451.665242
1787081451.839876
1787081452.002793
1787081452.165418
1787081452.334861
1787081452.498251
1787081452.665092
1787081452.832293
1787081452.998210
1787081453.167983
1787081453.336868
1787081453.507521
1787081453.677274
1787081453.847729
1787081454.012554
1787081454.183825
1787081454.355410
1787081454.525588
1787081454.698433
1787081454.871076
1787081455.043342
1787081455.215183
1787081455.385070
1787081455.556123
1787081455.729441
1787081455.900964
1787081456.073485
1787081456.245478
1787081456.415896
1787081456.580803
1787081456.752211
1787081456.924032
1787081457.093948
1787081457.264413
1787081457.434747
1787081457.601689
1787081457.771543
1787081457.939972
1787081458.109199
1787081458.278826
1787081458.442867
1787081458.612051
1787081458.779541
1787081458.948381
1787081459.117390
1787081459.281506
1787081459.451057
1787081459.626069
1787081459.794902
1787081459.964113
1787081460.133574
1787081460.295821
1787081460.463210
1787081460.631452
1787081460.801891
1787081460.971993
1787081461.142308
1787081461.312330
1787081461.481113
1787081461.651652
1787081461.812456
1787081461.977456
1787081462.147650
1787081462.318940
1787081462.491049
1787081462.661184
1787081462.832035
1787081463.001814
1787081463.173855
1787081463.345706
1787081463.518567
1787081463.694050
1787081463.866180
1787081464.037493
1787081464.213202
1787081464.383458
1787081464.556847
1787081464.727299
1787081464.898999
1787081465.076181
1787081465.240884
1787081465.416584
1787081465.586850
1787081465.750189
1787081465.915549
1787081466.088048
1787081466.262077
1787081466.438060
1787081466.612298
1787081466.785203
1787081466.955881
1787081467.122940
1787081467.294067
1787081467.466780
1787081467.636727
1787081467.807652
1787081467.977909
1787081468.148787
1787081468.314085
1787081468.486174
1787081468.657154
1787081468.828482
1787081468.999590
1787081469.164478
1787081469.331851
1787081469.504228
1787081469.675015
1787081469.846793
1787081470.016802
1787081470.183703
1787081470.353748
1787081470.523744
1787081470.692831
1787081470.860384
1787081471.027314
1787081471.196553
1787081471.366360
1787081471.534634
1787081471.703194
1787081471.869606
1787081472.038111
1787081472.209509
1787081472.371588
1787081472.533639
1787081472.700364
1787081472.868222
1787081473.036584
1787081473.210228
1787081473.372766
1787081473.539012
1787081473.708460
1787081473.877416
1787081474.044477
1787081474.214655
1787081474.381750
1787081474.549826
1787081474.719135
1787081474.881222
1787081475.049550
1787081475.220612
1787081475.389530
1787081475.558079
1787081475.728897
1787081475.897647
1787081476.068228
1787081476.230932
1787081476.400992
1787081476.576950
1787081476.748990
1787081476.920922
1787081477.090353
1787081477.259353
1787081477.432244
1787081477.602983
1787081477.768519
1787081477.940389
1787081478.109996
1787081478.273975
1787081478.446427
1787081478.620081
1787081478.791846
1787081478.963546
1787081479.127987
1787081479.301822
1787081479.472721
1787081479.645551
1787081479.819505
1787081479.991957
1787081480.162885
1787081480.333961
1787081480.503262
1787081480.674091
1787081480.845986
1787081481.017224
1787081481.190155
1787081481.362329
1787081481.532854
1787081481.704999
1787081481.876112
1787081482.048381
1787081482.218599
1787081482.393941
1787081482.564094
1787081482.733958
1787081482.902642
1787081483.072071
1787081483.241501
1787081483.409644
1787081483.580616
1787081483.751612
1787081483.921099
1787081484.093854
1787081484.264807
1787081484.434225
1787081484.599871
1787081484.769392
1787081484.941073
1787081485.112755
1787081485.285314
1787081485.460312
1787081485.624589
1787081485.789126
1787081485.961416
1787081486.134418
1787081486.300699
1787081486.468220
1787081486.642407
1787081486.819952
1787081486.994338
1787081487.165766
1787081487.332088
1787081487.503695
1787081487.674342
1787081487.849508
1787081488.022434
1787081488.201124
1787081488.375812
1787081488.547704
1787081488.714221
1787081488.889351
1787081489.061290
1787081489.231210
1787081489.407818
1787081489.580716
1787081489.752921
1787081489.923630
1787081490.095495
1787081490.267138
1787081490.439412
1787081490.612474
1787081490.784897
1787081490.956565
1787081491.129089
1787081491.293583
1787081491.463965
1787081491.634704
1787081491.807100
1787081491.980425
1787081492.150068
1787081492.318907
1787081492.490414
1787081492.659876
1787081492.829847
1787081492.998634
1787081493.166396
1787081493.330791
1787081493.500989
1787081493.670254
1787081493.839231
1787081494.002044
1787081494.165392
1787081494.328127
1787081494.499035
1787081494.667103
1787081494.837759
1787081495.008781
1787081495.178352
1787081495.353575
1787081495.522570
1787081495.691244
1787081495.861848
1787081496.031082
1787081496.199107
1787081496.363457
1787081496.534411
1787081496.705225
1787081496.875510
1787081497.039461
1787081497.208503
1787081497.378938
1787081497.547252
1787081497.714494
1787081497.884916
1787081498.054917
1787081498.224841
1787081498.395064
1787081498.563359
1787081498.727313
1787081498.893862
1787081499.062590
1787081499.231965
1787081499.404272
1787081499.570956
1787081499.739077
1787081499.910725
1787081500.080370
1787081500.246751
1787081500.416248
1787081500.584466
1787081500.752279
1787081500.920361
1787081501.086968
1787081501.254468
1787081501.421825
1787081501.589644
1787081501.757899
1787081501.923836
1787081502.085450
1787081502.250695
1787081502.420045
1787081502.588158
1787081502.754642
1787081502.920459
1787081503.090584
1787081503.258479
1787081503.429391
1787081503.593843
1787081503.764216
1787081503.933195
1787081504.104300
1787081504.272436
1787081504.444463
1787081504.608282
1787081504.778953
1787081504.949348
1787081505.120322
1787081505.294923
1787081505.456735
1787081505.626635
1787081505.794794
1787081505.962525
1787081506.127063
1787081506.290334
1787081506.457056
1787081506.618764
1787081506.786468
1787081506.947801
1787081507.114956
1787081507.277068
1787081507.445211
1787081507.614373
1787081507.784475
1787081507.954172
1787081508.122713
1787081508.290328
1787081508.463465
1787081508.633909
1787081508.803763
1787081508.972688
1787081509.142914
1787081509.312378
1787081509.483220
1787081509.647254
1787081509.819987
1787081509.984426
1787081510.154938
1787081510.322966
1787081510.494088
1787081510.662870
1787081510.833208
1787081511.005465
1787081511.170106
1787081511.340117
1787081511.510807
1787081511.679695
1787081511.851315
1787081512.020985
1787081512.182340
1787081512.351086
1787081512.519774
1787081512.686866
1787081512.855036
1787081513.022260
1787081513.184150
1787081513.352565
1787081513.520904
1787081513.686512
1787081513.854377
1787081514.022024
1787081514.189428
1787081514.358713
1787081514.520991
1787081514.689006
1787081514.857087
1787081515.025209
1787081515.194962
1787081515.359623
1787081515.522690
1787081515.692941
1787081515.862718
1787081516.031545
1787081516.203593
1787081516.373317
1787081516.544537
1787081516.709504
1787081516.884983
1787081517.058736
1787081517.230159
1787081517.402834
1787081517.574517
1787081517.746818
1787081517.918671
1787081518.089683
1787081518.260690
1787081518.426009
1787081518.591948
1787081518.762580
1787081518.933555
1787081519.104643
1787081519.276114
1787081519.442519
1787081519.612979
1787081519.783450
1787081519.951913
1787081520.123326
1787081520.287008
1787081520.459908
1787081520.631533
1787081520.802005
1787081520.970428
1787081521.139777
1787081521.308660
1787081521.477477
1787081521.647992
1787081521.809586
1787081521.977818
1787081522.144578
1787081522.312239
1787081522.479246
1787081522.651446
1787081522.822255
1787081522.992316
1787081523.161949
1787081523.330507
1787081523.499864
1787081523.663284
1787081523.831251
1787081523.997791
1787081524.167314
1787081524.339306
1787081524.506269
1787081524.670974
1787081524.836250
1787081525.007978
1787081525.177687
1787081525.347624
1787081525.515338
1787081525.684275
1787081525.848196
1787081526.016406
1787081526.181203
1787081526.350446
1787081526.519346
1787081526.689507
1787081526.858770
1787081527.031941
1787081527.192281
1787081527.364310
1787081527.535635
1787081527.705783
1787081527.876387
1787081528.046623
1787081528.216897
1787081528.385479
1787081528.548921
1787081528.720456
1787081528.884779
1787081529.054138
1787081529.222011
1787081529.393285
1787081529.564287
1787081529.733359
1787081529.904377
1787081530.074041
1787081530.244641
1787081530.416479
1787081530.586271
1787081530.754465
1787081530.923574
1787081531.092940
1787081531.257237
1787081531.428127
1787081531.597600
1787081531.775180
1787081531.953028
1787081532.133459
1787081532.297737
1787081532.474647
1787081532.648591
1787081532.825074
1787081533.001652
1787081533.169050
1787081533.341087
1787081533.510686
1787081533.686557
1787081533.859591
1787081534.036418
1787081534.209982
1787081534.377415
1787081534.554046
1787081534.723684
1787081534.890988
1787081535.065088
1787081535.240231
1787081535.411276
1787081535.585046
1787081535.758502
1787081535.933985
1787081536.110347
1787081536.282007
1787081536.456317
1787081536.631407
1787081536.804614
1787081536.977003
1787081537.151047
1787081537.324549
1787081537.498017
1787081537.671907
1787081537.846328
1787081538.016694
1787081538.197026
1787081538.370652
1787081538.546557
1787081538.720123
1787081538.888746
1787081539.058703
1787081539.234215
1787081539.407407
1787081539.579587
1787081539.746417
1787081539.921761
1787081540.094247
1787081540.268152
1787081540.442722
1787081540.616070
1787081540.791594
1787081540.958476
1787081541.134469
1787081541.306731
1787081541.480989
1787081541.653194
1787081541.828297
1787081542.000487
1787081542.173387
1787081542.345236
1787081542.521703
1787081542.693668
1787081542.865717
1787081543.036455
1787081543.206424
1787081543.378534
1787081543.549999
1787081543.721647
1787081543.893414
1787081544.066670
1787081544.236901
1787081544.406669
1787081544.572477
1787081544.744330
1787081544.915753
1787081545.081556
1787081545.249555
1787081545.415002
1787081545.593146
1787081545.768073
1787081545.936925
1787081546.104031
1787081546.268725
1787081546.440790
1787081546.612396
1787081546.789103
1787081546.959495
1787081547.135430
1787081547.314333
1787081547.490941
1787081547.665943
1787081547.843319
1787081548.023113
1787081548.199862
1787081548.367031
1787081548.535967
1787081548.713538
1787081548.888157
1787081549.065310
1787081549.239577
1787081549.416073
1787081549.592949
1787081549.770265
1787081549.946425
1787081550.120973
1787081550.291226
1787081550.464276
1787081550.642175
1787081550.815863
1787081550.989343
1787081551.163118
1787081551.331683
1787081551.501361
1787081551.674495
1787081551.849968
1787081552.026276
1787081552.202880
1787081552.377972
1787081552.551874
1787081552.721235
1787081552.896010
1787081553.071136
1787081553.245692
1787081553.420229
1787081553.592092
1787081553.765380
1787081553.939079
1787081554.114217
1787081554.289490
1787081554.461890
1787081554.631827
1787081554.801048
1787081554.974983
1787081555.146985
1787081555.327046
1787081555.498995
1787081555.673229
1787081555.844272
1787081556.015224
1787081556.187590
1787081556.361302
1787081556.532617
1787081556.701721
1787081556.872654
1787081557.045103
1787081557.215141
1787081557.385099
1787081557.559998
1787081557.725970
1787081557.898387
1787081558.070942
1787081558.242676
1787081558.412640
1787081558.583063
1787081558.752629
1787081558.918097
1787081559.088228
1787081559.258270
1787081559.434142
1787081559.608684
1787081559.777945
1787081559.950000
1787081560.121212
1787081560.293570
1787081560.463826
1787081560.632033
1787081560.801347
1787081560.972070
1787081561.140567
1787081561.306152
1787081561.478920
1787081561.647921
1787081561.817275
1787081561.979861
1787081562.148935
1787081562.308337
1787081562.480758
1787081562.643572
1787081562.811395
1787081562.978430
1787081563.139907
1787081563.303427
1787081563.474597
1787081563.642226
1787081563.810834
1787081563.979161
1787081564.148508
1787081564.310789
1787081564.480806
1787081564.644463
1787081564.811672
1787081564.974182
1787081565.142734
1787081565.305250
1787081565.477246
1787081565.642117
1787081565.810272
1787081565.978686
1787081566.142224
1787081566.310611
1787081566.478299
1787081566.647223
1787081566.816443
1787081566.983837
1787081567.150203
1787081567.315307
1787081567.482628
1787081567.649920
1787081567.816656
1787081567.984020
1787081568.152909
1787081568.317969
1787081568.490639
1787081568.659492
1787081568.824988
1787081568.991678
1787081569.160376
1787081569.327374
1787081569.493713
1787081569.659720
1787081569.824128
1787081569.989804
1787081570.156828
1787081570.323876
1787081570.490305
1787081570.658475
1787081570.821440
1787081570.987117
1787081571.154405
1787081571.322168
1787081571.488131
1787081571.654944
1787081571.820165
1787081571.988364
1787081572.154460
1787081572.319170
1787081572.486554
1787081572.650433
1787081572.819815
1787081572.991752
1787081573.158773
1787081573.328739
1787081573.492308
1787081573.660873
1787081573.829473
1787081573.997542
1787081574.166282
1787081574.334919
1787081574.502539
1787081574.665087
1787081574.832178
1787081574.998893
1787081575.170455
1787081575.341829
1787081575.510099
1787081575.681400
1787081575.842451
1787081576.012695
1787081576.183096
1787081576.353456
1787081576.522404
1787081576.691845
1787081576.860020
1787081577.028345
1787081577.194000
1787081577.361923
1787081577.530329
1787081577.698889
1787081577.866972
1787081578.033689
1787081578.196095
1787081578.363270
1787081578.530436
1787081578.697113
1787081578.863042
1787081579.030775
1787081579.201626
1787081579.370442
1787081579.538030
1787081579.705172
1787081579.873268
1787081580.040927
1787081580.203240
1787081580.369514
1787081580.535755
1787081580.702236
1787081580.870783
1787081581.036284
1787081581.204763
1787081581.374432
1787081581.541901
1787081581.709297
1787081581.875765
1787081582.037127
1787081582.203537
1787081582.366108
1787081582.532387
1787081582.701312
1787081582.867340
1787081583.034843
1787081583.201723
1787081583.368892
1787081583.550405
1787081583.728403
1787081583.904321
1787081584.081775
1787081584.258161
1787081584.434610
1787081584.605448
1787081584.781678
1787081584.956139
1787081585.134516
1787081585.303809
1787081585.479285
1787081585.657851
1787081585.826909
1787081585.998478
1787081586.171230
1787081586.343243
1787081586.510159
1787081586.675442
1787081586.851493
1787081587.027749
1787081587.203266
1787081587.376412
1787081587.552522
1787081587.757972
1787081587.934637
1787081588.107167
1787081588.281319
1787081588.447865
1787081588.622846
1787081588.798497
1787081588.973640
1787081589.148370
1787081589.326392
1787081589.502022
1787081589.680083
1787081589.854244
1787081590.029917
1787081590.205503
1787081590.379771
1787081590.554488
1787081590.729351
1787081590.901951
1787081591.075511
1787081591.250402
1787081591.426972
1787081591.599476
1787081591.775502
1787081591.948376
1787081592.123857
1787081592.292206
1787081592.464606
1787081592.638103
1787081592.810316
1787081592.982387
1787081593.148645
1787081593.323944
1787081593.494628
1787081593.666006
1787081593.839307
1787081594.012646
1787081594.186333
1787081594.356231
1787081594.522637
1787081594.689817
1787081594.859517
1787081595.033288
1787081595.204797
1787081595.375751
1787081595.547573
1787081595.721891
1787081595.887409
1787081596.059464
1787081596.231863
1787081596.406298
1787081596.583925
1787081596.753496
1787081596.926007
1787081597.098737
1787081597.273144
1787081597.444236
1787081597.616693
1787081597.790013
1787081597.961641
1787081598.134487
1787081598.309096
1787081598.482035
1787081598.655015
1787081598.823154
1787081598.996311
1787081599.168820
1787081599.342983
1787081599.516297
1787081599.687267
1787081599.862098
1787081600.029916
1787081600.202600
1787081600.373390
1787081600.544882
1787081600.713567
1787081600.883716
1787081601.054636
1787081601.224952
1787081601.396206
1787081601.567438
1787081601.740449
1787081601.911861
1787081602.084453
1787081602.250529
1787081602.422056
1787081602.593123
1787081602.763807
1787081602.932938
1787081603.104621
1787081603.273788
1787081603.447056
1787081603.618790
1787081603.790929
1787081603.960999
1787081604.133689
1787081604.304628
1787081604.476500
1787081604.647308
1787081604.821327
1787081604.987974
1787081605.155778
1787081605.329150
1787081605.500535
1787081605.669526
1787081605.840459
1787081606.000787
1787081606.176614
1787081606.348339
1787081606.520383
1787081606.693204
1787081606.864622
1787081607.035661
1787081607.207619
1787081607.382293
1787081607.558675
1787081607.724697
1787081607.895362
1787081608.066045
1787081608.237803
1787081608.415460
1787081608.581663
1787081608.754334
1787081608.926958
1787081609.100462
1787081609.271710
1787081609.443494
1787081609.616431
1787081609.789410
1787081609.963272
1787081610.132959
1787081610.305389
1787081610.479125
1787081610.655170
1787081610.822348
1787081610.995486
1787081611.168382
1787081611.343669
1787081611.516227
1787081611.693199
1787081611.864608
1787081612.036511
1787081612.208329
1787081612.377281
1787081612.549241
1787081612.719401
1787081612.895776
1787081613.068520
1787081613.238909
1787081613.413922
1787081613.583228
1787081613.754371
1787081613.923455
1787081614.092380
1787081614.263051
1787081614.434601
1787081614.605486
1787081614.778133
1787081614.950438
1787081615.119714
1787081615.291574
1787081615.467150
1787081615.636214
1787081615.806621
1787081615.980371
1787081616.144857
1787081616.315329
1787081616.488456
1787081616.654227
1787081616.824853
1787081616.998558
1787081617.169196
1787081617.335441
1787081617.507944
1787081617.677001
1787081617.845258
1787081618.014718
1787081618.184958
1787081618.354731
1787081618.524178
1787081618.694416
1787081618.863352
1787081619.034117
1787081619.205250
1787081619.375045
1787081619.545477
1787081619.716708
1787081619.886930
1787081620.050695
1787081620.220918
1787081620.395222
1787081620.566594
1787081620.736955
1787081620.906510
1787081621.077660
1787081621.247881
1787081621.417857
1787081621.583797
1787081621.755228
1787081621.924852
1787081622.097606
1787081622.267913
1787081622.440620
1787081622.611201
1787081622.783008
1787081622.954525
1787081623.126288
1787081623.294973
1787081623.466738
1787081623.634015
1787081623.806191
1787081623.978036
1787081624.148367
1787081624.320874
1787081624.493781
1787081624.665704
1787081624.841165
1787081625.016383
1787081625.190296
1787081625.363508
1787081625.525651
1787081625.699937
1787081625.873609
1787081626.045978
1787081626.215528
1787081626.388027
1787081626.560562
1787081626.733292
1787081626.900573
1787081627.074648
1787081627.248238
1787081627.421170
1787081627.597900
1787081627.771974
1787081627.945068
1787081628.118285
1787081628.291541
1787081628.460064
1787081628.635263
1787081628.808614
1787081628.974517
1787081629.149827
1787081629.324084
1787081629.500846
1787081629.667174
1787081629.841272
1787081630.016556
1787081630.190777
1787081630.363427
1787081630.534672
1787081630.711924
1787081630.886647
1787081631.060646
1787081631.236654
1787081631.411002
1787081631.579890
1787081631.754485
1787081631.929030
1787081632.102562
1787081632.271793
1787081632.449040
1787081632.624483
1787081632.796061
1787081632.969182
1787081633.143469
1787081633.318743
1787081633.495666
1787081633.671352
1787081633.841508
1787081634.015894
1787081634.191617
1787081634.366739
1787081634.540801
1787081634.715799
1787081634.889178
1787081635.057949
1787081635.233368
1787081635.408068
1787081635.580239
1787081635.758410
1787081635.933605
1787081636.110585
1787081636.287655
1787081636.463891
1787081636.635267
1787081636.806506
1787081636.982863
1787081637.159764
1787081637.336346
1787081637.507278
1787081637.682591
1787081637.858446
1787081638.029302
1787081638.207693
1787081638.385861
1787081638.563652
1787081638.734606
1787081638.909532
1787081639.086735
1787081639.263174
1787081639.439666
1787081639.616835
1787081639.787442
1787081639.963437
1787081640.135509
1787081640.305013
1787081640.482820
1787081640.656723
1787081640.828097
1787081641.006116
1787081641.184016
1787081641.358905
1787081641.536180
1787081641.713447
1787081641.882790
1787081642.053617
1787081642.228835
1787081642.405012
1787081642.581017
1787081642.757523
1787081642.933685
1787081643.104214
1787081643.279952
1787081643.458730
1787081643.628974
1787081643.797540
1787081643.973634
1787081644.143459
1787081644.318112
1787081644.491719
1787081644.661176
1787081644.837415
1787081645.012801
1787081645.180164
1787081645.352555
1787081645.528219
1787081645.701905
1787081645.875734
1787081646.049786
1787081646.214745
1787081646.387033
1787081646.559300
1787081646.727568
1787081646.901200
1787081647.067788
1787081647.241740
1787081647.414907
1787081647.581662
1787081647.753148
1787081647.925801
1787081648.100106
1787081648.266156
1787081648.439051
1787081648.612551
1787081648.786808
1787081648.958430
1787081649.124671
1787081649.290523
1787081649.464655
1787081649.635563
1787081649.806216
1787081649.976413
1787081650.143897
1787081650.315564
1787081650.486589
1787081650.659119
1787081650.831074
1787081651.000899
1787081651.173336
1787081651.345269
1787081651.518101
1787081651.691566
1787081651.856737
1787081652.024618
1787081652.197918
1787081652.364941
1787081652.533091
1787081652.704121
1787081652.875627
1787081653.047243
1787081653.215809
1787081653.387786
1787081653.559352
1787081653.730969
1787081653.905697
1787081654.079508
1787081654.251149
1787081654.424687
1787081654.599062
1787081654.776977
1787081654.948380
1787081655.115529
1787081655.288331
1787081655.458606
1787081655.631310
1787081655.801594
1787081655.973955
1787081656.146323
1787081656.316816
1787081656.486308
1787081656.657645
1787081656.831343
1787081656.998503
1787081657.171785
1787081657.344187
1787081657.521501
1787081657.694465
1787081657.857683
1787081658.034019
1787081658.206935
1787081658.378872
1787081658.546429
1787081658.720659
1787081658.893037
1787081659.067687
1787081659.240090
1787081659.413886
1787081659.586455
1787081659.757975
1787081659.929695
1787081660.101930
1787081660.274020
1787081660.444784
1787081660.615783
1787081660.787556
1787081660.960687
1787081661.127038
1787081661.298527
1787081661.470347
1787081661.642908
1787081661.815026
1787081661.986840
1787081662.157635
1787081662.332135
1787081662.505942
1787081662.680112
1787081662.852490
1787081663.019051
1787081663.193317
1787081663.365613
1787081663.539295
1787081663.711855
1787081663.884380
1787081664.052835
1787081664.226611
1787081664.397577
1787081664.568555
1787081664.741248
1787081664.913841
1787081665.086563
1787081665.258034
1787081665.429871
1787081665.600671
1787081665.772153
1787081665.944227
1787081666.120822
1787081666.288160
1787081666.455244
1787081666.625747
1787081666.799398
1787081666.971394
1787081667.137067
1787081667.308161
1787081667.478710
1787081667.645836
1787081667.814094
1787081667.984958
1787081668.155483
1787081668.326467
1787081668.498643
1787081668.668448
1787081668.832513
1787081669.001797
1787081669.175680
1787081669.346891
1787081669.521199
1787081669.677698
1787081669.849270
1787081670.013849
1787081670.185012
1787081670.355759
1787081670.523761
1787081670.696186
1787081670.868731
1787081671.037961
1787081671.205933
1787081671.376270
1787081671.548703
1787081671.719835
1787081671.888532
