1787079217.668940
1787079217.827715
1787079217.982206
1787079218.128995
1787079218.278353
1787079218.425981
1787079218.574298
1787079218.722236
1787079218.870533
1787079219.019127
1787079219.170036
1787079219.326748
1787079219.486581
1787079219.644403
1787079219.802193
1787079219.958414
1787079220.114978
1787079220.266907
1787079220.422773
1787079220.580974
1787079220.736810
1787079220.894111
1787079221.045394
1787079221.200930
1787079221.355975
1787079221.512044
1787079221.666942
1787079221.821376
1787079221.974682
1787079222.121323
1787079222.267690
1787079222.414865
1787079222.563274
1787079222.712704
1787079222.865350
1787079223.020862
1787079223.170227
1787079223.320930
1787079223.476528
1787079223.626675
1787079223.777198
1787079223.926342
1787079224.075099
1787079224.223457
1787079224.377098
1787079224.532575
1787079224.688808
1787079224.839227
1787079224.994192
1787079225.147831
1787079225.296713
1787079225.452523
1787079225.606277
1787079225.759772
1787079225.912681
1787079226.067393
1787079226.225828
1787079226.380759
1787079226.537010
1787079226.690823
1787079226.843416
1787079226.996129
1787079227.143339
1787079227.289185
1787079227.441415
1787079227.593378
1787079227.746243
1787079227.900864
1787079228.053991
1787079228.204823
1787079228.357651
1787079228.509594
1787079228.663849
1787079228.816348
1787079228.966520
1787079229.118963
1787079229.270487
1787079229.421932
1787079229.570482
1787079229.717560
1787079229.863310
1787079230.008732
1787079230.159648
1787079230.310863
1787079230.456424
1787079230.608385
1787079230.762402
1787079230.908484
1787079231.056771
1787079231.207505
1787079231.360317
1787079231.511210
1787079231.665954
1787079231.814689
1787079231.965918
1787079232.118436
1787079232.268798
1787079232.418503
1787079232.563932
1787079232.715393
1787079232.868430
1787079233.021492
1787079233.167368
1787079233.321161
1787079233.471034
1787079233.621677
1787079233.774132
1787079233.926881
1787079234.079448
1787079234.231457
1787079234.384326
1787079234.539723
1787079234.695024
1787079234.851133
1787079234.996680
1787079235.153929
1787079235.305680
1787079235.459359
1787079235.612785
1787079235.771045
1787079235.924131
1787079236.071363
1787079236.221463
1787079236.369038
1787079236.521401
1787079236.677495
1787079236.824722
1787079236.978331
1787079237.146003
1787079237.294155
1787079237.440948
1787079237.589196
1787079237.737523
1787079237.903778
1787079238.052233
1787079238.202697
1787079238.358104
1787079238.512181
1787079238.662060
1787079238.817750
1787079238.971269
1787079239.126500
1787079239.281859
1787079239.435818
1787079239.588811
1787079239.745255
1787079239.901369
1787079240.058674
1787079240.211534
1787079240.370047
1787079240.522114
1787079240.680034
1787079240.838149
1787079240.996264
1787079241.148406
1787079241.300952
1787079241.462558
1787079241.627280
1787079241.785140
1787079241.945919
1787079242.106177
1787079242.265813
1787079242.425380
1787079242.588320
1787079242.749606
1787079242.912766
1787079243.074616
1787079243.235409
1787079243.396777
1787079243.553214
1787079243.714042
1787079243.869767
1787079244.034127
1787079244.189906
1787079244.349191
1787079244.511038
1787079244.665739
1787079244.830005
1787079244.987827
1787079245.150399
1787079245.312429
1787079245.473848
1787079245.634401
1787079245.797598
1787079245.959586
1787079246.117096
1787079246.280784
1787079246.442386
1787079246.606647
1787079246.769477
1787079246.933163
1787079247.096214
1787079247.259026
1787079247.424829
1787079247.591586
1787079247.748712
1787079247.911636
1787079248.075654
1787079248.237887
1787079248.403471
1787079248.567877
1787079248.729781
1787079248.893340
1787079249.059601
1787079249.227859
1787079249.388884
1787079249.553645
1787079249.721315
1787079249.883453
1787079250.056414
1787079250.222296
1787079250.389184
1787079250.554842
1787079250.717297
1787079250.882526
1787079251.047677
1787079251.214286
1787079251.380931
1787079251.543722
1787079251.707445
1787079251.873762
1787079252.038378
1787079252.220895
1787079252.380853
1787079252.546900
1787079252.711902
1787079252.876740
1787079253.041447
1787079253.200781
1787079253.365638
1787079253.531576
1787079253.697775
1787079253.862571
1787079254.026830
1787079254.193157
1787079254.357631
1787079254.523653
1787079254.689609
1787079254.864962
1787079255.025059
1787079255.196460
1787079255.360885
1787079255.527014
1787079255.696705
1787079255.863956
1787079256.032783
1787079256.201432
1787079256.369234
1787079256.531426
1787079256.695913
1787079256.861711
1787079257.027282
1787079257.190249
1787079257.359622
1787079257.527822
1787079257.696209
1787079257.864563
1787079258.032247
1787079258.202379
1787079258.375868
1787079258.545912
1787079258.717342
1787079258.890517
1787079259.062250
1787079259.229028
1787079259.400053
1787079259.564592
1787079259.735995
1787079259.906044
1787079260.080464
1787079260.250794
1787079260.414782
1787079260.578210
1787079260.739985
1787079260.903098
1787079261.067529
1787079261.238502
1787079261.403745
1787079261.573113
1787079261.736233
1787079261.904505
1787079262.074168
1787079262.236437
1787079262.408037
1787079262.570627
1787079262.737795
1787079262.902757
1787079263.070566
1787079263.236493
1787079263.403216
1787079263.570254
1787079263.733736
1787079263.895880
1787079264.057924
1787079264.218869
1787079264.388915
1787079264.560208
1787079264.727752
1787079264.896421
1787079265.057561
1787079265.226438
1787079265.394295
1787079265.568350
1787079265.740367
1787079265.913259
1787079266.084305
1787079266.247050
1787079266.410896
1787079266.581496
1787079266.745097
1787079266.914627
1787079267.082908
1787079267.249181
1787079267.419980
1787079267.587528
1787079267.758218
1787079267.926729
1787079268.096443
1787079268.260362
1787079268.427521
1787079268.596881
1787079268.763030
1787079268.934493
1787079269.093636
1787079269.262898
1787079269.431364
1787079269.597084
1787079269.767695
1787079269.938451
1787079270.108677
1787079270.270990
1787079270.440701
1787079270.604912
1787079270.774306
1787079270.946164
1787079271.117362
1787079271.290160
1787079271.459802
1787079271.633675
1787079271.808604
1787079271.977808
1787079272.145171
1787079272.315290
1787079272.484405
1787079272.656062
1787079272.820851
1787079272.989868
1787079273.153739
1787079273.324495
1787079273.493139
1787079273.662830
1787079273.832766
1787079274.003962
1787079274.174712
1787079274.345433
1787079274.511511
1787079274.682840
1787079274.848422
1787079275.019442
1787079275.191076
1787079275.362733
1787079275.530028
1787079275.701090
1787079275.871720
1787079276.044807
1787079276.217417
1787079276.389206
1787079276.559356
1787079276.730614
1787079276.903119
1787079277.075373
1787079277.241054
1787079277.410196
1787079277.579149
1787079277.749313
1787079277.920910
1787079278.091042
1787079278.264282
1787079278.434746
1787079278.607045
1787079278.779357
1787079278.949983
1787079279.121196
1787079279.286942
1787079279.457505
1787079279.629476
1787079279.798780
1787079279.967370
1787079280.134513
1787079280.297367
1787079280.467467
1787079280.638727
1787079280.804711
1787079280.975360
1787079281.147658
1787079281.319829
1787079281.494208
1787079281.669873
1787079281.837724
1787079282.005542
1787079282.177904
1787079282.344118
1787079282.515964
1787079282.689708
1787079282.862549
1787079283.028290
1787079283.202312
1787079283.373956
1787079283.546583
1787079283.720661
1787079283.890614
1787079284.062963
1787079284.229909
1787079284.402013
1787079284.573568
1787079284.744121
1787079284.914526
1787079285.087371
1787079285.251400
1787079285.423265
1787079285.594885
1787079285.761695
1787079285.934728
1787079286.106438
1787079286.273498
1787079286.444184
1787079286.617247
1787079286.788168
1787079286.959387
1787079287.131265
1787079287.305822
1787079287.474640
1787079287.647141
1787079287.827626
1787079288.002671
1787079288.173212
1787079288.351204
1787079288.529360
1787079288.703033
1787079288.876280
1787079289.049559
1787079289.221021
1787079289.400492
1787079289.573679
1787079289.747796
1787079289.920394
1787079290.092653
1787079290.257694
1787079290.429913
1787079290.602079
1787079290.774656
1787079290.945404
1787079291.116225
1787079291.287296
1787079291.459445
1787079291.635612
1787079291.802065
1787079291.976295
1787079292.150295
1787079292.321741
1787079292.494355
1787079292.668445
1787079292.841414
1787079293.014103
1787079293.188536
1787079293.361167
1787079293.534703
1787079293.706943
1787079293.879421
1787079294.051000
1787079294.218323
1787079294.394160
1787079294.568406
1787079294.740673
1787079294.913222
1787079295.087098
1787079295.251919
1787079295.425097
1787079295.599519
1787079295.772341
1787079295.946358
1787079296.118237
1787079296.291933
1787079296.466723
1787079296.632971
1787079296.806387
1787079296.979378
1787079297.154701
1787079297.328337
1787079297.504998
1787079297.676193
1787079297.850712
1787079298.017793
1787079298.190554
1787079298.363779
1787079298.538506
1787079298.716888
1787079298.891466
1787079299.057138
1787079299.231530
1787079299.405354
1787079299.571700
1787079299.745353
1787079299.917450
1787079300.089429
1787079300.256019
1787079300.428675
1787079300.602323
1787079300.768233
1787079300.942053
1787079301.117494
1787079301.283801
1787079301.455735
1787079301.627927
1787079301.800031
1787079301.970639
1787079302.137412
1787079302.305142
1787079302.477607
1787079302.651856
1787079302.827733
1787079302.999837
1787079303.169484
1787079303.343176
1787079303.521574
1787079303.691966
1787079303.856933
1787079304.027716
1787079304.199392
1787079304.369614
1787079304.535651
1787079304.708374
1787079304.880275
1787079305.052062
1787079305.229592
1787079305.401461
1787079305.572535
1787079305.738974
1787079305.911760
1787079306.077267
1787079306.249701
1787079306.422275
1787079306.592198
1787079306.759028
1787079306.929664
1787079307.100050
1787079307.266634
1787079307.438304
1787079307.609311
1787079307.772671
1787079307.939471
1787079308.104368
1787079308.267130
1787079308.436209
1787079308.605922
1787079308.772708
1787079308.941713
1787079309.109790
1787079309.276515
1787079309.445516
1787079309.614679
1787079309.784522
1787079309.955744
1787079310.123392
1787079310.289686
1787079310.459315
1787079310.620416
1787079310.787763
1787079310.949955
1787079311.116444
1787079311.283027
1787079311.451388
1787079311.614331
1787079311.782461
1787079311.944009
1787079312.112705
1787079312.272155
1787079312.441715
1787079312.603739
1787079312.769036
1787079312.936130
1787079313.105485
1787079313.272434
1787079313.441144
1787079313.608874
1787079313.774182
1787079313.942465
1787079314.111201
1787079314.278103
1787079314.440165
1787079314.611197
1787079314.772376
1787079314.941838
1787079315.109261
1787079315.279929
1787079315.450025
1787079315.617783
1787079315.784110
1787079315.948294
1787079316.109300
1787079316.278599
1787079316.440593
1787079316.607024
1787079316.772424
1787079316.939184
1787079317.100977
1787079317.271428
1787079317.440423
1787079317.608382
1787079317.775564
1787079317.944238
1787079318.113723
1787079318.276142
1787079318.445185
1787079318.615447
1787079318.788221
1787079318.959319
1787079319.125431
1787079319.293923
1787079319.463842
1787079319.626743
1787079319.794756
1787079319.963265
1787079320.133235
1787079320.301534
1787079320.468165
1787079320.638734
1787079320.812396
1787079320.986920
1787079321.155916
1787079321.324474
1787079321.494385
1787079321.663583
1787079321.834850
1787079322.001316
1787079322.173463
1787079322.343569
1787079322.513276
1787079322.682868
1787079322.856473
1787079323.027713
1787079323.199153
1787079323.369000
1787079323.537200
1787079323.705976
1787079323.874651
1787079324.039058
1787079324.208449
1787079324.379395
1787079324.547167
1787079324.715533
1787079324.887791
1787079325.055836
1787079325.225541
1787079325.385983
1787079325.555831
1787079325.722131
1787079325.891314
1787079326.060404
1787079326.230783
1787079326.402907
1787079326.567242
1787079326.736883
1787079326.905537
1787079327.075079
1787079327.244569
1787079327.413304
1787079327.581218
1787079327.749230
1787079327.922405
1787079328.086062
1787079328.256699
1787079328.425027
1787079328.594967
1787079328.764975
1787079328.936688
1787079329.108596
1787079329.275006
1787079329.448453
1787079329.620483
1787079329.790191
1787079329.960950
1787079330.125849
1787079330.294065
1787079330.465395
1787079330.636082
1787079330.806566
1787079330.977392
1787079331.142477
1787079331.311136
1787079331.475677
1787079331.645854
1787079331.816916
1787079331.989710
1787079332.160981
1787079332.331265
1787079332.496249
1787079332.664908
1787079332.836664
1787079333.007351
1787079333.177601
1787079333.345386
1787079333.517948
1787079333.684840
1787079333.856974
1787079334.029025
1787079334.199896
1787079334.365536
1787079334.536146
1787079334.705832
1787079334.871995
1787079335.041633
1787079335.205720
1787079335.380773
1787079335.551669
1787079335.722207
1787079335.894236
1787079336.058707
1787079336.228948
1787079336.398967
1787079336.568135
1787079336.736888
1787079336.907218
1787079337.076962
1787079337.247316
1787079337.414336
1787079337.580747
1787079337.745553
1787079337.914895
1787079338.085256
1787079338.254424
1787079338.425171
1787079338.594259
1787079338.765974
1787079338.935949
1787079339.101729
1787079339.274113
1787079339.444815
1787079339.616626
1787079339.787593
1787079339.958438
1787079340.122489
1787079340.293368
1787079340.466455
1787079340.637503
1787079340.809512
1787079340.981125
1787079341.151528
1787079341.323010
1787079341.508379
1787079341.686141
1787079341.861513
1787079342.039962
1787079342.211334
1787079342.390541
1787079342.570985
1787079342.744746
1787079342.920010
1787079343.095511
1787079343.272175
1787079343.447878
1787079343.624010
1787079343.799124
1787079343.976156
1787079344.147887
1787079344.323938
1787079344.500471
1787079344.678803
1787079344.848663
1787079345.018758
1787079345.195431
1787079345.372747
1787079345.550550
1787079345.726507
1787079345.903184
1787079346.085651
1787079346.264212
1787079346.440727
1787079346.609892
1787079346.786903
1787079346.962296
1787079347.141553
1787079347.320166
1787079347.491632
1787079347.662294
1787079347.834165
1787079348.004922
1787079348.176187
1787079348.346338
1787079348.516994
1787079348.687304
1787079348.859529
1787079349.030372
1787079349.202053
1787079349.371330
1787079349.542532
1787079349.714596
1787079349.887198
1787079350.058395
1787079350.234528
1787079350.410378
1787079350.585119
1787079350.758912
1787079350.931361
1787079351.097415
1787079351.262791
1787079351.439903
1787079351.613633
1787079351.784009
1787079351.953487
1787079352.117676
1787079352.288502
1787079352.458689
1787079352.628216
1787079352.798202
1787079352.967645
1787079353.138477
1787079353.309500
1787079353.479847
1787079353.651139
1787079353.823838
1787079353.987179
1787079354.158454
1787079354.328648
1787079354.497845
1787079354.668041
1787079354.838114
1787079355.007912
1787079355.177754
1787079355.357651
1787079355.519642
1787079355.691838
1787079355.863303
1787079356.036498
1787079356.207682
1787079356.377805
1787079356.554124
1787079356.717160
1787079356.888409
1787079357.060042
1787079357.231686
1787079357.404510
1787079357.574835
1787079357.743502
1787079357.913985
1787079358.084990
1787079358.256549
1787079358.427624
1787079358.597179
1787079358.767442
1787079358.931545
1787079359.104627
1787079359.267938
1787079359.439906
1787079359.612363
1787079359.783663
1787079359.955235
1787079360.128965
1787079360.302214
1787079360.471310
1787079360.642921
1787079360.814483
1787079360.986336
1787079361.157159
1787079361.327424
1787079361.496183
1787079361.660985
1787079361.838670
1787079362.009346
1787079362.174373
1787079362.347290
1787079362.520859
1787079362.692359
1787079362.857913
1787079363.030214
1787079363.203506
1787079363.376266
1787079363.552168
1787079363.725342
1787079363.895372
1787079364.069342
1787079364.239638
1787079364.410267
1787079364.583729
1787079364.748919
1787079364.917262
1787079365.085153
1787079365.256348
1787079365.436239
1787079365.597932
1787079365.767861
1787079365.938262
1787079366.105451
1787079366.277462
1787079366.446920
1787079366.615282
1787079366.784687
1787079366.953917
1787079367.122797
1787079367.291803
1787079367.459342
1787079367.629344
1787079367.798157
1787079367.965823
1787079368.129915
1787079368.298228
1787079368.464715
1787079368.631947
1787079368.794224
1787079368.962399
1787079369.125145
1787079369.293663
1787079369.455528
1787079369.619751
1787079369.786910
1787079369.954144
1787079370.125459
1787079370.293643
1787079370.461635
1787079370.623180
1787079370.790177
1787079370.952712
1787079371.119038
1787079371.285119
1787079371.451055
1787079371.618912
1787079371.787538
1787079371.951015
1787079372.122830
1787079372.280525
1787079372.447551
1787079372.613812
1787079372.782085
1787079372.948728
1787079373.115627
1787079373.281635
1787079373.450063
1787079373.612618
1787079373.774021
1787079373.929125
1787079374.093591
1787079374.255280
1787079374.421112
1787079374.590266
1787079374.757565
1787079374.924587
1787079375.092736
1787079375.258302
1787079375.425895
1787079375.588072
1787079375.756040
1787079375.924162
1787079376.092144
1787079376.263336
1787079376.428948
1787079376.589533
1787079376.754790
1787079376.913608
1787079377.081305
1787079377.253434
1787079377.413797
1787079377.582505
1787079377.746745
1787079377.907105
1787079378.072340
1787079378.240562
1787079378.406935
1787079378.567605
1787079378.734370
1787079378.900041
1787079379.069771
1787079379.233994
1787079379.399573
1787079379.567228
1787079379.728666
1787079379.889884
1787079380.051672
1787079380.221333
1787079380.382707
1787079380.550534
1787079380.718093
1787079380.885636
1787079381.047484
1787079381.209342
1787079381.379990
1787079381.547649
1787079381.715460
1787079381.882287
1787079382.050105
1787079382.223086
1787079382.393157
1787079382.561790
1787079382.730495
1787079382.895778
1787079383.063931
1787079383.233452
1787079383.406856
1787079383.577997
1787079383.751203
1787079383.920542
1787079384.093475
1787079384.261145
1787079384.430726
1787079384.603786
1787079384.774110
1787079384.940884
1787079385.104114
1787079385.276931
1787079385.454235
1787079385.632358
1787079385.806747
1787079385.979387
1787079386.147080
1787079386.311812
1787079386.475307
1787079386.648777
1787079386.820473
1787079386.991125
1787079387.162763
1787079387.335367
1787079387.504606
1787079387.671582
1787079387.843485
1787079388.010496
1787079388.178159
1787079388.343069
1787079388.508284
1787079388.676798
1787079388.844312
1787079389.006737
1787079389.173009
1787079389.341110
1787079389.508823
1787079389.675802
1787079389.841022
1787079390.004397
1787079390.171838
1787079390.342823
1787079390.511975
1787079390.683138
1787079390.847085
1787079391.017118
1787079391.183013
1787079391.352742
1787079391.521640
1787079391.693500
1787079391.863701
1787079392.032395
1787079392.197399
1787079392.367402
1787079392.535495
1787079392.706259
1787079392.877820
1787079393.047792
1787079393.219608
1787079393.391484
1787079393.556916
1787079393.727483
1787079393.896464
1787079394.063568
1787079394.233408
1787079394.401238
1787079394.564950
1787079394.733913
1787079394.898326
1787079395.070353
1787079395.233649
1787079395.402199
1787079395.570127
1787079395.733258
1787079395.903191
1787079396.066773
1787079396.235554
1787079396.404835
1787079396.573797
1787079396.742314
1787079396.913589
1787079397.083098
1787079397.251686
1787079397.426250
1787079397.594723
1787079397.764642
1787079397.934452
1787079398.107262
1787079398.269464
1787079398.438599
1787079398.604471
1787079398.773820
1787079398.942821
1787079399.112925
1787079399.283670
1787079399.456136
1787079399.626880
1787079399.795611
1787079399.965082
1787079400.136678
1787079400.300762
1787079400.470147
1787079400.637261
1787079400.806462
1787079400.976479
1787079401.146423
1787079401.316520
1787079401.498489
1787079401.662714
1787079401.825998
1787079401.995976
1787079402.164515
1787079402.329975
1787079402.499766
1787079402.668485
1787079402.838107
1787079403.005280
1787079403.175195
1787079403.342551
1787079403.514018
1787079403.684041
1787079403.851502
1787079404.021839
1787079404.193670
1787079404.356303
1787079404.527188
1787079404.697936
1787079404.864253
1787079405.033312
1787079405.200714
1787079405.368875
1787079405.539860
1787079405.707511
1787079405.876100
1787079406.044240
1787079406.214358
1787079406.384691
1787079406.552813
1787079406.715896
1787079406.885711
1787079407.056943
1787079407.227915
1787079407.400511
1787079407.569414
1787079407.740372
1787079407.911326
1787079408.081699
1787079408.246051
1787079408.415200
1787079408.585023
1787079408.755688
1787079408.926205
1787079409.097204
1787079409.268533
1787079409.439445
1787079409.612498
1787079409.780324
1787079409.953659
1787079410.122911
1787079410.295343
1787079410.464647
1787079410.636562
1787079410.809770
1787079410.975636
1787079411.139887
1787079411.307471
1787079411.474979
1787079411.644263
1787079411.810976
1787079411.976384
1787079412.146202
1787079412.316852
1787079412.484525
1787079412.651761
1787079412.821218
1787079412.995960
1787079413.167923
1787079413.339468
1787079413.509061
1787079413.679998
1787079413.851446
1787079414.024639
1787079414.189813
1787079414.362619
1787079414.526958
1787079414.702439
1787079414.875367
1787079415.039801
1787079415.211418
1787079415.381843
1787079415.550539
1787079415.724756
1787079415.896929
1787079416.071761
1787079416.240635
1787079416.405882
1787079416.577295
1787079416.747815
1787079416.918106
1787079417.087813
1787079417.260395
1787079417.429260
1787079417.600597
1787079417.771216
1787079417.943397
1787079418.115587
1787079418.288821
1787079418.457285
1787079418.627171
1787079418.799244
1787079418.968814
1787079419.140937
1787079419.312465
1787079419.484737
1787079419.652545
1787079419.825132
1787079419.989029
1787079420.163396
1787079420.340114
1787079420.517931
1787079420.687895
1787079420.855398
1787079421.029314
1787079421.203414
1787079421.373887
1787079421.547961
1787079421.716613
1787079421.889478
1787079422.061438
1787079422.231032
1787079422.409502
1787079422.577175
1787079422.748051
1787079422.923574
1787079423.096722
1787079423.271200
1787079423.445348
1787079423.616504
1787079423.792073
1787079423.966408
1787079424.140773
1787079424.314106
1787079424.479224
1787079424.648222
1787079424.816769
1787079424.988539
1787079425.158694
1787079425.339957
1787079425.511573
1787079425.690460
1787079425.858231
1787079426.033484
1787079426.201414
1787079426.378577
1787079426.554396
1787079426.731317
1787079426.908268
1787079427.084235
1787079427.258917
1787079427.437315
1787079427.612025
1787079427.789538
1787079427.964728
1787079428.141282
1787079428.315463
1787079428.489031
1787079428.664909
1787079428.840064
1787079429.015268
1787079429.191674
1787079429.369186
1787079429.543873
1787079429.719462
1787079429.895145
1787079430.070640
1787079430.246309
1787079430.421296
1787079430.600304
1787079430.780267
1787079430.956382
1787079431.129952
1787079431.309018
1787079431.476474
1787079431.651480
1787079431.831161
1787079432.009145
1787079432.186238
1787079432.360600
1787079432.535994
1787079432.708393
1787079432.884858
1787079433.060706
1787079433.235013
1787079433.408613
1787079433.582863
1787079433.762948
1787079433.937379
1787079434.111775
1787079434.286261
1787079434.453206
1787079434.625844
1787079434.800199
1787079434.973438
1787079435.147078
1787079435.319665
1787079435.493259
1787079435.668532
1787079435.848938
1787079436.022311
1787079436.194910
1787079436.369803
1787079436.542716
1787079436.717038
1787079436.887621
1787079437.059847
1787079437.233157
1787079437.404356
1787079437.579047
1787079437.756054
1787079437.928136
1787079438.101281
1787079438.273295
1787079438.438722
1787079438.612457
1787079438.786037
1787079438.958090
1787079439.125812
1787079439.298516
1787079439.471849
1787079439.640966
1787079439.814782
1787079439.987330
1787079440.159621
1787079440.333180
1787079440.506975
1787079440.678835
1787079440.850457
1787079441.021987
1787079441.196577
1787079441.368353
1787079441.541676
1787079441.714574
1787079441.885115
1787079442.055244
1787079442.225075
1787079442.396705
1787079442.567950
1787079442.738924
1787079442.911054
1787079443.082041
1787079443.253113
1787079443.423401
1787079443.595005
1787079443.769048
1787079443.944488
1787079444.110097
1787079444.283976
1787079444.460669
1787079444.626112
1787079444.794367
1787079444.968236
1787079445.137808
1787079445.304081
1787079445.480349
1787079445.656955
1787079445.831316
1787079445.999463
1787079446.170339
1787079446.341861
1787079446.513382
1787079446.685241
1787079446.857673
1787079447.028291
1787079447.197858
1787079447.367877
1787079447.536689
1787079447.701639
1787079447.876073
1787079448.042079
1787079448.215590
1787079448.391460
1787079448.568902
1787079448.743310
1787079448.917152
1787079449.088853
1787079449.265055
1787079449.441939
1787079449.609857
1787079449.783797
1787079449.959566
1787079450.125777
1787079450.288257
1787079450.459921
1787079450.624990
1787079450.794204
1787079450.964943
1787079451.134686
1787079451.298842
1787079451.461906
1787079451.632111
1787079451.802145
1787079451.964694
1787079452.134346
1787079452.306265
1787079452.470223
1787079452.637220
1787079452.806212
1787079452.975559
1787079453.145946
1787079453.313360
1787079453.484449
1787079453.650724
1787079453.821419
1787079453.990933
1787079454.159674
1787079454.329267
1787079454.498798
1787079454.666054
1787079454.833983
1787079455.001954
1787079455.163781
1787079455.332774
1787079455.493714
1787079455.662041
1787079455.835726
1787079455.996149
1787079456.165038
1787079456.334173
1787079456.497393
1787079456.670381
1787079456.841710
1787079457.006478
1787079457.178799
1787079457.354492
1787079457.520624
1787079457.696834
1787079457.869985
1787079458.045212
1787079458.216936
1787079458.379210
1787079458.541002
1787079458.710443
1787079458.878914
1787079459.046066
1787079459.215077
1787079459.383135
1787079459.546345
1787079459.716819
1787079459.889810
1787079460.059917
1787079460.226460
1787079460.389394
1787079460.559623
1787079460.725071
1787079460.893663
1787079461.063203
1787079461.224983
1787079461.394817
1787079461.558757
1787079461.728595
1787079461.897805
1787079462.066534
1787079462.234766
1787079462.403857
1787079462.566317
1787079462.736246
1787079462.906400
1787079463.076400
1787079463.247917
1787079463.417662
1787079463.588322
1787079463.755846
1787079463.923805
1787079464.094658
1787079464.257601
1787079464.427199
1787079464.596562
1787079464.764150
1787079464.933057
1787079465.103027
1787079465.271650
1787079465.437970
1787079465.606868
1787079465.774411
1787079465.945039
1787079466.108214
1787079466.276711
1787079466.446970
1787079466.616815
1787079466.786748
1787079466.956405
1787079467.120475
1787079467.290384
1787079467.455135
1787079467.626003
1787079467.795889
1787079467.957320
1787079468.128268
1787079468.298279
1787079468.466995
1787079468.636487
1787079468.804087
1787079468.977471
1787079469.145878
1787079469.312959
1787079469.475560
1787079469.642445
1787079469.810512
1787079469.980161
1787079470.143046
1787079470.311048
1787079470.478721
1787079470.647402
1787079470.816389
1787079470.983163
1787079471.153480
1787079471.322229
1787079471.495176
1787079471.664356
1787079471.832475
1787079472.002043
1787079472.175090
1787079472.336838
1787079472.504763
1787079472.673796
1787079472.840652
1787079473.007623
1787079473.169735
1787079473.333936
1787079473.502378
1787079473.669570
1787079473.837635
1787079473.997584
1787079474.164316
1787079474.332512
1787079474.502101
1787079474.672234
1787079474.840805
1787079475.009885
1787079475.171082
1787079475.338584
1787079475.505525
1787079475.670683
1787079475.838747
1787079476.008044
1787079476.168414
1787079476.335059
1787079476.497216
1787079476.664867
1787079476.836931
1787079477.006134
1787079477.172759
1787079477.343582
1787079477.512810
1787079477.682537
1787079477.853888
1787079478.023975
1787079478.192914
1787079478.355250
1787079478.515995
1787079478.677502
1787079478.845434
1787079479.012648
1787079479.181231
1787079479.351554
1787079479.520396
1787079479.688695
1787079479.856990
1787079480.025088
1787079480.188140
1787079480.364457
1787079480.533486
1787079480.703926
1787079480.872669
1787079481.041834
1787079481.210635
1787079481.378197
1787079481.546367
1787079481.708013
1787079481.878708
1787079482.044968
1787079482.217872
1787079482.384909
1787079482.558171
1787079482.729052
1787079482.900027
1787079483.065928
1787079483.236040
1787079483.407543
1787079483.579920
1787079483.742432
1787079483.914943
1787079484.084306
1787079484.251511
1787079484.420465
1787079484.586646
1787079484.753073
1787079484.923016
1787079485.084936
1787079485.253029
1787079485.421716
1787079485.586843
1787079485.748648
1787079485.918036
1787079486.095254
