1787078112.729743
1787078112.884236
1787078113.034533
1787078113.186566
1787078113.340816
1787078113.495342
1787078113.643478
1787078113.797878
1787078113.953288
1787078114.112151
1787078114.268749
1787078114.420054
1787078114.576251
1787078114.727902
1787078114.876268
1787078115.026212
1787078115.174727
1787078115.321670
1787078115.477180
1787078115.638131
1787078115.795766
1787078115.952571
1787078116.102979
1787078116.257470
1787078116.412884
1787078116.575809
1787078116.728614
1787078116.876002
1787078117.030320
1787078117.185075
1787078117.344518
1787078117.493176
1787078117.650361
1787078117.804330
1787078117.959624
1787078118.116175
1787078118.275496
1787078118.426467
1787078118.583964
1787078118.736460
1787078118.892950
1787078119.044525
1787078119.193784
1787078119.349389
1787078119.505966
1787078119.664061
1787078119.819793
1787078119.967844
1787078120.116939
1787078120.270071
1787078120.425778
1787078120.578812
1787078120.733073
1787078120.887966
1787078121.040735
1787078121.195259
1787078121.350944
1787078121.504110
1787078121.647065
1787078121.798012
1787078121.949554
1787078122.097110
1787078122.247863
1787078122.399036
1787078122.550565
1787078122.702817
1787078122.853468
1787078122.999324
1787078123.149623
1787078123.300350
1787078123.445483
1787078123.595034
1787078123.743633
1787078123.894256
1787078124.043994
1787078124.188358
1787078124.339332
1787078124.492992
1787078124.646791
1787078124.791899
1787078124.943750
1787078125.095040
1787078125.247387
1787078125.399544
1787078125.544028
1787078125.694811
1787078125.845396
1787078125.995656
1787078126.146475
1787078126.290580
1787078126.451039
1787078126.595807
1787078126.746451
1787078126.891495
1787078127.045497
1787078127.197063
1787078127.343580
1787078127.493890
1787078127.644397
1787078127.794728
1787078127.940737
1787078128.092467
1787078128.243483
1787078128.393695
1787078128.545179
1787078128.693831
1787078128.845088
1787078128.995464
1787078129.146910
1787078129.293118
1787078129.445689
1787078129.594147
1787078129.740184
1787078129.892866
1787078130.046298
1787078130.199617
1787078130.346764
1787078130.493149
1787078130.644523
1787078130.790765
1787078130.943712
1787078131.095681
1787078131.241393
1787078131.395776
1787078131.549371
1787078131.696571
1787078131.846641
1787078132.000138
1787078132.150738
1787078132.297869
1787078132.445326
1787078132.594358
1787078132.749722
1787078132.897310
1787078133.045553
1787078133.201147
1787078133.356887
1787078133.514310
1787078133.672297
1787078133.827072
1787078133.981302
1787078134.133228
1787078134.283606
1787078134.434338
1787078134.585217
1787078134.744717
1787078134.905314
1787078135.061266
1787078135.212140
1787078135.371090
1787078135.531834
1787078135.692583
1787078135.853658
1787078136.015949
1787078136.175669
1787078136.329850
1787078136.481616
1787078136.634028
1787078136.796436
1787078136.955423
1787078137.108696
1787078137.262178
1787078137.417884
1787078137.571414
1787078137.734436
1787078137.896308
1787078138.060008
1787078138.222576
1787078138.382753
1787078138.542956
1787078138.696758
1787078138.853528
1787078139.008841
1787078139.169400
1787078139.330061
1787078139.490972
1787078139.651660
1787078139.812693
1787078139.975552
1787078140.135535
1787078140.298223
1787078140.464371
1787078140.625153
1787078140.787167
1787078140.946353
1787078141.102359
1787078141.265657
1787078141.428681
1787078141.592043
1787078141.754084
1787078141.920659
1787078142.083935
1787078142.240808
1787078142.405086
1787078142.573617
1787078142.734483
1787078142.897571
1787078143.061664
1787078143.226520
1787078143.390908
1787078143.550593
1787078143.717054
1787078143.885116
1787078144.048180
1787078144.214082
1787078144.379992
1787078144.540799
1787078144.706428
1787078144.865373
1787078145.030522
1787078145.191946
1787078145.358568
1787078145.525616
1787078145.690839
1787078145.852717
1787078146.017998
1787078146.187676
1787078146.350720
1787078146.517034
1787078146.684724
1787078146.850776
1787078147.018666
1787078147.182431
1787078147.349424
1787078147.517200
1787078147.684478
1787078147.851758
1787078148.012732
1787078148.173858
1787078148.339251
1787078148.507154
1787078148.675342
1787078148.838575
1787078149.004746
1787078149.164807
1787078149.326182
1787078149.493218
1787078149.659521
1787078149.827160
1787078149.993023
1787078150.163767
1787078150.331275
1787078150.497605
1787078150.664872
1787078150.831620
1787078150.998583
1787078151.160208
1787078151.325397
1787078151.491066
1787078151.659142
1787078151.826803
1787078151.993175
1787078152.154197
1787078152.320410
1787078152.487751
1787078152.657580
1787078152.820160
1787078152.981693
1787078153.142755
1787078153.307387
1787078153.473112
1787078153.642447
1787078153.803930
1787078153.971009
1787078154.133838
1787078154.299077
1787078154.461765
1787078154.623844
1787078154.789980
1787078154.958832
1787078155.126749
1787078155.292104
1787078155.453037
1787078155.620474
1787078155.788394
1787078155.954213
1787078156.121214
1787078156.288844
1787078156.454709
1787078156.620424
1787078156.787532
1787078156.956432
1787078157.118179
1787078157.287823
1787078157.451529
1787078157.616640
1787078157.783222
1787078157.943762
1787078158.110169
1787078158.276217
1787078158.444419
1787078158.611660
1787078158.777748
1787078158.946224
1787078159.113217
1787078159.281346
1787078159.451179
1787078159.619952
1787078159.789091
1787078159.950397
1787078160.119413
1787078160.288851
1787078160.456061
1787078160.627653
1787078160.798760
1787078160.969480
1787078161.138653
1787078161.308938
1787078161.476398
1787078161.645498
1787078161.815208
1787078161.983338
1787078162.147263
1787078162.314959
1787078162.478118
1787078162.648627
1787078162.820353
1787078162.988948
1787078163.158814
1787078163.329443
1787078163.499785
1787078163.668753
1787078163.840724
1787078164.010789
1787078164.180538
1787078164.351593
1787078164.523149
1787078164.692979
1787078164.863366
1787078165.031199
1787078165.200652
1787078165.375893
1787078165.546197
1787078165.715703
1787078165.883114
1787078166.052034
1787078166.222384
1787078166.392118
1787078166.561635
1787078166.731322
1787078166.901377
1787078167.072191
1787078167.241222
1787078167.409523
1787078167.579349
1787078167.750206
1787078167.920630
1787078168.086235
1787078168.258253
1787078168.430955
1787078168.603126
1787078168.774381
1787078168.944739
1787078169.111886
1787078169.283054
1787078169.454240
1787078169.627239
1787078169.799300
1787078169.974857
1787078170.150086
1787078170.326308
1787078170.496633
1787078170.668704
1787078170.841292
1787078171.010749
1787078171.183090
1787078171.354416
1787078171.525257
1787078171.696492
1787078171.869494
1787078172.048704
1787078172.218356
1787078172.388923
1787078172.562248
1787078172.734027
1787078172.907210
1787078173.077098
1787078173.248281
1787078173.417868
1787078173.591830
1787078173.763479
1787078173.934867
1787078174.104900
1787078174.275946
1787078174.445743
1787078174.614244
1787078174.784428
1787078174.954485
1787078175.124329
1787078175.290383
1787078175.462599
1787078175.634647
1787078175.805768
1787078175.977459
1787078176.142530
1787078176.313014
1787078176.483027
1787078176.657425
1787078176.835497
1787078177.007782
1787078177.181768
1787078177.353389
1787078177.523184
1787078177.695012
1787078177.875211
1787078178.049996
1787078178.226111
1787078178.402430
1787078178.568129
1787078178.743838
1787078178.917778
1787078179.088246
1787078179.254326
1787078179.427756
1787078179.598436
1787078179.763353
1787078179.928824
1787078180.092359
1787078180.263210
1787078180.437555
1787078180.605146
1787078180.775125
1787078180.942836
1787078181.108941
1787078181.278327
1787078181.451880
1787078181.625151
1787078181.799569
1787078181.969353
1787078182.139357
1787078182.306968
1787078182.475638
1787078182.642337
1787078182.809652
1787078182.976111
1787078183.144800
1787078183.312809
1787078183.481925
1787078183.652333
1787078183.821744
1787078183.990858
1787078184.160556
1787078184.331066
1787078184.503136
1787078184.673969
1787078184.845951
1787078185.013384
1787078185.185575
1787078185.353904
1787078185.525752
1787078185.699837
1787078185.870130
1787078186.045361
1787078186.219132
1787078186.391299
1787078186.562428
1787078186.730439
1787078186.903647
1787078187.077740
1787078187.244112
1787078187.414610
1787078187.588544
1787078187.754490
1787078187.926304
1787078188.098037
1787078188.263471
1787078188.433738
1787078188.604937
1787078188.775600
1787078188.943317
1787078189.114763
1787078189.284220
1787078189.455244
1787078189.628478
1787078189.798247
1787078189.970587
1787078190.133234
1787078190.301361
1787078190.472573
1787078190.645771
1787078190.818041
1787078190.992609
1787078191.163273
1787078191.333233
1787078191.503960
1787078191.675353
1787078191.846212
1787078192.015635
1787078192.187894
1787078192.352603
1787078192.518305
1787078192.689017
1787078192.859021
1787078193.031679
1787078193.202405
1787078193.371735
1787078193.536538
1787078193.712048
1787078193.877530
1787078194.048565
1787078194.221305
1787078194.392206
1787078194.565424
1787078194.732014
1787078194.906128
1787078195.078537
1787078195.245096
1787078195.409501
1787078195.584838
1787078195.754021
1787078195.924852
1787078196.090172
1787078196.260369
1787078196.429679
1787078196.600560
1787078196.769957
1787078196.940363
1787078197.111597
1787078197.284040
1787078197.454244
1787078197.623010
1787078197.792685
1787078197.963693
1787078198.136869
1787078198.309947
1787078198.484742
1787078198.659863
1787078198.834279
1787078199.006398
1787078199.181138
1787078199.349013
1787078199.514055
1787078199.687737
1787078199.861879
1787078200.033650
1787078200.197171
1787078200.367788
1787078200.540125
1787078200.705328
1787078200.878348
1787078201.045174
1787078201.219018
1787078201.393587
1787078201.555146
1787078201.729270
1787078201.903150
1787078202.076964
1787078202.251051
1787078202.421649
1787078202.594826
1787078202.767965
1787078202.938840
1787078203.106596
1787078203.278676
1787078203.450453
1787078203.616826
1787078203.783091
1787078203.949273
1787078204.122460
1787078204.294131
1787078204.465916
1787078204.638026
1787078204.807998
1787078204.972624
1787078205.142830
1787078205.316497
1787078205.489942
1787078205.664160
1787078205.837920
1787078206.011673
1787078206.184206
1787078206.356235
1787078206.528677
1787078206.701102
1787078206.887357
1787078207.054711
1787078207.228140
1787078207.399335
1787078207.571704
1787078207.743486
1787078207.915590
1787078208.090532
1787078208.263743
1787078208.435488
1787078208.612058
1787078208.778512
1787078208.951831
1787078209.125705
1787078209.295925
1787078209.467879
1787078209.640402
1787078209.810851
1787078209.982130
1787078210.158994
1787078210.334289
1787078210.500040
1787078210.672905
1787078210.839831
1787078211.006903
1787078211.174877
1787078211.340230
1787078211.513958
1787078211.685812
1787078211.856232
1787078212.026592
1787078212.201015
1787078212.372037
1787078212.541829
1787078212.714968
1787078212.885621
1787078213.056443
1787078213.229924
1787078213.396910
1787078213.567646
1787078213.738672
1787078213.904381
1787078214.075258
1787078214.247393
1787078214.418910
1787078214.589089
1787078214.761941
1787078214.927302
1787078215.099482
1787078215.266712
1787078215.437529
1787078215.608075
1787078215.780625
1787078215.946836
1787078216.118048
1787078216.289839
1787078216.459932
1787078216.629409
1787078216.800902
1787078216.973383
1787078217.147627
1787078217.323008
1787078217.500374
1787078217.669216
1787078217.843744
1787078218.017597
1787078218.187293
1787078218.356881
1787078218.533107
1787078218.707607
1787078218.880789
1787078219.052854
1787078219.223856
1787078219.392973
1787078219.565352
1787078219.736038
1787078219.908140
1787078220.081493
1787078220.247206
1787078220.419638
1787078220.591282
1787078220.763575
1787078220.933403
1787078221.109443
1787078221.282876
1787078221.456276
1787078221.627831
1787078221.800611
1787078221.973135
1787078222.145201
1787078222.316522
1787078222.481843
1787078222.657228
1787078222.822663
1787078222.992944
1787078223.164913
1787078223.334162
1787078223.505064
1787078223.679661
1787078223.846936
1787078224.013206
1787078224.183218
1787078224.352036
1787078224.522091
1787078224.692387
1787078224.861388
1787078225.031187
1787078225.203656
1787078225.371880
1787078225.542603
1787078225.712754
1787078225.881237
1787078226.051732
1787078226.220917
1787078226.392270
1787078226.562143
1787078226.730623
1787078226.900707
1787078227.070318
1787078227.239950
1787078227.411597
1787078227.579145
1787078227.747684
1787078227.916661
1787078228.086915
1787078228.253041
1787078228.421709
1787078228.590142
1787078228.761626
1787078228.933293
1787078229.104396
1787078229.275904
1787078229.447583
1787078229.619015
1787078229.792346
1787078229.958535
1787078230.124441
1787078230.288241
1787078230.459678
1787078230.630546
1787078230.798908
1787078230.969233
1787078231.137912
1787078231.307722
1787078231.477224
1787078231.646981
1787078231.814378
1787078231.983569
1787078232.153415
1787078232.315202
1787078232.486775
1787078232.657115
1787078232.828322
1787078232.993504
1787078233.165181
1787078233.335808
1787078233.505699
1787078233.676435
1787078233.847416
1787078234.016570
1787078234.183637
1787078234.354442
1787078234.521424
1787078234.691350
1787078234.864325
1787078235.034196
1787078235.204932
1787078235.375895
1787078235.545361
1787078235.717074
1787078235.887693
1787078236.052621
1787078236.224204
1787078236.394659
1787078236.564466
1787078236.735102
1787078236.906596
1787078237.076518
1787078237.247102
1787078237.417985
1787078237.582196
1787078237.753652
1787078237.923477
1787078238.092127
1787078238.263642
1787078238.434784
1787078238.601241
1787078238.772083
1787078238.944477
1787078239.115352
1787078239.280918
1787078239.453284
1787078239.627968
1787078239.796743
1787078239.972259
1787078240.139970
1787078240.309765
1787078240.485815
1787078240.664915
1787078240.834559
1787078241.007682
1787078241.185894
1787078241.360420
1787078241.538973
1787078241.713950
1787078241.888628
1787078242.066116
1787078242.238970
1787078242.419164
1787078242.588847
1787078242.764164
1787078242.938456
1787078243.112817
1787078243.282516
1787078243.455618
1787078243.629247
1787078243.802632
1787078243.977087
1787078244.156532
1787078244.335297
1787078244.509686
1787078244.684242
1787078244.860646
1787078245.036162
1787078245.209738
1787078245.386076
1787078245.564650
1787078245.744995
1787078245.926383
1787078246.110498
1787078246.285284
1787078246.463063
1787078246.636400
1787078246.813334
1787078246.988639
1787078247.155401
1787078247.329690
1787078247.503936
1787078247.677378
1787078247.853519
1787078248.020843
1787078248.196918
1787078248.378021
1787078248.546677
1787078248.720574
1787078248.899413
1787078249.077692
1787078249.254643
1787078249.432945
1787078249.609271
1787078249.787654
1787078249.958842
1787078250.135109
1787078250.306971
1787078250.485401
1787078250.662527
1787078250.839188
1787078251.014881
1787078251.192408
1787078251.368326
1787078251.542738
1787078251.714075
1787078251.889239
1787078252.065933
1787078252.241548
1787078252.409428
1787078252.579693
1787078252.755250
1787078252.933703
1787078253.110558
1787078253.283193
1787078253.457247
1787078253.631863
1787078253.806684
1787078253.983008
1787078254.153421
1787078254.328256
1787078254.500288
1787078254.674371
1787078254.848384
1787078255.019587
1787078255.195929
1787078255.371174
1787078255.547532
1787078255.720862
1787078255.894017
1787078256.067026
1787078256.241210
1787078256.416330
1787078256.595651
1787078256.764982
1787078256.932969
1787078257.107423
1787078257.281590
1787078257.455072
1787078257.626662
1787078257.801158
1787078257.976263
1787078258.153044
1787078258.322539
1787078258.492147
1787078258.665816
1787078258.838049
1787078259.009274
1787078259.185981
1787078259.359279
1787078259.535777
1787078259.709896
1787078259.881999
1787078260.054474
1787078260.226692
1787078260.399294
1787078260.574319
1787078260.745901
1787078260.916801
1787078261.089914
1787078261.259075
1787078261.435654
1787078261.607268
1787078261.781439
1787078261.952793
1787078262.124108
1787078262.291105
1787078262.467782
1787078262.631300
1787078262.803689
1787078262.976309
1787078263.148354
1787078263.320157
1787078263.492257
1787078263.673035
1787078263.843934
1787078264.016810
1787078264.197890
1787078264.372708
1787078264.548353
1787078264.722559
1787078264.896078
1787078265.068697
1787078265.245784
1787078265.419838
1787078265.595673
1787078265.770534
1787078265.945619
1787078266.112611
1787078266.290267
1787078266.466102
1787078266.643339
1787078266.817710
1787078266.989788
1787078267.161610
1787078267.335217
1787078267.511807
1787078267.685800
1787078267.857399
1787078268.031255
1787078268.205404
1787078268.378226
1787078268.549695
1787078268.722188
1787078268.895741
1787078269.070627
1787078269.244951
1787078269.420135
1787078269.593739
1787078269.772911
1787078269.944182
1787078270.114401
1787078270.284306
1787078270.463735
1787078270.637646
1787078270.811006
1787078270.982843
1787078271.150744
1787078271.324274
1787078271.499749
1787078271.668576
1787078271.841704
1787078272.017299
1787078272.190293
1787078272.364771
1787078272.537612
1787078272.713797
1787078272.885637
1787078273.059937
1787078273.228728
1787078273.401885
1787078273.575490
1787078273.749048
1787078273.920832
1787078274.086485
1787078274.252817
1787078274.423918
1787078274.597191
1787078274.762001
1787078274.931487
1787078275.102883
1787078275.275231
1787078275.444475
1787078275.618293
1787078275.791124
1787078275.961780
1787078276.132980
1787078276.304522
1787078276.475171
1787078276.642641
1787078276.814950
1787078276.984551
1787078277.152948
1787078277.322928
1787078277.493563
1787078277.659289
1787078277.827592
1787078277.997319
1787078278.168329
1787078278.335361
1787078278.502353
1787078278.672210
1787078278.845670
1787078279.016394
1787078279.181548
1787078279.350574
1787078279.522436
1787078279.692547
1787078279.864682
1787078280.036504
1787078280.203499
1787078280.377063
1787078280.540197
1787078280.710165
1787078280.878483
1787078281.046511
1787078281.215812
1787078281.385632
1787078281.555339
1787078281.728016
1787078281.896496
1787078282.066862
1787078282.235240
1787078282.404816
1787078282.570247
1787078282.739466
1787078282.903504
1787078283.073198
1787078283.242156
1787078283.405888
1787078283.576096
1787078283.740308
1787078283.911865
1787078284.081980
1787078284.251775
1787078284.422607
1787078284.587128
1787078284.754613
1787078284.919830
1787078285.087275
1787078285.253670
1787078285.425107
1787078285.594791
1787078285.762580
1787078285.933899
1787078286.106750
1787078286.264341
1787078286.440477
1787078286.608421
1787078286.779893
1787078286.951284
1787078287.120603
1787078287.294474
1787078287.464471
1787078287.637149
1787078287.800270
1787078287.970805
1787078288.140719
1787078288.304441
1787078288.474064
1787078288.655168
1787078288.834022
1787078289.008675
1787078289.185822
1787078289.363878
1787078289.544418
1787078289.721786
1787078289.900177
1787078290.078110
1787078290.258226
1787078290.440570
1787078290.609483
1787078290.784975
1787078290.961494
1787078291.133654
1787078291.315987
1787078291.491628
1787078291.669106
1787078291.844408
1787078292.021518
1787078292.203719
1787078292.380857
1787078292.552480
1787078292.727283
1787078292.904899
1787078293.082221
1787078293.261326
1787078293.439149
1787078293.615745
1787078293.790741
1787078293.965230
1787078294.138665
1787078294.307261
1787078294.481041
1787078294.651857
1787078294.818158
1787078294.991154
1787078295.159416
1787078295.331574
1787078295.503628
1787078295.676177
1787078295.849084
1787078296.027395
1787078296.201965
1787078296.375141
1787078296.550125
1787078296.722238
1787078296.893270
1787078297.065088
1787078297.240984
1787078297.406986
1787078297.579459
1787078297.752353
1787078297.924262
1787078298.099031
1787078298.275503
1787078298.451827
1787078298.625729
1787078298.797725
1787078298.968575
1787078299.142382
1787078299.316435
1787078299.490002
1787078299.654355
1787078299.831877
1787078300.005822
1787078300.179736
1787078300.348410
1787078300.525449
1787078300.690351
1787078300.862615
1787078301.028913
1787078301.200572
1787078301.372091
1787078301.543094
1787078301.716326
1787078301.891131
1787078302.062957
1787078302.236304
1787078302.410269
1787078302.582454
1787078302.756143
1787078302.931085
1787078303.099113
1787078303.266891
1787078303.439918
1787078303.612480
1787078303.786149
1787078303.957430
1787078304.123647
1787078304.293478
1787078304.466661
1787078304.637388
1787078304.811336
1787078304.983376
1787078305.159698
1787078305.326531
1787078305.498837
1787078305.671817
1787078305.843518
1787078306.014151
1787078306.187032
1787078306.361524
1787078306.535563
1787078306.709713
1787078306.883283
1787078307.057236
1787078307.229310
1787078307.403238
1787078307.577716
1787078307.752758
1787078307.923287
1787078308.096465
1787078308.266174
1787078308.439399
1787078308.611764
1787078308.783199
1787078308.954357
1787078309.129535
1787078309.302115
1787078309.475570
1787078309.646698
1787078309.819626
1787078309.991673
1787078310.164007
1787078310.334996
1787078310.509594
1787078310.680011
1787078310.852314
1787078311.023262
1787078311.196944
1787078311.370162
1787078311.540812
1787078311.712461
1787078311.886021
1787078312.050489
1787078312.223398
1787078312.398738
1787078312.572762
1787078312.745224
1787078312.914364
1787078313.089748
1787078313.263063
1787078313.437476
1787078313.609472
1787078313.777144
1787078313.951363
1787078314.117946
1787078314.291533
1787078314.465371
1787078314.643982
1787078314.814357
1787078314.982020
1787078315.158443
1787078315.334335
1787078315.508923
1787078315.675969
1787078315.849347
1787078316.022877
1787078316.198648
1787078316.369040
1787078316.542407
1787078316.717832
1787078316.895871
1787078317.063014
1787078317.235304
1787078317.406845
1787078317.579412
1787078317.755086
1787078317.923254
1787078318.095006
1787078318.268171
1787078318.439528
1787078318.614093
1787078318.786609
1787078318.960760
1787078319.134972
1787078319.308266
1787078319.481197
1787078319.657245
1787078319.836133
1787078320.004891
1787078320.178085
1787078320.353303
1787078320.528527
1787078320.704312
1787078320.879086
1787078321.051348
1787078321.223294
1787078321.396032
1787078321.568415
1787078321.741585
1787078321.916244
1787078322.087574
1787078322.260372
1787078322.432732
1787078322.603436
1787078322.777077
1787078322.950827
1787078323.123569
1787078323.294468
1787078323.468008
1787078323.641701
1787078323.815183
1787078323.987442
1787078324.162957
1787078324.336281
1787078324.513317
1787078324.679408
1787078324.856591
1787078325.030565
1787078325.204478
1787078325.378637
1787078325.551906
1787078325.720905
1787078325.895201
1787078326.069476
1787078326.244706
1787078326.412694
1787078326.586173
1787078326.760767
1787078326.936216
1787078327.110265
1787078327.277951
1787078327.452610
1787078327.627939
1787078327.799484
1787078327.972705
1787078328.146128
1787078328.319866
1787078328.491999
1787078328.665058
1787078328.837831
1787078329.012534
1787078329.186776
1787078329.361329
1787078329.529982
1787078329.703489
1787078329.873801
1787078330.045709
1787078330.220647
1787078330.398000
1787078330.573883
1787078330.755460
1787078330.930692
1787078331.103935
1787078331.276996
1787078331.454830
1787078331.637531
1787078331.813660
1787078331.991697
1787078332.168699
1787078332.346143
1787078332.520756
1787078332.696663
1787078332.866005
1787078333.042229
1787078333.217967
1787078333.393134
1787078333.568783
1787078333.745029
1787078333.918988
1787078334.096094
1787078334.271977
1787078334.448220
1787078334.622930
1787078334.798324
1787078334.972258
1787078335.140935
1787078335.317237
1787078335.492320
1787078335.661988
1787078335.831350
1787078336.008187
1787078336.184631
1787078336.364937
1787078336.540448
1787078336.714454
1787078336.888551
1787078337.065584
1787078337.242558
1787078337.418954
1787078337.590925
1787078337.758572
1787078337.935844
1787078338.110964
1787078338.284729
1787078338.459765
1787078338.634333
1787078338.802754
1787078338.978918
1787078339.154054
1787078339.329294
1787078339.505008
1787078339.678155
1787078339.853771
1787078340.029464
1787078340.200783
1787078340.374735
1787078340.549978
1787078340.725626
1787078340.890995
1787078341.063765
1787078341.236761
1787078341.412840
1787078341.587477
1787078341.763800
1787078341.936641
1787078342.110911
1787078342.284572
1787078342.458448
1787078342.625091
1787078342.798978
1787078342.972800
1787078343.147779
1787078343.322370
1787078343.488907
1787078343.665061
1787078343.837609
1787078344.011306
1787078344.183897
1787078344.355123
1787078344.528192
1787078344.703223
1787078344.876509
1787078345.050865
1787078345.227358
1787078345.402385
1787078345.576355
1787078345.750508
1787078345.925201
1787078346.094309
1787078346.267644
1787078346.440729
1787078346.606716
1787078346.779789
1787078346.953951
1787078347.127630
1787078347.299444
1787078347.472424
1787078347.645109
1787078347.816278
1787078347.989122
1787078348.167490
1787078348.337307
1787078348.513264
1787078348.689340
1787078348.863056
1787078349.031866
1787078349.204931
1787078349.379288
1787078349.550860
1787078349.718415
1787078349.891476
1787078350.064054
1787078350.238665
1787078350.415252
1787078350.587902
1787078350.763938
1787078350.929201
1787078351.104511
1787078351.282193
1787078351.456285
1787078351.633762
1787078351.801948
1787078351.978022
1787078352.148508
1787078352.326078
1787078352.505553
1787078352.680624
1787078352.849246
1787078353.025842
1787078353.204977
1787078353.378281
1787078353.551391
1787078353.723585
1787078353.897966
1787078354.071970
1787078354.244375
1787078354.422445
1787078354.589847
1787078354.755860
1787078354.927809
1787078355.099745
1787078355.274556
1787078355.450496
1787078355.622643
1787078355.793630
1787078355.965221
1787078356.136429
1787078356.308941
1787078356.476088
1787078356.647924
1787078356.820920
1787078356.994605
1787078357.162015
1787078357.333874
1787078357.507322
1787078357.676314
1787078357.847486
1787078358.021306
1787078358.188300
1787078358.360237
1787078358.533358
1787078358.704773
1787078358.874082
1787078359.047711
1787078359.222167
1787078359.395785
1787078359.568363
1787078359.740564
1787078359.911143
1787078360.080788
1787078360.245178
1787078360.415751
1787078360.583737
1787078360.755974
1787078360.921351
1787078361.086659
1787078361.252889
1787078361.423188
1787078361.588624
1787078361.758606
1787078361.929563
1787078362.100850
1787078362.269483
1787078362.439092
1787078362.609488
1787078362.778901
1787078362.952665
1787078363.117707
1787078363.285383
1787078363.449535
1787078363.617729
1787078363.788175
1787078363.958519
1787078364.127261
1787078364.295645
1787078364.465452
1787078364.632794
1787078364.799194
1787078364.966485
1787078365.135538
1787078365.304070
1787078365.472195
1787078365.644242
1787078365.812278
1787078365.980752
1787078366.149996
1787078366.318746
1787078366.490782
1787078366.661403
1787078366.830011
1787078366.999270
1787078367.170370
1787078367.331338
1787078367.499781
1787078367.668343
1787078367.836755
1787078368.005109
1787078368.172233
1787078368.341022
1787078368.510105
1787078368.682607
1787078368.850373
1787078369.016378
1787078369.182400
1787078369.355759
1787078369.520643
1787078369.693730
1787078369.861753
1787078370.031432
1787078370.194860
1787078370.361513
1787078370.529563
1787078370.694506
1787078370.862559
1787078371.022036
1787078371.189164
1787078371.356855
1787078371.518568
1787078371.687848
1787078371.854042
1787078372.021039
1787078372.189430
1787078372.357132
1787078372.523227
1787078372.692299
1787078372.859505
1787078373.021193
1787078373.189237
1787078373.358862
1787078373.527783
1787078373.694676
1787078373.862698
1787078374.034315
1787078374.194447
1787078374.362637
1787078374.530666
1787078374.697870
1787078374.864570
1787078375.035348
1787078375.207293
1787078375.375231
1787078375.544036
1787078375.712019
1787078375.881374
1787078376.049371
1787078376.218745
1787078376.391082
1787078376.562716
1787078376.732730
1787078376.905413
1787078377.079735
1787078377.253002
1787078377.414840
1787078377.584553
1787078377.751499
1787078377.918879
1787078378.085869
1787078378.257984
1787078378.432675
1787078378.600764
1787078378.767648
1787078378.935642
1787078379.102425
1787078379.269137
1787078379.435511
1787078379.603982
1787078379.771808
1787078379.939196
1787078380.099989
1787078380.266875
1787078380.428775
1787078380.598833
1787078380.764000
1787078380.936985
1787078381.096424
1787078381.263386
1787078381.429356
1787078381.598905
1787078381.766218
1787078381.927314
1787078382.096100
1787078382.263814
1787078382.429543
1787078382.597904
1787078382.765708
1787078382.932795
1787078383.093617
1787078383.259314
