1787091116.669040
1787091116.817620
1787091116.967848
1787091117.117512
1787091117.266888
1787091117.421541
1787091117.570760
1787091117.719936
1787091117.870025
1787091118.019544
1787091118.168391
1787091118.319916
1787091118.471555
1787091118.623121
1787091118.778026
1787091118.935265
1787091119.085030
1787091119.235650
1787091119.387499
1787091119.539109
1787091119.689717
1787091119.841382
1787091119.993491
1787091120.146492
1787091120.296590
1787091120.448605
1787091120.599676
1787091120.749673
1787091120.899133
1787091121.053060
1787091121.202636
1787091121.352040
1787091121.501775
1787091121.652121
1787091121.802490
1787091121.957969
1787091122.108152
1787091122.258006
1787091122.408045
1787091122.560242
1787091122.709197
1787091122.859987
1787091123.009667
1787091123.157808
1787091123.310891
1787091123.461023
1787091123.610496
1787091123.759408
1787091123.909306
1787091124.072907
1787091124.224176
1787091124.373616
1787091124.528587
1787091124.678987
1787091124.827669
1787091124.981610
1787091125.129568
1787091125.275994
1787091125.425468
1787091125.574449
1787091125.723134
1787091125.870471
1787091126.017877
1787091126.165445
1787091126.312885
1787091126.460241
1787091126.609587
1787091126.759901
1787091126.912001
1787091127.058544
1787091127.203893
1787091127.350889
1787091127.497793
1787091127.644146
1787091127.790097
1787091127.935896
1787091128.081407
1787091128.227839
1787091128.374701
1787091128.520827
1787091128.666894
1787091128.811899
1787091128.958207
1787091129.103087
1787091129.249015
1787091129.396521
1787091129.540862
1787091129.687546
1787091129.833724
1787091129.979431
1787091130.132190
1787091130.279823
1787091130.427832
1787091130.574345
1787091130.720510
1787091130.865452
1787091131.014774
1787091131.162066
1787091131.309147
1787091131.464860
1787091131.628743
1787091131.780373
1787091131.931646
1787091132.076650
1787091132.227470
1787091132.371042
1787091132.522362
1787091132.672370
1787091132.818748
1787091132.965645
1787091133.128771
1787091133.281841
1787091133.429857
1787091133.575680
1787091133.727491
1787091133.867634
1787091134.020678
1787091134.170883
1787091134.322980
1787091134.469428
1787091134.623659
1787091134.768572
1787091134.920797
1787091135.072617
1787091135.222500
1787091135.369750
1787091135.519609
1787091135.668652
1787091135.825508
1787091135.974249
1787091136.122523
1787091136.269314
1787091136.417332
1787091136.568402
1787091136.719216
1787091136.867919
1787091137.022052
1787091137.168827
1787091137.316351
1787091137.464038
1787091137.612925
1787091137.761897
1787091137.910670
1787091138.060523
1787091138.211838
1787091138.361607
1787091138.515119
1787091138.668707
1787091138.820601
1787091138.971736
1787091139.119598
1787091139.270143
1787091139.420574
1787091139.572760
1787091139.723824
1787091139.873086
1787091140.026397
1787091140.183947
1787091140.337118
1787091140.491100
1787091140.645822
1787091140.805698
1787091140.963938
1787091141.122155
1787091141.282271
1787091141.443513
1787091141.597613
1787091141.758643
1787091141.918619
1787091142.071401
1787091142.231240
1787091142.386343
1787091142.547697
1787091142.703377
1787091142.859423
1787091143.020111
1787091143.180875
1787091143.339457
1787091143.507092
1787091143.662065
1787091143.823951
1787091143.981238
1787091144.145320
1787091144.307772
1787091144.469425
1787091144.624848
1787091144.783118
1787091144.943970
1787091145.106821
1787091145.268636
1787091145.425906
1787091145.588664
1787091145.751803
1787091145.914523
1787091146.069461
1787091146.225485
1787091146.387335
1787091146.545970
1787091146.703045
1787091146.864046
1787091147.022049
1787091147.178188
1787091147.337952
1787091147.496414
1787091147.653918
1787091147.810399
1787091147.966740
1787091148.124222
1787091148.282641
1787091148.441381
1787091148.605879
1787091148.770031
1787091148.937464
1787091149.095685
1787091149.253954
1787091149.412595
1787091149.570662
1787091149.729409
1787091149.890272
1787091150.053428
1787091150.215333
1787091150.371666
1787091150.531172
1787091150.689549
1787091150.848081
1787091151.011839
1787091151.172516
1787091151.333254
1787091151.493170
1787091151.651937
1787091151.810699
1787091151.969832
1787091152.128801
1787091152.286989
1787091152.445352
1787091152.603562
1787091152.762538
1787091152.928347
1787091153.093687
1787091153.252846
1787091153.416435
1787091153.576758
1787091153.738425
1787091153.897601
1787091154.059125
1787091154.218881
1787091154.378843
1787091154.537074
1787091154.697593
1787091154.859027
1787091155.019131
1787091155.186890
1787091155.351635
1787091155.512552
1787091155.673319
1787091155.834444
1787091155.999679
1787091156.161625
1787091156.331700
1787091156.492139
1787091156.661135
1787091156.822042
1787091156.983653
1787091157.144794
1787091157.305240
1787091157.467307
1787091157.628898
1787091157.795044
1787091157.958456
1787091158.122552
1787091158.278377
1787091158.440462
1787091158.601851
1787091158.762490
1787091158.924077
1787091159.089537
1787091159.249494
1787091159.417969
1787091159.579494
1787091159.745965
1787091159.907097
1787091160.074966
1787091160.235526
1787091160.399293
1787091160.566306
1787091160.731347
1787091160.897635
1787091161.063900
1787091161.225551
1787091161.389904
1787091161.557778
1787091161.717239
1787091161.877119
1787091162.037464
1787091162.198283
1787091162.360346
1787091162.521973
1787091162.684023
1787091162.848150
1787091163.007698
1787091163.168730
1787091163.329350
1787091163.490899
1787091163.656583
1787091163.817868
1787091163.979032
1787091164.140737
1787091164.304258
1787091164.468208
1787091164.635755
1787091164.801031
1787091164.964065
1787091165.128676
1787091165.294593
1787091165.455605
1787091165.619569
1787091165.788749
1787091165.953472
1787091166.123075
1787091166.294423
1787091166.450068
1787091166.614553
1787091166.776132
1787091166.941097
1787091167.098914
1787091167.260301
1787091167.423070
1787091167.583204
1787091167.743511
1787091167.907397
1787091168.071059
1787091168.232414
1787091168.394699
1787091168.557162
1787091168.720582
1787091168.883035
1787091169.046656
1787091169.208837
1787091169.371224
1787091169.535721
1787091169.701078
1787091169.865213
1787091170.030598
1787091170.197196
1787091170.360739
1787091170.525717
1787091170.686465
1787091170.849917
1787091171.012709
1787091171.177434
1787091171.340769
1787091171.506308
1787091171.673256
1787091171.834226
1787091171.997311
1787091172.159360
1787091172.321545
1787091172.483739
1787091172.646528
1787091172.807106
1787091172.970557
1787091173.132766
1787091173.295805
1787091173.462901
1787091173.631788
1787091173.795259
1787091173.959142
1787091174.129514
1787091174.293941
1787091174.457960
1787091174.626912
1787091174.788890
1787091174.954241
1787091175.117402
1787091175.282827
1787091175.447553
1787091175.607218
1787091175.767981
1787091175.930611
1787091176.090622
1787091176.254284
1787091176.419231
1787091176.587341
1787091176.741819
1787091176.901854
1787091177.061215
1787091177.223513
1787091177.385255
1787091177.547313
1787091177.715725
1787091177.878536
1787091178.039413
1787091178.201329
1787091178.364863
1787091178.528805
1787091178.693340
1787091178.856769
1787091179.020982
1787091179.186158
1787091179.350107
1787091179.516569
1787091179.679841
1787091179.847382
1787091180.011526
1787091180.174548
1787091180.338013
1787091180.505771
1787091180.674925
1787091180.839440
1787091181.002545
1787091181.170512
1787091181.335382
1787091181.499788
1787091181.659809
1787091181.825480
1787091181.992573
1787091182.154791
1787091182.318280
1787091182.481629
1787091182.646876
1787091182.808952
1787091182.980539
1787091183.133651
1787091183.302340
1787091183.463081
1787091183.627777
1787091183.787544
1787091183.953001
1787091184.112346
1787091184.273556
1787091184.439752
1787091184.606791
1787091184.769769
1787091184.930640
1787091185.095631
1787091185.256971
1787091185.418812
1787091185.586259
1787091185.744089
1787091185.908154
1787091186.076623
1787091186.237955
1787091186.398223
1787091186.562578
1787091186.722517
1787091186.888046
1787091187.048691
1787091187.210454
1787091187.370429
1787091187.530053
1787091187.690840
1787091187.849981
1787091188.007348
1787091188.173503
1787091188.338316
1787091188.499839
1787091188.663467
1787091188.823568
1787091188.985104
1787091189.155673
1787091189.313655
1787091189.475182
1787091189.638451
1787091189.805637
1787091189.965402
1787091190.130080
1787091190.296656
1787091190.461076
1787091190.623062
1787091190.785234
1787091190.946659
1787091191.111325
1787091191.272599
1787091191.441247
1787091191.595456
1787091191.756174
1787091191.914531
1787091192.071661
1787091192.234437
1787091192.391105
1787091192.551965
1787091192.711670
1787091192.869233
1787091193.026870
1787091193.181543
1787091193.349741
1787091193.510049
1787091193.669617
1787091193.835932
1787091193.997475
1787091194.162251
1787091194.320853
1787091194.478988
1787091194.640111
1787091194.808749
1787091194.970342
1787091195.131337
1787091195.292672
1787091195.452382
1787091195.612581
1787091195.779805
1787091195.941166
1787091196.106885
1787091196.269136
1787091196.436666
1787091196.597551
1787091196.757029
1787091196.917763
1787091197.076679
1787091197.240740
1787091197.400554
1787091197.562514
1787091197.722853
1787091197.882746
1787091198.045683
1787091198.204078
1787091198.361908
1787091198.518230
1787091198.685190
1787091198.843280
1787091199.004706
1787091199.165656
1787091199.334366
1787091199.493356
1787091199.652265
1787091199.812629
1787091199.974268
1787091200.132110
1787091200.293995
1787091200.452891
1787091200.611217
1787091200.771111
1787091200.935986
1787091201.095194
1787091201.255707
1787091201.419831
1787091201.581332
1787091201.742595
1787091201.903767
1787091202.064573
1787091202.228851
1787091202.388966
1787091202.548883
1787091202.710554
1787091202.870663
1787091203.034088
1787091203.193371
1787091203.355352
1787091203.519479
1787091203.680560
1787091203.845631
1787091204.006154
1787091204.172772
1787091204.336083
1787091204.500652
1787091204.667488
1787091204.833782
1787091204.993715
1787091205.157930
1787091205.323099
1787091205.490067
1787091205.653140
1787091205.818395
1787091205.984671
1787091206.144188
1787091206.306684
1787091206.468008
1787091206.627923
1787091206.787208
1787091206.947361
1787091207.107136
1787091207.267816
1787091207.429740
1787091207.591174
1787091207.752129
1787091207.910595
1787091208.073645
1787091208.235879
1787091208.399971
1787091208.573719
1787091208.732101
1787091208.892866
1787091209.054910
1787091209.215970
1787091209.385903
1787091209.547592
1787091209.708644
1787091209.874907
1787091210.035486
1787091210.199814
1787091210.361104
1787091210.521593
1787091210.684550
1787091210.846693
1787091211.011708
1787091211.172729
1787091211.329922
1787091211.490156
1787091211.651198
1787091211.813359
1787091211.975550
1787091212.141767
1787091212.307056
1787091212.467571
1787091212.637341
1787091212.797582
1787091212.964185
1787091213.123787
1787091213.282965
1787091213.448088
1787091213.610069
1787091213.774180
1787091213.934032
1787091214.093974
1787091214.254806
1787091214.416080
1787091214.577276
1787091214.737548
1787091214.896636
1787091215.061894
1787091215.220696
1787091215.381322
1787091215.541476
1787091215.702680
1787091215.865082
1787091216.024541
1787091216.185150
1787091216.346028
1787091216.505183
1787091216.666967
1787091216.832829
1787091217.000506
1787091217.160128
1787091217.320281
1787091217.480221
1787091217.652549
1787091217.806122
1787091217.970254
1787091218.132122
1787091218.299844
1787091218.458403
1787091218.627604
1787091218.793180
1787091218.953507
1787091219.115662
1787091219.278188
1787091219.441633
1787091219.604151
1787091219.765402
1787091219.932522
1787091220.094590
1787091220.255124
1787091220.416853
1787091220.579135
1787091220.741041
1787091220.901840
1787091221.069315
1787091221.229885
1787091221.390341
1787091221.557990
1787091221.724164
1787091221.885281
1787091222.046834
1787091222.211168
1787091222.373760
1787091222.536713
1787091222.700470
1787091222.865128
1787091223.028992
1787091223.196237
1787091223.359021
1787091223.529327
1787091223.690905
1787091223.851896
1787091224.014148
1787091224.177325
1787091224.344066
1787091224.504609
1787091224.670868
1787091224.833335
1787091224.992885
1787091225.154912
1787091225.316712
1787091225.485602
1787091225.650997
1787091225.814050
1787091225.975645
1787091226.139130
1787091226.301946
1787091226.462422
1787091226.624983
1787091226.789040
1787091226.951695
1787091227.112998
1787091227.273291
1787091227.432034
1787091227.600451
1787091227.762067
1787091227.924637
1787091228.090487
1787091228.252521
1787091228.414781
1787091228.577784
1787091228.739566
1787091228.902652
1787091229.065417
1787091229.229146
1787091229.395131
1787091229.556204
1787091229.719749
1787091229.881303
1787091230.043925
1787091230.206579
1787091230.375596
1787091230.537974
1787091230.704983
1787091230.866656
1787091231.028486
1787091231.190180
1787091231.354358
1787091231.515725
1787091231.679990
1787091231.847689
1787091232.013920
1787091232.176167
1787091232.343895
1787091232.511393
1787091232.673342
1787091232.837612
1787091233.006398
1787091233.173076
1787091233.334898
1787091233.503292
1787091233.670948
1787091233.839105
1787091234.008647
1787091234.176972
1787091234.339569
1787091234.503142
1787091234.666760
1787091234.831150
1787091234.996636
1787091235.158561
1787091235.320654
1787091235.483455
1787091235.653652
1787091235.816219
1787091235.981646
1787091236.144517
1787091236.306655
1787091236.470635
1787091236.643100
1787091236.807925
1787091236.971273
1787091237.133888
1787091237.300092
1787091237.462808
1787091237.625899
1787091237.788145
1787091237.951984
1787091238.113386
1787091238.283044
1787091238.444594
1787091238.605674
1787091238.766816
1787091238.928923
1787091239.096369
1787091239.260119
1787091239.424767
1787091239.582644
1787091239.751118
1787091239.918385
1787091240.085463
1787091240.248266
1787091240.416059
1787091240.578122
1787091240.748168
1787091240.904244
1787091241.071851
1787091241.244117
1787091241.403510
1787091241.570648
1787091241.731520
1787091241.893555
1787091242.060345
1787091242.224866
1787091242.382823
1787091242.543343
1787091242.705680
1787091242.870671
1787091243.035755
1787091243.201502
1787091243.364713
1787091243.531816
1787091243.694673
1787091243.860784
1787091244.026299
1787091244.182539
1787091244.343127
1787091244.505714
1787091244.667492
1787091244.836664
1787091245.000871
1787091245.163233
1787091245.325631
1787091245.488668
1787091245.652080
1787091245.814574
1787091245.976929
1787091246.143656
1787091246.304673
1787091246.465065
1787091246.633928
1787091246.803799
1787091246.965964
1787091247.133126
1787091247.293429
1787091247.454405
1787091247.617453
1787091247.777148
1787091247.941186
1787091248.102180
1787091248.264898
1787091248.423209
1787091248.584607
1787091248.752909
1787091248.915536
1787091249.075076
1787091249.238125
1787091249.401818
1787091249.565678
1787091249.726312
1787091249.888593
1787091250.048844
1787091250.208788
1787091250.374915
1787091250.536810
1787091250.700903
1787091250.863870
1787091251.025245
1787091251.186834
1787091251.348136
1787091251.512281
1787091251.674125
1787091251.835729
1787091251.999066
1787091252.159310
1787091252.327708
1787091252.491096
1787091252.654675
1787091252.813742
1787091252.981813
1787091253.149475
1787091253.310833
1787091253.472139
1787091253.634564
1787091253.795963
1787091253.959800
1787091254.120712
1787091254.281541
1787091254.454524
1787091254.611384
1787091254.778425
1787091254.944845
1787091255.105584
1787091255.265863
1787091255.426984
1787091255.592863
1787091255.755210
1787091255.917957
1787091256.085728
1787091256.246959
1787091256.415845
1787091256.576856
1787091256.738739
1787091256.899004
1787091257.064666
1787091257.225330
1787091257.386178
1787091257.552017
1787091257.719048
1787091257.885361
1787091258.046697
1787091258.207320
1787091258.370273
1787091258.530613
1787091258.689917
1787091258.849986
1787091259.017266
1787091259.177968
1787091259.345523
1787091259.506926
1787091259.662137
1787091259.829064
1787091259.987576
1787091260.151253
1787091260.317704
1787091260.474326
1787091260.634151
1787091260.795802
1787091260.955412
1787091261.113856
1787091261.273117
1787091261.438866
1787091261.603791
1787091261.763279
1787091261.924963
1787091262.085184
1787091262.251675
1787091262.410729
1787091262.574547
1787091262.739477
1787091262.904996
1787091263.071767
1787091263.235950
1787091263.398286
1787091263.566105
1787091263.733901
1787091263.901887
1787091264.060825
1787091264.221047
1787091264.386321
1787091264.548982
1787091264.714425
1787091264.875752
1787091265.040465
1787091265.200740
1787091265.364444
1787091265.524299
1787091265.686814
1787091265.848963
1787091266.015340
1787091266.176333
1787091266.344925
1787091266.511964
1787091266.672414
1787091266.839501
1787091267.008471
1787091267.174646
1787091267.335601
1787091267.505737
1787091267.667861
1787091267.836314
1787091267.998235
1787091268.165024
1787091268.327323
1787091268.495311
1787091268.657366
1787091268.822264
1787091268.982567
1787091269.145065
1787091269.309861
1787091269.471248
1787091269.635232
1787091269.798483
1787091269.965002
1787091270.136029
1787091270.291573
1787091270.454670
1787091270.617209
1787091270.778273
1787091270.940183
1787091271.104249
1787091271.265929
1787091271.436253
1787091271.599118
1787091271.759857
1787091271.929044
1787091272.090489
1787091272.252394
1787091272.412872
1787091272.574027
1787091272.732927
1787091272.893362
1787091273.057981
1787091273.219065
1787091273.388038
1787091273.551920
1787091273.718798
1787091273.882887
1787091274.049644
1787091274.211513
1787091274.372299
1787091274.532639
1787091274.694266
1787091274.854313
1787091275.016168
1787091275.180326
1787091275.347329
1787091275.510181
1787091275.672272
1787091275.833278
1787091275.995249
1787091276.154032
1787091276.315390
1787091276.475879
1787091276.636757
1787091276.802696
1787091276.971536
1787091277.136722
1787091277.298822
1787091277.463724
1787091277.626325
1787091277.787204
1787091277.954831
1787091278.116660
1787091278.276655
1787091278.436253
1787091278.602001
1787091278.762660
1787091278.920436
1787091279.085832
1787091279.247113
1787091279.411420
1787091279.572273
1787091279.732394
1787091279.900101
1787091280.061200
1787091280.222026
1787091280.381501
1787091280.546296
1787091280.707209
1787091280.866686
1787091281.034029
1787091281.197858
1787091281.357509
1787091281.536666
1787091281.689384
1787091281.855682
1787091282.016071
1787091282.178165
1787091282.343872
1787091282.503365
1787091282.661956
1787091282.828626
1787091282.988987
1787091283.148728
1787091283.308265
1787091283.468341
1787091283.629581
1787091283.790545
1787091283.950630
1787091284.110762
1787091284.275935
1787091284.435458
1787091284.604542
1787091284.763350
1787091284.928575
1787091285.093906
1787091285.259438
1787091285.421606
1787091285.582108
1787091285.744875
1787091285.904739
1787091286.068249
1787091286.232614
1787091286.396211
1787091286.557177
1787091286.716524
1787091286.880856
1787091287.046759
1787091287.209597
1787091287.376614
1787091287.542185
1787091287.701791
1787091287.860976
1787091288.026315
1787091288.189114
1787091288.354674
1787091288.514902
1787091288.680823
1787091288.845628
1787091289.005171
1787091289.172723
1787091289.334496
1787091289.498653
1787091289.660222
1787091289.819159
1787091289.984935
1787091290.145432
1787091290.314837
1787091290.478444
1787091290.639830
1787091290.800463
1787091290.957006
1787091291.116817
1787091291.276100
1787091291.434057
1787091291.593565
1787091291.756639
1787091291.914085
1787091292.074377
1787091292.236244
1787091292.400863
1787091292.570916
1787091292.731354
1787091292.898377
1787091293.064309
1787091293.228671
1787091293.387467
1787091293.544381
1787091293.703735
1787091293.864291
1787091294.035836
1787091294.199047
1787091294.359951
1787091294.521144
1787091294.683370
1787091294.844132
1787091295.005676
1787091295.167068
1787091295.329788
1787091295.488875
1787091295.649147
1787091295.809737
1787091295.969884
1787091296.136087
1787091296.302615
1787091296.462415
1787091296.624830
1787091296.784945
1787091296.946690
1787091297.107654
1787091297.269797
1787091297.429648
1787091297.594886
1787091297.754617
1787091297.919844
1787091298.086722
1787091298.248527
1787091298.414491
1787091298.575348
1787091298.740961
1787091298.908185
1787091299.075042
1787091299.240013
1787091299.401486
1787091299.562118
1787091299.728004
1787091299.887777
1787091300.048509
1787091300.208822
1787091300.370182
1787091300.530617
1787091300.698183
1787091300.864449
1787091301.026168
1787091301.192304
1787091301.353725
1787091301.514477
1787091301.675091
1787091301.836665
1787091302.001877
1787091302.167348
1787091302.333103
1787091302.494614
1787091302.655850
1787091302.818466
1787091302.979889
1787091303.144678
1787091303.305773
1787091303.469056
1787091303.637299
1787091303.800234
1787091303.966680
1787091304.131852
1787091304.300621
1787091304.466983
1787091304.636681
1787091304.799727
1787091304.962252
1787091305.128281
1787091305.289783
1787091305.455397
1787091305.617617
1787091305.782797
1787091305.950711
1787091306.116324
1787091306.277818
1787091306.443290
1787091306.612502
1787091306.780087
1787091306.942711
1787091307.109434
1787091307.272995
1787091307.442200
1787091307.604625
1787091307.769193
1787091307.939674
1787091308.107738
1787091308.271350
1787091308.440007
1787091308.607961
1787091308.771250
1787091308.937526
1787091309.100045
1787091309.267445
1787091309.430043
1787091309.597581
1787091309.761242
1787091309.929105
1787091310.092960
1787091310.262062
1787091310.424543
1787091310.587906
1787091310.751442
1787091310.915613
1787091311.075106
1787091311.243284
1787091311.407026
1787091311.574732
1787091311.739454
1787091311.902140
1787091312.071579
1787091312.237592
1787091312.394298
1787091312.563331
1787091312.727969
1787091312.892420
1787091313.062442
1787091313.231015
1787091313.393490
1787091313.564111
1787091313.727495
1787091313.897004
1787091314.061151
1787091314.230492
1787091314.392346
1787091314.562530
1787091314.726960
1787091314.890978
1787091315.059077
1787091315.222514
1787091315.393337
1787091315.561270
1787091315.724040
1787091315.888884
1787091316.059251
1787091316.221913
1787091316.391630
1787091316.559857
1787091316.724315
1787091316.892180
1787091317.059789
1787091317.226879
1787091317.394252
1787091317.557483
1787091317.724731
1787091317.894933
1787091318.062295
1787091318.226990
1787091318.392360
1787091318.561817
1787091318.731931
1787091318.901423
1787091319.066079
1787091319.233968
1787091319.398063
1787091319.563037
1787091319.727073
1787091319.897313
1787091320.065446
1787091320.236284
1787091320.401428
1787091320.566863
1787091320.733308
1787091320.897456
1787091321.054755
1787091321.226817
1787091321.396901
1787091321.567674
1787091321.733181
1787091321.897196
1787091322.062895
1787091322.228969
1787091322.394506
1787091322.566799
1787091322.733794
1787091322.905303
1787091323.073097
1787091323.237780
1787091323.403804
1787091323.570396
1787091323.742409
1787091323.916299
1787091324.084392
1787091324.250638
1787091324.417363
1787091324.581010
1787091324.752857
1787091324.930135
1787091325.095879
1787091325.255868
1787091325.427109
1787091325.597169
1787091325.766542
1787091325.938831
1787091326.109662
1787091326.278665
1787091326.449906
1787091326.620312
1787091326.791394
1787091326.964274
1787091327.136094
1787091327.306850
1787091327.477448
1787091327.642932
1787091327.812147
1787091327.977329
1787091328.150369
1787091328.318699
1787091328.489331
1787091328.659081
1787091328.823080
1787091328.994358
1787091329.163535
1787091329.326315
1787091329.497072
1787091329.665239
1787091329.838381
1787091330.003295
1787091330.175923
1787091330.345702
1787091330.516782
1787091330.681167
1787091330.852545
1787091331.015894
1787091331.186834
1787091331.357810
1787091331.527906
1787091331.692524
1787091331.863092
1787091332.033377
1787091332.203592
1787091332.373814
1787091332.545443
1787091332.716059
1787091332.885884
1787091333.054047
1787091333.226035
1787091333.393649
1787091333.568045
1787091333.738456
1787091333.909102
1787091334.073985
1787091334.237411
1787091334.405835
1787091334.576100
1787091334.740109
1787091334.904113
1787091335.067849
1787091335.232529
1787091335.402658
1787091335.572607
1787091335.742576
1787091335.911725
1787091336.083075
1787091336.251775
1787091336.420150
1787091336.589609
1787091336.760464
1787091336.932389
1787091337.097044
1787091337.267655
1787091337.431010
1787091337.602213
1787091337.771645
1787091337.943506
1787091338.113918
1787091338.285840
1787091338.455391
1787091338.627854
1787091338.797483
1787091338.966312
1787091339.137790
1787091339.308336
1787091339.477460
1787091339.648734
1787091339.819900
1787091339.996127
1787091340.165400
1787091340.336852
1787091340.506428
1787091340.676025
1787091340.846079
1787091341.016684
1787091341.186167
1787091341.356483
1787091341.529918
1787091341.695274
1787091341.864762
1787091342.033078
1787091342.202364
1787091342.374474
1787091342.538744
1787091342.709241
1787091342.878858
1787091343.049263
1787091343.212884
1787091343.382545
1787091343.552102
1787091343.721236
1787091343.890980
1787091344.054748
1787091344.224128
1787091344.392186
1787091344.560247
1787091344.723012
1787091344.891702
1787091345.059246
1787091345.222403
1787091345.389931
1787091345.560343
1787091345.730535
1787091345.898751
1787091346.071002
1787091346.239053
1787091346.406173
1787091346.571935
1787091346.735692
1787091346.902068
1787091347.070057
1787091347.240715
1787091347.403744
1787091347.566850
1787091347.737779
1787091347.902592
1787091348.072886
1787091348.243129
1787091348.415269
1787091348.586056
1787091348.755847
1787091348.927661
1787091349.090291
1787091349.258171
1787091349.425387
1787091349.596423
1787091349.764696
1787091349.935349
1787091350.096619
1787091350.268793
1787091350.439349
1787091350.608908
1787091350.780207
1787091350.948767
1787091351.112849
1787091351.278618
1787091351.447556
1787091351.611442
1787091351.779557
1787091351.950301
1787091352.121535
1787091352.287944
1787091352.459307
1787091352.631448
1787091352.795041
1787091352.963919
1787091353.133859
1787091353.305534
1787091353.476071
1787091353.643622
1787091353.814185
1787091353.983749
1787091354.156085
1787091354.326864
1787091354.496922
1787091354.668162
1787091354.835163
1787091355.001454
1787091355.174818
1787091355.345226
1787091355.515871
1787091355.685206
1787091355.855856
1787091356.026897
1787091356.198360
1787091356.366794
1787091356.531544
1787091356.699649
1787091356.865192
1787091357.035849
1787091357.206606
1787091357.378491
1787091357.549034
1787091357.719810
1787091357.884557
1787091358.055336
1787091358.224534
1787091358.394208
1787091358.564277
1787091358.737721
1787091358.907938
1787091359.078523
1787091359.247500
1787091359.412578
1787091359.581375
1787091359.751951
1787091359.922481
1787091360.099515
1787091360.267951
1787091360.432381
1787091360.601490
1787091360.764498
1787091360.935133
1787091361.102940
1787091361.274419
1787091361.442211
1787091361.610133
1787091361.771326
1787091361.933012
1787091362.096017
1787091362.257424
1787091362.422417
1787091362.586394
1787091362.754533
1787091362.923348
1787091363.092175
1787091363.260265
1787091363.428900
1787091363.594442
1787091363.763010
1787091363.932269
1787091364.101515
1787091364.271384
1787091364.438911
1787091364.607974
1787091364.776884
1787091364.946013
1787091365.110039
1787091365.277571
1787091365.442981
1787091365.613732
1787091365.784035
1787091365.954605
1787091366.123169
1787091366.293215
1787091366.462960
1787091366.633633
1787091366.796976
1787091366.966431
1787091367.133603
1787091367.298537
1787091367.466203
1787091367.635947
1787091367.804012
1787091367.972259
1787091368.141497
1787091368.311186
1787091368.483235
1787091368.652693
1787091368.819996
1787091368.989238
1787091369.157070
1787091369.329235
1787091369.500780
1787091369.666811
1787091369.833407
1787091370.003192
1787091370.172021
1787091370.343723
1787091370.512034
1787091370.681767
1787091370.846311
1787091371.001963
1787091371.171652
1787091371.340019
1787091371.513739
1787091371.681123
1787091371.849523
1787091372.018235
1787091372.187761
1787091372.357073
1787091372.527958
1787091372.696989
1787091372.864924
1787091373.032280
1787091373.197972
1787091373.362038
1787091373.529341
1787091373.696351
1787091373.863751
1787091374.031285
1787091374.193664
1787091374.358928
1787091374.528845
1787091374.689001
1787091374.860161
1787091375.025344
1787091375.189948
1787091375.358486
1787091375.524465
1787091375.682482
1787091375.850013
1787091376.015190
1787091376.180028
1787091376.344168
1787091376.504074
1787091376.668550
1787091376.835463
1787091377.000787
1787091377.166476
