1787084670.016204
1787084670.170605
1787084670.328124
1787084670.481441
1787084670.629208
1787084670.784581
1787084670.939772
1787084671.094279
1787084671.250263
1787084671.401545
1787084671.562148
1787084671.715369
1787084671.880755
1787084672.032554
1787084672.182997
1787084672.338739
1787084672.494564
1787084672.650768
1787084672.808731
1787084672.965966
1787084673.122482
1787084673.278723
1787084673.434043
1787084673.583847
1787084673.742741
1787084673.898201
1787084674.051396
1787084674.204704
1787084674.360007
1787084674.514082
1787084674.669193
1787084674.823111
1787084674.977571
1787084675.132625
1787084675.288235
1787084675.444134
1787084675.599757
1787084675.756284
1787084675.912686
1787084676.067180
1787084676.216719
1787084676.365269
1787084676.521754
1787084676.675625
1787084676.831940
1787084676.987850
1787084677.140915
1787084677.298438
1787084677.446250
1787084677.600545
1787084677.754121
1787084677.911247
1787084678.059300
1787084678.212185
1787084678.366157
1787084678.516345
1787084678.669093
1787084678.821681
1787084678.974124
1787084679.122196
1787084679.276531
1787084679.424582
1787084679.571310
1787084679.718233
1787084679.872671
1787084680.022980
1787084680.168171
1787084680.318545
1787084680.470341
1787084680.622477
1787084680.770479
1787084680.923819
1787084681.068750
1787084681.219369
1787084681.370242
1787084681.524365
1787084681.671800
1787084681.823682
1787084681.969622
1787084682.119347
1787084682.268736
1787084682.421653
1787084682.571392
1787084682.723218
1787084682.870276
1787084683.022491
1787084683.167557
1787084683.319230
1787084683.469367
1787084683.613894
1787084683.767930
1787084683.920760
1787084684.070078
1787084684.220269
1787084684.368684
1787084684.520696
1787084684.671560
1787084684.821527
1787084684.974277
1787084685.118189
1787084685.269614
1787084685.420718
1787084685.572756
1787084685.723109
1787084685.872406
1787084686.024967
1787084686.171195
1787084686.318690
1787084686.464646
1787084686.621777
1787084686.773020
1787084686.923464
1787084687.070944
1787084687.224450
1787084687.371780
1787084687.523382
1787084687.671574
1787084687.827519
1787084687.975231
1787084688.124784
1787084688.271731
1787084688.423216
1787084688.576286
1787084688.728377
1787084688.882452
1787084689.036207
1787084689.182919
1787084689.330005
1787084689.478302
1787084689.633893
1787084689.788232
1787084689.943714
1787084690.100814
1787084690.251762
1787084690.404734
1787084690.553022
1787084690.708794
1787084690.858127
1787084691.006813
1787084691.155135
1787084691.310966
1787084691.463550
1787084691.620603
1787084691.775170
1787084691.933136
1787084692.091241
1787084692.249662
1787084692.399401
1787084692.556373
1787084692.714874
1787084692.868179
1787084693.020728
1787084693.172432
1787084693.324784
1787084693.476897
1787084693.632339
1787084693.790441
1787084693.948908
1787084694.110700
1787084694.265611
1787084694.423538
1787084694.580446
1787084694.735955
1787084694.896109
1787084695.056610
1787084695.210407
1787084695.363468
1787084695.520649
1787084695.675905
1787084695.829696
1787084695.991547
1787084696.143840
1787084696.303381
1787084696.462554
1787084696.621650
1787084696.777274
1787084696.940918
1787084697.100510
1787084697.261571
1787084697.422153
1787084697.583385
1787084697.739372
1787084697.895490
1787084698.056572
1787084698.212954
1787084698.375262
1787084698.533090
1787084698.697135
1787084698.854423
1787084699.020345
1787084699.182522
1787084699.346011
1787084699.509279
1787084699.673608
1787084699.837285
1787084699.999385
1787084700.162818
1787084700.327505
1787084700.497908
1787084700.656069
1787084700.815248
1787084700.979039
1787084701.143481
1787084701.316745
1787084701.481038
1787084701.642613
1787084701.809156
1787084701.974442
1787084702.139878
1787084702.306936
1787084702.467484
1787084702.635711
1787084702.802759
1787084702.970244
1787084703.139611
1787084703.304763
1787084703.476800
1787084703.636692
1787084703.803898
1787084703.971885
1787084704.137516
1787084704.301366
1787084704.466062
1787084704.633738
1787084704.802444
1787084704.972311
1787084705.133827
1787084705.295840
1787084705.459890
1787084705.623825
1787084705.786468
1787084705.953567
1787084706.120904
1787084706.278944
1787084706.444325
1787084706.602321
1787084706.767939
1787084706.932890
1787084707.097970
1787084707.258036
1787084707.424219
1787084707.590266
1787084707.755119
1787084707.914471
1787084708.084428
1787084708.249533
1787084708.413793
1787084708.582727
1787084708.745202
1787084708.916471
1787084709.086379
1787084709.251294
1787084709.417391
1787084709.583012
1787084709.748506
1787084709.914890
1787084710.082434
1787084710.243912
1787084710.410131
1787084710.572766
1787084710.738550
1787084710.903579
1787084711.069784
1787084711.230268
1787084711.398289
1787084711.558526
1787084711.723801
1787084711.891463
1787084712.057109
1787084712.226909
1787084712.386337
1787084712.555461
1787084712.721117
1787084712.888130
1787084713.052018
1787084713.219115
1787084713.381719
1787084713.550347
1787084713.712693
1787084713.881769
1787084714.052773
1787084714.220947
1787084714.386635
1787084714.555121
1787084714.724403
1787084714.893844
1787084715.059670
1787084715.232640
1787084715.406911
1787084715.568956
1787084715.731235
1787084715.899027
1787084716.064615
1787084716.231827
1787084716.393525
1787084716.562450
1787084716.728688
1787084716.896186
1787084717.065864
1787084717.228705
1787084717.395484
1787084717.564042
1787084717.732754
1787084717.901154
1787084718.068228
1787084718.236270
1787084718.402996
1787084718.569952
1787084718.731600
1787084718.899798
1787084719.066726
1787084719.234553
1787084719.403047
1787084719.572610
1787084719.740747
1787084719.908028
1787084720.077170
1787084720.250763
1787084720.423304
1787084720.590545
1787084720.760370
1787084720.927291
1787084721.090254
1787084721.262186
1787084721.431874
1787084721.602927
1787084721.764711
1787084721.932673
1787084722.101727
1787084722.266394
1787084722.431437
1787084722.601253
1787084722.770593
1787084722.938935
1787084723.107582
1787084723.276304
1787084723.442344
1787084723.613796
1787084723.779552
1787084723.949878
1787084724.119698
1787084724.286817
1787084724.455259
1787084724.623832
1787084724.797325
1787084724.969615
1787084725.142502
1787084725.314513
1787084725.482330
1787084725.655431
1787084725.824861
1787084725.994202
1787084726.163661
1787084726.337485
1787084726.505857
1787084726.668988
1787084726.837423
1787084727.006500
1787084727.176870
1787084727.340206
1787084727.510503
1787084727.681290
1787084727.855613
1787084728.021293
1787084728.188572
1787084728.357164
1787084728.524387
1787084728.691774
1787084728.860187
1787084729.027897
1787084729.191954
1787084729.361780
1787084729.531117
1787084729.694831
1787084729.857585
1787084730.027736
1787084730.197135
1787084730.359182
1787084730.532340
1787084730.697193
1787084730.868660
1787084731.038487
1787084731.210014
1787084731.382848
1787084731.552183
1787084731.719342
1787084731.891836
1787084732.059378
1787084732.222745
1787084732.389400
1787084732.554476
1787084732.726259
1787084732.897635
1787084733.071116
1787084733.243708
1787084733.411040
1787084733.584704
1787084733.758820
1787084733.922578
1787084734.086988
1787084734.257434
1787084734.428700
1787084734.599277
1787084734.767848
1787084734.937534
1787084735.107713
1787084735.270641
1787084735.442139
1787084735.613202
1787084735.780135
1787084735.943571
1787084736.111768
1787084736.275274
1787084736.444221
1787084736.607532
1787084736.776719
1787084736.948946
1787084737.118122
1787084737.286401
1787084737.449474
1787084737.617394
1787084737.783478
1787084737.952649
1787084738.118237
1787084738.285868
1787084738.451524
1787084738.621237
1787084738.792193
1787084738.953778
1787084739.123088
1787084739.288761
1787084739.456882
1787084739.624072
1787084739.793293
1787084739.964112
1787084740.123918
1787084740.286808
1787084740.446473
1787084740.613734
1787084740.781817
1787084740.949743
1787084741.120713
1787084741.288375
1787084741.457969
1787084741.620525
1787084741.787855
1787084741.956260
1787084742.125214
1787084742.291123
1787084742.459016
1787084742.627540
1787084742.795292
1787084742.962732
1787084743.131548
1787084743.295076
1787084743.463542
1787084743.630685
1787084743.799868
1787084743.968714
1787084744.136507
1787084744.304709
1787084744.471406
1787084744.638595
1787084744.803279
1787084744.970178
1787084745.131005
1787084745.299352
1787084745.470351
1787084745.631045
1787084745.799131
1787084745.967154
1787084746.134983
1787084746.304132
1787084746.472532
1787084746.641625
1787084746.803553
1787084746.970614
1787084747.138319
1787084747.305221
1787084747.475261
1787084747.644670
1787084747.811097
1787084747.978718
1787084748.148433
1787084748.312352
1787084748.480015
1787084748.645739
1787084748.806527
1787084748.973913
1787084749.141262
1787084749.307505
1787084749.474612
1787084749.639788
1787084749.806287
1787084749.972587
1787084750.139581
1787084750.310516
1787084750.469492
1787084750.635310
1787084750.801869
1787084750.968948
1787084751.134838
1787084751.304299
1787084751.464971
1787084751.633401
1787084751.800169
1787084751.968812
1787084752.129987
1787084752.295498
1787084752.461097
1787084752.622047
1787084752.789551
1787084752.957253
1787084753.123491
1787084753.290997
1787084753.459584
1787084753.629961
1787084753.798946
1787084753.967868
1787084754.135337
1787084754.303564
1787084754.474475
1787084754.648000
1787084754.817833
1787084754.988170
1787084755.156875
1787084755.326617
1787084755.496820
1787084755.665868
1787084755.833986
1787084756.002379
1787084756.164860
1787084756.333688
1787084756.503918
1787084756.674522
1787084756.842141
1787084757.012052
1787084757.180197
1787084757.348677
1787084757.518592
1787084757.691178
1787084757.857126
1787084758.025319
1787084758.192636
1787084758.361409
1787084758.531892
1787084758.698580
1787084758.869676
1787084759.039675
1787084759.208349
1787084759.379545
1787084759.552054
1787084759.718976
1787084759.887901
1787084760.058439
1787084760.222293
1787084760.393540
1787084760.556193
1787084760.725714
1787084760.893140
1787084761.064288
1787084761.235009
1787084761.405542
1787084761.573086
1787084761.740246
1787084761.908809
1787084762.080106
1787084762.248664
1787084762.417772
1787084762.589804
1787084762.758253
1787084762.927102
1787084763.096991
1787084763.265850
1787084763.434635
1787084763.604767
1787084763.766809
1787084763.935364
1787084764.104136
1787084764.277502
1787084764.446439
1787084764.616181
1787084764.784759
1787084764.955816
1787084765.124458
1787084765.294476
1787084765.466067
1787084765.629688
1787084765.793113
1787084765.961630
1787084766.132057
1787084766.303510
1787084766.476314
1787084766.640818
1787084766.809606
1787084766.978320
1787084767.147559
1787084767.318403
1787084767.487727
1787084767.660559
1787084767.831527
1787084768.001573
1787084768.164868
1787084768.334166
1787084768.505277
1787084768.674762
1787084768.843471
1787084769.012475
1787084769.178177
1787084769.351798
1787084769.515929
1787084769.685006
1787084769.848742
1787084770.017658
1787084770.185958
1787084770.355987
1787084770.515501
1787084770.681359
1787084770.844055
1787084771.013733
1787084771.181990
1787084771.350435
1787084771.519359
1787084771.688959
1787084771.857841
1787084772.025889
1787084772.197782
1787084772.357794
1787084772.525781
1787084772.694361
1787084772.864472
1787084773.034071
1787084773.197895
1787084773.363834
1787084773.531955
1787084773.694945
1787084773.867012
1787084774.036396
1787084774.205582
1787084774.375242
1787084774.544755
1787084774.714771
1787084774.884113
1787084775.053316
1787084775.227673
1787084775.400616
1787084775.572389
1787084775.744259
1787084775.909652
1787084776.080210
1787084776.249207
1787084776.413894
1787084776.581677
1787084776.745283
1787084776.918077
1787084777.087218
1787084777.256770
1787084777.425040
1787084777.598872
1787084777.768079
1787084777.937380
1787084778.109145
1787084778.274255
1787084778.443685
1787084778.609935
1787084778.783796
1787084778.960245
1787084779.125621
1787084779.294209
1787084779.467488
1787084779.637976
1787084779.808791
1787084779.982481
1787084780.148111
1787084780.317634
1787084780.486151
1787084780.650225
1787084780.819918
1787084780.990019
1787084781.155646
1787084781.323865
1787084781.494914
1787084781.665594
1787084781.828136
1787084782.002624
1787084782.170948
1787084782.338077
1787084782.504359
1787084782.672627
1787084782.834008
1787084783.000694
1787084783.162514
1787084783.327683
1787084783.495500
1787084783.661055
1787084783.830797
1787084783.999638
1787084784.166515
1787084784.333002
1787084784.501191
1787084784.672977
1787084784.840390
1787084785.007204
1787084785.175099
1787084785.344648
1787084785.506466
1787084785.676512
1787084785.845117
1787084786.013040
1787084786.175507
1787084786.343532
1787084786.510813
1787084786.678778
1787084786.839760
1787084787.007197
1787084787.168517
1787084787.332231
1787084787.497643
1787084787.659337
1787084787.826065
1787084787.996599
1787084788.166085
1787084788.335971
1787084788.505876
1787084788.678063
1787084788.849770
1787084789.016071
1787084789.188689
1787084789.359389
1787084789.527111
1787084789.698982
1787084789.868199
1787084790.039209
1787084790.207675
1787084790.376147
1787084790.547041
1787084790.714537
1787084790.887456
1787084791.056027
1787084791.225449
1787084791.393567
1787084791.566515
1787084791.729522
1787084791.892712
1787084792.059905
1787084792.227226
1787084792.394172
1787084792.556670
1787084792.723938
1787084792.894651
1787084793.063199
1787084793.230210
1787084793.393951
1787084793.560072
1787084793.728269
1787084793.895935
1787084794.063960
1787084794.231571
1787084794.392390
1787084794.560145
1787084794.727477
1787084794.895913
1787084795.064359
1787084795.232474
1787084795.399878
1787084795.566242
1787084795.735989
1787084795.903732
1787084796.071880
1787084796.241163
1787084796.411251
1787084796.577458
1787084796.746972
1787084796.909457
1787084797.075919
1787084797.244212
1787084797.414152
1787084797.584985
1787084797.752208
1787084797.922046
1787084798.083638
1787084798.252052
1787084798.417964
1787084798.586629
1787084798.756038
1787084798.924825
1787084799.092597
1787084799.261263
1787084799.422819
1787084799.590307
1787084799.754361
1787084799.922366
1787084800.089884
1787084800.260140
1787084800.426512
1787084800.603135
1787084800.773556
1787084800.944317
1787084801.112180
1787084801.280031
1787084801.448030
1787084801.616951
1787084801.786613
1787084801.956876
1787084802.128769
1787084802.300690
1787084802.470912
1787084802.639069
1787084802.808196
1787084802.977898
1787084803.148079
1787084803.318079
1787084803.486448
1787084803.660698
1787084803.830124
1787084804.000699
1787084804.170533
1787084804.340575
1787084804.509073
1787084804.679365
1787084804.849353
1787084805.019182
1787084805.189462
1787084805.358300
1787084805.531336
1787084805.700959
1787084805.871537
1787084806.040293
1787084806.203708
1787084806.376554
1787084806.546525
1787084806.716629
1787084806.884796
1787084807.054902
1787084807.224911
1787084807.393195
1787084807.566253
1787084807.738084
1787084807.907849
1787084808.080813
1787084808.252182
1787084808.423051
1787084808.593492
1787084808.764677
1787084808.936718
1787084809.106339
1787084809.280622
1787084809.452430
1787084809.621565
1787084809.792512
1787084809.964147
1787084810.135255
1787084810.307976
1787084810.478340
1787084810.654422
1787084810.825594
1787084810.997199
1787084811.167262
1787084811.332871
1787084811.501983
1787084811.665913
1787084811.834401
1787084812.005723
1787084812.176856
1787084812.347307
1787084812.520473
1787084812.692243
1787084812.864615
1787084813.035194
1787084813.207048
1787084813.378514
1787084813.550412
1787084813.716037
1787084813.887370
1787084814.056541
1787084814.222682
1787084814.394531
1787084814.567423
1787084814.738120
1787084814.908452
1787084815.079487
1787084815.248282
1787084815.419351
1787084815.589642
1787084815.760024
1787084815.931785
1787084816.102969
1787084816.273969
1787084816.446506
1787084816.621395
1787084816.794575
1787084816.964570
1787084817.139330
1787084817.311738
1787084817.488184
1787084817.654210
1787084817.820985
1787084817.993790
1787084818.161453
1787084818.337292
1787084818.508785
1787084818.679145
1787084818.844901
1787084819.015610
1787084819.180149
1787084819.350642
1787084819.519891
1787084819.691347
1787084819.862606
1787084820.036286
1787084820.201919
1787084820.367915
1787084820.539251
1787084820.711441
1787084820.883388
1787084821.055452
1787084821.227086
1787084821.398595
1787084821.573156
1787084821.743956
1787084821.908311
1787084822.082070
1787084822.257354
1787084822.431608
1787084822.605012
1787084822.778364
1787084822.949497
1787084823.122328
1787084823.296311
1787084823.462804
1787084823.636603
1787084823.808597
1787084823.973440
1787084824.145796
1787084824.319757
1787084824.487252
1787084824.660716
1787084824.832954
1787084825.005420
1787084825.170299
1787084825.344443
1787084825.516588
1787084825.684767
1787084825.854968
1787084826.024170
1787084826.190455
1787084826.356726
1787084826.531695
1787084826.705207
1787084826.878919
1787084827.050643
1787084827.217927
1787084827.391984
1787084827.564643
1787084827.738334
1787084827.905026
1787084828.075740
1787084828.248526
1787084828.416422
1787084828.589117
1787084828.760450
1787084828.932184
1787084829.098672
1787084829.270759
1787084829.440797
1787084829.613632
1787084829.785406
1787084829.957753
1787084830.123663
1787084830.300475
1787084830.467248
1787084830.643577
1787084830.812078
1787084830.987477
1787084831.152161
1787084831.323860
1787084831.498330
1787084831.664380
1787084831.836502
1787084832.001771
1787084832.177848
1787084832.341650
1787084832.515942
1787084832.687526
1787084832.856332
1787084833.028244
1787084833.205087
1787084833.373640
1787084833.546876
1787084833.718594
1787084833.890529
1787084834.060655
1787084834.233185
1787084834.405153
1787084834.577794
1787084834.754773
1787084834.928086
1787084835.098990
1787084835.272409
1787084835.437776
1787084835.612149
1787084835.783774
1787084835.955477
1787084836.121337
1787084836.294551
1787084836.460348
1787084836.632279
1787084836.804435
1787084836.977192
1787084837.149351
1787084837.321094
1787084837.492980
1787084837.662767
1787084837.834630
1787084838.006125
1787084838.177596
1787084838.347416
1787084838.519161
1787084838.690681
1787084838.861218
1787084839.032690
1787084839.203155
1787084839.375844
1787084839.549010
1787084839.718510
1787084839.889255
1787084840.057402
1787084840.226602
1787084840.393745
1787084840.560823
1787084840.730147
1787084840.891023
1787084841.060616
1787084841.228387
1787084841.396111
1787084841.565206
1787084841.733646
1787084841.903279
1787084842.065972
1787084842.231439
1787084842.399355
1787084842.562034
1787084842.728231
1787084842.897177
1787084843.059025
1787084843.228209
1787084843.397517
1787084843.564537
1787084843.735037
1787084843.904012
1787084844.073401
1787084844.246187
1787084844.408707
1787084844.579311
1787084844.748850
1787084844.918495
1787084845.089655
1787084845.260907
1787084845.425019
1787084845.591917
1787084845.757557
1787084845.924966
1787084846.093378
1787084846.265712
1787084846.435243
1787084846.607192
1787084846.770498
1787084846.941015
1787084847.105153
1787084847.276458
1787084847.446679
1787084847.617206
1787084847.787461
1787084847.957339
1787084848.121635
1787084848.292991
1787084848.459207
1787084848.627034
1787084848.796060
1787084848.963454
1787084849.131690
1787084849.302300
1787084849.465535
1787084849.636089
1787084849.804430
1787084849.977657
1787084850.134588
1787084850.298511
1787084850.459204
1787084850.626046
1787084850.796369
1787084850.965924
1787084851.134230
1787084851.297437
1787084851.468379
1787084851.631963
1787084851.801194
1787084851.969301
1787084852.139050
1787084852.309505
1787084852.477793
1787084852.647797
1787084852.817928
1787084852.988313
1787084853.156768
1787084853.327976
1787084853.496082
1787084853.664378
1787084853.835356
1787084853.997629
1787084854.165520
1787084854.328245
1787084854.494559
1787084854.663544
1787084854.833141
1787084855.002270
1787084855.172100
1787084855.340861
1787084855.506896
1787084855.670077
1787084855.831085
1787084855.998132
1787084856.165258
1787084856.332775
1787084856.501472
1787084856.668793
1787084856.835122
1787084857.002584
1787084857.169424
1787084857.333416
1787084857.501257
1787084857.669796
1787084857.838441
1787084858.006024
1787084858.172669
1787084858.342085
1787084858.508934
1787084858.675287
1787084858.843725
1787084859.011407
1787084859.179006
1787084859.345149
1787084859.505843
1787084859.676453
1787084859.844014
1787084860.010239
1787084860.173955
1787084860.339509
1787084860.507472
1787084860.674396
1787084860.841554
1787084861.005542
1787084861.168783
1787084861.333519
1787084861.494857
1787084861.659545
1787084861.823457
1787084861.989851
1787084862.155774
1787084862.322312
1787084862.482127
1787084862.647501
1787084862.807600
1787084862.971958
1787084863.138414
1787084863.302498
1787084863.470652
1787084863.634099
1787084863.800955
1787084863.968088
1787084864.129106
1787084864.294898
1787084864.464059
1787084864.632585
1787084864.804161
1787084864.975584
1787084865.137131
1787084865.310816
1787084865.481943
1787084865.652359
1787084865.813483
1787084865.979309
1787084866.142158
1787084866.308897
1787084866.477953
1787084866.649030
1787084866.818564
1787084866.989135
1787084867.150217
1787084867.312217
1787084867.477740
1787084867.641978
1787084867.805596
1787084867.973144
1787084868.142118
1787084868.305510
1787084868.476189
1787084868.642558
1787084868.810518
1787084868.980070
1787084869.148874
1787084869.311814
1787084869.479699
1787084869.649393
1787084869.811841
1787084869.980420
1787084870.146480
1787084870.315848
1787084870.483943
1787084870.645586
1787084870.815077
1787084870.975053
1787084871.141099
1787084871.308702
1787084871.476984
1787084871.645672
1787084871.815178
1787084871.982722
1787084872.143987
1787084872.311622
1787084872.473166
1787084872.639020
1787084872.806395
1787084872.973506
1787084873.142715
1787084873.310112
1787084873.473626
1787084873.643160
1787084873.810447
1787084873.978360
1787084874.149074
1787084874.311609
1787084874.483256
1787084874.654785
1787084874.819313
1787084874.988307
1787084875.155320
1787084875.325881
1787084875.495969
1787084875.669626
1787084875.839510
1787084876.009874
1787084876.178427
1787084876.348871
1787084876.519996
1787084876.689841
1787084876.859638
1787084877.030161
1787084877.197872
1787084877.370841
1787084877.547173
1787084877.709557
1787084877.881554
1787084878.053005
1787084878.222876
1787084878.383798
1787084878.549927
1787084878.711206
1787084878.877946
1787084879.040095
1787084879.206571
1787084879.374114
1787084879.542046
1787084879.709215
1787084879.876931
1787084880.045893
1787084880.208405
1787084880.376855
1787084880.545479
1787084880.712657
1787084880.883754
1787084881.052008
1787084881.217293
1787084881.386622
1787084881.554678
1787084881.724451
1787084881.896826
1787084882.059121
1787084882.221692
1787084882.388181
1787084882.557347
1787084882.724981
1787084882.892733
1787084883.061122
1787084883.228764
1787084883.397147
1787084883.565122
1787084883.732122
1787084883.900040
1787084884.067127
1787084884.239104
1787084884.408151
1787084884.577560
1787084884.741090
1787084884.904119
1787084885.073649
1787084885.240418
1787084885.408841
1787084885.578849
1787084885.740812
1787084885.909693
1787084886.074465
1787084886.243561
1787084886.408996
1787084886.577255
1787084886.745189
1787084886.912224
1787084887.081936
1787084887.244662
1787084887.413132
1787084887.582263
1787084887.744300
1787084887.911867
1787084888.074575
1787084888.244781
1787084888.414307
1787084888.581942
1787084888.748997
1787084888.919162
1787084889.091271
1787084889.261742
1787084889.430814
1787084889.599132
1787084889.766731
1787084889.937728
1787084890.103784
1787084890.273710
1787084890.442793
1787084890.605240
1787084890.774306
1787084890.943650
1787084891.104569
1787084891.273675
1787084891.448066
1787084891.623816
1787084891.795982
1787084891.959229
1787084892.136364
1787084892.299842
1787084892.472201
1787084892.638229
1787084892.802642
1787084892.972552
1787084893.141890
1787084893.304865
1787084893.473326
1787084893.642490
1787084893.811822
1787084893.980047
1787084894.147605
1787084894.313204
1787084894.486295
1787084894.655715
1787084894.825079
1787084894.993944
1787084895.157610
1787084895.328138
1787084895.498371
1787084895.668182
1787084895.837009
1787084896.007813
1787084896.177747
1787084896.348943
1787084896.520413
1787084896.692131
1787084896.864008
1787084897.033731
1787084897.198230
1787084897.367621
1787084897.532467
1787084897.697963
1787084897.868725
1787084898.038938
1787084898.208807
1787084898.379217
1787084898.549351
1787084898.720345
1787084898.886627
1787084899.057336
1787084899.221380
1787084899.387734
1787084899.558749
1787084899.728858
1787084899.898954
1787084900.068997
1787084900.240338
1787084900.411300
1787084900.582750
1787084900.755951
1787084900.929268
1787084901.091345
1787084901.259215
1787084901.428962
1787084901.597767
1787084901.761441
1787084901.933291
1787084902.098593
1787084902.264976
1787084902.432883
1787084902.606596
1787084902.780767
1787084902.953294
1787084903.123953
1787084903.291795
1787084903.465098
1787084903.638345
1787084903.812778
1787084903.985665
1787084904.153734
1787084904.317905
1787084904.489729
1787084904.661153
1787084904.830856
1787084904.996232
1787084905.165913
1787084905.337437
1787084905.509295
1787084905.680434
1787084905.849245
1787084906.019980
1787084906.191115
1787084906.361701
1787084906.533299
1787084906.705895
1787084906.870062
1787084907.042192
1787084907.212620
1787084907.376759
1787084907.549450
1787084907.720844
1787084907.892947
1787084908.058176
1787084908.230595
1787084908.400483
1787084908.571756
1787084908.746533
1787084908.912689
1787084909.086137
1787084909.258657
1787084909.425944
1787084909.590352
1787084909.760993
1787084909.931068
1787084910.102463
1787084910.273298
1787084910.440744
1787084910.612423
1787084910.784466
1787084910.955828
1787084911.119614
1787084911.296266
1787084911.472944
1787084911.651273
1787084911.826760
1787084912.004389
1787084912.174710
1787084912.346503
1787084912.521210
1787084912.698424
1787084912.874405
1787084913.053332
1787084913.229430
1787084913.406669
1787084913.582157
1787084913.762812
1787084913.939049
1787084914.117875
1787084914.294488
1787084914.462674
1787084914.637751
1787084914.813265
1787084914.988891
1787084915.165490
1787084915.343444
1787084915.519771
1787084915.695886
1787084915.870733
1787084916.046944
1787084916.223125
1787084916.402120
1787084916.579241
1787084916.755420
1787084916.932472
1787084917.105894
1787084917.286005
1787084917.461788
1787084917.637622
1787084917.813811
1787084917.991095
1787084918.167561
1787084918.342919
1787084918.518494
1787084918.690480
1787084918.866649
1787084919.041463
1787084919.222639
1787084919.401158
1787084919.577552
1787084919.748428
1787084919.922688
1787084920.097317
1787084920.273973
1787084920.450958
1787084920.627409
1787084920.804339
1787084920.978101
1787084921.146779
1787084921.322268
1787084921.500040
1787084921.676376
1787084921.845710
1787084922.019771
1787084922.190055
1787084922.365243
1787084922.538047
1787084922.712117
1787084922.887133
1787084923.057793
1787084923.241960
1787084923.411774
1787084923.589094
1787084923.763617
1787084923.943121
1787084924.119765
1787084924.296156
1787084924.470269
1787084924.646064
1787084924.820604
1787084924.994744
1787084925.172656
1787084925.349469
1787084925.526271
1787084925.701665
1787084925.880929
1787084926.056958
1787084926.231619
1787084926.406641
1787084926.586428
1787084926.757790
1787084926.933335
1787084927.109354
1787084927.281434
1787084927.456305
1787084927.630400
1787084927.804084
1787084927.978750
1787084928.153785
1787084928.330753
1787084928.506870
1787084928.685508
1787084928.864202
1787084929.033172
1787084929.214017
1787084929.389538
1787084929.564477
1787084929.740613
1787084929.914245
1787084930.093377
1787084930.266417
1787084930.439319
1787084930.613107
1787084930.787857
1787084930.962429
1787084931.139869
1787084931.314191
1787084931.489086
1787084931.664979
1787084931.842252
1787084932.015249
1787084932.185023
1787084932.353336
1787084932.528247
1787084932.703128
1787084932.878961
1787084933.056115
1787084933.231911
1787084933.407043
1787084933.580911
1787084933.751681
1787084933.925638
1787084934.098535
1787084934.267413
1787084934.438523
1787084934.611452
1787084934.784084
1787084934.957539
1787084935.124400
1787084935.297471
1787084935.468393
1787084935.639278
1787084935.809573
1787084935.982417
1787084936.153017
1787084936.325136
1787084936.497634
1787084936.666118
1787084936.836783
1787084937.010685
1787084937.178481
1787084937.346527
1787084937.517742
