1787089263.788023
1787089263.936544
1787089264.092159
1787089264.247505
1787089264.397846
1787089264.552413
1787089264.707487
1787089264.855015
1787089265.013211
1787089265.168268
1787089265.323839
1787089265.478624
1787089265.636003
1787089265.787745
1787089265.944052
1787089266.102835
1787089266.262784
1787089266.419922
1787089266.575652
1787089266.732508
1787089266.890213
1787089267.046005
1787089267.197986
1787089267.349341
1787089267.506030
1787089267.656806
1787089267.806928
1787089267.955098
1787089268.105416
1787089268.260706
1787089268.410314
1787089268.565282
1787089268.720488
1787089268.872877
1787089269.022154
1787089269.172848
1787089269.322438
1787089269.478444
1787089269.635303
1787089269.784178
1787089269.941991
1787089270.093421
1787089270.249171
1787089270.407008
1787089270.555552
1787089270.706515
1787089270.855421
1787089271.003674
1787089271.152902
1787089271.301283
1787089271.455048
1787089271.603888
1787089271.752371
1787089271.900571
1787089272.047558
1787089272.200995
1787089272.347213
1787089272.500347
1787089272.662682
1787089272.809872
1787089272.955399
1787089273.102433
1787089273.248756
1787089273.394745
1787089273.540384
1787089273.690737
1787089273.842133
1787089273.988899
1787089274.135544
1787089274.287783
1787089274.441468
1787089274.594804
1787089274.746613
1787089274.893556
1787089275.047253
1787089275.199177
1787089275.345754
1787089275.495328
1787089275.641145
1787089275.795777
1787089275.941974
1787089276.095029
1787089276.250066
1787089276.396623
1787089276.549331
1787089276.697973
1787089276.850786
1787089276.997028
1787089277.149769
1787089277.296808
1787089277.448734
1787089277.596245
1787089277.746349
1787089277.896984
1787089278.047099
1787089278.202017
1787089278.349441
1787089278.496115
1787089278.646387
1787089278.795015
1787089278.946131
1787089279.097417
1787089279.248384
1787089279.395829
1787089279.550243
1787089279.699425
1787089279.851496
1787089280.005773
1787089280.153140
1787089280.300454
1787089280.447909
1787089280.600542
1787089280.748895
1787089280.903479
1787089281.052567
1787089281.201455
1787089281.350600
1787089281.499273
1787089281.654521
1787089281.802938
1787089281.952406
1787089282.104546
1787089282.260586
1787089282.417521
1787089282.572693
1787089282.729987
1787089282.886988
1787089283.045713
1787089283.200839
1787089283.355671
1787089283.512234
1787089283.661798
1787089283.817724
1787089283.969414
1787089284.120438
1787089284.271184
1787089284.422871
1787089284.573205
1787089284.723156
1787089284.874860
1787089285.026495
1787089285.183482
1787089285.335403
1787089285.486365
1787089285.647865
1787089285.801079
1787089285.953603
1787089286.106415
1787089286.259630
1787089286.412168
1787089286.569565
1787089286.728014
1787089286.885680
1787089287.044671
1787089287.199254
1787089287.353027
1787089287.515606
1787089287.668613
1787089287.820699
1787089287.973041
1787089288.131309
1787089288.286055
1787089288.446297
1787089288.606703
1787089288.768329
1787089288.924496
1787089289.080923
1787089289.235241
1787089289.397172
1787089289.559165
1787089289.715655
1787089289.877243
1787089290.041918
1787089290.209637
1787089290.367528
1787089290.526814
1787089290.691412
1787089290.847493
1787089291.011725
1787089291.174687
1787089291.331968
1787089291.488910
1787089291.651198
1787089291.807367
1787089291.963978
1787089292.128574
1787089292.290025
1787089292.452050
1787089292.612889
1787089292.769187
1787089292.933263
1787089293.096027
1787089293.252981
1787089293.416861
1787089293.580496
1787089293.744479
1787089293.909121
1787089294.071904
1787089294.238162
1787089294.395462
1787089294.559227
1787089294.717865
1787089294.877042
1787089295.037742
1787089295.200231
1787089295.360483
1787089295.527248
1787089295.687513
1787089295.854713
1787089296.014093
1787089296.179853
1787089296.346556
1787089296.506693
1787089296.672498
1787089296.837688
1787089297.001229
1787089297.167188
1787089297.333292
1787089297.492763
1787089297.658789
1787089297.821157
1787089297.986236
1787089298.146524
1787089298.308354
1787089298.475872
1787089298.636086
1787089298.802954
1787089298.970867
1787089299.132759
1787089299.293353
1787089299.459310
1787089299.619666
1787089299.779372
1787089299.944010
1787089300.109277
1787089300.273559
1787089300.443791
1787089300.606606
1787089300.770335
1787089300.936754
1787089301.097751
1787089301.258486
1787089301.418768
1787089301.584565
1787089301.744936
1787089301.911366
1787089302.071870
1787089302.232914
1787089302.392631
1787089302.558427
1787089302.724738
1787089302.886249
1787089303.053773
1787089303.220100
1787089303.387907
1787089303.547823
1787089303.711802
1787089303.880256
1787089304.040570
1787089304.209358
1787089304.370826
1787089304.537813
1787089304.703940
1787089304.871300
1787089305.037228
1787089305.196746
1787089305.362277
1787089305.522528
1787089305.681883
1787089305.848055
1787089306.017208
1787089306.187720
1787089306.348744
1787089306.515747
1787089306.676810
1787089306.836566
1787089306.996461
1787089307.161273
1787089307.328589
1787089307.492285
1787089307.659120
1787089307.820478
1787089307.984337
1787089308.145979
1787089308.316751
1787089308.477363
1787089308.637033
1787089308.796947
1787089308.955009
1787089309.121663
1787089309.282933
1787089309.443749
1787089309.604684
1787089309.766829
1787089309.933086
1787089310.094221
1787089310.261721
1787089310.424123
1787089310.592796
1787089310.754803
1787089310.914989
1787089311.082267
1787089311.248981
1787089311.411684
1787089311.579054
1787089311.739081
1787089311.903720
1787089312.072377
1787089312.233294
1787089312.394221
1787089312.555295
1787089312.723665
1787089312.888853
1787089313.050105
1787089313.217933
1787089313.377126
1787089313.545958
1787089313.714471
1787089313.882437
1787089314.051104
1787089314.211451
1787089314.371387
1787089314.533897
1787089314.701326
1787089314.873702
1787089315.041620
1787089315.202290
1787089315.369033
1787089315.536721
1787089315.698044
1787089315.864190
1787089316.027361
1787089316.194384
1787089316.358367
1787089316.524743
1787089316.696313
1787089316.861548
1787089317.025067
1787089317.190670
1787089317.352086
1787089317.521069
1787089317.682281
1787089317.849822
1787089318.032430
1787089318.189616
1787089318.359935
1787089318.519769
1787089318.680528
1787089318.849395
1787089319.011585
1787089319.178952
1787089319.339901
1787089319.510214
1787089319.678339
1787089319.848314
1787089320.008892
1787089320.172194
1787089320.337827
1787089320.510995
1787089320.679753
1787089320.841769
1787089321.005902
1787089321.168650
1787089321.335792
1787089321.498150
1787089321.663788
1787089321.827895
1787089321.995119
1787089322.156446
1787089322.317849
1787089322.478062
1787089322.645457
1787089322.805968
1787089322.966691
1787089323.133382
1787089323.300685
1787089323.464331
1787089323.624863
1787089323.793056
1787089323.961349
1787089324.128176
1787089324.293912
1787089324.457639
1787089324.619271
1787089324.785536
1787089324.951771
1787089325.118121
1787089325.284071
1787089325.444420
1787089325.607390
1787089325.768531
1787089325.929163
1787089326.096900
1787089326.258592
1787089326.423259
1787089326.585615
1787089326.748468
1787089326.917282
1787089327.081505
1787089327.244560
1787089327.413216
1787089327.575790
1787089327.736979
1787089327.904266
1787089328.072313
1787089328.235019
1787089328.400425
1787089328.565566
1787089328.729111
1787089328.896354
1787089329.063065
1787089329.231345
1787089329.400684
1787089329.564778
1787089329.734813
1787089329.897883
1787089330.052585
1787089330.220306
1787089330.385822
1787089330.554165
1787089330.723935
1787089330.885748
1787089331.051313
1787089331.218821
1787089331.385721
1787089331.554418
1787089331.717082
1787089331.886627
1787089332.055306
1787089332.227969
1787089332.386002
1787089332.548663
1787089332.710092
1787089332.879803
1787089333.041907
1787089333.208999
1787089333.372337
1787089333.540238
1787089333.703610
1787089333.870957
1787089334.039140
1787089334.206713
1787089334.367539
1787089334.534777
1787089334.700930
1787089334.867998
1787089335.029087
1787089335.195432
1787089335.360725
1787089335.525448
1787089335.693224
1787089335.861841
1787089336.023530
1787089336.183908
1787089336.343447
1787089336.510354
1787089336.672389
1787089336.839196
1787089337.006541
1787089337.166978
1787089337.334992
1787089337.501881
1787089337.668572
1787089337.837568
1787089338.007489
1787089338.171466
1787089338.334639
1787089338.501858
1787089338.665286
1787089338.830192
1787089338.993212
1787089339.164857
1787089339.326999
1787089339.497647
1787089339.662591
1787089339.834531
1787089340.007371
1787089340.178155
1787089340.345056
1787089340.519938
1787089340.683082
1787089340.845567
1787089341.012225
1787089341.180777
1787089341.343091
1787089341.507342
1787089341.676956
1787089341.842612
1787089342.010400
1787089342.176734
1787089342.341441
1787089342.505724
1787089342.669045
1787089342.832270
1787089343.002277
1787089343.173666
1787089343.340864
1787089343.512259
1787089343.678868
1787089343.846677
1787089344.016138
1787089344.188554
1787089344.351743
1787089344.519384
1787089344.681445
1787089344.848016
1787089345.010998
1787089345.171983
1787089345.339271
1787089345.509084
1787089345.679003
1787089345.850194
1787089346.017944
1787089346.184286
1787089346.348925
1787089346.510423
1787089346.676952
1787089346.839375
1787089347.009961
1787089347.178410
1787089347.341307
1787089347.514271
1787089347.689377
1787089347.864694
1787089348.027904
1787089348.192344
1787089348.354821
1787089348.516515
1787089348.685907
1787089348.856086
1787089349.027470
1787089349.196096
1787089349.366446
1787089349.535350
1787089349.702858
1787089349.870937
1787089350.039612
1787089350.201396
1787089350.365739
1787089350.526942
1787089350.696423
1787089350.858004
1787089351.021339
1787089351.190815
1787089351.352249
1787089351.520187
1787089351.688223
1787089351.857420
1787089352.018877
1787089352.180899
1787089352.351684
1787089352.515532
1787089352.688924
1787089352.858717
1787089353.022447
1787089353.191632
1787089353.354159
1787089353.514895
1787089353.686116
1787089353.853898
1787089354.024973
1787089354.196363
1787089354.362029
1787089354.525721
1787089354.696494
1787089354.865575
1787089355.039692
1787089355.203970
1787089355.364223
1787089355.536478
1787089355.698626
1787089355.863688
1787089356.029541
1787089356.197271
1787089356.364186
1787089356.535897
1787089356.704726
1787089356.873128
1787089357.041919
1787089357.202815
1787089357.374090
1787089357.542407
1787089357.713740
1787089357.885406
1787089358.047879
1787089358.213487
1787089358.382638
1787089358.544466
1787089358.711952
1787089358.874051
1787089359.043928
1787089359.213448
1787089359.380759
1787089359.548006
1787089359.711999
1787089359.882346
1787089360.051785
1787089360.218599
1787089360.380307
1787089360.542082
1787089360.704597
1787089360.870059
1787089361.032756
1787089361.199780
1787089361.361854
1787089361.529525
1787089361.695185
1787089361.863813
1787089362.030532
1787089362.201457
1787089362.364567
1787089362.535872
1787089362.698497
1787089362.869982
1787089363.040175
1787089363.208731
1787089363.372894
1787089363.543487
1787089363.705990
1787089363.876475
1787089364.046533
1787089364.209162
1787089364.375137
1787089364.544671
1787089364.714373
1787089364.878842
1787089365.047080
1787089365.215438
1787089365.382972
1787089365.546888
1787089365.711371
1787089365.880769
1787089366.050927
1787089366.218777
1787089366.388832
1787089366.551785
1787089366.713375
1787089366.883301
1787089367.052575
1787089367.214657
1787089367.377470
1787089367.540637
1787089367.709662
1787089367.872040
1787089368.039553
1787089368.208967
1787089368.377050
1787089368.546525
1787089368.710531
1787089368.872945
1787089369.041553
1787089369.204417
1787089369.373040
1787089369.541118
1787089369.703724
1787089369.877012
1787089370.040322
1787089370.203278
1787089370.365979
1787089370.532866
1787089370.695890
1787089370.863773
1787089371.027569
1787089371.187960
1787089371.357306
1787089371.531116
1787089371.695504
1787089371.867248
1787089372.033152
1787089372.205963
1787089372.371906
1787089372.538805
1787089372.707470
1787089372.876752
1787089373.043906
1787089373.207346
1787089373.369981
1787089373.537506
1787089373.704943
1787089373.876628
1787089374.045118
1787089374.208808
1787089374.372162
1787089374.535398
1787089374.706707
1787089374.871961
1787089375.040211
1787089375.201870
1787089375.370363
1787089375.535738
1787089375.704819
1787089375.876108
1787089376.039316
1787089376.207203
1787089376.374050
1787089376.544323
1787089376.714979
1787089376.887759
1787089377.057245
1787089377.220692
1787089377.386560
1787089377.557802
1787089377.729018
1787089377.898757
1787089378.067667
1787089378.233187
1787089378.405885
1787089378.570961
1787089378.742086
1787089378.913614
1787089379.077467
1787089379.241852
1787089379.411262
1787089379.582693
1787089379.756096
1787089379.927354
1787089380.097901
1787089380.265432
1787089380.430321
1787089380.596130
1787089380.766506
1787089380.934771
1787089381.107424
1787089381.270768
1787089381.440819
1787089381.611142
1787089381.778281
1787089381.939835
1787089382.109836
1787089382.280425
1787089382.450939
1787089382.623365
1787089382.789118
1787089382.953297
1787089383.116769
1787089383.286035
1787089383.456297
1787089383.627698
1787089383.799562
1787089383.970969
1787089384.135360
1787089384.306755
1787089384.475327
1787089384.645847
1787089384.814637
1787089384.979637
1787089385.147011
1787089385.315750
1787089385.481029
1787089385.651868
1787089385.817334
1787089385.980687
1787089386.151409
1787089386.320006
1787089386.489071
1787089386.651914
1787089386.821598
1787089386.985073
1787089387.152534
1787089387.323181
1787089387.493822
1787089387.665022
1787089387.830236
1787089388.005321
1787089388.169072
1787089388.332729
1787089388.498978
1787089388.668049
1787089388.839447
1787089389.002292
1787089389.173187
1787089389.341346
1787089389.507038
1787089389.678617
1787089389.849944
1787089390.014295
1787089390.180397
1787089390.351645
1787089390.524298
1787089390.694529
1787089390.863861
1787089391.029556
1787089391.194535
1787089391.364751
1787089391.535374
1787089391.702705
1787089391.873424
1787089392.044418
1787089392.213702
1787089392.376376
1787089392.538839
1787089392.704585
1787089392.868652
1787089393.039014
1787089393.208123
1787089393.378570
1787089393.547272
1787089393.714438
1787089393.885878
1787089394.055088
1787089394.218724
1787089394.389694
1787089394.554684
1787089394.725295
1787089394.888226
1787089395.052210
1787089395.219538
1787089395.383459
1787089395.553938
1787089395.725554
1787089395.889922
1787089396.060119
1787089396.223890
1787089396.395296
1787089396.560065
1787089396.733044
1787089396.896794
1787089397.067108
1787089397.230175
1787089397.393999
1787089397.562660
1787089397.732247
1787089397.903508
1787089398.065303
1787089398.233482
1787089398.397975
1787089398.560925
1787089398.728232
1787089398.894542
1787089399.056437
1787089399.225703
1787089399.390112
1787089399.554079
1787089399.722451
1787089399.893619
1787089400.055646
1787089400.221516
1787089400.390706
1787089400.558261
1787089400.722424
1787089400.887821
1787089401.050894
1787089401.217922
1787089401.380986
1787089401.550009
1787089401.712037
1787089401.873110
1787089402.038120
1787089402.202342
1787089402.367217
1787089402.531422
1787089402.692384
1787089402.853290
1787089403.019080
1787089403.184551
1787089403.350466
1787089403.510505
1787089403.669693
1787089403.836251
1787089403.999348
1787089404.167299
1787089404.335446
1787089404.497532
1787089404.663064
1787089404.831651
1787089404.993954
1787089405.159871
1787089405.327780
1787089405.493904
1787089405.659322
1787089405.820352
1787089405.983343
1787089406.157807
1787089406.327794
1787089406.494610
1787089406.657173
1787089406.819511
1787089406.987726
1787089407.152911
1787089407.312824
1787089407.472996
1787089407.634369
1787089407.799172
1787089407.959426
1787089408.125170
1787089408.285256
1787089408.451876
1787089408.611510
1787089408.771794
1787089408.931737
1787089409.096684
1787089409.259245
1787089409.418886
1787089409.579875
1787089409.744095
1787089409.906756
1787089410.069960
1787089410.228023
1787089410.390024
1787089410.557870
1787089410.721715
1787089410.886012
1787089411.050278
1787089411.215456
1787089411.373795
1787089411.532146
1787089411.690227
1787089411.848481
1787089412.010895
1787089412.176094
1787089412.340302
1787089412.502025
1787089412.666948
1787089412.830589
1787089412.995595
1787089413.160085
1787089413.317540
1787089413.480371
1787089413.637779
1787089413.795717
1787089413.955072
1787089414.113113
1787089414.272061
1787089414.430626
1787089414.593284
1787089414.752247
1787089414.911604
1787089415.072043
1787089415.231389
1787089415.395507
1787089415.560793
1787089415.720049
1787089415.885667
1787089416.044949
1787089416.208330
1787089416.375990
1787089416.535031
1787089416.698483
1787089416.856476
1787089417.019177
1787089417.182767
1787089417.350460
1787089417.514159
1787089417.672518
1787089417.835661
1787089417.998180
1787089418.162358
1787089418.321297
1787089418.485737
1787089418.647964
1787089418.806712
1787089418.971372
1787089419.134411
1787089419.293708
1787089419.457692
1787089419.621759
1787089419.785286
1787089419.949820
1787089420.115095
1787089420.274370
1787089420.441983
1787089420.601516
1787089420.772589
1787089420.937607
1787089421.099378
1787089421.264024
1787089421.420092
1787089421.582626
1787089421.740675
1787089421.897655
1787089422.060900
1787089422.225992
1787089422.384212
1787089422.549008
1787089422.710832
1787089422.871845
1787089423.038059
1787089423.195395
1787089423.358925
1787089423.516063
1787089423.678173
1787089423.840577
1787089424.007272
1787089424.170202
1787089424.338863
1787089424.500870
1787089424.663884
1787089424.820805
1787089424.977591
1787089425.135583
1787089425.293285
1787089425.454368
1787089425.612452
1787089425.771225
1787089425.931294
1787089426.095781
1787089426.250934
1787089426.412454
1787089426.571174
1787089426.726228
1787089426.889719
1787089427.052070
1787089427.219195
1787089427.382466
1787089427.547701
1787089427.714249
1787089427.872549
1787089428.034555
1787089428.192165
1787089428.349994
1787089428.515713
1787089428.673376
1787089428.836144
1787089428.998620
1787089429.156604
1787089429.323502
1787089429.487499
1787089429.651183
1787089429.813142
1787089429.978079
1787089430.141873
1787089430.306568
1787089430.465742
1787089430.623105
1787089430.781555
1787089430.944319
1787089431.108123
1787089431.271611
1787089431.427129
1787089431.586974
1787089431.750381
1787089431.909698
1787089432.067425
1787089432.227988
1787089432.392955
1787089432.551103
1787089432.714418
1787089432.871850
1787089433.029272
1787089433.193877
1787089433.357107
1787089433.515212
1787089433.671971
1787089433.836371
1787089433.999689
1787089434.162691
1787089434.327456
1787089434.491938
1787089434.657965
1787089434.824975
1787089434.985130
1787089435.149301
1787089435.313777
1787089435.478681
1787089435.637232
1787089435.801805
1787089435.961964
1787089436.126152
1787089436.292037
1787089436.457564
1787089436.622666
1787089436.792809
1787089436.960931
1787089437.123733
1787089437.286558
1787089437.453027
1787089437.614920
1787089437.777269
1787089437.943303
1787089438.105839
1787089438.274320
1787089438.443725
1787089438.611003
1787089438.770628
1787089438.940517
1787089439.102849
1787089439.268986
1787089439.429868
1787089439.596258
1787089439.762880
1787089439.929001
1787089440.089671
1787089440.255217
1787089440.415494
1787089440.580190
1787089440.743961
1787089440.912060
1787089441.078094
1787089441.241744
1787089441.402917
1787089441.569372
1787089441.731764
1787089441.897766
1787089442.063970
1787089442.230050
1787089442.396407
1787089442.563070
1787089442.730494
1787089442.897257
1787089443.059984
1787089443.220793
1787089443.387928
1787089443.555922
1787089443.716462
1787089443.884052
1787089444.052001
1787089444.218810
1787089444.380702
1787089444.548495
1787089444.713773
1787089444.881629
1787089445.047010
1787089445.208622
1787089445.374757
1787089445.542898
1787089445.710228
1787089445.870372
1787089446.036399
1787089446.200156
1787089446.369210
1787089446.530371
1787089446.696783
1787089446.865053
1787089447.036562
1787089447.198219
1787089447.365125
1787089447.527504
1787089447.694720
1787089447.861809
1787089448.034447
1787089448.194160
1787089448.361820
1787089448.533058
1787089448.694043
1787089448.861049
1787089449.021732
1787089449.185784
1787089449.353820
1787089449.522598
1787089449.697785
1787089449.860922
1787089450.029057
1787089450.192609
1787089450.357042
1787089450.525955
1787089450.696141
1787089450.857933
1787089451.024877
1787089451.187054
1787089451.357374
1787089451.517786
1787089451.687005
1787089451.854333
1787089452.023622
1787089452.196331
1787089452.352592
1787089452.520235
1787089452.681822
1787089452.851015
1787089453.012763
1787089453.179156
1787089453.340369
1787089453.506873
1787089453.670699
1787089453.835898
1787089453.999918
1787089454.163062
1787089454.325225
1787089454.487309
1787089454.653975
1787089454.822178
1787089454.989976
1787089455.157622
1787089455.325392
1787089455.493384
1787089455.660568
1787089455.828238
1787089455.995055
1787089456.162321
1787089456.329700
1787089456.493168
1787089456.663865
1787089456.828474
1787089456.995951
1787089457.161835
1787089457.328388
1787089457.495639
1787089457.663783
1787089457.831463
1787089457.993419
1787089458.164425
1787089458.330781
1787089458.494599
1787089458.658622
1787089458.821249
1787089458.985026
1787089459.146691
1787089459.309804
1787089459.478134
1787089459.641566
1787089459.805360
1787089459.966185
1787089460.135270
1787089460.316242
1787089460.478200
1787089460.642972
1787089460.815367
1787089460.984120
1787089461.146704
1787089461.309101
1787089461.471373
1787089461.641924
1787089461.812196
1787089461.981319
1787089462.143138
1787089462.308605
1787089462.475785
1787089462.634637
1787089462.803077
1787089462.964207
1787089463.129778
1787089463.296608
1787089463.464788
1787089463.630045
1787089463.798371
1787089463.959368
1787089464.124652
1787089464.291580
1787089464.457368
1787089464.618730
1787089464.780321
1787089464.950473
1787089465.116133
1787089465.275502
1787089465.437133
1787089465.597817
1787089465.759204
1787089465.924667
1787089466.085872
1787089466.247563
1787089466.415321
1787089466.582366
1787089466.745780
1787089466.907334
1787089467.069224
1787089467.230712
1787089467.395134
1787089467.556750
1787089467.722132
1787089467.888311
1787089468.055406
1787089468.222209
1787089468.389157
1787089468.552392
1787089468.719638
1787089468.880832
1787089469.048851
1787089469.212003
1787089469.378967
1787089469.540482
1787089469.701495
1787089469.870051
1787089470.033591
1787089470.199727
1787089470.366367
1787089470.536493
1787089470.697899
1787089470.860175
1787089471.029459
1787089471.192116
1787089471.362631
1787089471.525862
1787089471.695733
1787089471.865628
1787089472.034296
1787089472.201300
1787089472.362381
1787089472.529142
1787089472.697546
1787089472.863165
1787089473.024066
1787089473.190917
1787089473.352764
1787089473.520157
1787089473.687342
1787089473.853133
1787089474.016290
1787089474.186167
1787089474.356531
1787089474.525480
1787089474.695515
1787089474.865058
1787089475.028098
1787089475.192736
1787089475.359993
1787089475.527781
1787089475.689317
1787089475.858365
1787089476.027746
1787089476.196397
1787089476.358193
1787089476.529510
1787089476.691617
1787089476.855685
1787089477.017528
1787089477.186532
1787089477.353655
1787089477.523404
1787089477.684056
1787089477.851363
1787089478.016563
1787089478.182182
1787089478.342613
1787089478.509555
1787089478.679049
1787089478.849886
1787089479.013299
1787089479.176022
1787089479.347993
1787089479.508507
1787089479.678757
1787089479.844688
1787089480.014849
1787089480.180206
1787089480.342839
1787089480.503334
1787089480.671002
1787089480.832560
1787089481.002964
1787089481.167003
1787089481.328373
1787089481.499866
1787089481.660511
1787089481.826006
1787089481.987174
1787089482.154094
1787089482.319789
1787089482.485354
1787089482.654511
1787089482.823012
1787089482.989615
1787089483.151921
1787089483.313926
1787089483.481420
1787089483.643634
1787089483.812922
1787089483.981666
1787089484.149089
1787089484.311687
1787089484.481332
1787089484.644734
1787089484.813643
1787089484.981850
1787089485.143152
1787089485.313470
1787089485.475644
1787089485.643515
1787089485.807004
1787089485.975387
1787089486.143121
1787089486.313363
1787089486.480309
1787089486.642639
1787089486.809977
1787089486.971858
1787089487.138296
1787089487.310687
1787089487.474845
1787089487.637480
1787089487.803198
1787089487.965708
1787089488.129388
1787089488.293084
1787089488.461098
1787089488.635590
1787089488.806019
1787089488.975963
1787089489.144541
1787089489.310973
1787089489.479650
1787089489.644701
1787089489.817922
1787089489.983893
1787089490.154065
1787089490.319478
1787089490.489240
1787089490.663049
1787089490.835659
1787089491.005325
1787089491.175740
1787089491.343251
1787089491.513749
1787089491.681993
1787089491.850336
1787089492.014028
1787089492.183087
1787089492.357227
1787089492.522491
1787089492.691765
1787089492.855801
1787089493.026880
1787089493.196561
1787089493.367375
1787089493.537764
1787089493.699940
1787089493.868487
1787089494.040318
1787089494.209507
1787089494.372681
1787089494.537432
1787089494.702107
1787089494.864554
1787089495.033990
1787089495.197093
1787089495.359536
1787089495.522381
1787089495.694633
1787089495.857768
1787089496.027455
1787089496.195157
1787089496.365379
1787089496.537204
1787089496.699348
1787089496.871205
1787089497.034943
1787089497.201762
1787089497.362696
1787089497.531693
1787089497.693741
1787089497.858743
1787089498.026832
1787089498.190818
1787089498.356488
1787089498.526227
1787089498.695579
1787089498.864921
1787089499.034708
1787089499.200784
1787089499.363841
1787089499.534667
1787089499.705225
1787089499.874758
1787089500.041717
1787089500.206638
1787089500.377078
1787089500.545615
1787089500.716004
1787089500.886625
1787089501.056971
1787089501.221349
1787089501.384676
1787089501.553870
1787089501.726583
1787089501.893121
1787089502.061723
1787089502.233711
1787089502.398889
1787089502.564930
1787089502.730859
1787089502.900253
1787089503.067655
1787089503.231353
1787089503.401353
1787089503.566086
1787089503.736764
1787089503.899158
1787089504.068227
1787089504.237368
1787089504.400464
1787089504.562346
1787089504.731179
1787089504.900720
1787089505.075189
1787089505.248187
1787089505.412257
1787089505.574977
1787089505.741786
1787089505.904594
1787089506.072608
1787089506.235021
1787089506.404388
1787089506.570691
1787089506.742566
1787089506.905604
1787089507.075375
1787089507.238607
1787089507.408796
1787089507.576289
1787089507.745397
1787089507.916062
1787089508.084711
1787089508.249143
1787089508.422787
1787089508.586841
1787089508.756717
1787089508.925166
1787089509.093395
1787089509.263088
1787089509.431828
1787089509.595245
1787089509.764479
1787089509.929362
1787089510.098434
1787089510.262421
1787089510.435016
1787089510.606799
1787089510.770840
1787089510.940107
1787089511.107425
1787089511.269821
1787089511.433110
1787089511.597084
1787089511.762626
1787089511.931498
1787089512.093835
1787089512.257663
1787089512.419348
1787089512.591534
1787089512.754533
1787089512.924866
1787089513.092906
1787089513.255533
1787089513.421810
1787089513.590624
1787089513.759178
1787089513.920398
1787089514.088163
1787089514.255048
1787089514.418540
1787089514.580124
1787089514.748085
1787089514.914289
1787089515.081117
1787089515.249076
1787089515.413502
1787089515.578163
1787089515.745771
1787089515.914916
1787089516.081656
1787089516.250788
1787089516.412751
1787089516.580520
1787089516.749214
1787089516.910579
1787089517.077218
1787089517.244101
1787089517.413779
1787089517.574840
1787089517.739617
1787089517.902332
1787089518.062411
1787089518.227872
1787089518.390894
1787089518.553817
1787089518.716834
1787089518.893477
1787089519.063252
1787089519.226135
1787089519.389436
1787089519.554147
1787089519.721761
1787089519.885538
1787089520.050295
1787089520.219666
1787089520.381987
1787089520.544110
1787089520.711693
1787089520.882636
1787089521.045473
1787089521.207565
1787089521.378218
1787089521.539002
1787089521.700695
1787089521.861167
1787089522.026526
1787089522.196302
1787089522.362963
1787089522.524267
1787089522.691786
1787089522.853984
1787089523.021935
1787089523.182762
1787089523.342299
1787089523.503253
1787089523.664562
1787089523.831976
1787089523.999835
1787089524.166405
1787089524.332113
1787089524.502369
1787089524.669054
1787089524.831618
1787089525.000938
1787089525.161785
1787089525.329381
1787089525.490576
1787089525.656757
1787089525.826807
1787089526.005169
1787089526.169627
1787089526.339694
