1787077289.793312
1787077289.947440
1787077290.102053
1787077290.257452
1787077290.411126
1787077290.563978
1787077290.712372
1787077290.861196
1787077291.009784
1787077291.158805
1787077291.305458
1787077291.453037
1787077291.602466
1787077291.767606
1787077291.925072
1787077292.079353
1787077292.229556
1787077292.380187
1787077292.535874
1787077292.692816
1787077292.848769
1787077293.004668
1787077293.158024
1787077293.312027
1787077293.467022
1787077293.625202
1787077293.779414
1787077293.928635
1787077294.083887
1787077294.240925
1787077294.395170
1787077294.550623
1787077294.699103
1787077294.846850
1787077294.995095
1787077295.150755
1787077295.305772
1787077295.460101
1787077295.608972
1787077295.770467
1787077295.924624
1787077296.079578
1787077296.228664
1787077296.377620
1787077296.525083
1787077296.673429
1787077296.830824
1787077296.981412
1787077297.135110
1787077297.288137
1787077297.443573
1787077297.597368
1787077297.749694
1787077297.902337
1787077298.055273
1787077298.207144
1787077298.353079
1787077298.505200
1787077298.660742
1787077298.806019
1787077298.951394
1787077299.095676
1787077299.242343
1787077299.393396
1787077299.537085
1787077299.688760
1787077299.839771
1787077299.989513
1787077300.139034
1787077300.289722
1787077300.438500
1787077300.587384
1787077300.739886
1787077300.891948
1787077301.044633
1787077301.193420
1787077301.338803
1787077301.490354
1787077301.641406
1787077301.789069
1787077301.940004
1787077302.088794
1787077302.238207
1787077302.389341
1787077302.539984
1787077302.691996
1787077302.837711
1787077302.986367
1787077303.134207
1787077303.284559
1787077303.432574
1787077303.580371
1787077303.728958
1787077303.877590
1787077304.025883
1787077304.175722
1787077304.325006
1787077304.473639
1787077304.616903
1787077304.761062
1787077304.905258
1787077305.048460
1787077305.198267
1787077305.347518
1787077305.499675
1787077305.642124
1787077305.792345
1787077305.943675
1787077306.095340
1787077306.246012
1787077306.391805
1787077306.542273
1787077306.693302
1787077306.844519
1787077306.996804
1787077307.147449
1787077307.298012
1787077307.453076
1787077307.600705
1787077307.752015
1787077307.902769
1787077308.057503
1787077308.213035
1787077308.365648
1787077308.518196
1787077308.665239
1787077308.816474
1787077308.962560
1787077309.115233
1787077309.261168
1787077309.416897
1787077309.562776
1787077309.714449
1787077309.860607
1787077310.012309
1787077310.162138
1787077310.317936
1787077310.465574
1787077310.613481
1787077310.766116
1787077310.920111
1787077311.073001
1787077311.227477
1787077311.377352
1787077311.529824
1787077311.682049
1787077311.837296
1787077311.990944
1787077312.143057
1787077312.298762
1787077312.453784
1787077312.608511
1787077312.762129
1787077312.916694
1787077313.073364
1787077313.227636
1787077313.382517
1787077313.532840
1787077313.687860
1787077313.844677
1787077314.000731
1787077314.157683
1787077314.316072
1787077314.471504
1787077314.628443
1787077314.787445
1787077314.940134
1787077315.090806
1787077315.242466
1787077315.393889
1787077315.555289
1787077315.706356
1787077315.871060
1787077316.022517
1787077316.179046
1787077316.330653
1787077316.493904
1787077316.654534
1787077316.809719
1787077316.970050
1787077317.132127
1787077317.287138
1787077317.449074
1787077317.612185
1787077317.774511
1787077317.935420
1787077318.098803
1787077318.261537
1787077318.423937
1787077318.580481
1787077318.744424
1787077318.908138
1787077319.065121
1787077319.221914
1787077319.384449
1787077319.548893
1787077319.713177
1787077319.870234
1787077320.035404
1787077320.195698
1787077320.359529
1787077320.524706
1787077320.693540
1787077320.858910
1787077321.024332
1787077321.191446
1787077321.353504
1787077321.516817
1787077321.677219
1787077321.841893
1787077322.012922
1787077322.174691
1787077322.340174
1787077322.504495
1787077322.668715
1787077322.836546
1787077323.001878
1787077323.170712
1787077323.336846
1787077323.504787
1787077323.664807
1787077323.830452
1787077323.995730
1787077324.162608
1787077324.323118
1787077324.491280
1787077324.656191
1787077324.823237
1787077324.983419
1787077325.153415
1787077325.318941
1787077325.485063
1787077325.652685
1787077325.819584
1787077325.985176
1787077326.154585
1787077326.315652
1787077326.482437
1787077326.651865
1787077326.819884
1787077326.987808
1787077327.149813
1787077327.315837
1787077327.482734
1787077327.649727
1787077327.817144
1787077327.984616
1787077328.153831
1787077328.322464
1787077328.490549
1787077328.661151
1787077328.828784
1787077328.992257
1787077329.154841
1787077329.322751
1787077329.490866
1787077329.659225
1787077329.827731
1787077329.993995
1787077330.161406
1787077330.329634
1787077330.498959
1787077330.668054
1787077330.837399
1787077331.004616
1787077331.179840
1787077331.347912
1787077331.515265
1787077331.682645
1787077331.855470
1787077332.021620
1787077332.203581
1787077332.368320
1787077332.532183
1787077332.695476
1787077332.865484
1787077333.037386
1787077333.201341
1787077333.369864
1787077333.537214
1787077333.706081
1787077333.875686
1787077334.041713
1787077334.212870
1787077334.382006
1787077334.549566
1787077334.718076
1787077334.889418
1787077335.053072
1787077335.223010
1787077335.392565
1787077335.561250
1787077335.728760
1787077335.897600
1787077336.067003
1787077336.235550
1787077336.402791
1787077336.573986
1787077336.742573
1787077336.911328
1787077337.079028
1787077337.246948
1787077337.419246
1787077337.588106
1787077337.756365
1787077337.924726
1787077338.096841
1787077338.262404
1787077338.431838
1787077338.601542
1787077338.770440
1787077338.941641
1787077339.105109
1787077339.270433
1787077339.438102
1787077339.612428
1787077339.780892
1787077339.950428
1787077340.119778
1787077340.288840
1787077340.458945
1787077340.623257
1787077340.793165
1787077340.962870
1787077341.134086
1787077341.297726
1787077341.462885
1787077341.631202
1787077341.798841
1787077341.968014
1787077342.138007
1787077342.303866
1787077342.471968
1787077342.641877
1787077342.806957
1787077342.979222
1787077343.150104
1787077343.312714
1787077343.484026
1787077343.640597
1787077343.808459
1787077343.977027
1787077344.147369
1787077344.316744
1787077344.485013
1787077344.652384
1787077344.820312
1787077344.994083
1787077345.159041
1787077345.328829
1787077345.497921
1787077345.662916
1787077345.823867
1787077345.994089
1787077346.163402
1787077346.335706
1787077346.499831
1787077346.668767
1787077346.840226
1787077347.008621
1787077347.180158
1787077347.351869
1787077347.522614
1787077347.694463
1787077347.864229
1787077348.034878
1787077348.205618
1787077348.378209
1787077348.550178
1787077348.720349
1787077348.890766
1787077349.062043
1787077349.233282
1787077349.404737
1787077349.572837
1787077349.737125
1787077349.903964
1787077350.073929
1787077350.237300
1787077350.402087
1787077350.570113
1787077350.739809
1787077350.910126
1787077351.074975
1787077351.239453
1787077351.410718
1787077351.582076
1787077351.756369
1787077351.928388
1787077352.100827
1787077352.274650
1787077352.441491
1787077352.614884
1787077352.786903
1787077352.959277
1787077353.132154
1787077353.302311
1787077353.470873
1787077353.645346
1787077353.819921
1787077353.987721
1787077354.162615
1787077354.336018
1787077354.512377
1787077354.686379
1787077354.860054
1787077355.033912
1787077355.205802
1787077355.383085
1787077355.557545
1787077355.731709
1787077355.899922
1787077356.071251
1787077356.244518
1787077356.412906
1787077356.589333
1787077356.763742
1787077356.937319
1787077357.109699
1787077357.277402
1787077357.452323
1787077357.626508
1787077357.797699
1787077357.971617
1787077358.146297
1787077358.322443
1787077358.495781
1787077358.669586
1787077358.837862
1787077359.011471
1787077359.184412
1787077359.355352
1787077359.529008
1787077359.702852
1787077359.874314
1787077360.044765
1787077360.222245
1787077360.397337
1787077360.572357
1787077360.743342
1787077360.915351
1787077361.083323
1787077361.254818
1787077361.425932
1787077361.595116
1787077361.770629
1787077361.937666
1787077362.104110
1787077362.277779
1787077362.453262
1787077362.625653
1787077362.791996
1787077362.963812
1787077363.135394
1787077363.308288
1787077363.480472
1787077363.653725
1787077363.827899
1787077364.001660
1787077364.167849
1787077364.339535
1787077364.513309
1787077364.687731
1787077364.857203
1787077365.020854
1787077365.192675
1787077365.367263
1787077365.532274
1787077365.703837
1787077365.875295
1787077366.044413
1787077366.215108
1787077366.387608
1787077366.557675
1787077366.730939
1787077366.903108
1787077367.073766
1787077367.242599
1787077367.413949
1787077367.583791
1787077367.754291
1787077367.922009
1787077368.091895
1787077368.264091
1787077368.437587
1787077368.611389
1787077368.783642
1787077368.955930
1787077369.124877
1787077369.299963
1787077369.475217
1787077369.647793
1787077369.821230
1787077369.995110
1787077370.164851
1787077370.336544
1787077370.509139
1787077370.683931
1787077370.860118
1787077371.039121
1787077371.210910
1787077371.386301
1787077371.556735
1787077371.730139
1787077371.904253
1787077372.076114
1787077372.242839
1787077372.417452
1787077372.587872
1787077372.761283
1787077372.932095
1787077373.103723
1787077373.274269
1787077373.446120
1787077373.616761
1787077373.780916
1787077373.952968
1787077374.127179
1787077374.292177
1787077374.457013
1787077374.627930
1787077374.792576
1787077374.962723
1787077375.131769
1787077375.301929
1787077375.474281
1787077375.645594
1787077375.816621
1787077375.979958
1787077376.155401
1787077376.328716
1787077376.501499
1787077376.675478
1787077376.844414
1787077377.016576
1787077377.188945
1787077377.362330
1787077377.535455
1787077377.707899
1787077377.879059
1787077378.050330
1787077378.224063
1787077378.395230
1787077378.566860
1787077378.731114
1787077378.902337
1787077379.073846
1787077379.247829
1787077379.413431
1787077379.590343
1787077379.757389
1787077379.928745
1787077380.094385
1787077380.260916
1787077380.433729
1787077380.608087
1787077380.778058
1787077380.948047
1787077381.121074
1787077381.288395
1787077381.463271
1787077381.629451
1787077381.801348
1787077381.970863
1787077382.143683
1787077382.320698
1787077382.485918
1787077382.655832
1787077382.828044
1787077382.998366
1787077383.169948
1787077383.339483
1787077383.511840
1787077383.684819
1787077383.857001
1787077384.032251
1787077384.208238
1787077384.385201
1787077384.560464
1787077384.736689
1787077384.911940
1787077385.083257
1787077385.259851
1787077385.435162
1787077385.605740
1787077385.776584
1787077385.953904
1787077386.122456
1787077386.299276
1787077386.470007
1787077386.647214
1787077386.818747
1787077386.997847
1787077387.162356
1787077387.337782
1787077387.512604
1787077387.687708
1787077387.861590
1787077388.034023
1787077388.201087
1787077388.375124
1787077388.542691
1787077388.709646
1787077388.881370
1787077389.052726
1787077389.223867
1787077389.399804
1787077389.573985
1787077389.738401
1787077389.909710
1787077390.072660
1787077390.238200
1787077390.407731
1787077390.575374
1787077390.744834
1787077390.913717
1787077391.077912
1787077391.240411
1787077391.409546
1787077391.578425
1787077391.746572
1787077391.916087
1787077392.080564
1787077392.241700
1787077392.408495
1787077392.576542
1787077392.743626
1787077392.908949
1787077393.079531
1787077393.250338
1787077393.416560
1787077393.585968
1787077393.751302
1787077393.919159
1787077394.086912
1787077394.253360
1787077394.421508
1787077394.590944
1787077394.760710
1787077394.929476
1787077395.093576
1787077395.263941
1787077395.432699
1787077395.602294
1787077395.770298
1787077395.939793
1787077396.108898
1787077396.277934
1787077396.445886
1787077396.616044
1787077396.779573
1787077396.949131
1787077397.118965
1787077397.288950
1787077397.458056
1787077397.625287
1787077397.796602
1787077397.964481
1787077398.126875
1787077398.294618
1787077398.464352
1787077398.633646
1787077398.801663
1787077398.966051
1787077399.128464
1787077399.292136
1787077399.458929
1787077399.627137
1787077399.797047
1787077399.966263
1787077400.135443
1787077400.302718
1787077400.471164
1787077400.639839
1787077400.809917
1787077400.979197
1787077401.148666
1787077401.317780
1787077401.487556
1787077401.656456
1787077401.825631
1787077401.989799
1787077402.155140
1787077402.318030
1787077402.487700
1787077402.657362
1787077402.824206
1787077402.993752
1787077403.164307
1787077403.334892
1787077403.504927
1787077403.675184
1787077403.839754
1787077404.009934
1787077404.180264
1787077404.351239
1787077404.520629
1787077404.689239
1787077404.857784
1787077405.028126
1787077405.199801
1787077405.364359
1787077405.538845
1787077405.701555
1787077405.870039
1787077406.042494
1787077406.210832
1787077406.380143
1787077406.548331
1787077406.714813
1787077406.885369
1787077407.054571
1787077407.224295
1787077407.394939
1787077407.563878
1787077407.733909
1787077407.904999
1787077408.075582
1787077408.239365
1787077408.409236
1787077408.578647
1787077408.748135
1787077408.918642
1787077409.089438
1787077409.261425
1787077409.431863
1787077409.600805
1787077409.771714
1787077409.941601
1787077410.111725
1787077410.276605
1787077410.448449
1787077410.612261
1787077410.781208
1787077410.950181
1787077411.119423
1787077411.290059
1787077411.458506
1787077411.628590
1787077411.800377
1787077411.965042
1787077412.135960
1787077412.305556
1787077412.469628
1787077412.639929
1787077412.811492
1787077412.982874
1787077413.154064
1787077413.324136
1787077413.488226
1787077413.657319
1787077413.821472
1787077413.991544
1787077414.154150
1787077414.318861
1787077414.483716
1787077414.648422
1787077414.818799
1787077414.990099
1787077415.160250
1787077415.324784
1787077415.488901
1787077415.658946
1787077415.828716
1787077416.002689
1787077416.164616
1787077416.339498
1787077416.504175
1787077416.675535
1787077416.843146
1787077417.013707
1787077417.184916
1787077417.356358
1787077417.526461
1787077417.697803
1787077417.868547
1787077418.037812
1787077418.202394
1787077418.373819
1787077418.546156
1787077418.711520
1787077418.882455
1787077419.051901
1787077419.216894
1787077419.379786
1787077419.549120
1787077419.720876
1787077419.889961
1787077420.060793
1787077420.231882
1787077420.399474
1787077420.570272
1787077420.741448
1787077420.905605
1787077421.075938
1787077421.245770
1787077421.420717
1787077421.591607
1787077421.763540
1787077421.934092
1787077422.100246
1787077422.268689
1787077422.443948
1787077422.613574
1787077422.783021
1787077422.953408
1787077423.117941
1787077423.286889
1787077423.451359
1787077423.619778
1787077423.790628
1787077423.961592
1787077424.130755
1787077424.299313
1787077424.468676
1787077424.639504
1787077424.807544
1787077424.979544
1787077425.149311
1787077425.322148
1787077425.491934
1787077425.661721
1787077425.829514
1787077426.000474
1787077426.174046
1787077426.343962
1787077426.513959
1787077426.687484
1787077426.856623
1787077427.030987
1787077427.203361
1787077427.374573
1787077427.543201
1787077427.706404
1787077427.874776
1787077428.044536
1787077428.217802
1787077428.382119
1787077428.551027
1787077428.717995
1787077428.887341
1787077429.052347
1787077429.220777
1787077429.387368
1787077429.557571
1787077429.719417
1787077429.884485
1787077430.054017
1787077430.223783
1787077430.389977
1787077430.559304
1787077430.732653
1787077430.897486
1787077431.067941
1787077431.237677
1787077431.408004
1787077431.578110
1787077431.749126
1787077431.923186
1787077432.094522
1787077432.264528
1787077432.434953
1787077432.608056
1787077432.779007
1787077432.949280
1787077433.118794
1787077433.291157
1787077433.462595
1787077433.634000
1787077433.798573
1787077433.967373
1787077434.132520
1787077434.303747
1787077434.474965
1787077434.644846
1787077434.816681
1787077434.978976
1787077435.148941
1787077435.319221
1787077435.491892
1787077435.661624
1787077435.832802
1787077436.001141
1787077436.171096
1787077436.340221
1787077436.510544
1787077436.682121
1787077436.850335
1787077437.014631
1787077437.187346
1787077437.358258
1787077437.529408
1787077437.698817
1787077437.866603
1787077438.037934
1787077438.206883
1787077438.378011
1787077438.546410
1787077438.714201
1787077438.882749
1787077439.051948
1787077439.219955
1787077439.383484
1787077439.551459
1787077439.717635
1787077439.886482
1787077440.050660
1787077440.213600
1787077440.381870
1787077440.550821
1787077440.717147
1787077440.885236
1787077441.055224
1787077441.227498
1787077441.390444
1787077441.559874
1787077441.723064
1787077441.892094
1787077442.062079
1787077442.227552
1787077442.396867
1787077442.563944
1787077442.731950
1787077442.901093
1787077443.069559
1787077443.239270
1787077443.400358
1787077443.567989
1787077443.735675
1787077443.902672
1787077444.070717
1787077444.228821
1787077444.396353
1787077444.564615
1787077444.726259
1787077444.895350
1787077445.055382
1787077445.222829
1787077445.393142
1787077445.561104
1787077445.729717
1787077445.897281
1787077446.058353
1787077446.221876
1787077446.388268
1787077446.557335
1787077446.724120
1787077446.890992
1787077447.052398
1787077447.217878
1787077447.386916
1787077447.553502
1787077447.715132
1787077447.881702
1787077448.048858
1787077448.208313
1787077448.374511
1787077448.545250
1787077448.710782
1787077448.875363
1787077449.042342
1787077449.208723
1787077449.375114
1787077449.541910
1787077449.710993
1787077449.880054
1787077450.046341
1787077450.214530
1787077450.381769
1787077450.548769
1787077450.715460
1787077450.882968
1787077451.045747
1787077451.211449
1787077451.375570
1787077451.540647
1787077451.701284
1787077451.866693
1787077452.039615
1787077452.205033
1787077452.374172
1787077452.539962
1787077452.699104
1787077452.864455
1787077453.025020
1787077453.191310
1787077453.358226
1787077453.526681
1787077453.687908
1787077453.851707
1787077454.011043
1787077454.176265
1787077454.344800
1787077454.503854
1787077454.669404
1787077454.833699
1787077454.999851
1787077455.168434
1787077455.329358
1787077455.488972
1787077455.652911
1787077455.816626
1787077455.982128
1787077456.142874
1787077456.312222
1787077456.477847
1787077456.648874
1787077456.816657
1787077456.984664
1787077457.151553
1787077457.312956
1787077457.481059
1787077457.648214
1787077457.816623
1787077457.983134
1787077458.151938
1787077458.317643
1787077458.486615
1787077458.653731
1787077458.821838
1787077458.991069
1787077459.159199
1787077459.326096
1787077459.494219
1787077459.656258
1787077459.822921
1787077459.984080
1787077460.152140
1787077460.313638
1787077460.480688
1787077460.648738
1787077460.815318
1787077460.983225
1787077461.149550
1787077461.317339
1787077461.484576
1787077461.653081
1787077461.819965
1787077461.985095
1787077462.146781
1787077462.311783
1787077462.480023
1787077462.648186
1787077462.820340
1787077462.987706
1787077463.152955
1787077463.320804
1787077463.489280
1787077463.657843
1787077463.824466
1787077463.990265
1787077464.152104
1787077464.319384
1787077464.489189
1787077464.656205
1787077464.824539
1787077464.991580
1787077465.158398
1787077465.325977
1787077465.491776
1787077465.658936
1787077465.825498
1787077465.996068
1787077466.167314
1787077466.336786
1787077466.504334
1787077466.672436
1787077466.843761
1787077467.006670
1787077467.175425
1787077467.340738
1787077467.509056
1787077467.681221
1787077467.850640
1787077468.019577
1787077468.189070
1787077468.357696
1787077468.523836
1787077468.694775
1787077468.867756
1787077469.034171
1787077469.202986
1787077469.373261
1787077469.544077
1787077469.710237
1787077469.879789
1787077470.051279
1787077470.226408
1787077470.400025
1787077470.572013
1787077470.743938
1787077470.915573
1787077471.086199
1787077471.249762
1787077471.411477
1787077471.577941
1787077471.746336
1787077471.915095
1787077472.080041
1787077472.248197
1787077472.416321
1787077472.587838
1787077472.754983
1787077472.921912
1787077473.089346
1787077473.259876
1787077473.428852
1787077473.596169
1787077473.765372
1787077473.933639
1787077474.095635
1787077474.266148
1787077474.431379
1787077474.600619
1787077474.766263
1787077474.934397
1787077475.102310
1787077475.270302
1787077475.430890
1787077475.597771
1787077475.766505
1787077475.933428
1787077476.100388
1787077476.269573
1787077476.431841
1787077476.605538
1787077476.772957
1787077476.934201
1787077477.101898
1787077477.265282
1787077477.433687
1787077477.602173
1787077477.771813
1787077477.937737
1787077478.106361
1787077478.273909
1787077478.435662
1787077478.605028
1787077478.769488
1787077478.935642
1787077479.102940
1787077479.271374
1787077479.434508
1787077479.604284
1787077479.767899
1787077479.936791
1787077480.104663
1787077480.267586
1787077480.439168
1787077480.601479
1787077480.769949
1787077480.941309
1787077481.110740
1787077481.280018
1787077481.446699
1787077481.616337
1787077481.783237
1787077481.951156
1787077482.119669
1787077482.289697
1787077482.457340
1787077482.627052
1787077482.796254
1787077482.964510
1787077483.133378
1787077483.302804
1787077483.473583
1787077483.643969
1787077483.813752
1787077483.981255
1787077484.150723
1787077484.318340
1787077484.485848
1787077484.648747
1787077484.817241
1787077484.980786
1787077485.149235
1787077485.311644
1787077485.480141
1787077485.650643
1787077485.820975
1787077485.990469
1787077486.160548
1787077486.329843
1787077486.511480
1787077486.683692
1787077486.854270
1787077487.028583
1787077487.205240
1787077487.378272
1787077487.547803
1787077487.714278
1787077487.888082
1787077488.053464
1787077488.227595
1787077488.399992
1787077488.570992
1787077488.741239
1787077488.912539
1787077489.076891
1787077489.248993
1787077489.420686
1787077489.592431
1787077489.757829
1787077489.929096
1787077490.101003
1787077490.272769
1787077490.444981
1787077490.620482
1787077490.783898
1787077490.948703
1787077491.123106
1787077491.294748
1787077491.458469
1787077491.626898
1787077491.790148
1787077491.956778
1787077492.127265
1787077492.297066
1787077492.466353
1787077492.639884
1787077492.811064
1787077492.980305
1787077493.149339
1787077493.319124
1787077493.490057
1787077493.663384
1787077493.827079
1787077493.994431
1787077494.162727
1787077494.332319
1787077494.501280
1787077494.672162
1787077494.842284
1787077495.011933
1787077495.181752
1787077495.351144
1787077495.521551
1787077495.692252
1787077495.863944
1787077496.027460
1787077496.198273
1787077496.360875
1787077496.535690
1787077496.708302
1787077496.880786
1787077497.044722
1787077497.209008
1787077497.385899
1787077497.564122
1787077497.747598
1787077497.919470
1787077498.099090
1787077498.276754
1787077498.455131
1787077498.635086
1787077498.814621
1787077498.984200
1787077499.158803
1787077499.334669
1787077499.510802
1787077499.686987
1787077499.865481
1787077500.047569
1787077500.226762
1787077500.403039
1787077500.584490
1787077500.755929
1787077500.932294
1787077501.108366
1787077501.284862
1787077501.458736
1787077501.635971
1787077501.807728
1787077501.983790
1787077502.160125
1787077502.336388
1787077502.517070
1787077502.694583
1787077502.870009
1787077503.044859
1787077503.218903
1787077503.394575
1787077503.566754
1787077503.740791
1787077503.917079
1787077504.092449
1787077504.266921
1787077504.440246
1787077504.618123
1787077504.794985
1787077504.968991
1787077505.146832
1787077505.321783
1787077505.495027
1787077505.671764
1787077505.844393
1787077506.018338
1787077506.196673
1787077506.360338
1787077506.534485
1787077506.698942
1787077506.872762
1787077507.044757
1787077507.218531
1787077507.392694
1787077507.565140
1787077507.737615
1787077507.912146
1787077508.086217
1787077508.260012
1787077508.432168
1787077508.604837
1787077508.778149
1787077508.948666
1787077509.118341
1787077509.287555
1787077509.460734
1787077509.633493
1787077509.804573
1787077509.977344
1787077510.156123
1787077510.335238
1787077510.504148
1787077510.674209
1787077510.851530
1787077511.028164
1787077511.205827
1787077511.384655
1787077511.563491
1787077511.740212
1787077511.919725
1787077512.099952
1787077512.268207
1787077512.448818
1787077512.625236
1787077512.802785
1787077512.979805
1787077513.157112
1787077513.330076
1787077513.500254
1787077513.676001
1787077513.855969
1787077514.036633
1787077514.212558
1787077514.388968
1787077514.558879
1787077514.731742
1787077514.907010
1787077515.084684
1787077515.262103
1787077515.437186
1787077515.615693
1787077515.791160
1787077515.967467
1787077516.141455
1787077516.318754
1787077516.494066
1787077516.674716
1787077516.857054
1787077517.026800
1787077517.204628
1787077517.378690
1787077517.545704
1787077517.723338
1787077517.900447
1787077518.081255
1787077518.259818
1787077518.442310
1787077518.621041
1787077518.799315
1787077518.975853
1787077519.150061
1787077519.325280
1787077519.501211
1787077519.669466
1787077519.845721
1787077520.022102
1787077520.196532
1787077520.368711
1787077520.542130
1787077520.717560
1787077520.890954
1787077521.064316
1787077521.230651
1787077521.403337
1787077521.576475
1787077521.748277
1787077521.922710
1787077522.096491
1787077522.270426
1787077522.442607
1787077522.614181
1787077522.786277
1787077522.955487
1787077523.126002
1787077523.299234
1787077523.470700
1787077523.642705
1787077523.809330
1787077523.975094
1787077524.147461
1787077524.313750
1787077524.487871
1787077524.656043
1787077524.832168
1787077525.003797
1787077525.176221
1787077525.346299
1787077525.518452
1787077525.689179
1787077525.861413
1787077526.036138
1787077526.207527
1787077526.378484
1787077526.548882
1787077526.727522
1787077526.901740
1787077527.073387
1787077527.242107
1787077527.407199
1787077527.579437
1787077527.749681
1787077527.914486
1787077528.082405
1787077528.252779
1787077528.423902
1787077528.595672
1787077528.765022
1787077528.934179
1787077529.104358
1787077529.272257
1787077529.444518
1787077529.617025
1787077529.789620
1787077529.954962
1787077530.124688
1787077530.289354
1787077530.458323
1787077530.625370
1787077530.795273
1787077530.965407
1787077531.128349
1787077531.299011
1787077531.467808
1787077531.636087
1787077531.804692
1787077531.973678
1787077532.142065
1787077532.309968
1787077532.479574
1787077532.651741
1787077532.823915
1787077532.990316
1787077533.161530
1787077533.334296
1787077533.505326
1787077533.677949
1787077533.849602
1787077534.017436
1787077534.182665
1787077534.353438
1787077534.524086
1787077534.695312
1787077534.868471
1787077535.038333
1787077535.203284
1787077535.374222
1787077535.546021
1787077535.716787
1787077535.887994
1787077536.049789
1787077536.219161
1787077536.384549
1787077536.549923
1787077536.728011
1787077536.891578
1787077537.065045
1787077537.240906
1787077537.405989
1787077537.575768
1787077537.749189
1787077537.912830
1787077538.077914
1787077538.244136
1787077538.408741
1787077538.578224
1787077538.752177
1787077538.920827
1787077539.083552
1787077539.246035
1787077539.417124
1787077539.574912
1787077539.742928
1787077539.907468
1787077540.079516
1787077540.245467
1787077540.418021
1787077540.581796
1787077540.753113
1787077540.924263
1787077541.090396
1787077541.261608
1787077541.437273
1787077541.600365
1787077541.762828
1787077541.927380
1787077542.098592
1787077542.261463
1787077542.435837
1787077542.598478
1787077542.763082
1787077542.932161
1787077543.101059
1787077543.271378
1787077543.439463
1787077543.606683
1787077543.777779
1787077543.943994
1787077544.108795
1787077544.276280
1787077544.449359
1787077544.619345
1787077544.791357
1787077544.953930
1787077545.121834
1787077545.290809
1787077545.460346
1787077545.627663
1787077545.796501
1787077545.968530
1787077546.135276
1787077546.303261
1787077546.471842
1787077546.639100
1787077546.816183
1787077546.985837
1787077547.153994
1787077547.318077
1787077547.485857
1787077547.648124
1787077547.816932
1787077547.983428
1787077548.153122
1787077548.320449
1787077548.487671
1787077548.656121
1787077548.817164
1787077548.984377
1787077549.148823
1787077549.310532
1787077549.478274
1787077549.644384
1787077549.811373
1787077549.977869
1787077550.143910
1787077550.313456
1787077550.479504
1787077550.648064
1787077550.814106
1787077550.983292
1787077551.151175
1787077551.317502
1787077551.485005
1787077551.651338
1787077551.819404
1787077551.986142
1787077552.157570
1787077552.327789
1787077552.497456
1787077552.667040
1787077552.838552
1787077553.005528
1787077553.173163
1787077553.344365
1787077553.506195
1787077553.675206
1787077553.837160
1787077554.009711
1787077554.172477
1787077554.340302
1787077554.507435
1787077554.677595
1787077554.847044
1787077555.015050
1787077555.185634
1787077555.355298
1787077555.518674
1787077555.685112
1787077555.854228
1787077556.022614
1787077556.189112
1787077556.351980
1787077556.522277
1787077556.694571
1787077556.868198
1787077557.031910
1787077557.197586
1787077557.362539
1787077557.530115
1787077557.704354
