1787073361.874278
1787073362.022941
1787073362.180664
1787073362.330903
1787073362.478442
1787073362.623697
1787073362.775914
1787073362.926533
1787073363.078665
1787073363.237221
1787073363.387422
1787073363.538600
1787073363.691485
1787073363.844121
1787073363.997673
1787073364.157407
1787073364.316000
1787073364.467707
1787073364.619910
1787073364.771702
1787073364.931291
1787073365.085468
1787073365.243748
1787073365.399214
1787073365.550159
1787073365.703531
1787073365.853577
1787073366.006393
1787073366.163630
1787073366.320579
1787073366.468566
1787073366.614523
1787073366.770963
1787073366.919733
1787073367.079686
1787073367.230087
1787073367.385661
1787073367.547086
1787073367.708293
1787073367.858870
1787073368.009791
1787073368.161088
1787073368.310479
1787073368.461543
1787073368.612307
1787073368.763157
1787073368.914331
1787073369.070693
1787073369.228187
1787073369.378760
1787073369.532196
1787073369.681287
1787073369.831272
1787073369.981048
1787073370.126549
1787073370.280781
1787073370.429892
1787073370.582586
1787073370.735069
1787073370.887352
1787073371.035808
1787073371.183328
1787073371.333268
1787073371.481678
1787073371.628886
1787073371.776393
1787073371.922769
1787073372.074723
1787073372.221102
1787073372.373463
1787073372.524156
1787073372.671657
1787073372.821524
1787073372.968280
1787073373.121278
1787073373.272118
1787073373.417249
1787073373.566336
1787073373.718272
1787073373.870302
1787073374.020483
1787073374.165112
1787073374.318137
1787073374.468996
1787073374.614431
1787073374.764740
1787073374.917959
1787073375.072917
1787073375.226726
1787073375.380275
1787073375.527919
1787073375.677945
1787073375.823533
1787073375.969752
1787073376.120044
1787073376.270435
1787073376.422095
1787073376.568759
1787073376.720552
1787073376.872267
1787073377.021710
1787073377.166917
1787073377.316983
1787073377.467518
1787073377.618532
1787073377.772326
1787073377.926398
1787073378.072366
1787073378.224721
1787073378.369560
1787073378.520319
1787073378.670832
1787073378.823315
1787073378.970291
1787073379.116092
1787073379.269319
1787073379.420662
1787073379.571310
1787073379.718476
1787073379.870765
1787073380.023366
1787073380.172792
1787073380.325845
1787073380.477231
1787073380.632432
1787073380.778638
1787073380.924464
1787073381.075945
1787073381.228209
1787073381.375110
1787073381.526741
1787073381.677803
1787073381.833550
1787073381.980742
1787073382.127948
1787073382.275789
1787073382.424724
1787073382.580065
1787073382.728192
1787073382.876150
1787073383.028677
1787073383.177006
1787073383.326330
1787073383.473823
1787073383.628028
1787073383.777472
1787073383.927170
1787073384.077837
1787073384.232765
1787073384.390188
1787073384.545010
1787073384.695857
1787073384.847493
1787073385.004295
1787073385.158458
1787073385.310714
1787073385.468514
1787073385.626076
1787073385.784595
1787073385.940460
1787073386.099889
1787073386.253342
1787073386.404689
1787073386.565315
1787073386.716979
1787073386.872329
1787073387.025513
1787073387.179981
1787073387.334098
1787073387.487766
1787073387.644668
1787073387.801250
1787073387.956137
1787073388.109664
1787073388.265816
1787073388.425221
1787073388.585361
1787073388.743442
1787073388.900146
1787073389.061689
1787073389.223393
1787073389.386370
1787073389.546825
1787073389.704809
1787073389.865870
1787073390.027088
1787073390.182958
1787073390.344541
1787073390.506818
1787073390.664836
1787073390.832700
1787073390.988581
1787073391.152535
1787073391.315000
1787073391.474103
1787073391.637109
1787073391.799513
1787073391.963867
1787073392.128421
1787073392.286171
1787073392.451793
1787073392.618891
1787073392.787495
1787073392.953692
1787073393.115507
1787073393.284087
1787073393.447237
1787073393.613400
1787073393.775082
1787073393.935524
1787073394.099278
1787073394.267041
1787073394.426423
1787073394.592255
1787073394.752717
1787073394.915714
1787073395.082143
1787073395.242821
1787073395.411858
1787073395.580879
1787073395.741982
1787073395.908926
1787073396.078129
1787073396.245263
1787073396.412429
1787073396.578872
1787073396.749597
1787073396.916247
1787073397.082195
1787073397.244848
1787073397.413254
1787073397.576307
1787073397.738453
1787073397.906015
1787073398.070266
1787073398.230880
1787073398.396710
1787073398.562125
1787073398.731395
1787073398.896504
1787073399.060403
1787073399.224714
1787073399.387552
1787073399.559117
1787073399.728118
1787073399.893264
1787073400.057395
1787073400.220189
1787073400.389837
1787073400.559171
1787073400.731199
1787073400.894775
1787073401.061816
1787073401.227153
1787073401.388935
1787073401.557166
1787073401.720323
1787073401.887224
1787073402.055557
1787073402.227948
1787073402.388624
1787073402.558104
1787073402.723816
1787073402.897464
1787073403.068107
1787073403.235674
1787073403.408186
1787073403.569684
1787073403.737073
1787073403.901320
1787073404.064446
1787073404.234790
1787073404.396558
1787073404.569779
1787073404.737441
1787073404.900734
1787073405.066692
1787073405.230591
1787073405.394808
1787073405.563497
1787073405.725890
1787073405.894892
1787073406.064211
1787073406.231573
1787073406.396366
1787073406.563464
1787073406.727639
1787073406.893361
1787073407.059078
1787073407.221575
1787073407.392026
1787073407.559643
1787073407.723181
1787073407.885755
1787073408.054740
1787073408.219282
1787073408.382312
1787073408.545065
1787073408.708794
1787073408.875842
1787073409.039608
1787073409.209431
1787073409.371087
1787073409.541498
1787073409.709834
1787073409.878574
1787073410.051782
1787073410.217352
1787073410.386856
1787073410.556024
1787073410.719980
1787073410.890586
1787073411.059286
1787073411.233549
1787073411.401510
1787073411.570664
1787073411.734769
1787073411.899813
1787073412.066170
1787073412.235680
1787073412.401054
1787073412.572458
1787073412.743093
1787073412.911058
1787073413.078888
1787073413.245565
1787073413.406344
1787073413.579706
1787073413.751584
1787073413.923297
1787073414.092687
1787073414.268096
1787073414.434955
1787073414.601764
1787073414.769464
1787073414.939564
1787073415.107592
1787073415.282793
1787073415.456036
1787073415.627922
1787073415.801598
1787073415.977502
1787073416.153945
1787073416.328469
1787073416.497333
1787073416.671622
1787073416.852690
1787073417.027887
1787073417.200262
1787073417.373575
1787073417.548286
1787073417.713463
1787073417.887789
1787073418.057919
1787073418.231709
1787073418.404315
1787073418.577852
1787073418.744566
1787073418.916889
1787073419.091213
1787073419.261178
1787073419.433505
1787073419.603686
1787073419.778558
1787073419.954059
1787073420.124920
1787073420.299714
1787073420.478454
1787073420.650732
1787073420.821268
1787073420.998951
1787073421.175084
1787073421.354161
1787073421.529977
1787073421.707347
1787073421.881215
1787073422.055519
1787073422.223361
1787073422.399035
1787073422.573687
1787073422.747512
1787073422.920881
1787073423.087818
1787073423.259721
1787073423.425713
1787073423.591635
1787073423.757385
1787073423.924833
1787073424.095980
1787073424.272832
1787073424.448772
1787073424.622851
1787073424.797048
1787073424.976778
1787073425.152139
1787073425.327247
1787073425.500293
1787073425.669653
1787073425.844581
1787073426.012360
1787073426.185201
1787073426.353712
1787073426.525663
1787073426.697680
1787073426.871943
1787073427.046118
1787073427.219524
1787073427.386585
1787073427.562462
1787073427.736910
1787073427.907845
1787073428.082422
1787073428.259889
1787073428.437288
1787073428.608401
1787073428.782360
1787073428.958596
1787073429.135340
1787073429.304903
1787073429.482535
1787073429.660619
1787073429.837776
1787073430.015997
1787073430.197970
1787073430.368306
1787073430.544164
1787073430.722138
1787073430.900707
1787073431.081794
1787073431.256207
1787073431.437063
1787073431.617340
1787073431.796657
1787073431.983010
1787073432.153904
1787073432.339129
1787073432.517523
1787073432.695482
1787073432.871409
1787073433.048225
1787073433.223257
1787073433.400130
1787073433.573536
1787073433.748743
1787073433.928741
1787073434.112117
1787073434.295286
1787073434.479606
1787073434.666783
1787073434.852274
1787073435.038030
1787073435.219765
1787073435.399512
1787073435.582158
1787073435.764217
1787073435.946077
1787073436.128889
1787073436.306404
1787073436.482985
1787073436.664038
1787073436.843632
1787073437.010351
1787073437.191346
1787073437.374061
1787073437.554214
1787073437.733006
1787073437.910116
1787073438.088091
1787073438.261460
1787073438.440602
1787073438.625342
1787073438.807708
1787073438.992852
1787073439.175368
1787073439.363701
1787073439.546136
1787073439.729172
1787073439.907943
1787073440.085718
1787073440.266402
1787073440.446929
1787073440.627150
1787073440.810384
1787073440.993276
1787073441.170017
1787073441.347547
1787073441.531226
1787073441.711682
1787073441.887560
1787073442.064134
1787073442.243802
1787073442.422559
1787073442.603884
1787073442.783004
1787073442.960458
1787073443.142568
1787073443.319041
1787073443.498947
1787073443.677921
1787073443.855772
1787073444.034141
1787073444.212253
1787073444.391520
1787073444.571059
1787073444.749294
1787073444.925583
1787073445.104345
1787073445.279100
1787073445.452411
1787073445.625407
1787073445.803018
1787073445.978944
1787073446.155715
1787073446.329009
1787073446.506603
1787073446.679158
1787073446.857686
1787073447.025501
1787073447.206560
1787073447.378451
1787073447.547615
1787073447.726753
1787073447.906705
1787073448.085991
1787073448.264321
1787073448.443970
1787073448.615615
1787073448.795239
1787073448.976624
1787073449.155802
1787073449.336934
1787073449.517226
1787073449.698028
1787073449.881729
1787073450.063561
1787073450.237241
1787073450.417240
1787073450.598411
1787073450.786727
1787073450.970188
1787073451.153043
1787073451.333863
1787073451.518188
1787073451.702074
1787073451.879958
1787073452.062095
1787073452.249177
1787073452.428237
1787073452.604951
1787073452.783186
1787073452.958537
1787073453.133175
1787073453.314325
1787073453.498422
1787073453.674129
1787073453.854297
1787073454.030398
1787073454.210793
1787073454.389600
1787073454.576335
1787073454.753742
1787073454.934548
1787073455.118037
1787073455.298205
1787073455.475873
1787073455.650768
1787073455.833216
1787073456.015103
1787073456.190204
1787073456.367275
1787073456.550242
1787073456.728212
1787073456.909206
1787073457.085677
1787073457.260786
1787073457.439886
1787073457.617188
1787073457.797971
1787073457.979380
1787073458.154886
1787073458.330401
1787073458.507558
1787073458.681277
1787073458.862223
1787073459.035640
1787073459.209540
1787073459.395421
1787073459.576216
1787073459.750206
1787073459.929841
1787073460.111545
1787073460.291608
1787073460.471471
1787073460.650917
1787073460.828314
1787073461.002856
1787073461.174820
1787073461.355615
1787073461.529982
1787073461.708733
1787073461.888735
1787073462.068410
1787073462.250016
1787073462.427067
1787073462.606580
1787073462.785425
1787073462.962939
1787073463.142815
1787073463.325839
1787073463.504650
1787073463.678261
1787073463.851680
1787073464.032687
1787073464.210185
1787073464.381948
1787073464.559195
1787073464.743342
1787073464.927201
1787073465.107899
1787073465.293008
1787073465.477493
1787073465.658244
1787073465.833027
1787073466.016546
1787073466.199928
1787073466.382791
1787073466.564971
1787073466.748590
1787073466.931450
1787073467.112924
1787073467.291649
1787073467.472713
1787073467.652231
1787073467.836428
1787073468.016224
1787073468.201018
1787073468.377234
1787073468.562098
1787073468.737135
1787073468.912140
1787073469.092076
1787073469.271300
1787073469.451471
1787073469.630002
1787073469.809070
1787073469.988908
1787073470.169603
1787073470.349570
1787073470.527261
1787073470.706763
1787073470.888629
1787073471.066607
1787073471.244647
1787073471.424515
1787073471.604182
1787073471.784274
1787073471.964164
1787073472.145359
1787073472.325804
1787073472.507670
1787073472.687917
1787073472.869122
1787073473.042785
1787073473.230073
1787073473.406720
1787073473.586902
1787073473.767010
1787073473.945687
1787073474.125698
1787073474.299165
1787073474.488484
1787073474.666787
1787073474.847595
1787073475.028438
1787073475.202278
1787073475.376951
1787073475.552763
1787073475.732591
1787073475.906069
1787073476.079599
1787073476.259515
1787073476.439715
1787073476.618760
1787073476.796429
1787073476.976000
1787073477.153889
1787073477.331604
1787073477.510270
1787073477.685985
1787073477.865900
1787073478.046539
1787073478.223996
1787073478.404071
1787073478.586076
1787073478.761394
1787073478.936205
1787073479.115646
1787073479.292069
1787073479.473625
1787073479.657016
1787073479.833110
1787073480.012083
1787073480.192630
1787073480.371592
1787073480.547647
1787073480.724862
1787073480.902531
1787073481.081571
1787073481.259348
1787073481.438013
1787073481.617660
1787073481.794023
1787073481.971747
1787073482.150163
1787073482.326116
1787073482.507435
1787073482.680832
1787073482.861176
1787073483.041685
1787073483.216840
1787073483.397965
1787073483.574446
1787073483.759105
1787073483.939704
1787073484.116589
1787073484.295236
1787073484.466820
1787073484.638346
1787073484.811889
1787073484.989094
1787073485.167713
1787073485.346284
1787073485.525914
1787073485.703320
1787073485.881744
1787073486.059833
1787073486.235502
1787073486.414243
1787073486.585202
1787073486.760287
1787073486.934219
1787073487.111029
1787073487.280020
1787073487.449513
1787073487.623438
1787073487.799165
1787073487.976523
1787073488.156813
1787073488.327176
1787073488.502067
1787073488.671568
1787073488.846551
1787073489.022566
1787073489.214406
1787073489.385250
1787073489.560198
1787073489.734926
1787073489.909002
1787073490.078681
1787073490.254094
1787073490.430377
1787073490.602034
1787073490.776750
1787073490.954273
1787073491.133312
1787073491.303139
1787073491.476870
1787073491.647864
1787073491.821134
1787073491.997570
1787073492.162907
1787073492.338979
1787073492.505593
1787073492.674160
1787073492.846813
1787073493.022219
1787073493.191795
1787073493.369127
1787073493.543046
1787073493.711804
1787073493.886355
1787073494.063800
1787073494.239798
1787073494.415484
1787073494.584926
1787073494.761248
1787073494.937121
1787073495.111773
1787073495.287442
1787073495.464908
1787073495.633856
1787073495.807010
1787073495.981021
1787073496.150690
1787073496.319662
1787073496.492006
1787073496.665271
1787073496.834742
1787073497.011173
1787073497.181774
1787073497.363230
1787073497.532739
1787073497.702722
1787073497.876395
1787073498.046572
1787073498.213696
1787073498.395246
1787073498.564560
1787073498.732213
1787073498.903384
1787073499.077081
1787073499.249729
1787073499.424185
1787073499.592727
1787073499.765610
1787073499.940385
1787073500.112995
1787073500.279872
1787073500.453986
1787073500.628870
1787073500.798829
1787073500.970359
1787073501.142858
1787073501.313264
1787073501.480806
1787073501.659395
1787073501.829761
1787073501.999780
1787073502.177799
1787073502.355891
1787073502.535390
1787073502.713138
1787073502.889551
1787073503.061941
1787073503.237932
1787073503.404948
1787073503.580179
1787073503.754068
1787073503.927383
1787073504.101027
1787073504.277887
1787073504.455583
1787073504.623686
1787073504.799641
1787073504.967889
1787073505.141804
1787073505.311214
1787073505.483854
1787073505.648764
1787073505.827002
1787073505.997566
1787073506.165706
1787073506.343846
1787073506.518700
1787073506.697333
1787073506.874063
1787073507.050791
1787073507.226904
1787073507.393003
1787073507.568993
1787073507.744264
1787073507.913751
1787073508.086777
1787073508.265855
1787073508.442175
1787073508.616021
1787073508.787024
1787073508.962489
1787073509.134678
1787073509.311570
1787073509.487936
1787073509.663169
1787073509.839415
1787073510.010663
1787073510.176765
1787073510.352142
1787073510.528383
1787073510.698853
1787073510.872861
1787073511.049198
1787073511.226903
1787073511.400417
1787073511.573870
1787073511.750373
1787073511.921073
1787073512.098949
1787073512.273714
1787073512.441367
1787073512.616213
1787073512.790365
1787073512.965103
1787073513.140727
1787073513.314204
1787073513.483287
1787073513.654167
1787073513.822480
1787073513.988985
1787073514.158514
1787073514.329975
1787073514.503733
1787073514.673381
1787073514.848106
1787073515.014722
1787073515.192062
1787073515.369694
1787073515.545911
1787073515.723281
1787073515.894209
1787073516.065504
1787073516.241403
1787073516.416022
1787073516.594601
1787073516.764647
1787073516.933828
1787073517.108923
1787073517.285500
1787073517.450650
1787073517.622548
1787073517.798515
1787073517.976944
1787073518.147045
1787073518.314674
1787073518.491520
1787073518.667673
1787073518.844145
1787073519.018074
1787073519.185175
1787073519.365051
1787073519.541636
1787073519.720064
1787073519.889574
1787073520.059437
1787073520.249397
1787073520.414308
1787073520.589159
1787073520.765288
1787073520.941153
1787073521.115170
1787073521.290942
1787073521.460618
1787073521.636558
1787073521.814145
1787073521.989905
1787073522.160354
1787073522.336352
1787073522.516062
1787073522.692231
1787073522.869540
1787073523.041346
1787073523.215058
1787073523.383629
1787073523.559196
1787073523.736094
1787073523.917101
1787073524.089466
1787073524.263298
1787073524.441215
1787073524.611996
1787073524.787445
1787073524.965240
1787073525.143599
1787073525.318420
1787073525.487396
1787073525.662928
1787073525.839899
1787073526.010676
1787073526.185951
1787073526.366026
1787073526.543124
1787073526.722247
1787073526.899730
1787073527.068336
1787073527.248338
1787073527.414197
1787073527.583864
1787073527.760520
1787073527.935910
1787073528.107944
1787073528.282149
1787073528.450310
1787073528.626875
1787073528.804882
1787073528.981437
1787073529.152268
1787073529.321433
1787073529.498027
1787073529.672188
1787073529.847104
1787073530.017674
1787073530.192935
1787073530.369273
1787073530.547150
1787073530.724896
1787073530.903945
1787073531.085346
1787073531.254824
1787073531.426168
1787073531.608406
1787073531.784024
1787073531.955579
1787073532.132155
1787073532.303014
1787073532.473841
1787073532.651340
1787073532.828566
1787073533.003637
1787073533.174969
1787073533.346598
1787073533.523532
1787073533.700257
1787073533.874910
1787073534.048995
1787073534.222697
1787073534.405484
1787073534.581420
1787073534.756991
1787073534.933145
1787073535.111032
1787073535.290261
1787073535.469153
1787073535.641338
1787073535.811870
1787073535.989622
1787073536.167243
1787073536.346440
1787073536.528551
1787073536.708935
1787073536.888219
1787073537.065536
1787073537.238424
1787073537.417402
1787073537.585816
1787073537.761244
1787073537.938549
1787073538.119035
1787073538.289984
1787073538.469254
1787073538.646765
1787073538.818630
1787073538.989922
1787073539.166695
1787073539.347641
1787073539.524302
1787073539.700190
1787073539.873865
1787073540.045122
1787073540.217511
1787073540.394016
1787073540.566648
1787073540.744112
1787073540.917682
1787073541.086721
1787073541.267726
1787073541.449941
1787073541.628915
1787073541.805143
1787073541.981166
1787073542.153020
1787073542.328627
1787073542.497236
1787073542.674905
1787073542.849137
1787073543.019557
1787073543.190531
1787073543.368373
1787073543.544612
1787073543.720264
1787073543.896570
1787073544.071078
1787073544.242632
1787073544.418124
1787073544.586938
1787073544.762882
1787073544.937900
1787073545.110744
1787073545.291438
1787073545.468080
1787073545.648143
1787073545.827460
1787073546.006003
1787073546.177864
1787073546.355481
1787073546.530733
1787073546.700259
1787073546.874794
1787073547.053452
1787073547.224487
1787073547.402609
1787073547.568723
1787073547.744404
1787073547.926246
1787073548.107296
1787073548.276796
1787073548.447113
1787073548.620475
1787073548.792505
1787073548.960819
1787073549.136664
1787073549.304086
1787073549.479124
1787073549.651890
1787073549.827240
1787073549.997515
1787073550.170126
1787073550.341640
1787073550.513308
1787073550.683023
1787073550.852865
1787073551.025784
1787073551.193138
1787073551.368503
1787073551.546437
1787073551.721533
1787073551.890161
1787073552.066709
1787073552.235660
1787073552.408034
1787073552.576650
1787073552.754650
1787073552.930157
1787073553.106602
1787073553.283406
1787073553.454754
1787073553.628618
1787073553.806149
1787073553.981852
1787073554.151487
1787073554.326953
1787073554.498551
1787073554.676277
1787073554.855487
1787073555.031453
1787073555.206382
1787073555.376248
1787073555.544508
1787073555.715287
1787073555.890486
1787073556.058400
1787073556.229033
1787073556.405217
1787073556.581465
1787073556.754292
1787073556.923683
1787073557.094745
1787073557.267446
1787073557.436440
1787073557.602328
1787073557.771535
1787073557.945618
1787073558.121474
1787073558.298822
1787073558.475102
1787073558.644128
1787073558.819274
1787073558.994303
1787073559.163827
1787073559.345525
1787073559.519701
1787073559.690232
1787073559.861169
1787073560.034691
1787073560.204515
1787073560.374846
1787073560.545357
1787073560.721602
1787073560.891942
1787073561.066973
1787073561.243743
1787073561.422084
1787073561.594564
1787073561.769778
1787073561.940249
1787073562.109948
1787073562.288080
1787073562.467767
1787073562.639710
1787073562.816446
1787073562.986699
1787073563.162969
1787073563.340287
1787073563.522835
1787073563.695771
1787073563.874122
1787073564.044636
1787073564.215300
1787073564.395901
1787073564.574119
1787073564.746162
1787073564.922896
1787073565.093127
1787073565.267660
1787073565.448392
1787073565.626237
1787073565.804874
1787073565.982724
1787073566.163111
1787073566.337138
1787073566.515094
1787073566.692095
1787073566.862621
1787073567.042339
1787073567.220813
1787073567.393246
1787073567.573260
1787073567.750880
1787073567.923136
1787073568.094676
1787073568.265246
1787073568.436890
1787073568.613699
1787073568.780262
1787073568.956131
1787073569.133115
1787073569.303968
1787073569.480050
1787073569.650509
1787073569.820959
1787073569.999004
1787073570.176567
1787073570.345641
1787073570.519015
1787073570.689397
1787073570.864905
1787073571.039328
1787073571.207829
1787073571.382827
1787073571.557710
1787073571.732683
1787073571.906575
1787073572.075267
1787073572.250819
1787073572.422026
1787073572.595845
1787073572.763873
1787073572.940144
1787073573.115077
1787073573.285073
1787073573.455691
1787073573.629118
1787073573.801264
1787073573.972425
1787073574.146220
1787073574.321470
1787073574.497611
1787073574.670869
1787073574.838749
1787073575.015361
1787073575.190938
1787073575.361619
1787073575.532305
1787073575.709693
1787073575.886940
1787073576.062565
1787073576.239547
1787073576.417452
1787073576.594275
1787073576.763747
1787073576.934786
1787073577.111422
1787073577.289740
1787073577.461163
1787073577.637327
1787073577.806803
1787073577.984717
1787073578.160443
1787073578.329953
1787073578.499012
1787073578.669301
1787073578.845821
1787073579.022378
1787073579.192557
1787073579.366520
1787073579.536424
1787073579.710128
1787073579.879930
1787073580.060773
1787073580.237620
1787073580.415033
1787073580.593744
1787073580.768395
1787073580.940110
1787073581.114196
1787073581.288804
1787073581.466720
1787073581.636661
1787073581.811204
1787073581.982872
1787073582.154135
1787073582.324761
1787073582.499683
1787073582.668514
1787073582.838226
1787073583.014426
1787073583.191278
1787073583.360098
1787073583.530294
1787073583.705701
1787073583.876573
1787073584.046679
1787073584.225894
1787073584.399116
1787073584.575019
1787073584.755183
1787073584.925954
1787073585.096840
1787073585.272250
1787073585.446892
1787073585.617499
1787073585.793623
1787073585.974029
1787073586.143205
1787073586.319650
1787073586.498173
1787073586.672806
1787073586.842720
1787073587.021352
1787073587.196748
1787073587.371079
1787073587.547382
1787073587.715615
1787073587.886568
1787073588.067781
1787073588.237895
1787073588.419276
1787073588.590643
1787073588.766248
1787073588.934907
1787073589.116902
1787073589.288094
1787073589.464288
1787073589.640558
1787073589.808062
1787073589.982147
1787073590.155039
1787073590.329154
1787073590.499028
1787073590.670598
1787073590.844611
1787073591.020691
1787073591.191679
1787073591.369402
1787073591.544760
1787073591.724284
1787073591.901272
1787073592.077649
1787073592.256715
1787073592.433283
1787073592.606742
1787073592.782692
1787073592.953451
1787073593.130541
1787073593.307854
1787073593.487587
1787073593.649176
1787073593.824749
1787073593.991559
1787073594.158215
1787073594.337382
1787073594.512759
1787073594.690055
1787073594.864358
1787073595.031736
1787073595.201152
1787073595.376625
1787073595.549833
1787073595.716306
1787073595.891056
1787073596.067748
1787073596.245937
1787073596.420817
1787073596.591551
1787073596.763518
1787073596.935432
1787073597.111131
1787073597.278829
1787073597.447339
1787073597.624363
1787073597.791011
1787073597.959557
1787073598.134517
1787073598.302979
1787073598.478994
1787073598.655600
1787073598.831250
1787073599.005394
1787073599.176052
1787073599.345327
1787073599.527579
1787073599.698178
1787073599.871335
1787073600.041052
1787073600.211648
1787073600.387808
1787073600.559000
1787073600.730175
1787073600.907928
1787073601.084810
1787073601.261792
1787073601.431149
1787073601.603872
1787073601.778580
1787073601.958689
1787073602.135131
1787073602.306149
1787073602.481130
1787073602.650801
1787073602.827107
1787073603.003251
1787073603.175657
1787073603.353467
1787073603.524077
1787073603.700452
1787073603.875047
1787073604.052007
1787073604.224601
1787073604.399087
1787073604.574564
1787073604.748674
1787073604.925463
1787073605.103060
1787073605.281700
1787073605.457768
1787073605.632152
1787073605.807798
1787073605.978599
1787073606.158698
1787073606.340167
1787073606.511247
1787073606.689866
1787073606.868223
1787073607.039196
1787073607.215538
1787073607.393599
1787073607.573590
1787073607.759252
1787073607.932716
1787073608.111176
1787073608.289613
1787073608.474452
1787073608.648018
1787073608.828321
1787073609.010273
1787073609.187773
1787073609.362156
1787073609.542738
1787073609.721563
1787073609.903472
1787073610.080407
1787073610.258712
1787073610.438925
1787073610.618372
1787073610.796075
1787073610.969279
1787073611.142648
1787073611.324376
1787073611.501405
1787073611.680473
1787073611.861663
1787073612.042337
1787073612.218530
1787073612.399087
1787073612.583070
1787073612.763334
1787073612.937954
1787073613.119662
1787073613.291871
1787073613.468376
1787073613.641959
1787073613.820764
1787073614.000363
1787073614.173173
1787073614.352385
1787073614.538174
1787073614.712076
1787073614.892136
1787073615.071182
1787073615.251324
1787073615.427030
1787073615.608939
1787073615.789020
1787073615.972050
1787073616.154284
1787073616.332560
1787073616.512029
1787073616.690138
1787073616.872933
1787073617.049919
1787073617.234558
1787073617.413172
1787073617.593111
1787073617.776955
1787073617.951885
1787073618.134606
1787073618.314751
1787073618.495759
1787073618.678076
1787073618.853704
1787073619.034613
1787073619.213200
1787073619.390840
1787073619.573387
1787073619.763956
1787073619.940235
1787073620.119983
1787073620.301421
1787073620.488537
1787073620.670182
1787073620.850908
1787073621.031861
1787073621.217715
1787073621.398582
1787073621.583768
1787073621.762588
1787073621.946837
1787073622.132950
1787073622.313697
1787073622.504296
1787073622.686092
1787073622.871971
1787073623.061730
1787073623.241819
1787073623.426426
1787073623.612709
1787073623.797253
1787073623.984648
1787073624.170359
1787073624.349954
1787073624.535301
1787073624.716124
1787073624.902690
1787073625.095025
1787073625.274858
1787073625.458894
1787073625.640369
1787073625.817833
1787073626.005699
1787073626.193321
1787073626.379580
1787073626.564512
1787073626.750939
1787073626.928915
1787073627.111404
1787073627.292715
1787073627.468798
1787073627.643908
1787073627.825403
1787073628.007802
1787073628.185056
1787073628.369109
1787073628.548778
1787073628.728921
1787073628.909343
1787073629.088423
1787073629.269575
1787073629.446201
1787073629.624935
1787073629.807531
1787073629.990790
1787073630.162532
1787073630.336300
1787073630.511431
1787073630.688598
1787073630.869675
1787073631.044995
1787073631.216862
1787073631.395207
1787073631.577571
1787073631.758674
1787073631.939108
1787073632.125428
1787073632.302584
1787073632.483364
1787073632.666591
1787073632.841091
1787073633.016175
1787073633.197953
1787073633.378663
1787073633.566819
1787073633.748327
1787073633.926501
1787073634.102840
1787073634.278977
1787073634.458652
1787073634.639282
1787073634.823648
1787073634.999265
1787073635.170321
1787073635.348524
1787073635.524786
1787073635.702835
1787073635.881111
1787073636.053607
1787073636.223968
1787073636.398971
1787073636.579523
1787073636.758298
1787073636.933886
1787073637.108036
1787073637.279676
1787073637.448686
1787073637.626904
