1787087102.778859
1787087102.933116
1787087103.085529
1787087103.238978
1787087103.389302
1787087103.542893
1787087103.691855
1787087103.846710
1787087103.995632
1787087104.147671
1787087104.304301
1787087104.461013
1787087104.617272
1787087104.776026
1787087104.932959
1787087105.089407
1787087105.246283
1787087105.403152
1787087105.554320
1787087105.704706
1787087105.861714
1787087106.018068
1787087106.176821
1787087106.334093
1787087106.491162
1787087106.647861
1787087106.802683
1787087106.957678
1787087107.112878
1787087107.262729
1787087107.420075
1787087107.575864
1787087107.734881
1787087107.890064
1787087108.043731
1787087108.199076
1787087108.348207
1787087108.498688
1787087108.657460
1787087108.806706
1787087108.962096
1787087109.117290
1787087109.272183
1787087109.428679
1787087109.585149
1787087109.741889
1787087109.897325
1787087110.053147
1787087110.207906
1787087110.356258
1787087110.504410
1787087110.652043
1787087110.800904
1787087110.954118
1787087111.105624
1787087111.252097
1787087111.402117
1787087111.549401
1787087111.697418
1787087111.851290
1787087112.005704
1787087112.172238
1787087112.313511
1787087112.458009
1787087112.606151
1787087112.755565
1787087112.915108
1787087113.061825
1787087113.214267
1787087113.368118
1787087113.521888
1787087113.674848
1787087113.825222
1787087113.973031
1787087114.127144
1787087114.276274
1787087114.431324
1787087114.577200
1787087114.726837
1787087114.872874
1787087115.026420
1787087115.176733
1787087115.321570
1787087115.474400
1787087115.623128
1787087115.774432
1787087115.925587
1787087116.075925
1787087116.226140
1787087116.373666
1787087116.524329
1787087116.678518
1787087116.830259
1787087116.981874
1787087117.130085
1787087117.281184
1787087117.434483
1787087117.579792
1787087117.724955
1787087117.872663
1787087118.023522
1787087118.175853
1787087118.327913
1787087118.479250
1787087118.624018
1787087118.774287
1787087118.924415
1787087119.075890
1787087119.226787
1787087119.378270
1787087119.529450
1787087119.674690
1787087119.822496
1787087119.973595
1787087120.126194
1787087120.277126
1787087120.424117
1787087120.574919
1787087120.730722
1787087120.882359
1787087121.029658
1787087121.186619
1787087121.331887
1787087121.477592
1787087121.632341
1787087121.782788
1787087121.927260
1787087122.077506
1787087122.224122
1787087122.376020
1787087122.522396
1787087122.677092
1787087122.830890
1787087122.977569
1787087123.130537
1787087123.282253
1787087123.436038
1787087123.590727
1787087123.747370
1787087123.897329
1787087124.051888
1787087124.208092
1787087124.361498
1787087124.510463
1787087124.658917
1787087124.808158
1787087124.962689
1787087125.111635
1787087125.259922
1787087125.408838
1787087125.556853
1787087125.714945
1787087125.870892
1787087126.028484
1787087126.181659
1787087126.336660
1787087126.492594
1787087126.644976
1787087126.800742
1787087126.957380
1787087127.114026
1787087127.271693
1787087127.424158
1787087127.576853
1787087127.735508
1787087127.895771
1787087128.054158
1787087128.213610
1787087128.373881
1787087128.535890
1787087128.695767
1787087128.854700
1787087129.016685
1787087129.177180
1787087129.336773
1787087129.500239
1787087129.654511
1787087129.813226
1787087129.971979
1787087130.133224
1787087130.287167
1787087130.451240
1787087130.610118
1787087130.771797
1787087130.931303
1787087131.091871
1787087131.258530
1787087131.423991
1787087131.583315
1787087131.749167
1787087131.911522
1787087132.076931
1787087132.241696
1787087132.404294
1787087132.561113
1787087132.717512
1787087132.874003
1787087133.038356
1787087133.194471
1787087133.350566
1787087133.519404
1787087133.685415
1787087133.848435
1787087134.013100
1787087134.170384
1787087134.335212
1787087134.496568
1787087134.660553
1787087134.822227
1787087134.987742
1787087135.154174
1787087135.312152
1787087135.474525
1787087135.638865
1787087135.805292
1787087135.970381
1787087136.135897
1787087136.299153
1787087136.464458
1787087136.627146
1787087136.790686
1787087136.957547
1787087137.123836
1787087137.282105
1787087137.445067
1787087137.610518
1787087137.776860
1787087137.943736
1787087138.110909
1787087138.277426
1787087138.445346
1787087138.604520
1787087138.767522
1787087138.934800
1787087139.098137
1787087139.264762
1787087139.430794
1787087139.599026
1787087139.767252
1787087139.928921
1787087140.095006
1787087140.265235
1787087140.425915
1787087140.585123
1787087140.752188
1787087140.915128
1787087141.081631
1787087141.242754
1787087141.399918
1787087141.566754
1787087141.733085
1787087141.898667
1787087142.064660
1787087142.230543
1787087142.397755
1787087142.560194
1787087142.725972
1787087142.891937
1787087143.051391
1787087143.217948
1787087143.383607
1787087143.552098
1787087143.719799
1787087143.886260
1787087144.052499
1787087144.219920
1787087144.388201
1787087144.556870
1787087144.723694
1787087144.884678
1787087145.051487
1787087145.218958
1787087145.387831
1787087145.555317
1787087145.720380
1787087145.887299
1787087146.055679
1787087146.214721
1787087146.381087
1787087146.547366
1787087146.712826
1787087146.881363
1787087147.046831
1787087147.213764
1787087147.378456
1787087147.546977
1787087147.713148
1787087147.880138
1787087148.047119
1787087148.214835
1787087148.381979
1787087148.547609
1787087148.716157
1787087148.877472
1787087149.044699
1787087149.205234
1787087149.371490
1787087149.538298
1787087149.705975
1787087149.875438
1787087150.041966
1787087150.208908
1787087150.376640
1787087150.544692
1787087150.711799
1787087150.878780
1787087151.047473
1787087151.219540
1787087151.383898
1787087151.551170
1787087151.720416
1787087151.889423
1787087152.053921
1787087152.216987
1787087152.380741
1787087152.548428
1787087152.715888
1787087152.884351
1787087153.051436
1787087153.221224
1787087153.389655
1787087153.559605
1787087153.724919
1787087153.894878
1787087154.064372
1787087154.233017
1787087154.402450
1787087154.569311
1787087154.736332
1787087154.905177
1787087155.074785
1787087155.236385
1787087155.400638
1787087155.566225
1787087155.733967
1787087155.903283
1787087156.073286
1787087156.241105
1787087156.408129
1787087156.575665
1787087156.744083
1787087156.912141
1787087157.081550
1787087157.250402
1787087157.419289
1787087157.588711
1787087157.750435
1787087157.917036
1787087158.087365
1787087158.258870
1787087158.428051
1787087158.596716
1787087158.758403
1787087158.928614
1787087159.097391
1787087159.266106
1787087159.436235
1787087159.604907
1787087159.773031
1787087159.944855
1787087160.118467
1787087160.287605
1787087160.452752
1787087160.623171
1787087160.793979
1787087160.965602
1787087161.136901
1787087161.305228
1787087161.464877
1787087161.633945
1787087161.802042
1787087161.971624
1787087162.138412
1787087162.304670
1787087162.469709
1787087162.634663
1787087162.802489
1787087162.972798
1787087163.143009
1787087163.310861
1787087163.479303
1787087163.648395
1787087163.810402
1787087163.980647
1787087164.153891
1787087164.325690
1787087164.493813
1787087164.662859
1787087164.831604
1787087165.001859
1787087165.170938
1787087165.341202
1787087165.509458
1787087165.671188
1787087165.839971
1787087166.006604
1787087166.173899
1787087166.341128
1787087166.509479
1787087166.677472
1787087166.845188
1787087167.015257
1787087167.184791
1787087167.353207
1787087167.521882
1787087167.690084
1787087167.858852
1787087168.027868
1787087168.188304
1787087168.355404
1787087168.523662
1787087168.692969
1787087168.861690
1787087169.023118
1787087169.193093
1787087169.361160
1787087169.531838
1787087169.701012
1787087169.871607
1787087170.039003
1787087170.210371
1787087170.381212
1787087170.546251
1787087170.712452
1787087170.879112
1787087171.041125
1787087171.209956
1787087171.378473
1787087171.537930
1787087171.706104
1787087171.873519
1787087172.039415
1787087172.210374
1787087172.366786
1787087172.535334
1787087172.696770
1787087172.861506
1787087173.029238
1787087173.195226
1787087173.358307
1787087173.526001
1787087173.693325
1787087173.855744
1787087174.023379
1787087174.183188
1787087174.345272
1787087174.510766
1787087174.677660
1787087174.844989
1787087175.008549
1787087175.173632
1787087175.341014
1787087175.501121
1787087175.667563
1787087175.832449
1787087175.998097
1787087176.165916
1787087176.324920
1787087176.489475
1787087176.655579
1787087176.819925
1787087176.985858
1787087177.152044
1787087177.317955
1787087177.484146
1787087177.653283
1787087177.818801
1787087177.984212
1787087178.151731
1787087178.316472
1787087178.481567
1787087178.645642
1787087178.805457
1787087178.968803
1787087179.135949
1787087179.300734
1787087179.466401
1787087179.633382
1787087179.797823
1787087179.962924
1787087180.129162
1787087180.294040
1787087180.459096
1787087180.621183
1787087180.787297
1787087180.956917
1787087181.122111
1787087181.287237
1787087181.453083
1787087181.608916
1787087181.774190
1787087181.940969
1787087182.108142
1787087182.275801
1787087182.441015
1787087182.609508
1787087182.771651
1787087182.938641
1787087183.103927
1787087183.272125
1787087183.434660
1787087183.600623
1787087183.767148
1787087183.932833
1787087184.099175
1787087184.264860
1787087184.428304
1787087184.596954
1787087184.763511
1787087184.928401
1787087185.093688
1787087185.260243
1787087185.425083
1787087185.589614
1787087185.753509
1787087185.913713
1787087186.080694
1787087186.240455
1787087186.411162
1787087186.571785
1787087186.739935
1787087186.908109
1787087187.074644
1787087187.236890
1787087187.397958
1787087187.563880
1787087187.730199
1787087187.896470
1787087188.061847
1787087188.229537
1787087188.396671
1787087188.559031
1787087188.726134
1787087188.888325
1787087189.052731
1787087189.218805
1787087189.383753
1787087189.548674
1787087189.714808
1787087189.882149
1787087190.047941
1787087190.218909
1787087190.385552
1787087190.550243
1787087190.709592
1787087190.876727
1787087191.043169
1787087191.203664
1787087191.370790
1787087191.541769
1787087191.708951
1787087191.873831
1787087192.039398
1787087192.200413
1787087192.363940
1787087192.530560
1787087192.699627
1787087192.866684
1787087193.035568
1787087193.204876
1787087193.372522
1787087193.541681
1787087193.708574
1787087193.876545
1787087194.044098
1787087194.211146
1787087194.378913
1787087194.546763
1787087194.715640
1787087194.884249
1787087195.053461
1787087195.224224
1787087195.392630
1787087195.560530
1787087195.728776
1787087195.898629
1787087196.067110
1787087196.234944
1787087196.404991
1787087196.571627
1787087196.740029
1787087196.910497
1787087197.078288
1787087197.245800
1787087197.407397
1787087197.577136
1787087197.752106
1787087197.920869
1787087198.089419
1787087198.259887
1787087198.427126
1787087198.595843
1787087198.763784
1787087198.930047
1787087199.097392
1787087199.265463
1787087199.426773
1787087199.593484
1787087199.761969
1787087199.928158
1787087200.094658
1787087200.256484
1787087200.426303
1787087200.586257
1787087200.753754
1787087200.924970
1787087201.093869
1787087201.256245
1787087201.427568
1787087201.600622
1787087201.769236
1787087201.937917
1787087202.104780
1787087202.266286
1787087202.431098
1787087202.590069
1787087202.752098
1787087202.917476
1787087203.085556
1787087203.251398
1787087203.419007
1787087203.586053
1787087203.754174
1787087203.914716
1787087204.079199
1787087204.246574
1787087204.412150
1787087204.579324
1787087204.745297
1787087204.907278
1787087205.073230
1787087205.234027
1787087205.399751
1787087205.567569
1787087205.727650
1787087205.894989
1787087206.058323
1787087206.226370
1787087206.391989
1787087206.552065
1787087206.718632
1787087206.885281
1787087207.052362
1787087207.214833
1787087207.381104
1787087207.541812
1787087207.708988
1787087207.874341
1787087208.040282
1787087208.200209
1787087208.362932
1787087208.524691
1787087208.691049
1787087208.857647
1787087209.024900
1787087209.191529
1787087209.360811
1787087209.527563
1787087209.693221
1787087209.859852
1787087210.027385
1787087210.195331
1787087210.360842
1787087210.528932
1787087210.689330
1787087210.862916
1787087211.020557
1787087211.188940
1787087211.356122
1787087211.524250
1787087211.683919
1787087211.852363
1787087212.015334
1787087212.181355
1787087212.353143
1787087212.521393
1787087212.691728
1787087212.863159
1787087213.031176
1787087213.200139
1787087213.368814
1787087213.538600
1787087213.709565
1787087213.875397
1787087214.043334
1787087214.204619
1787087214.369775
1787087214.537172
1787087214.705716
1787087214.873507
1787087215.038699
1787087215.209302
1787087215.375892
1787087215.538561
1787087215.707549
1787087215.868179
1787087216.035292
1787087216.196405
1787087216.363869
1787087216.528565
1787087216.699139
1787087216.859605
1787087217.029592
1787087217.195902
1787087217.358143
1787087217.524170
1787087217.692041
1787087217.860066
1787087218.031124
1787087218.200625
1787087218.369593
1787087218.540278
1787087218.711641
1787087218.876018
1787087219.045802
1787087219.209144
1787087219.377939
1787087219.547730
1787087219.711698
1787087219.879494
1787087220.048947
1787087220.211195
1787087220.379921
1787087220.547964
1787087220.710752
1787087220.880804
1787087221.050463
1787087221.220790
1787087221.383747
1787087221.555161
1787087221.716013
1787087221.886433
1787087222.054918
1787087222.225935
1787087222.391144
1787087222.557785
1787087222.727814
1787087222.889444
1787087223.059034
1787087223.225794
1787087223.398009
1787087223.559354
1787087223.727982
1787087223.897314
1787087224.066158
1787087224.236193
1787087224.405991
1787087224.573299
1787087224.741695
1787087224.910807
1787087225.081518
1787087225.249707
1787087225.421306
1787087225.592282
1787087225.754781
1787087225.917061
1787087226.087194
1787087226.256259
1787087226.424409
1787087226.592949
1787087226.759786
1787087226.929519
1787087227.097673
1787087227.266079
1787087227.434630
1787087227.601619
1787087227.769813
1787087227.936724
1787087228.103193
1787087228.271151
1787087228.434126
1787087228.601253
1787087228.768858
1787087228.937542
1787087229.100788
1787087229.270931
1787087229.433035
1787087229.593107
1787087229.759654
1787087229.929006
1787087230.096815
1787087230.259313
1787087230.423244
1787087230.591480
1787087230.756757
1787087230.917316
1787087231.082344
1787087231.249406
1787087231.414487
1787087231.575095
1787087231.739879
1787087231.911223
1787087232.082170
1787087232.248969
1787087232.406284
1787087232.575936
1787087232.746612
1787087232.916038
1787087233.078059
1787087233.246681
1787087233.410161
1787087233.573528
1787087233.742895
1787087233.914669
1787087234.081857
1787087234.249440
1787087234.420379
1787087234.583622
1787087234.753808
1787087234.920501
1787087235.089544
1787087235.254957
1787087235.414351
1787087235.581437
1787087235.747776
1787087235.913468
1787087236.080220
1787087236.247482
1787087236.415857
1787087236.582356
1787087236.747315
1787087236.913553
1787087237.078633
1787087237.245610
1787087237.405043
1787087237.574296
1787087237.734785
1787087237.898412
1787087238.067230
1787087238.233133
1787087238.400545
1787087238.566026
1787087238.733773
1787087238.899641
1787087239.064847
1787087239.228882
1787087239.392661
1787087239.559236
1787087239.723544
1787087239.888780
1787087240.053739
1787087240.219409
1787087240.383545
1787087240.543592
1787087240.705607
1787087240.870784
1787087241.035694
1787087241.193964
1787087241.351596
1787087241.515805
1787087241.679828
1787087241.836837
1787087241.999956
1787087242.165740
1787087242.330085
1787087242.497849
1787087242.655503
1787087242.820522
1787087242.985656
1787087243.149221
1787087243.313742
1787087243.487658
1787087243.646061
1787087243.803569
1787087243.962256
1787087244.120057
1787087244.275524
1787087244.434322
1787087244.590293
1787087244.747918
1787087244.906635
1787087245.069297
1787087245.228191
1787087245.387408
1787087245.546832
1787087245.707127
1787087245.867614
1787087246.023779
1787087246.183000
1787087246.345164
1787087246.524889
1787087246.677094
1787087246.833251
1787087246.993034
1787087247.153151
1787087247.309587
1787087247.474493
1787087247.637907
1787087247.799824
1787087247.957430
1787087248.121236
1787087248.285914
1787087248.448528
1787087248.605806
1787087248.771740
1787087248.937429
1787087249.095036
1787087249.258099
1787087249.415146
1787087249.584057
1787087249.741857
1787087249.906229
1787087250.069994
1787087250.230547
1787087250.389585
1787087250.552241
1787087250.710381
1787087250.867762
1787087251.029180
1787087251.187998
1787087251.351882
1787087251.517995
1787087251.684151
1787087251.849755
1787087252.018867
1787087252.180579
1787087252.346750
1787087252.517336
1787087252.681949
1787087252.839637
1787087252.999096
1787087253.163765
1787087253.325974
1787087253.489119
1787087253.651698
1787087253.810151
1787087253.967971
1787087254.124555
1787087254.288378
1787087254.450207
1787087254.615189
1787087254.781089
1787087254.945099
1787087255.107394
1787087255.271493
1787087255.437358
1787087255.595812
1787087255.760248
1787087255.925145
1787087256.090270
1787087256.249982
1787087256.417588
1787087256.576461
1787087256.745513
1787087256.912687
1787087257.078038
1787087257.241490
1787087257.399964
1787087257.565578
1787087257.730761
1787087257.898913
1787087258.064040
1787087258.225630
1787087258.383181
1787087258.541303
1787087258.704137
1787087258.867233
1787087259.029427
1787087259.192569
1787087259.359533
1787087259.522711
1787087259.688098
1787087259.850862
1787087260.015784
1787087260.182783
1787087260.342983
1787087260.508962
1787087260.673522
1787087260.836668
1787087261.004448
1787087261.164481
1787087261.329530
1787087261.494055
1787087261.659015
1787087261.826980
1787087261.991094
1787087262.158279
1787087262.323614
1787087262.487484
1787087262.653875
1787087262.820419
1787087262.986591
1787087263.150998
1787087263.315554
1787087263.483269
1787087263.649128
1787087263.813411
1787087263.982336
1787087264.142598
1787087264.307923
1787087264.472989
1787087264.641324
1787087264.799611
1787087264.968500
1787087265.131226
1787087265.297728
1787087265.464914
1787087265.625412
1787087265.794179
1787087265.954768
1787087266.121501
1787087266.290169
1787087266.457960
1787087266.621901
1787087266.789450
1787087266.958995
1787087267.126840
1787087267.288929
1787087267.456470
1787087267.624587
1787087267.785310
1787087267.954298
1787087268.122715
1787087268.290430
1787087268.458812
1787087268.626057
1787087268.794179
1787087268.960908
1787087269.128831
1787087269.296597
1787087269.467098
1787087269.627144
1787087269.794886
1787087269.962270
1787087270.129931
1787087270.296403
1787087270.456947
1787087270.625360
1787087270.786768
1787087270.951999
1787087271.113001
1787087271.275030
1787087271.442855
1787087271.609711
1787087271.782068
1787087271.944196
1787087272.110431
1787087272.274868
1787087272.438049
1787087272.605606
1787087272.766553
1787087272.934442
1787087273.101897
1787087273.269045
1787087273.436663
1787087273.605429
1787087273.770841
1787087273.938124
1787087274.107517
1787087274.271891
1787087274.438228
1787087274.607575
1787087274.774173
1787087274.943875
1787087275.111862
1787087275.280126
1787087275.448508
1787087275.616211
1787087275.784319
1787087275.950603
1787087276.112541
1787087276.281885
1787087276.453251
1787087276.615133
1787087276.782516
1787087276.949080
1787087277.117108
1787087277.278569
1787087277.447349
1787087277.615238
1787087277.783059
1787087277.955018
1787087278.117177
1787087278.285715
1787087278.451623
1787087278.619733
1787087278.787263
1787087278.956313
1787087279.125243
1787087279.286045
1787087279.452979
1787087279.620464
1787087279.787701
1787087279.956031
1787087280.124537
1787087280.291948
1787087280.458489
1787087280.624533
1787087280.787647
1787087280.955630
1787087281.122489
1787087281.283374
1787087281.450046
1787087281.607342
1787087281.774005
1787087281.945298
1787087282.111676
1787087282.279201
1787087282.447309
1787087282.607512
1787087282.774884
1787087282.947082
1787087283.113631
1787087283.275243
1787087283.445177
1787087283.611181
1787087283.779697
1787087283.947775
1787087284.111495
1787087284.277461
1787087284.446068
1787087284.613870
1787087284.782278
1787087284.946697
1787087285.112785
1787087285.280813
1787087285.449414
1787087285.624230
1787087285.797645
1787087285.966063
1787087286.130159
1787087286.300291
1787087286.469624
1787087286.638937
1787087286.807264
1787087286.973367
1787087287.136011
1787087287.304026
1787087287.472588
1787087287.640922
1787087287.803749
1787087287.973015
1787087288.144201
1787087288.314363
1787087288.483840
1787087288.652927
1787087288.826707
1787087288.998301
1787087289.169859
1787087289.335629
1787087289.506143
1787087289.676381
1787087289.846163
1787087290.017550
1787087290.181797
1787087290.351381
1787087290.519439
1787087290.691629
1787087290.862159
1787087291.032120
1787087291.202006
1787087291.372205
1787087291.549068
1787087291.717882
1787087291.890439
1787087292.052031
1787087292.224724
1787087292.393623
1787087292.564029
1787087292.733257
1787087292.902949
1787087293.071707
1787087293.241508
1787087293.411309
1787087293.579524
1787087293.743441
1787087293.915300
1787087294.083275
1787087294.254016
1787087294.423746
1787087294.596904
1787087294.767164
1787087294.936712
1787087295.106364
1787087295.269922
1787087295.444587
1787087295.614327
1787087295.786125
1787087295.953877
1787087296.123315
1787087296.293244
1787087296.464199
1787087296.635851
1787087296.808320
1787087296.984621
1787087297.150804
1787087297.323600
1787087297.496021
1787087297.668377
1787087297.841514
1787087298.014614
1787087298.188514
1787087298.362336
1787087298.530608
1787087298.696589
1787087298.869667
1787087299.041863
1787087299.213231
1787087299.383948
1787087299.555814
1787087299.730316
1787087299.901373
1787087300.072772
1787087300.244703
1787087300.418580
1787087300.592660
1787087300.764207
1787087300.937320
1787087301.110229
1787087301.275311
1787087301.447614
1787087301.619817
1787087301.785912
1787087301.964710
1787087302.127169
1787087302.293972
1787087302.466244
1787087302.640481
1787087302.804706
1787087302.974988
1787087303.144567
1787087303.316175
1787087303.490383
1787087303.659237
1787087303.836207
1787087304.004384
1787087304.175145
1787087304.344169
1787087304.514308
1787087304.684690
1787087304.853595
1787087305.023920
1787087305.194216
1787087305.358156
1787087305.528031
1787087305.698615
1787087305.871167
1787087306.035756
1787087306.212407
1787087306.379416
1787087306.551006
1787087306.719255
1787087306.890785
1787087307.062118
1787087307.230284
1787087307.393426
1787087307.563556
1787087307.734376
1787087307.905113
1787087308.076073
1787087308.247775
1787087308.419235
1787087308.590585
1787087308.760223
1787087308.924572
1787087309.094741
1787087309.262028
1787087309.433290
1787087309.606558
1787087309.768949
1787087309.940197
1787087310.109478
1787087310.274854
1787087310.445392
1787087310.618794
1787087310.786124
1787087310.958369
1787087311.123163
1787087311.288568
1787087311.460717
1787087311.626757
1787087311.804263
1787087311.970560
1787087312.136251
1787087312.310845
1787087312.474473
1787087312.645161
1787087312.818938
1787087312.987306
1787087313.152744
1787087313.324291
1787087313.489010
1787087313.659347
1787087313.824351
1787087313.994103
1787087314.164184
1787087314.335121
1787087314.507336
1787087314.677508
1787087314.842339
1787087315.013053
1787087315.179017
1787087315.350172
1787087315.520688
1787087315.689424
1787087315.862130
1787087316.029697
1787087316.199840
1787087316.363334
1787087316.534278
1787087316.704628
1787087316.874465
1787087317.043952
1787087317.214551
1787087317.384158
1787087317.553939
1787087317.723114
1787087317.892488
1787087318.063221
1787087318.233052
1787087318.402315
1787087318.571398
1787087318.735436
1787087318.905304
1787087319.074934
1787087319.240876
1787087319.408497
1787087319.574405
1787087319.749376
1787087319.918370
1787087320.081988
1787087320.250411
1787087320.421671
1787087320.591590
1787087320.761613
1787087320.924769
1787087321.090715
1787087321.253012
1787087321.421414
1787087321.590143
1787087321.758339
1787087321.926772
1787087322.095185
1787087322.262067
1787087322.424587
1787087322.593574
1787087322.763235
1787087322.932339
1787087323.100699
1787087323.263666
1787087323.432381
1787087323.599853
1787087323.762030
1787087323.925148
1787087324.094667
1787087324.259171
1787087324.428671
1787087324.599349
1787087324.763804
1787087324.931021
1787087325.097203
1787087325.265369
1787087325.431713
1787087325.600358
1787087325.770386
1787087325.934241
1787087326.103308
1787087326.269157
1787087326.438870
1787087326.610047
1787087326.772903
1787087326.939521
1787087327.103782
1787087327.271959
1787087327.440322
1787087327.610535
1787087327.778395
1787087327.940474
1787087328.105826
1787087328.268332
1787087328.431084
1787087328.600020
1787087328.766934
1787087328.935327
1787087329.103896
1787087329.271010
1787087329.439575
1787087329.605695
1787087329.767523
1787087329.937431
1787087330.104140
1787087330.271918
1787087330.439650
1787087330.611892
1787087330.783168
1787087330.951669
1787087331.116317
1787087331.270478
1787087331.445055
1787087331.610821
1787087331.782693
1787087331.950978
1787087332.117938
1787087332.287928
1787087332.448882
1787087332.615509
1787087332.786168
1787087332.951655
1787087333.117147
1787087333.278341
1787087333.446333
1787087333.613263
1787087333.779763
1787087333.949638
1787087334.116456
1787087334.285324
1787087334.451750
1787087334.618890
1787087334.788444
1787087334.953059
1787087335.120272
1787087335.286970
1787087335.452576
1787087335.619070
1787087335.786378
1787087335.954467
1787087336.122144
1787087336.288210
1787087336.457043
1787087336.617445
1787087336.784343
1787087336.945584
1787087337.114145
1787087337.276440
1787087337.437915
1787087337.605301
1787087337.773055
1787087337.939019
1787087338.107162
1787087338.268680
1787087338.438033
1787087338.597953
1787087338.766608
1787087338.932989
1787087339.101710
1787087339.265261
1787087339.432248
1787087339.599375
1787087339.760700
1787087339.925246
1787087340.091590
1787087340.256219
1787087340.422756
1787087340.587536
1787087340.758057
1787087340.923831
1787087341.089155
1787087341.255753
1787087341.424644
1787087341.588447
1787087341.754756
1787087341.919922
1787087342.084383
1787087342.249846
1787087342.415354
1787087342.580459
1787087342.745696
1787087342.904527
1787087343.070045
1787087343.231399
1787087343.398092
1787087343.566450
1787087343.725857
1787087343.890322
1787087344.059667
1787087344.227847
1787087344.392767
1787087344.552461
1787087344.720251
1787087344.886384
1787087345.050664
1787087345.217231
1787087345.383483
1787087345.548923
1787087345.714014
1787087345.873244
1787087346.040449
1787087346.205019
1787087346.365343
1787087346.534727
1787087346.694398
1787087346.858053
1787087347.025484
1787087347.184041
1787087347.349693
1787087347.514889
1787087347.680772
1787087347.847333
1787087348.010762
1787087348.172731
1787087348.331154
1787087348.495377
1787087348.660003
1787087348.825204
1787087348.989107
1787087349.156534
1787087349.320310
1787087349.485324
1787087349.647791
1787087349.814621
1787087349.978335
1787087350.143205
1787087350.308218
1787087350.474070
1787087350.641299
1787087350.806301
1787087350.974090
1787087351.138891
1787087351.295508
1787087351.459636
1787087351.625109
1787087351.784930
1787087351.949091
1787087352.114134
1787087352.279697
1787087352.439706
1787087352.597421
1787087352.761947
1787087352.926370
1787087353.090714
1787087353.257108
1787087353.414419
1787087353.579607
1787087353.746747
1787087353.911383
1787087354.075951
1787087354.240133
1787087354.407772
1787087354.568729
1787087354.735426
1787087354.900452
1787087355.070098
1787087355.239681
1787087355.395775
1787087355.562116
1787087355.727655
1787087355.893529
1787087356.059017
1787087356.224823
1787087356.383847
1787087356.546913
1787087356.711438
1787087356.874989
1787087357.039856
1787087357.198302
1787087357.364551
1787087357.527851
1787087357.694206
1787087357.859306
1787087358.024217
1787087358.191966
1787087358.351881
1787087358.510606
1787087358.674248
1787087358.838820
1787087359.003420
1787087359.163640
1787087359.325433
1787087359.492203
1787087359.656852
1787087359.822702
1787087359.982714
1787087360.142087
1787087360.308576
1787087360.467706
1787087360.635014
1787087360.795316
1787087360.961946
1787087361.127612
1787087361.293888
1787087361.455018
1787087361.621500
1787087361.787782
1787087361.954979
1787087362.119363
1787087362.286854
1787087362.445435
1787087362.612152
1787087362.779261
1787087362.945982
1787087363.112688
1787087363.274488
1787087363.442785
1787087363.609758
1787087363.778657
1787087363.945797
1787087364.113794
1787087364.281292
1787087364.449754
1787087364.617420
1787087364.784595
1787087364.951665
1787087365.118417
1787087365.287836
1787087365.457445
1787087365.625508
1787087365.793312
1787087365.960866
1787087366.129203
1787087366.295465
1787087366.464271
