1787073922.620487
1787073922.775851
1787073922.923897
1787073923.070210
1787073923.223962
1787073923.372532
1787073923.520550
1787073923.669324
1787073923.816833
1787073923.966100
1787073924.117175
1787073924.267522
1787073924.417755
1787073924.589071
1787073924.746202
1787073924.901397
1787073925.058383
1787073925.210297
1787073925.364936
1787073925.514291
1787073925.664620
1787073925.813631
1787073925.961023
1787073926.108430
1787073926.255460
1787073926.405706
1787073926.553629
1787073926.715298
1787073926.863577
1787073927.018096
1787073927.172021
1787073927.325523
1787073927.473125
1787073927.621947
1787073927.771032
1787073927.922188
1787073928.070614
1787073928.219911
1787073928.367998
1787073928.524476
1787073928.686568
1787073928.857781
1787073929.013336
1787073929.162763
1787073929.309968
1787073929.456378
1787073929.605179
1787073929.751718
1787073929.900093
1787073930.049450
1787073930.196790
1787073930.343343
1787073930.488822
1787073930.642761
1787073930.793156
1787073930.947483
1787073931.095960
1787073931.242826
1787073931.390141
1787073931.536703
1787073931.684130
1787073931.836021
1787073931.981956
1787073932.136670
1787073932.287562
1787073932.442130
1787073932.586244
1787073932.738271
1787073932.883169
1787073933.028011
1787073933.179197
1787073933.325214
1787073933.469065
1787073933.620166
1787073933.770514
1787073933.921564
1787073934.065793
1787073934.216905
1787073934.367238
1787073934.517225
1787073934.670302
1787073934.821667
1787073934.966205
1787073935.111081
1787073935.254846
1787073935.400191
1787073935.547765
1787073935.689638
1787073935.836089
1787073935.982350
1787073936.125233
1787073936.268371
1787073936.418674
1787073936.567657
1787073936.716187
1787073936.866425
1787073937.016766
1787073937.169250
1787073937.319813
1787073937.467247
1787073937.618297
1787073937.769652
1787073937.917743
1787073938.069848
1787073938.220685
1787073938.371789
1787073938.525967
1787073938.672500
1787073938.818916
1787073938.969894
1787073939.116397
1787073939.261329
1787073939.412574
1787073939.567644
1787073939.720434
1787073939.872615
1787073940.020182
1787073940.174126
1787073940.320945
1787073940.472080
1787073940.622767
1787073940.770139
1787073940.916717
1787073941.063973
1787073941.218155
1787073941.372744
1787073941.521123
1787073941.677772
1787073941.826171
1787073941.973676
1787073942.121377
1787073942.269580
1787073942.423271
1787073942.572142
1787073942.722438
1787073942.876313
1787073943.028311
1787073943.176559
1787073943.330255
1787073943.485512
1787073943.641265
1787073943.791980
1787073943.951030
1787073944.106413
1787073944.258186
1787073944.408721
1787073944.560478
1787073944.720341
1787073944.877170
1787073945.034021
1787073945.193717
1787073945.353978
1787073945.505258
1787073945.662540
1787073945.822517
1787073945.974157
1787073946.127589
1787073946.285222
1787073946.437900
1787073946.598357
1787073946.752864
1787073946.907127
1787073947.060980
1787073947.216863
1787073947.378035
1787073947.538627
1787073947.698104
1787073947.860178
1787073948.016355
1787073948.173207
1787073948.338661
1787073948.500481
1787073948.656166
1787073948.817449
1787073948.990442
1787073949.147568
1787073949.301481
1787073949.456948
1787073949.616074
1787073949.779798
1787073949.936451
1787073950.094639
1787073950.252269
1787073950.416548
1787073950.574734
1787073950.742038
1787073950.902533
1787073951.062411
1787073951.219632
1787073951.378309
1787073951.537481
1787073951.699367
1787073951.858248
1787073952.017106
1787073952.179075
1787073952.345699
1787073952.505617
1787073952.671839
1787073952.831911
1787073952.997065
1787073953.159545
1787073953.324477
1787073953.493909
1787073953.664659
1787073953.830714
1787073954.000698
1787073954.170327
1787073954.330711
1787073954.499923
1787073954.667571
1787073954.836462
1787073955.006948
1787073955.169234
1787073955.336909
1787073955.498885
1787073955.665174
1787073955.827843
1787073955.997036
1787073956.166049
1787073956.335343
1787073956.505862
1787073956.677279
1787073956.848702
1787073957.012576
1787073957.185168
1787073957.348218
1787073957.517724
1787073957.687592
1787073957.857250
1787073958.021161
1787073958.183610
1787073958.356443
1787073958.525463
1787073958.696151
1787073958.863530
1787073959.030957
1787073959.204341
1787073959.373083
1787073959.542628
1787073959.715312
1787073959.883672
1787073960.050520
1787073960.212528
1787073960.383069
1787073960.554022
1787073960.726345
1787073960.888582
1787073961.051346
1787073961.220334
1787073961.382057
1787073961.552090
1787073961.714797
1787073961.881428
1787073962.043771
1787073962.212916
1787073962.376987
1787073962.546637
1787073962.715063
1787073962.886189
1787073963.049824
1787073963.213230
1787073963.383372
1787073963.546691
1787073963.717891
1787073963.888448
1787073964.059134
1787073964.228858
1787073964.397558
1787073964.568027
1787073964.737078
1787073964.904647
1787073965.067409
1787073965.234659
1787073965.405961
1787073965.569369
1787073965.733148
1787073965.903015
1787073966.073285
1787073966.242617
1787073966.411754
1787073966.576019
1787073966.743499
1787073966.907503
1787073967.076394
1787073967.246097
1787073967.417021
1787073967.580922
1787073967.750037
1787073967.918349
1787073968.085832
1787073968.254026
1787073968.423170
1787073968.590804
1787073968.762271
1787073968.931261
1787073969.096666
1787073969.267666
1787073969.433115
1787073969.597867
1787073969.763605
1787073969.928652
1787073970.092467
1787073970.265427
1787073970.431240
1787073970.597554
1787073970.767376
1787073970.935775
1787073971.107636
1787073971.277384
1787073971.446633
1787073971.616438
1787073971.786220
1787073971.952833
1787073972.130385
1787073972.294474
1787073972.466252
1787073972.633440
1787073972.801277
1787073972.974454
1787073973.145815
1787073973.315222
1787073973.484794
1787073973.653873
1787073973.824649
1787073973.989472
1787073974.160448
1787073974.329619
1787073974.495254
1787073974.662323
1787073974.834836
1787073975.003521
1787073975.172954
1787073975.336334
1787073975.506167
1787073975.678276
1787073975.841897
1787073976.009235
1787073976.172697
1787073976.342602
1787073976.508768
1787073976.680850
1787073976.852062
1787073977.018578
1787073977.183527
1787073977.346887
1787073977.515857
1787073977.684023
1787073977.855755
1787073978.026996
1787073978.196607
1787073978.368409
1787073978.537237
1787073978.707409
1787073978.878210
1787073979.050118
1787073979.222529
1787073979.389113
1787073979.556100
1787073979.724794
1787073979.900638
1787073980.069931
1787073980.234632
1787073980.405481
1787073980.570463
1787073980.738184
1787073980.907310
1787073981.072401
1787073981.243431
1787073981.413330
1787073981.586585
1787073981.752101
1787073981.921917
1787073982.093879
1787073982.262148
1787073982.426346
1787073982.595235
1787073982.763174
1787073982.931723
1787073983.098304
1787073983.263309
1787073983.434440
1787073983.598943
1787073983.771602
1787073983.946369
1787073984.118512
1787073984.287824
1787073984.459700
1787073984.625556
1787073984.791139
1787073984.966945
1787073985.135042
1787073985.306310
1787073985.472636
1787073985.642763
1787073985.806940
1787073985.978825
1787073986.147057
1787073986.317921
1787073986.492571
1787073986.666940
1787073986.839124
1787073987.005122
1787073987.173133
1787073987.339240
1787073987.515232
1787073987.680396
1787073987.852350
1787073988.027638
1787073988.193352
1787073988.358958
1787073988.532200
1787073988.705432
1787073988.872439
1787073989.047810
1787073989.220872
1787073989.394762
1787073989.559537
1787073989.732372
1787073989.903961
1787073990.069032
1787073990.239977
1787073990.411642
1787073990.585864
1787073990.759128
1787073990.933531
1787073991.099246
1787073991.275752
1787073991.450049
1787073991.626277
1787073991.800436
1787073991.974660
1787073992.143386
1787073992.318850
1787073992.492402
1787073992.669728
1787073992.842761
1787073993.021459
1787073993.189714
1787073993.363482
1787073993.538187
1787073993.708896
1787073993.883458
1787073994.057911
1787073994.232836
1787073994.402471
1787073994.571258
1787073994.742277
1787073994.914516
1787073995.085234
1787073995.254771
1787073995.424494
1787073995.597300
1787073995.774995
1787073995.949154
1787073996.125991
1787073996.292349
1787073996.469773
1787073996.644599
1787073996.818721
1787073996.990173
1787073997.165876
1787073997.334350
1787073997.505922
1787073997.679285
1787073997.853128
1787073998.027651
1787073998.205306
1787073998.383499
1787073998.561027
1787073998.737060
1787073998.913049
1787073999.087799
1787073999.262692
1787073999.438468
1787073999.608062
1787073999.783265
1787073999.953685
1787074000.131655
1787074000.307281
1787074000.479872
1787074000.657434
1787074000.826967
1787074001.002545
1787074001.176688
1787074001.351530
1787074001.527289
1787074001.701100
1787074001.871072
1787074002.046794
1787074002.220631
1787074002.394115
1787074002.566755
1787074002.734767
1787074002.903767
1787074003.074364
1787074003.240934
1787074003.415603
1787074003.586944
1787074003.759988
1787074003.933396
1787074004.108354
1787074004.278925
1787074004.452866
1787074004.621340
1787074004.796441
1787074004.964145
1787074005.134778
1787074005.307665
1787074005.481079
1787074005.650852
1787074005.819200
1787074005.991608
1787074006.165831
1787074006.331456
1787074006.506956
1787074006.675944
1787074006.850263
1787074007.020130
1787074007.191213
1787074007.358718
1787074007.535148
1787074007.714531
1787074007.888372
1787074008.059074
1787074008.232589
1787074008.406096
1787074008.581429
1787074008.754459
1787074008.926565
1787074009.093876
1787074009.268788
1787074009.444154
1787074009.616741
1787074009.784193
1787074009.958318
1787074010.133699
1787074010.309596
1787074010.479898
1787074010.656072
1787074010.835551
1787074011.011533
1787074011.183259
1787074011.352073
1787074011.527989
1787074011.705362
1787074011.878979
1787074012.054112
1787074012.222911
1787074012.394514
1787074012.566988
1787074012.738155
1787074012.911899
1787074013.078627
1787074013.250637
1787074013.423311
1787074013.591111
1787074013.769246
1787074013.936644
1787074014.105678
1787074014.276740
1787074014.441898
1787074014.615627
1787074014.788473
1787074014.962282
1787074015.130443
1787074015.299683
1787074015.469950
1787074015.642319
1787074015.807797
1787074015.978917
1787074016.150631
1787074016.320553
1787074016.484703
1787074016.655668
1787074016.827943
1787074016.999028
1787074017.169240
1787074017.341305
1787074017.513029
1787074017.688506
1787074017.855546
1787074018.020513
1787074018.186007
1787074018.359420
1787074018.534134
1787074018.701519
1787074018.869017
1787074019.041670
1787074019.215281
1787074019.381310
1787074019.555425
1787074019.720078
1787074019.892658
1787074020.062459
1787074020.227202
1787074020.399415
1787074020.570441
1787074020.742826
1787074020.914364
1787074021.085168
1787074021.254540
1787074021.426604
1787074021.600649
1787074021.774067
1787074021.945615
1787074022.118343
1787074022.292177
1787074022.458456
1787074022.624347
1787074022.797965
1787074022.967512
1787074023.132756
1787074023.305429
1787074023.478368
1787074023.644634
1787074023.816196
1787074023.986147
1787074024.155236
1787074024.326177
1787074024.488921
1787074024.658907
1787074024.832713
1787074024.997818
1787074025.163198
1787074025.331498
1787074025.505641
1787074025.679385
1787074025.851475
1787074026.024106
1787074026.197569
1787074026.370418
1787074026.542217
1787074026.716392
1787074026.882070
1787074027.054423
1787074027.226200
1787074027.392837
1787074027.566154
1787074027.737741
1787074027.905556
1787074028.073626
1787074028.246928
1787074028.412708
1787074028.588104
1787074028.755841
1787074028.922212
1787074029.096703
1787074029.271528
1787074029.443863
1787074029.619656
1787074029.785596
1787074029.961175
1787074030.128723
1787074030.303577
1787074030.476710
1787074030.650588
1787074030.819081
1787074030.990027
1787074031.165640
1787074031.335373
1787074031.503988
1787074031.675593
1787074031.850465
1787074032.018834
1787074032.187643
1787074032.364710
1787074032.533972
1787074032.705582
1787074032.878008
1787074033.050825
1787074033.218474
1787074033.393537
1787074033.568524
1787074033.739849
1787074033.912526
1787074034.087359
1787074034.259715
1787074034.436920
1787074034.604823
1787074034.771805
1787074034.947430
1787074035.117302
1787074035.288045
1787074035.464525
1787074035.645601
1787074035.824651
1787074036.003893
1787074036.181735
1787074036.360110
1787074036.543421
1787074036.721890
1787074036.902027
1787074037.081089
1787074037.260365
1787074037.440366
1787074037.614664
1787074037.782339
1787074037.957054
1787074038.133615
1787074038.308089
1787074038.483143
1787074038.664538
1787074038.840670
1787074039.017610
1787074039.188165
1787074039.366363
1787074039.544188
1787074039.726292
1787074039.902773
1787074040.077467
1787074040.251653
1787074040.422783
1787074040.602482
1787074040.783553
1787074040.975560
1787074041.153444
1787074041.331738
1787074041.501475
1787074041.681667
1787074041.860066
1787074042.042133
1787074042.217683
1787074042.395660
1787074042.573330
1787074042.745072
1787074042.918223
1787074043.088661
1787074043.265019
1787074043.440626
1787074043.612541
1787074043.780176
1787074043.956234
1787074044.131313
1787074044.303387
1787074044.477839
1787074044.655438
1787074044.833049
1787074045.008521
1787074045.186136
1787074045.361819
1787074045.533142
1787074045.710396
1787074045.884963
1787074046.054086
1787074046.228172
1787074046.396678
1787074046.566726
1787074046.741974
1787074046.919682
1787074047.093043
1787074047.263867
1787074047.433906
1787074047.612077
1787074047.791592
1787074047.962821
1787074048.135199
1787074048.313576
1787074048.487976
1787074048.674901
1787074048.860495
1787074049.043253
1787074049.220863
1787074049.400760
1787074049.582081
1787074049.757515
1787074049.937718
1787074050.108330
1787074050.286990
1787074050.467967
1787074050.645409
1787074050.830065
1787074051.009142
1787074051.187585
1787074051.369190
1787074051.551473
1787074051.731966
1787074051.917161
1787074052.095364
1787074052.275144
1787074052.457672
1787074052.639992
1787074052.820391
1787074052.990956
1787074053.171692
1787074053.351932
1787074053.534781
1787074053.714974
1787074053.894263
1787074054.071056
1787074054.255670
1787074054.437776
1787074054.629095
1787074054.829738
1787074055.015244
1787074055.205227
1787074055.400115
1787074055.588850
1787074055.778141
1787074055.961926
1787074056.154926
1787074056.344871
1787074056.533882
1787074056.721314
1787074056.908096
1787074057.100718
1787074057.281709
1787074057.468253
1787074057.652246
1787074057.833485
1787074058.017981
1787074058.197563
1787074058.372634
1787074058.560097
1787074058.745070
1787074058.928946
1787074059.111373
1787074059.293229
1787074059.474985
1787074059.658139
1787074059.838210
1787074060.019356
1787074060.197363
1787074060.375059
1787074060.557092
1787074060.735405
1787074060.916313
1787074061.098717
1787074061.275810
1787074061.457739
1787074061.642912
1787074061.822557
1787074062.005565
1787074062.180233
1787074062.357154
1787074062.536595
1787074062.719025
1787074062.899117
1787074063.079184
1787074063.258888
1787074063.435447
1787074063.613431
1787074063.792814
1787074063.974658
1787074064.156556
1787074064.336585
1787074064.510678
1787074064.689743
1787074064.870994
1787074065.054319
1787074065.239377
1787074065.424650
1787074065.607916
1787074065.783084
1787074065.963121
1787074066.140677
1787074066.316554
1787074066.498298
1787074066.670815
1787074066.844187
1787074067.025037
1787074067.205500
1787074067.384503
1787074067.560992
1787074067.740046
1787074067.925525
1787074068.100633
1787074068.280787
1787074068.460978
1787074068.643360
1787074068.823682
1787074068.997422
1787074069.171276
1787074069.347730
1787074069.528729
1787074069.705868
1787074069.879395
1787074070.058510
1787074070.234838
1787074070.411847
1787074070.591854
1787074070.775098
1787074070.955943
1787074071.137240
1787074071.316032
1787074071.491611
1787074071.663637
1787074071.842633
1787074072.018754
1787074072.198931
1787074072.381185
1787074072.559721
1787074072.742326
1787074072.914785
1787074073.094059
1787074073.272113
1787074073.448803
1787074073.626616
1787074073.805163
1787074073.986489
1787074074.163003
1787074074.344211
1787074074.520324
1787074074.696341
1787074074.871255
1787074075.051311
1787074075.234949
1787074075.418367
1787074075.594912
1787074075.776199
1787074075.950386
1787074076.125495
1787074076.307382
1787074076.486975
1787074076.663046
1787074076.842294
1787074077.022724
1787074077.202286
1787074077.382341
1787074077.562149
1787074077.744036
1787074077.922994
1787074078.102575
1787074078.283775
1787074078.463914
1787074078.641199
1787074078.820369
1787074078.997720
1787074079.177815
1787074079.358816
1787074079.539690
1787074079.714168
1787074079.895272
1787074080.069026
1787074080.242027
1787074080.423326
1787074080.603903
1787074080.779947
1787074080.959232
1787074081.133408
1787074081.313488
1787074081.491471
1787074081.666011
1787074081.844950
1787074082.022828
1787074082.199299
1787074082.373310
1787074082.544144
1787074082.722857
1787074082.903270
1787074083.082027
1787074083.262216
1787074083.436126
1787074083.609292
1787074083.781839
1787074083.953715
1787074084.130614
1787074084.309164
1787074084.481215
1787074084.659253
1787074084.837544
1787074085.008200
1787074085.181070
1787074085.363409
1787074085.543836
1787074085.722179
1787074085.901462
1787074086.074712
1787074086.255899
1787074086.434850
1787074086.616807
1787074086.796274
1787074086.974750
1787074087.156321
1787074087.329191
1787074087.504290
1787074087.682470
1787074087.854732
1787074088.032153
1787074088.208853
1787074088.373044
1787074088.549298
1787074088.725556
1787074088.902489
1787074089.082597
1787074089.260545
1787074089.443988
1787074089.618654
1787074089.798243
1787074089.980191
1787074090.151318
1787074090.322803
1787074090.502074
1787074090.684279
1787074090.860831
1787074091.033917
1787074091.209700
1787074091.380116
1787074091.559008
1787074091.730741
1787074091.903221
1787074092.084136
1787074092.254401
1787074092.426311
1787074092.599007
1787074092.777078
1787074092.953633
1787074093.132052
1787074093.306399
1787074093.479986
1787074093.658108
1787074093.831650
1787074094.007599
1787074094.180953
1787074094.360769
1787074094.540928
1787074094.718038
1787074094.889781
1787074095.065916
1787074095.235833
1787074095.408986
1787074095.588122
1787074095.766658
1787074095.942660
1787074096.120564
1787074096.300499
1787074096.472072
1787074096.642246
1787074096.821064
1787074096.998852
1787074097.174864
1787074097.349888
1787074097.520561
1787074097.698888
1787074097.874158
1787074098.062521
1787074098.233543
1787074098.412081
1787074098.586995
1787074098.760219
1787074098.938402
1787074099.113373
1787074099.289306
1787074099.460745
1787074099.637299
1787074099.815477
1787074099.993263
1787074100.162585
1787074100.334988
1787074100.505787
1787074100.677077
1787074100.855655
1787074101.026175
1787074101.203603
1787074101.380016
1787074101.557958
1787074101.734653
1787074101.912539
1787074102.084101
1787074102.256560
1787074102.433856
1787074102.612774
1787074102.793448
1787074102.971881
1787074103.150272
1787074103.330861
1787074103.509654
1787074103.687918
1787074103.866621
1787074104.043476
1787074104.221659
1787074104.402684
1787074104.581538
1787074104.755879
1787074104.928540
1787074105.107044
1787074105.287962
1787074105.467738
1787074105.648003
1787074105.826530
1787074106.007403
1787074106.178045
1787074106.358953
1787074106.541922
1787074106.722596
1787074106.902080
1787074107.080008
1787074107.263734
1787074107.442946
1787074107.623156
1787074107.806616
1787074107.991270
1787074108.170324
1787074108.351412
1787074108.537751
1787074108.719200
1787074108.898891
1787074109.075039
1787074109.258915
1787074109.436290
1787074109.619495
1787074109.802150
1787074109.988029
1787074110.163040
1787074110.343293
1787074110.529817
1787074110.705379
1787074110.885563
1787074111.069415
1787074111.254945
1787074111.436770
1787074111.624155
1787074111.810905
1787074111.988277
1787074112.165139
1787074112.342526
1787074112.521568
1787074112.700726
1787074112.884323
1787074113.058526
1787074113.237437
1787074113.412581
1787074113.595515
1787074113.775623
1787074113.955261
1787074114.133384
1787074114.319321
1787074114.497262
1787074114.678323
1787074114.860565
1787074115.040314
1787074115.214108
1787074115.395352
1787074115.576893
1787074115.752750
1787074115.933571
1787074116.113920
1787074116.296039
1787074116.475862
1787074116.656238
1787074116.831734
1787074117.014111
1787074117.194931
1787074117.377630
1787074117.558077
1787074117.739488
1787074117.914900
1787074118.094311
1787074118.273718
1787074118.454474
1787074118.633227
1787074118.813777
1787074118.996993
1787074119.179788
1787074119.357205
1787074119.538041
1787074119.718076
1787074119.893548
1787074120.067861
1787074120.251200
1787074120.430870
1787074120.605052
1787074120.775741
1787074120.953487
1787074121.127393
1787074121.309319
1787074121.487065
1787074121.668825
1787074121.849789
1787074122.028525
1787074122.202438
1787074122.376911
1787074122.557547
1787074122.736296
1787074122.920076
1787074123.087298
1787074123.267407
1787074123.448718
1787074123.625497
1787074123.807958
1787074123.982914
1787074124.157248
1787074124.333947
1787074124.514560
1787074124.694699
1787074124.874893
1787074125.049390
1787074125.226911
1787074125.404566
1787074125.588070
1787074125.766508
1787074125.941185
1787074126.120534
1787074126.294647
1787074126.467637
1787074126.646817
1787074126.826889
1787074127.006454
1787074127.187465
1787074127.369013
1787074127.546295
1787074127.721245
1787074127.902524
1787074128.083997
1787074128.264145
1787074128.446575
1787074128.629713
1787074128.808845
1787074128.981528
1787074129.158160
1787074129.340751
1787074129.522903
1787074129.700318
1787074129.876745
1787074130.059210
1787074130.228423
1787074130.407939
1787074130.589986
1787074130.771542
1787074130.953804
1787074131.128190
1787074131.308520
1787074131.482599
1787074131.659410
1787074131.839669
1787074132.022269
1787074132.197559
1787074132.377130
1787074132.561926
1787074132.737608
1787074132.923826
1787074133.096542
1787074133.276417
1787074133.452928
1787074133.633695
1787074133.815479
1787074133.998997
1787074134.181274
1787074134.362660
1787074134.534527
1787074134.718793
1787074134.900501
1787074135.076148
1787074135.258393
1787074135.437749
1787074135.619009
1787074135.802198
1787074135.983181
1787074136.157836
1787074136.340585
1787074136.519359
1787074136.703294
1787074136.880116
1787074137.061196
1787074137.243675
1787074137.427494
1787074137.610860
1787074137.791308
1787074137.968396
1787074138.155718
1787074138.334061
1787074138.517390
1787074138.697134
1787074138.875406
1787074139.055501
1787074139.231802
1787074139.413272
1787074139.600596
1787074139.780153
1787074139.961258
1787074140.141257
1787074140.325258
1787074140.504223
1787074140.687927
1787074140.871660
1787074141.049392
1787074141.230930
1787074141.415288
1787074141.593035
1787074141.779077
1787074141.960104
1787074142.146649
1787074142.326144
1787074142.512447
1787074142.696736
1787074142.880784
1787074143.063139
1787074143.247723
1787074143.425626
1787074143.609994
1787074143.785813
1787074143.968963
1787074144.151572
1787074144.334158
1787074144.513248
1787074144.693779
1787074144.873368
1787074145.057839
1787074145.236887
1787074145.422147
1787074145.608194
1787074145.791753
1787074145.976378
1787074146.162061
1787074146.347300
1787074146.527432
1787074146.713467
1787074146.899705
1787074147.079166
1787074147.263283
1787074147.444258
1787074147.629843
1787074147.807898
1787074147.991492
1787074148.173774
1787074148.360568
1787074148.546329
1787074148.730203
1787074148.915263
1787074149.101560
1787074149.282483
1787074149.462461
1787074149.652309
1787074149.834226
1787074150.026694
1787074150.205053
1787074150.377728
1787074150.556678
1787074150.741888
1787074150.928144
1787074151.107215
1787074151.287881
1787074151.471584
1787074151.657236
1787074151.845057
1787074152.037959
1787074152.211047
1787074152.389477
1787074152.576417
1787074152.754779
1787074152.942562
1787074153.120679
1787074153.304723
1787074153.486179
1787074153.675308
1787074153.855926
1787074154.043670
1787074154.222408
1787074154.406791
1787074154.595322
1787074154.775843
1787074154.958195
1787074155.143002
1787074155.332403
1787074155.519858
1787074155.699947
1787074155.879432
1787074156.058685
1787074156.241669
1787074156.429702
1787074156.609441
1787074156.788716
1787074156.977626
1787074157.165959
1787074157.345655
1787074157.534303
1787074157.724891
1787074157.911229
1787074158.097108
1787074158.280233
1787074158.467241
1787074158.648308
1787074158.837886
1787074159.016505
1787074159.194993
1787074159.381973
1787074159.570319
1787074159.757430
1787074159.944266
1787074160.133551
1787074160.320285
1787074160.500752
1787074160.689919
1787074160.869043
1787074161.050781
1787074161.230112
1787074161.408391
1787074161.589075
1787074161.768774
1787074161.956450
1787074162.143125
1787074162.330515
1787074162.509554
1787074162.692480
1787074162.873880
1787074163.058017
1787074163.238088
1787074163.426881
1787074163.610943
1787074163.796529
1787074163.977503
1787074164.167234
1787074164.347632
1787074164.524271
1787074164.708073
1787074164.889649
1787074165.067328
1787074165.252597
1787074165.438186
1787074165.616837
1787074165.802300
1787074165.984210
1787074166.169607
1787074166.357382
1787074166.540730
1787074166.721251
1787074166.908008
1787074167.086783
1787074167.270239
1787074167.453256
1787074167.635851
1787074167.819043
1787074168.002406
1787074168.182399
1787074168.369135
1787074168.550120
1787074168.740787
1787074168.924864
1787074169.109211
1787074169.288229
1787074169.473794
1787074169.654330
1787074169.836549
1787074170.026795
1787074170.210607
1787074170.390555
1787074170.573386
1787074170.754982
1787074170.941358
1787074171.121880
1787074171.302019
1787074171.499619
1787074171.687897
1787074171.871815
1787074172.053430
1787074172.234435
1787074172.414077
1787074172.591762
1787074172.770286
1787074172.957054
1787074173.141463
1787074173.327238
1787074173.511801
1787074173.696241
1787074173.882738
1787074174.062799
1787074174.242847
1787074174.427124
1787074174.618545
1787074174.804930
1787074174.986736
1787074175.167023
1787074175.353658
1787074175.534827
1787074175.718174
1787074175.900997
1787074176.090003
1787074176.274555
1787074176.462788
1787074176.650085
1787074176.838492
1787074177.019747
1787074177.204503
1787074177.393557
1787074177.574445
1787074177.753901
1787074177.940232
1787074178.128065
1787074178.313779
1787074178.503650
1787074178.686214
1787074178.867217
1787074179.047611
1787074179.228361
1787074179.414949
1787074179.601942
1787074179.787327
1787074179.972593
1787074180.152596
1787074180.334135
1787074180.511702
1787074180.690710
1787074180.873743
1787074181.054051
1787074181.234135
1787074181.415283
1787074181.595637
1787074181.776697
1787074181.966818
1787074182.147615
1787074182.334386
1787074182.521988
1787074182.703089
1787074182.884182
1787074183.072551
1787074183.254966
1787074183.439077
1787074183.622774
1787074183.812062
1787074183.995306
1787074184.188163
1787074184.368875
1787074184.551113
1787074184.738044
1787074184.922989
1787074185.104642
1787074185.286528
1787074185.467759
1787074185.649561
1787074185.832107
1787074186.019920
1787074186.207942
1787074186.392369
1787074186.579708
1787074186.767845
1787074186.954248
1787074187.139564
1787074187.320119
1787074187.502122
1787074187.687419
1787074187.867098
1787074188.050607
1787074188.234743
1787074188.424746
1787074188.616477
1787074188.799016
1787074188.981285
1787074189.168901
1787074189.354610
1787074189.537514
1787074189.723016
1787074189.905005
1787074190.087823
1787074190.268664
1787074190.459207
1787074190.646507
1787074190.832403
1787074191.022682
1787074191.207609
1787074191.401536
1787074191.587475
1787074191.772789
1787074191.960473
1787074192.149490
1787074192.339384
1787074192.536505
1787074192.729882
1787074192.920287
1787074193.104718
1787074193.297398
1787074193.487486
1787074193.678656
1787074193.868225
1787074194.054075
1787074194.243938
1787074194.436222
1787074194.626731
1787074194.809941
1787074194.996572
1787074195.187087
1787074195.378237
1787074195.570233
1787074195.754109
1787074195.946371
1787074196.136802
1787074196.319632
1787074196.511857
1787074196.701366
1787074196.888582
1787074197.072659
1787074197.264723
1787074197.453145
1787074197.641225
1787074197.831756
1787074198.019978
1787074198.207179
1787074198.404789
1787074198.586045
1787074198.778741
1787074198.970537
1787074199.155356
1787074199.355836
1787074199.539362
1787074199.722880
1787074199.911989
1787074200.095743
1787074200.296123
1787074200.486721
1787074200.676669
1787074200.862881
1787074201.047291
1787074201.230532
