1787071126.527181
1787071126.672768
1787071126.817746
1787071126.965135
1787071127.112818
1787071127.260525
1787071127.410430
1787071127.559076
1787071127.706767
1787071127.857177
1787071128.009068
1787071128.158170
1787071128.313234
1787071128.477690
1787071128.629983
1787071128.780607
1787071128.932507
1787071129.083636
1787071129.234792
1787071129.385899
1787071129.534085
1787071129.683454
1787071129.831322
1787071129.980589
1787071130.128909
1787071130.278208
1787071130.423690
1787071130.577346
1787071130.751926
1787071130.897062
1787071131.051205
1787071131.206130
1787071131.351076
1787071131.499872
1787071131.648642
1787071131.796950
1787071131.942647
1787071132.090439
1787071132.245815
1787071132.394361
1787071132.549772
1787071132.702980
1787071132.851448
1787071133.002669
1787071133.156625
1787071133.306245
1787071133.454803
1787071133.603492
1787071133.750690
1787071133.903722
1787071134.051996
1787071134.209799
1787071134.358143
1787071134.506193
1787071134.653989
1787071134.808399
1787071134.957146
1787071135.102200
1787071135.253092
1787071135.400929
1787071135.551974
1787071135.707339
1787071135.855555
1787071136.003025
1787071136.154340
1787071136.297682
1787071136.448443
1787071136.603353
1787071136.747837
1787071136.897312
1787071137.048945
1787071137.199936
1787071137.346520
1787071137.497620
1787071137.649142
1787071137.797184
1787071137.944470
1787071138.097475
1787071138.248402
1787071138.398809
1787071138.546777
1787071138.695674
1787071138.846062
1787071138.995064
1787071139.147523
1787071139.297156
1787071139.440953
1787071139.593006
1787071139.739197
1787071139.892777
1787071140.036591
1787071140.178068
1787071140.326998
1787071140.477493
1787071140.622147
1787071140.767399
1787071140.917872
1787071141.064633
1787071141.219162
1787071141.371530
1787071141.525023
1787071141.675128
1787071141.821418
1787071141.974535
1787071142.121196
1787071142.273392
1787071142.427372
1787071142.573840
1787071142.720426
1787071142.873067
1787071143.026680
1787071143.172908
1787071143.319524
1787071143.470995
1787071143.621774
1787071143.770911
1787071143.918665
1787071144.068457
1787071144.219388
1787071144.373883
1787071144.520787
1787071144.670380
1787071144.822764
1787071144.969425
1787071145.120241
1787071145.276443
1787071145.424480
1787071145.570925
1787071145.721853
1787071145.872496
1787071146.025614
1787071146.173440
1787071146.323239
1787071146.479312
1787071146.634365
1787071146.789628
1787071146.938536
1787071147.087348
1787071147.238734
1787071147.394238
1787071147.551332
1787071147.706895
1787071147.860449
1787071148.012173
1787071148.165732
1787071148.317608
1787071148.469271
1787071148.631611
1787071148.789275
1787071148.942820
1787071149.097540
1787071149.247920
1787071149.409944
1787071149.569587
1787071149.729099
1787071149.891064
1787071150.045906
1787071150.206531
1787071150.366313
1787071150.528260
1787071150.685494
1787071150.844107
1787071151.003096
1787071151.165344
1787071151.321036
1787071151.476178
1787071151.640691
1787071151.802398
1787071151.961935
1787071152.112462
1787071152.268598
1787071152.433183
1787071152.589772
1787071152.750431
1787071152.913675
1787071153.076630
1787071153.242424
1787071153.400056
1787071153.558987
1787071153.723849
1787071153.882261
1787071154.040924
1787071154.204778
1787071154.368330
1787071154.532958
1787071154.699260
1787071154.863177
1787071155.027816
1787071155.192859
1787071155.352570
1787071155.512195
1787071155.676973
1787071155.840640
1787071156.006256
1787071156.165806
1787071156.332958
1787071156.491542
1787071156.656053
1787071156.819694
1787071156.980953
1787071157.152138
1787071157.317306
1787071157.484158
1787071157.644859
1787071157.811946
1787071157.985428
1787071158.151495
1787071158.310540
1787071158.471667
1787071158.640376
1787071158.803132
1787071158.963636
1787071159.132194
1787071159.298055
1787071159.460718
1787071159.627713
1787071159.788569
1787071159.950954
1787071160.116844
1787071160.280138
1787071160.449031
1787071160.612705
1787071160.782522
1787071160.949808
1787071161.118285
1787071161.288832
1787071161.459119
1787071161.629921
1787071161.796633
1787071161.959203
1787071162.134753
1787071162.299437
1787071162.462910
1787071162.626593
1787071162.796025
1787071162.964658
1787071163.127344
1787071163.297134
1787071163.468118
1787071163.641366
1787071163.811863
1787071163.979656
1787071164.143958
1787071164.314737
1787071164.480095
1787071164.650240
1787071164.815630
1787071164.986757
1787071165.150508
1787071165.316376
1787071165.486730
1787071165.650904
1787071165.821807
1787071165.993226
1787071166.165054
1787071166.336683
1787071166.499231
1787071166.670339
1787071166.842083
1787071167.013451
1787071167.183951
1787071167.353374
1787071167.517135
1787071167.692213
1787071167.858821
1787071168.027716
1787071168.199730
1787071168.371252
1787071168.543869
1787071168.713928
1787071168.880308
1787071169.045729
1787071169.214574
1787071169.377396
1787071169.541588
1787071169.705953
1787071169.878317
1787071170.047498
1787071170.211215
1787071170.380593
1787071170.549767
1787071170.720546
1787071170.890784
1787071171.055684
1787071171.228394
1787071171.399771
1787071171.564210
1787071171.738780
1787071171.910274
1787071172.079494
1787071172.244260
1787071172.415131
1787071172.579522
1787071172.746823
1787071172.910969
1787071173.081061
1787071173.254888
1787071173.430283
1787071173.599834
1787071173.771292
1787071173.942092
1787071174.110336
1787071174.275970
1787071174.443110
1787071174.616768
1787071174.782137
1787071174.951940
1787071175.123811
1787071175.295716
1787071175.467544
1787071175.639237
1787071175.807482
1787071175.971642
1787071176.147194
1787071176.318002
1787071176.482051
1787071176.656193
1787071176.829225
1787071176.999012
1787071177.170580
1787071177.341486
1787071177.513281
1787071177.681097
1787071177.853166
1787071178.023500
1787071178.191568
1787071178.361178
1787071178.530125
1787071178.700273
1787071178.873116
1787071179.037204
1787071179.207604
1787071179.380240
1787071179.546298
1787071179.715488
1787071179.885820
1787071180.052129
1787071180.220223
1787071180.385791
1787071180.556508
1787071180.721454
1787071180.891747
1787071181.062285
1787071181.227799
1787071181.392681
1787071181.563198
1787071181.729215
1787071181.893929
1787071182.059834
1787071182.232254
1787071182.395652
1787071182.567770
1787071182.738573
1787071182.902632
1787071183.067987
1787071183.238738
1787071183.410362
1787071183.574166
1787071183.742961
1787071183.912657
1787071184.081623
1787071184.250974
1787071184.420873
1787071184.588262
1787071184.758655
1787071184.921499
1787071185.092371
1787071185.261713
1787071185.424300
1787071185.593533
1787071185.755684
1787071185.925575
1787071186.098168
1787071186.260041
1787071186.430312
1787071186.592029
1787071186.760482
1787071186.930986
1787071187.100772
1787071187.270499
1787071187.435709
1787071187.609713
1787071187.780270
1787071187.944422
1787071188.115622
1787071188.282789
1787071188.449203
1787071188.621691
1787071188.791435
1787071188.958532
1787071189.133400
1787071189.302268
1787071189.474093
1787071189.645565
1787071189.816883
1787071189.987512
1787071190.158820
1787071190.322187
1787071190.496192
1787071190.667193
1787071190.830836
1787071190.995645
1787071191.165624
1787071191.333405
1787071191.504815
1787071191.678895
1787071191.842764
1787071192.012650
1787071192.176827
1787071192.347489
1787071192.518202
1787071192.682475
1787071192.853145
1787071193.018658
1787071193.184633
1787071193.357554
1787071193.520981
1787071193.695400
1787071193.858610
1787071194.024551
1787071194.194355
1787071194.363862
1787071194.531065
1787071194.697662
1787071194.866210
1787071195.033664
1787071195.196589
1787071195.360673
1787071195.532759
1787071195.702096
1787071195.867904
1787071196.032718
1787071196.198188
1787071196.373188
1787071196.541823
1787071196.711282
1787071196.881948
1787071197.053130
1787071197.218286
1787071197.388331
1787071197.556188
1787071197.719863
1787071197.888241
1787071198.052019
1787071198.225652
1787071198.392534
1787071198.564841
1787071198.735738
1787071198.899550
1787071199.068499
1787071199.239300
1787071199.409260
1787071199.580701
1787071199.750948
1787071199.922724
1787071200.093616
1787071200.266481
1787071200.435410
1787071200.607903
1787071200.774163
1787071200.945259
1787071201.110063
1787071201.280008
1787071201.449897
1787071201.620587
1787071201.790541
1787071201.961042
1787071202.134220
1787071202.301018
1787071202.466189
1787071202.637536
1787071202.808448
1787071202.978177
1787071203.147680
1787071203.318246
1787071203.482089
1787071203.654735
1787071203.831707
1787071204.000130
1787071204.175023
1787071204.343372
1787071204.512513
1787071204.684830
1787071204.860672
1787071205.026920
1787071205.199701
1787071205.375338
1787071205.543123
1787071205.715447
1787071205.892216
1787071206.066576
1787071206.243406
1787071206.420490
1787071206.593844
1787071206.767636
1787071206.944307
1787071207.118128
1787071207.284729
1787071207.458494
1787071207.630969
1787071207.805967
1787071207.979928
1787071208.148475
1787071208.315360
1787071208.489028
1787071208.662299
1787071208.835485
1787071209.008787
1787071209.182379
1787071209.356713
1787071209.530017
1787071209.706865
1787071209.871644
1787071210.039284
1787071210.211872
1787071210.384922
1787071210.561010
1787071210.731059
1787071210.898093
1787071211.075958
1787071211.252694
1787071211.418873
1787071211.597641
1787071211.769544
1787071211.942675
1787071212.104104
1787071212.272918
1787071212.442961
1787071212.614543
1787071212.786772
1787071212.960918
1787071213.134967
1787071213.302960
1787071213.479346
1787071213.652651
1787071213.817104
1787071214.001212
1787071214.169860
1787071214.341762
1787071214.516177
1787071214.684013
1787071214.852265
1787071215.022648
1787071215.197155
1787071215.364909
1787071215.541619
1787071215.712205
1787071215.884163
1787071216.061805
1787071216.238834
1787071216.416267
1787071216.593837
1787071216.763222
1787071216.942616
1787071217.119899
1787071217.295558
1787071217.471589
1787071217.652196
1787071217.822104
1787071218.004517
1787071218.176522
1787071218.351654
1787071218.528389
1787071218.706155
1787071218.874725
1787071219.049237
1787071219.218967
1787071219.390161
1787071219.566952
1787071219.743185
1787071219.919100
1787071220.093248
1787071220.270022
1787071220.448366
1787071220.623651
1787071220.808594
1787071220.983495
1787071221.164842
1787071221.342372
1787071221.520433
1787071221.699290
1787071221.876309
1787071222.052156
1787071222.227416
1787071222.402995
1787071222.577675
1787071222.756696
1787071222.935113
1787071223.100594
1787071223.272558
1787071223.439500
1787071223.611201
1787071223.782830
1787071223.949765
1787071224.116523
1787071224.287842
1787071224.453990
1787071224.621428
1787071224.789178
1787071224.962784
1787071225.137188
1787071225.303996
1787071225.477061
1787071225.649681
1787071225.812728
1787071225.987580
1787071226.155131
1787071226.320577
1787071226.497803
1787071226.671964
1787071226.843699
1787071227.014957
1787071227.185359
1787071227.359290
1787071227.526318
1787071227.698645
1787071227.872353
1787071228.048656
1787071228.214066
1787071228.380628
1787071228.547335
1787071228.720345
1787071228.893208
1787071229.067739
1787071229.239804
1787071229.406722
1787071229.578711
1787071229.753650
1787071229.925664
1787071230.097066
1787071230.268885
1787071230.433140
1787071230.605928
1787071230.778412
1787071230.951551
1787071231.120913
1787071231.293315
1787071231.462397
1787071231.630561
1787071231.804570
1787071231.978219
1787071232.153341
1787071232.330485
1787071232.506657
1787071232.682215
1787071232.861808
1787071233.038870
1787071233.216011
1787071233.393578
1787071233.564229
1787071233.735339
1787071233.910255
1787071234.088641
1787071234.263447
1787071234.442437
1787071234.613710
1787071234.785861
1787071234.960017
1787071235.135691
1787071235.309005
1787071235.482871
1787071235.652931
1787071235.827894
1787071236.002256
1787071236.174538
1787071236.350156
1787071236.516416
1787071236.690785
1787071236.865567
1787071237.031670
1787071237.202855
1787071237.373198
1787071237.540524
1787071237.714860
1787071237.889895
1787071238.063980
1787071238.228459
1787071238.397078
1787071238.563817
1787071238.735562
1787071238.905539
1787071239.072071
1787071239.246515
1787071239.417664
1787071239.593920
1787071239.759644
1787071239.933031
1787071240.101628
1787071240.267839
1787071240.440089
1787071240.614642
1787071240.785562
1787071240.958316
1787071241.137444
1787071241.308410
1787071241.477543
1787071241.652705
1787071241.831376
1787071242.002898
1787071242.172204
1787071242.344902
1787071242.523358
1787071242.700552
1787071242.883638
1787071243.068365
1787071243.249804
1787071243.429798
1787071243.612131
1787071243.792744
1787071243.969784
1787071244.154915
1787071244.335916
1787071244.515337
1787071244.689820
1787071244.869536
1787071245.049746
1787071245.232647
1787071245.409392
1787071245.594034
1787071245.775395
1787071245.949182
1787071246.133564
1787071246.308721
1787071246.489676
1787071246.676823
1787071246.848535
1787071247.027605
1787071247.205781
1787071247.384389
1787071247.561549
1787071247.741477
1787071247.922158
1787071248.098632
1787071248.281048
1787071248.460988
1787071248.642030
1787071248.824628
1787071249.006106
1787071249.181756
1787071249.365076
1787071249.543834
1787071249.721259
1787071249.901269
1787071250.078534
1787071250.251237
1787071250.427706
1787071250.598380
1787071250.770840
1787071250.944642
1787071251.123238
1787071251.296213
1787071251.471737
1787071251.648307
1787071251.820482
1787071252.002436
1787071252.181301
1787071252.358735
1787071252.538832
1787071252.716955
1787071252.893216
1787071253.067563
1787071253.242924
1787071253.418559
1787071253.593138
1787071253.769361
1787071253.943026
1787071254.135555
1787071254.304718
1787071254.482022
1787071254.654043
1787071254.823910
1787071254.999498
1787071255.174708
1787071255.351054
1787071255.528517
1787071255.704019
1787071255.872160
1787071256.049704
1787071256.225622
1787071256.402039
1787071256.568118
1787071256.745991
1787071256.913675
1787071257.088358
1787071257.256767
1787071257.430748
1787071257.606477
1787071257.780807
1787071257.953322
1787071258.129746
1787071258.304032
1787071258.480974
1787071258.658395
1787071258.834128
1787071259.014032
1787071259.189601
1787071259.359570
1787071259.539913
1787071259.715492
1787071259.893528
1787071260.070866
1787071260.246380
1787071260.417053
1787071260.586741
1787071260.762283
1787071260.932733
1787071261.113020
1787071261.282310
1787071261.449623
1787071261.621906
1787071261.791580
1787071261.964229
1787071262.138395
1787071262.313128
1787071262.487066
1787071262.665121
1787071262.839573
1787071263.008671
1787071263.180329
1787071263.347697
1787071263.522689
1787071263.699196
1787071263.877001
1787071264.052271
1787071264.239504
1787071264.415746
1787071264.592535
1787071264.766778
1787071264.939791
1787071265.117573
1787071265.296363
1787071265.471192
1787071265.651186
1787071265.829764
1787071265.999684
1787071266.173558
1787071266.349028
1787071266.529464
1787071266.696385
1787071266.872705
1787071267.051367
1787071267.219982
1787071267.387145
1787071267.564513
1787071267.740985
1787071267.913675
1787071268.089530
1787071268.262693
1787071268.439328
1787071268.607861
1787071268.782062
1787071268.955389
1787071269.132304
1787071269.309468
1787071269.481385
1787071269.663564
1787071269.844460
1787071270.037975
1787071270.225186
1787071270.410751
1787071270.597375
1787071270.781312
1787071270.962604
1787071271.144423
1787071271.328767
1787071271.516369
1787071271.708223
1787071271.893607
1787071272.070595
1787071272.261690
1787071272.447220
1787071272.623258
1787071272.812335
1787071272.986981
1787071273.169034
1787071273.353783
1787071273.527756
1787071273.708707
1787071273.896714
1787071274.072234
1787071274.252425
1787071274.438667
1787071274.617660
1787071274.801326
1787071274.987180
1787071275.173136
1787071275.346373
1787071275.530276
1787071275.712080
1787071275.890791
1787071276.076005
1787071276.252376
1787071276.430783
1787071276.608163
1787071276.788924
1787071276.970556
1787071277.149454
1787071277.329189
1787071277.508229
1787071277.689577
1787071277.867089
1787071278.048931
1787071278.226814
1787071278.408678
1787071278.581154
1787071278.761585
1787071278.937568
1787071279.112706
1787071279.292796
1787071279.468372
1787071279.643610
1787071279.823608
1787071279.998056
1787071280.180520
1787071280.358587
1787071280.536595
1787071280.718940
1787071280.900188
1787071281.075024
1787071281.257758
1787071281.438706
1787071281.618865
1787071281.791788
1787071281.970189
1787071282.147395
1787071282.331881
1787071282.506974
1787071282.690434
1787071282.863081
1787071283.042494
1787071283.222660
1787071283.402110
1787071283.572882
1787071283.750641
1787071283.923972
1787071284.103009
1787071284.283584
1787071284.462835
1787071284.641876
1787071284.821038
1787071285.002220
1787071285.177124
1787071285.347555
1787071285.523073
1787071285.700667
1787071285.877482
1787071286.050416
1787071286.229229
1787071286.405960
1787071286.583208
1787071286.761102
1787071286.934579
1787071287.100990
1787071287.278961
1787071287.458641
1787071287.636369
1787071287.812743
1787071287.995730
1787071288.176640
1787071288.349548
1787071288.518454
1787071288.696202
1787071288.868453
1787071289.035205
1787071289.210563
1787071289.384176
1787071289.563749
1787071289.744973
1787071289.922542
1787071290.098854
1787071290.280420
1787071290.460035
1787071290.640332
1787071290.818835
1787071290.996701
1787071291.168163
1787071291.340241
1787071291.521339
1787071291.700030
1787071291.879754
1787071292.059847
1787071292.237109
1787071292.419940
1787071292.593718
1787071292.772045
1787071292.951422
1787071293.134748
1787071293.314356
1787071293.494798
1787071293.679487
1787071293.858517
1787071294.037279
1787071294.224130
1787071294.402801
1787071294.583187
1787071294.762800
1787071294.940668
1787071295.118712
1787071295.300750
1787071295.477686
1787071295.656533
1787071295.836270
1787071296.017529
1787071296.194206
1787071296.375056
1787071296.553750
1787071296.736598
1787071296.914826
1787071297.085045
1787071297.265919
1787071297.444297
1787071297.622233
1787071297.799160
1787071297.970875
1787071298.143267
1787071298.323122
1787071298.507246
1787071298.686116
1787071298.868471
1787071299.048989
1787071299.227867
1787071299.412667
1787071299.586459
1787071299.763006
1787071299.946745
1787071300.127839
1787071300.311165
1787071300.488925
1787071300.667480
1787071300.844496
1787071301.023206
1787071301.200939
1787071301.381836
1787071301.560307
1787071301.739019
1787071301.915819
1787071302.088903
1787071302.262399
1787071302.442161
1787071302.616370
1787071302.795935
1787071302.973991
1787071303.151871
1787071303.329688
1787071303.499622
1787071303.673493
1787071303.851545
1787071304.034883
1787071304.214520
1787071304.391111
1787071304.568887
1787071304.746902
1787071304.932481
1787071305.106220
1787071305.286809
1787071305.464012
1787071305.640873
1787071305.820408
1787071305.999322
1787071306.171816
1787071306.347425
1787071306.523890
1787071306.700126
1787071306.875581
1787071307.052711
1787071307.229658
1787071307.412758
1787071307.584458
1787071307.761095
1787071307.936015
1787071308.114834
1787071308.290590
1787071308.467679
1787071308.645114
1787071308.821922
1787071308.998229
1787071309.174426
1787071309.352040
1787071309.528519
1787071309.698718
1787071309.873319
1787071310.048867
1787071310.227822
1787071310.402822
1787071310.577991
1787071310.753571
1787071310.928412
1787071311.102594
1787071311.272335
1787071311.467073
1787071311.630494
1787071311.804670
1787071311.983647
1787071312.160763
1787071312.338544
1787071312.515904
1787071312.694103
1787071312.871378
1787071313.044678
1787071313.223545
1787071313.406304
1787071313.578957
1787071313.748791
1787071313.922646
1787071314.102184
1787071314.278763
1787071314.453801
1787071314.632292
1787071314.809148
1787071314.982221
1787071315.158711
1787071315.332535
1787071315.510866
1787071315.686697
1787071315.867434
1787071316.046042
1787071316.226316
1787071316.399365
1787071316.573606
1787071316.749164
1787071316.929677
1787071317.106909
1787071317.287495
1787071317.464733
1787071317.639374
1787071317.817777
1787071317.997588
1787071318.175221
1787071318.351645
1787071318.523227
1787071318.699490
1787071318.879958
1787071319.059689
1787071319.234445
1787071319.414001
1787071319.589951
1787071319.767691
1787071319.941649
1787071320.116277
1787071320.286243
1787071320.462029
1787071320.638526
1787071320.816516
1787071320.989928
1787071321.158683
1787071321.334946
1787071321.508609
1787071321.683022
1787071321.859253
1787071322.032187
1787071322.211690
1787071322.386835
1787071322.556356
1787071322.736154
1787071322.911497
1787071323.084615
1787071323.262899
1787071323.444331
1787071323.621693
1787071323.803965
1787071323.974551
1787071324.154077
1787071324.335221
1787071324.513022
1787071324.689981
1787071324.871297
1787071325.043205
1787071325.212996
1787071325.389913
1787071325.561917
1787071325.742364
1787071325.920348
1787071326.095851
1787071326.266629
1787071326.443161
1787071326.618925
1787071326.795797
1787071326.973132
1787071327.154192
1787071327.331400
1787071327.501565
1787071327.674904
1787071327.848802
1787071328.026904
1787071328.203796
1787071328.381184
1787071328.559494
1787071328.735726
1787071328.906155
1787071329.079542
1787071329.251305
1787071329.427888
1787071329.607202
1787071329.786602
1787071329.958939
1787071330.134745
1787071330.310241
1787071330.485311
1787071330.662063
1787071330.838625
1787071331.016882
1787071331.195958
1787071331.366704
1787071331.540067
1787071331.717276
1787071331.903853
1787071332.075526
1787071332.250284
1787071332.423168
1787071332.593426
1787071332.767152
1787071332.945206
1787071333.120483
1787071333.298206
1787071333.472193
1787071333.646976
1787071333.821773
1787071333.999896
1787071334.169610
1787071334.347176
1787071334.525662
1787071334.699425
1787071334.877419
1787071335.051950
1787071335.224175
1787071335.401613
1787071335.579664
1787071335.759432
1787071335.932111
1787071336.110894
1787071336.279645
1787071336.457201
1787071336.636255
1787071336.811684
1787071336.990361
1787071337.169719
1787071337.346052
1787071337.527603
1787071337.700516
1787071337.875427
1787071338.055200
1787071338.223207
1787071338.402059
1787071338.573726
1787071338.743467
1787071338.920052
1787071339.091630
1787071339.268194
1787071339.446248
1787071339.629811
1787071339.802090
1787071339.975185
1787071340.151946
1787071340.328263
1787071340.506437
1787071340.686171
1787071340.857713
1787071341.036517
1787071341.212287
1787071341.384898
1787071341.564650
1787071341.741259
1787071341.925083
1787071342.104683
1787071342.284689
1787071342.461415
1787071342.642070
1787071342.820354
1787071342.998469
1787071343.179429
1787071343.358433
1787071343.537987
1787071343.717133
1787071343.898055
1787071344.078533
1787071344.257292
1787071344.437047
1787071344.614665
1787071344.794995
1787071344.975682
1787071345.150471
1787071345.329953
1787071345.509473
1787071345.682963
1787071345.859482
1787071346.045632
1787071346.217064
1787071346.393308
1787071346.572517
1787071346.749319
1787071346.927812
1787071347.108028
1787071347.284157
1787071347.466731
1787071347.645868
1787071347.825109
1787071348.005217
1787071348.187098
1787071348.366636
1787071348.547648
1787071348.728259
1787071348.911932
1787071349.089479
1787071349.268064
1787071349.446908
1787071349.626217
1787071349.804150
1787071349.985086
1787071350.158320
1787071350.337876
1787071350.511925
1787071350.690417
1787071350.869044
1787071351.040577
1787071351.220120
1787071351.402206
1787071351.579724
1787071351.760382
1787071351.939663
1787071352.113690
1787071352.293375
1787071352.476786
1787071352.657442
1787071352.836607
1787071353.017790
1787071353.198241
1787071353.378021
1787071353.564313
1787071353.744006
1787071353.927840
1787071354.104804
1787071354.285510
1787071354.466048
1787071354.644679
1787071354.820816
1787071354.998184
1787071355.179638
1787071355.359548
1787071355.538151
1787071355.723436
1787071355.906407
1787071356.082955
1787071356.259617
1787071356.437250
1787071356.615608
1787071356.792982
1787071356.973609
1787071357.151806
1787071357.334265
1787071357.513075
1787071357.693733
1787071357.871956
1787071358.053149
1787071358.229786
1787071358.415195
1787071358.592132
1787071358.770797
1787071358.949134
1787071359.122553
1787071359.292614
1787071359.472118
1787071359.655228
1787071359.833428
1787071360.006492
1787071360.186320
1787071360.363798
1787071360.545857
1787071360.724748
1787071360.903894
1787071361.085280
1787071361.267989
1787071361.442159
1787071361.624027
1787071361.797118
1787071361.971109
1787071362.153436
1787071362.336699
1787071362.509942
1787071362.689133
1787071362.870119
1787071363.051006
1787071363.226913
1787071363.405061
1787071363.585913
1787071363.762652
1787071363.943485
1787071364.125118
1787071364.309683
1787071364.493458
1787071364.666305
1787071364.844879
1787071365.023878
1787071365.202798
1787071365.383255
1787071365.561459
1787071365.735894
1787071365.912946
1787071366.092426
1787071366.274889
1787071366.455571
1787071366.636016
1787071366.817052
1787071366.997877
1787071367.178319
1787071367.355566
1787071367.535780
1787071367.715445
1787071367.894681
1787071368.074592
1787071368.253812
1787071368.433254
1787071368.613847
1787071368.793738
1787071368.973131
1787071369.153083
1787071369.333863
1787071369.513484
1787071369.694096
1787071369.878913
1787071370.053350
1787071370.232169
1787071370.413987
1787071370.588736
1787071370.770687
1787071370.950338
1787071371.133155
1787071371.307805
1787071371.498043
1787071371.679132
1787071371.859113
1787071372.043884
1787071372.221555
1787071372.401487
1787071372.584183
1787071372.763393
1787071372.943088
1787071373.119863
1787071373.303248
1787071373.479351
1787071373.660327
1787071373.840063
1787071374.020576
1787071374.199346
1787071374.379161
1787071374.564093
1787071374.742377
1787071374.923085
1787071375.100302
1787071375.283785
1787071375.462221
1787071375.642378
1787071375.818084
1787071375.997465
1787071376.175683
1787071376.354314
1787071376.533530
1787071376.707907
1787071376.882951
1787071377.053929
1787071377.233256
1787071377.417945
1787071377.597938
1787071377.776078
1787071377.953223
1787071378.129361
1787071378.307589
1787071378.488783
1787071378.670139
1787071378.848578
1787071379.029983
1787071379.212302
1787071379.391559
1787071379.569632
1787071379.746696
1787071379.924885
1787071380.103977
1787071380.282771
1787071380.463511
1787071380.642214
1787071380.821970
1787071380.996594
1787071381.169912
1787071381.345815
1787071381.523276
1787071381.701222
1787071381.882670
1787071382.059440
1787071382.236407
1787071382.420184
1787071382.598381
1787071382.777010
1787071382.948517
1787071383.128759
1787071383.312793
1787071383.485498
1787071383.657049
1787071383.832303
1787071384.009550
1787071384.188130
1787071384.369305
1787071384.547859
1787071384.730166
1787071384.910087
1787071385.082532
1787071385.262071
1787071385.443137
1787071385.615857
1787071385.788458
1787071385.962636
1787071386.139022
1787071386.312515
1787071386.487963
1787071386.670713
1787071386.844093
1787071387.017502
1787071387.199109
1787071387.377485
1787071387.549052
1787071387.732149
1787071387.912536
1787071388.085736
1787071388.268361
1787071388.451547
1787071388.634074
1787071388.815942
1787071388.986604
1787071389.170337
1787071389.353350
1787071389.532826
1787071389.714641
1787071389.896019
1787071390.075015
1787071390.255926
1787071390.436199
1787071390.618196
1787071390.800557
1787071390.972929
1787071391.155183
1787071391.333475
1787071391.513170
1787071391.695656
1787071391.878040
1787071392.059209
1787071392.242908
1787071392.418396
1787071392.597073
1787071392.781898
1787071392.961848
1787071393.143772
1787071393.317519
1787071393.500766
1787071393.681645
1787071393.857760
1787071394.040691
1787071394.222330
1787071394.405639
1787071394.589145
1787071394.765808
1787071394.959471
1787071395.143849
1787071395.320083
1787071395.502275
1787071395.682097
1787071395.866019
1787071396.047910
1787071396.231137
1787071396.411068
1787071396.579660
1787071396.763636
1787071396.946713
1787071397.129173
1787071397.313174
1787071397.495916
1787071397.673580
1787071397.854342
1787071398.037186
1787071398.219904
1787071398.406971
1787071398.594462
1787071398.771075
1787071398.952817
1787071399.135214
1787071399.312234
1787071399.493810
1787071399.677000
1787071399.851785
1787071400.035447
1787071400.218858
1787071400.398571
1787071400.580779
1787071400.755888
1787071400.934501
1787071401.109163
1787071401.283708
1787071401.462790
1787071401.647825
1787071401.817934
1787071401.994187
1787071402.164484
1787071402.340534
1787071402.515156
