1787087911.044986
1787087911.201046
1787087911.354502
1787087911.511061
1787087911.659730
1787087911.808543
1787087911.963509
1787087912.117401
1787087912.272747
1787087912.428090
1787087912.584498
1787087912.739307
1787087912.897216
1787087913.053215
1787087913.205859
1787087913.355426
1787087913.509851
1787087913.665353
1787087913.820394
1787087913.972052
1787087914.127861
1787087914.282146
1787087914.438232
1787087914.596250
1787087914.743159
1787087914.902055
1787087915.052413
1787087915.207453
1787087915.363188
1787087915.518287
1787087915.672960
1787087915.827194
1787087915.982707
1787087916.137692
1787087916.295588
1787087916.450196
1787087916.604553
1787087916.762533
1787087916.910943
1787087917.066314
1787087917.221420
1787087917.377249
1787087917.533149
1787087917.688745
1787087917.839774
1787087917.997016
1787087918.151331
1787087918.308147
1787087918.464236
1787087918.617432
1787087918.765531
1787087918.919014
1787087919.067250
1787087919.214306
1787087919.370089
1787087919.523768
1787087919.677007
1787087919.830930
1787087919.977313
1787087920.129520
1787087920.277066
1787087920.423236
1787087920.573477
1787087920.729689
1787087920.876224
1787087921.028501
1787087921.181038
1787087921.326879
1787087921.478065
1787087921.623305
1787087921.769954
1787087921.914460
1787087922.065140
1787087922.209150
1787087922.361777
1787087922.513929
1787087922.659669
1787087922.810739
1787087922.962686
1787087923.112467
1787087923.262904
1787087923.413470
1787087923.564038
1787087923.715028
1787087923.860704
1787087924.014452
1787087924.164298
1787087924.312505
1787087924.464274
1787087924.612386
1787087924.755020
1787087924.901458
1787087925.054190
1787087925.206401
1787087925.358050
1787087925.511653
1787087925.664272
1787087925.814508
1787087925.968381
1787087926.118402
1787087926.265068
1787087926.411093
1787087926.557328
1787087926.709604
1787087926.863870
1787087927.015282
1787087927.169247
1787087927.316424
1787087927.472328
1787087927.620140
1787087927.766725
1787087927.915632
1787087928.067698
1787087928.223769
1787087928.373507
1787087928.527592
1787087928.682375
1787087928.836096
1787087928.988657
1787087929.142347
1787087929.296360
1787087929.451735
1787087929.601335
1787087929.755542
1787087929.910774
1787087930.065149
1787087930.221100
1787087930.376994
1787087930.533702
1787087930.688432
1787087930.845768
1787087931.005231
1787087931.159713
1787087931.316787
1787087931.471824
1787087931.628009
1787087931.786824
1787087931.944229
1787087932.095168
1787087932.245424
1787087932.395640
1787087932.552837
1787087932.709012
1787087932.866563
1787087933.024691
1787087933.174527
1787087933.325762
1787087933.477420
1787087933.635037
1787087933.793169
1787087933.954843
1787087934.106866
1787087934.264421
1787087934.420142
1787087934.577373
1787087934.734775
1787087934.885364
1787087935.043552
1787087935.201832
1787087935.364365
1787087935.523203
1787087935.676987
1787087935.836546
1787087935.998375
1787087936.157920
1787087936.317251
1787087936.477616
1787087936.638563
1787087936.800615
1787087936.959736
1787087937.121363
1787087937.282578
1787087937.444065
1787087937.607005
1787087937.768055
1787087937.931174
1787087938.087599
1787087938.249559
1787087938.407984
1787087938.573385
1787087938.740195
1787087938.900015
1787087939.062138
1787087939.223315
1787087939.388520
1787087939.552734
1787087939.716046
1787087939.876602
1787087940.041045
1787087940.198181
1787087940.361043
1787087940.519711
1787087940.684199
1787087940.847378
1787087941.010452
1787087941.175053
1787087941.339063
1787087941.503426
1787087941.665772
1787087941.829872
1787087941.994708
1787087942.158394
1787087942.322806
1787087942.487799
1787087942.655112
1787087942.812513
1787087942.978887
1787087943.146209
1787087943.314210
1787087943.478873
1787087943.638592
1787087943.803727
1787087943.970399
1787087944.140984
1787087944.307535
1787087944.475107
1787087944.645694
1787087944.811731
1787087944.978191
1787087945.144134
1787087945.309187
1787087945.472593
1787087945.637884
1787087945.804809
1787087945.970772
1787087946.130427
1787087946.297445
1787087946.457369
1787087946.622122
1787087946.790169
1787087946.956228
1787087947.121598
1787087947.288447
1787087947.451324
1787087947.619748
1787087947.780133
1787087947.944741
1787087948.110349
1787087948.277638
1787087948.437263
1787087948.601527
1787087948.767853
1787087948.932615
1787087949.098729
1787087949.265349
1787087949.425377
1787087949.589094
1787087949.753661
1787087949.922780
1787087950.083327
1787087950.248172
1787087950.408951
1787087950.573923
1787087950.739270
1787087950.901848
1787087951.070011
1787087951.229453
1787087951.396805
1787087951.563725
1787087951.730378
1787087951.896626
1787087952.072357
1787087952.234896
1787087952.393844
1787087952.559278
1787087952.725837
1787087952.891649
1787087953.058041
1787087953.217541
1787087953.378179
1787087953.537992
1787087953.702496
1787087953.869163
1787087954.035805
1787087954.200864
1787087954.367618
1787087954.531943
1787087954.697237
1787087954.869050
1787087955.035838
1787087955.201961
1787087955.362407
1787087955.529486
1787087955.696761
1787087955.864519
1787087956.030451
1787087956.196151
1787087956.361507
1787087956.529264
1787087956.696337
1787087956.862938
1787087957.028700
1787087957.188910
1787087957.352350
1787087957.519863
1787087957.686655
1787087957.854370
1787087958.019884
1787087958.182463
1787087958.350384
1787087958.511731
1787087958.679940
1787087958.845686
1787087959.012739
1787087959.179010
1787087959.344437
1787087959.511660
1787087959.679931
1787087959.845462
1787087960.012559
1787087960.173463
1787087960.340691
1787087960.501457
1787087960.669686
1787087960.837430
1787087961.005007
1787087961.173259
1787087961.340370
1787087961.507024
1787087961.672683
1787087961.839247
1787087962.006840
1787087962.171259
1787087962.336134
1787087962.503418
1787087962.674364
1787087962.839686
1787087963.006557
1787087963.173405
1787087963.341316
1787087963.508794
1787087963.677423
1787087963.845408
1787087964.009601
1787087964.175371
1787087964.344625
1787087964.515356
1787087964.676443
1787087964.845948
1787087965.007081
1787087965.175920
1787087965.345050
1787087965.516585
1787087965.688745
1787087965.857039
1787087966.021415
1787087966.185644
1787087966.352906
1787087966.520629
1787087966.690455
1787087966.859395
1787087967.026135
1787087967.196950
1787087967.367380
1787087967.527337
1787087967.696166
1787087967.861108
1787087968.024179
1787087968.189485
1787087968.356592
1787087968.524446
1787087968.690907
1787087968.855252
1787087969.017581
1787087969.176801
1787087969.348359
1787087969.516386
1787087969.676802
1787087969.844198
1787087970.012510
1787087970.180457
1787087970.346618
1787087970.515101
1787087970.680588
1787087970.849205
1787087971.016013
1787087971.185190
1787087971.352978
1787087971.523649
1787087971.691889
1787087971.861550
1787087972.030242
1787087972.199872
1787087972.369485
1787087972.537419
1787087972.708185
1787087972.875613
1787087973.046047
1787087973.215049
1787087973.382937
1787087973.545885
1787087973.709060
1787087973.876844
1787087974.043872
1787087974.208261
1787087974.376775
1787087974.544060
1787087974.713649
1787087974.881290
1787087975.040513
1787087975.207537
1787087975.375310
1787087975.543359
1787087975.711472
1787087975.879468
1787087976.047482
1787087976.213820
1787087976.382007
1787087976.552380
1787087976.719578
1787087976.886878
1787087977.054288
1787087977.216460
1787087977.385044
1787087977.547056
1787087977.714816
1787087977.883801
1787087978.052862
1787087978.220778
1787087978.388763
1787087978.557443
1787087978.724437
1787087978.885272
1787087979.051575
1787087979.213551
1787087979.379883
1787087979.548193
1787087979.715412
1787087979.882291
1787087980.048957
1787087980.216278
1787087980.385595
1787087980.552807
1787087980.714041
1787087980.881361
1787087981.049525
1787087981.217356
1787087981.386139
1787087981.554309
1787087981.721336
1787087981.890435
1787087982.058476
1787087982.225846
1787087982.395134
1787087982.562950
1787087982.724487
1787087982.890613
1787087983.057608
1787087983.223029
1787087983.383388
1787087983.548199
1787087983.716043
1787087983.883244
1787087984.043678
1787087984.211419
1787087984.379783
1787087984.546591
1787087984.707407
1787087984.875123
1787087985.034818
1787087985.198329
1787087985.365857
1787087985.531882
1787087985.692627
1787087985.860254
1787087986.027389
1787087986.197428
1787087986.365650
1787087986.533902
1787087986.702364
1787087986.867883
1787087987.035776
1787087987.203550
1787087987.373139
1787087987.534794
1787087987.701147
1787087987.867717
1787087988.033708
1787087988.201896
1787087988.365870
1787087988.531182
1787087988.692369
1787087988.860186
1787087989.031286
1787087989.201757
1787087989.372540
1787087989.544503
1787087989.713859
1787087989.884889
1787087990.053545
1787087990.216199
1787087990.378353
1787087990.545033
1787087990.709113
1787087990.876951
1787087991.044658
1787087991.212811
1787087991.374446
1787087991.542562
1787087991.710949
1787087991.879083
1787087992.046563
1787087992.214095
1787087992.381025
1787087992.543244
1787087992.712080
1787087992.882382
1787087993.050989
1787087993.219459
1787087993.387556
1787087993.551656
1787087993.715853
1787087993.883858
1787087994.051552
1787087994.220016
1787087994.389190
1787087994.561463
1787087994.731293
1787087994.903512
1787087995.065057
1787087995.233743
1787087995.399311
1787087995.568614
1787087995.737075
1787087995.907334
1787087996.075970
1787087996.242001
1787087996.411608
1787087996.578278
1787087996.747016
1787087996.914456
1787087997.075804
1787087997.244089
1787087997.410578
1787087997.580161
1787087997.749228
1787087997.920399
1787087998.090613
1787087998.262551
1787087998.433324
1787087998.604723
1787087998.777498
1787087998.942373
1787087999.105162
1787087999.273837
1787087999.445187
1787087999.618570
1787087999.782048
1787087999.951206
1787088000.123208
1787088000.291193
1787088000.455902
1787088000.623823
1787088000.792274
1787088000.959715
1787088001.131293
1787088001.301756
1787088001.471041
1787088001.639218
1787088001.808699
1787088001.977653
1787088002.152294
1787088002.320428
1787088002.485341
1787088002.654664
1787088002.822166
1787088002.989847
1787088003.160662
1787088003.329879
1787088003.498516
1787088003.667152
1787088003.836045
1787088003.999378
1787088004.163823
1787088004.330790
1787088004.498780
1787088004.667425
1787088004.833671
1787088005.002055
1787088005.161403
1787088005.328362
1787088005.494350
1787088005.655320
1787088005.820426
1787088005.987772
1787088006.155038
1787088006.324158
1787088006.487244
1787088006.655617
1787088006.822094
1787088006.989011
1787088007.157008
1787088007.326900
1787088007.487273
1787088007.655959
1787088007.822436
1787088007.984101
1787088008.148602
1787088008.315485
1787088008.482374
1787088008.651726
1787088008.818532
1787088008.989590
1787088009.157605
1787088009.326001
1787088009.488904
1787088009.657517
1787088009.828337
1787088009.997574
1787088010.167091
1787088010.330120
1787088010.498847
1787088010.663186
1787088010.832258
1787088011.003258
1787088011.171699
1787088011.343451
1787088011.515131
1787088011.682593
1787088011.844597
1787088012.014866
1787088012.188997
1787088012.347878
1787088012.508563
1787088012.669765
1787088012.839855
1787088013.011737
1787088013.173339
1787088013.338745
1787088013.510235
1787088013.682227
1787088013.847755
1787088014.015626
1787088014.184102
1787088014.351655
1787088014.522314
1787088014.689069
1787088014.851277
1787088015.025063
1787088015.188970
1787088015.356074
1787088015.524660
1787088015.689363
1787088015.857476
1787088016.027787
1787088016.194844
1787088016.362341
1787088016.529913
1787088016.698472
1787088016.867676
1787088017.028994
1787088017.195513
1787088017.363751
1787088017.525608
1787088017.693935
1787088017.862358
1787088018.029552
1787088018.195923
1787088018.367016
1787088018.531150
1787088018.699455
1787088018.866899
1787088019.034645
1787088019.197407
1787088019.359931
1787088019.529794
1787088019.701895
1787088019.870473
1787088020.037651
1787088020.205998
1787088020.368414
1787088020.539594
1787088020.708105
1787088020.876045
1787088021.038900
1787088021.204641
1787088021.368499
1787088021.536030
1787088021.702266
1787088021.867416
1787088022.037131
1787088022.203116
1787088022.363599
1787088022.530679
1787088022.697526
1787088022.865563
1787088023.034045
1787088023.200901
1787088023.368159
1787088023.542078
1787088023.710064
1787088023.878266
1787088024.048451
1787088024.210094
1787088024.372956
1787088024.540894
1787088024.708708
1787088024.876076
1787088025.045325
1787088025.204543
1787088025.374324
1787088025.539768
1787088025.709024
1787088025.876908
1787088026.045243
1787088026.214472
1787088026.377769
1787088026.546536
1787088026.715430
1787088026.883305
1787088027.051741
1787088027.220420
1787088027.380311
1787088027.550099
1787088027.718862
1787088027.887845
1787088028.056043
1787088028.218404
1787088028.387516
1787088028.557130
1787088028.729481
1787088028.899440
1787088029.069766
1787088029.239439
1787088029.409536
1787088029.580662
1787088029.750377
1787088029.919498
1787088030.088526
1787088030.252479
1787088030.418747
1787088030.587875
1787088030.759876
1787088030.929106
1787088031.099715
1787088031.269157
1787088031.438991
1787088031.609076
1787088031.778497
1787088031.947289
1787088032.111618
1787088032.280230
1787088032.448560
1787088032.619286
1787088032.789201
1787088032.957807
1787088033.129167
1787088033.299595
1787088033.468951
1787088033.641033
1787088033.810622
1787088033.979446
1787088034.146000
1787088034.313820
1787088034.483765
1787088034.653870
1787088034.824354
1787088034.998229
1787088035.168382
1787088035.332364
1787088035.502198
1787088035.671487
1787088035.838906
1787088036.006647
1787088036.175779
1787088036.350258
1787088036.521566
1787088036.689635
1787088036.858604
1787088037.028404
1787088037.200797
1787088037.364523
1787088037.532946
1787088037.704916
1787088037.869062
1787088038.038047
1787088038.201299
1787088038.369932
1787088038.540167
1787088038.710231
1787088038.879545
1787088039.049655
1787088039.212830
1787088039.377965
1787088039.548899
1787088039.718858
1787088039.888255
1787088040.057168
1787088040.226353
1787088040.391368
1787088040.559435
1787088040.728418
1787088040.897889
1787088041.060267
1787088041.222776
1787088041.388790
1787088041.559746
1787088041.726897
1787088041.895904
1787088042.066156
1787088042.235531
1787088042.398527
1787088042.565383
1787088042.734265
1787088042.901385
1787088043.069083
1787088043.237450
1787088043.407224
1787088043.574875
1787088043.745575
1787088043.908120
1787088044.077041
1787088044.240503
1787088044.400544
1787088044.561083
1787088044.727444
1787088044.895285
1787088045.062484
1787088045.224086
1787088045.387392
1787088045.554406
1787088045.711645
1787088045.874929
1787088046.039796
1787088046.206821
1787088046.372315
1787088046.533062
1787088046.698938
1787088046.865412
1787088047.032664
1787088047.193077
1787088047.357086
1787088047.524269
1787088047.690468
1787088047.860871
1787088048.018846
1787088048.186828
1787088048.352335
1787088048.518257
1787088048.685460
1787088048.853127
1787088049.019710
1787088049.186894
1787088049.357516
1787088049.525638
1787088049.686304
1787088049.850860
1787088050.017541
1787088050.186828
1787088050.350587
1787088050.514132
1787088050.683567
1787088050.845335
1787088051.005963
1787088051.171617
1787088051.330876
1787088051.497186
1787088051.661191
1787088051.819967
1787088051.986162
1787088052.148453
1787088052.314345
1787088052.475856
1787088052.635982
1787088052.793948
1787088052.954003
1787088053.112006
1787088053.270350
1787088053.427970
1787088053.593303
1787088053.758003
1787088053.925015
1787088054.091138
1787088054.253766
1787088054.419798
1787088054.585411
1787088054.753010
1787088054.916677
1787088055.081554
1787088055.240949
1787088055.404796
1787088055.570029
1787088055.734247
1787088055.899608
1787088056.064112
1787088056.234428
1787088056.392678
1787088056.551326
1787088056.715899
1787088056.880335
1787088057.044966
1787088057.210788
1787088057.374796
1787088057.545797
1787088057.705205
1787088057.875215
1787088058.035701
1787088058.195234
1787088058.353801
1787088058.517749
1787088058.684312
1787088058.844450
1787088059.011080
1787088059.176524
1787088059.341385
1787088059.503444
1787088059.667412
1787088059.831623
1787088059.994156
1787088060.160152
1787088060.324471
1787088060.485111
1787088060.649981
1787088060.808341
1787088060.965731
1787088061.128833
1787088061.288178
1787088061.452935
1787088061.618359
1787088061.782954
1787088061.945114
1787088062.108359
1787088062.270507
1787088062.428030
1787088062.593054
1787088062.755802
1787088062.918566
1787088063.078863
1787088063.237034
1787088063.397847
1787088063.559886
1787088063.716699
1787088063.873089
1787088064.036828
1787088064.193897
1787088064.350066
1787088064.512126
1787088064.675081
1787088064.837473
1787088065.000490
1787088065.163538
1787088065.327845
1787088065.488765
1787088065.647565
1787088065.811436
1787088065.970488
1787088066.132274
1787088066.293427
1787088066.457345
1787088066.619497
1787088066.784805
1787088066.944658
1787088067.107082
1787088067.269123
1787088067.431117
1787088067.593999
1787088067.756030
1787088067.918667
1787088068.082337
1787088068.244345
1787088068.407388
1787088068.570641
1787088068.728457
1787088068.886825
1787088069.049279
1787088069.207518
1787088069.366361
1787088069.528828
1787088069.687078
1787088069.850602
1787088070.013982
1787088070.175787
1787088070.338847
1787088070.502827
1787088070.669305
1787088070.827155
1787088070.992483
1787088071.155612
1787088071.319048
1787088071.483468
1787088071.645245
1787088071.808268
1787088071.965940
1787088072.129649
1787088072.302127
1787088072.465209
1787088072.627645
1787088072.790284
1787088072.949659
1787088073.111896
1787088073.274903
1787088073.437886
1787088073.599308
1787088073.762141
1787088073.918761
1787088074.080531
1787088074.240065
1787088074.396134
1787088074.559687
1787088074.723984
1787088074.888417
1787088075.050799
1787088075.214467
1787088075.378916
1787088075.542428
1787088075.700114
1787088075.860224
1787088076.024305
1787088076.180872
1787088076.345599
1787088076.510143
1787088076.674171
1787088076.837364
1787088076.998598
1787088077.161105
1787088077.324737
1787088077.485511
1787088077.645102
1787088077.806306
1787088077.966065
1787088078.129033
1787088078.291838
1787088078.449082
1787088078.616335
1787088078.779082
1787088078.942237
1787088079.106454
1787088079.269463
1787088079.429766
1787088079.593873
1787088079.756755
1787088079.919433
1787088080.083335
1787088080.248101
1787088080.412922
1787088080.575953
1787088080.738814
1787088080.899815
1787088081.063844
1787088081.225398
1787088081.387204
1787088081.550920
1787088081.713479
1787088081.875783
1787088082.038470
1787088082.195491
1787088082.357787
1787088082.519673
1787088082.682710
1787088082.844368
1787088083.008535
1787088083.165812
1787088083.332392
1787088083.490303
1787088083.647693
1787088083.805452
1787088083.966793
1787088084.126522
1787088084.290010
1787088084.447603
1787088084.612923
1787088084.777456
1787088084.934566
1787088085.093179
1787088085.257170
1787088085.424093
1787088085.588006
1787088085.747164
1787088085.909973
1787088086.074535
1787088086.237319
1787088086.396525
1787088086.559880
1787088086.723765
1787088086.884289
1787088087.038930
1787088087.192455
1787088087.346996
1787088087.501470
1787088087.664673
1787088087.828541
1787088087.989647
1787088088.152240
1787088088.312651
1787088088.472874
1787088088.636307
1787088088.799158
1787088088.964756
1787088089.128263
1787088089.287496
1787088089.448691
1787088089.608152
1787088089.769075
1787088089.932028
1787088090.094089
1787088090.257177
1787088090.415209
1787088090.575948
1787088090.740375
1787088090.906026
1787088091.069071
1787088091.231437
1787088091.391050
1787088091.555312
1787088091.721246
1787088091.882526
1787088092.042418
1787088092.203850
1787088092.363451
1787088092.527173
1787088092.688959
1787088092.856122
1787088093.018209
1787088093.175157
1787088093.334633
1787088093.499380
1787088093.663051
1787088093.827254
1787088093.996991
1787088094.160537
1787088094.322139
1787088094.484660
1787088094.644488
1787088094.807986
1787088094.967876
1787088095.133864
1787088095.297579
1787088095.468165
1787088095.632897
1787088095.799073
1787088095.964659
1787088096.125271
1787088096.290995
1787088096.450830
1787088096.617100
1787088096.782431
1787088096.949394
1787088097.115179
1787088097.280301
1787088097.446272
1787088097.613369
1787088097.779758
1787088097.945931
1787088098.113604
1787088098.279175
1787088098.446534
1787088098.611027
1787088098.777418
1787088098.943978
1787088099.104049
1787088099.271493
1787088099.432880
1787088099.598504
1787088099.764604
1787088099.930564
1787088100.089486
1787088100.256483
1787088100.423327
1787088100.589347
1787088100.756064
1787088100.922433
1787088101.090436
1787088101.251134
1787088101.412711
1787088101.579922
1787088101.748944
1787088101.916058
1787088102.075791
1787088102.243305
1787088102.413328
1787088102.568362
1787088102.735337
1787088102.903024
1787088103.071906
1787088103.234261
1787088103.400336
1787088103.567212
1787088103.731427
1787088103.896566
1787088104.063444
1787088104.224745
1787088104.391405
1787088104.553241
1787088104.718864
1787088104.886419
1787088105.049944
1787088105.216637
1787088105.383231
1787088105.545625
1787088105.712282
1787088105.873366
1787088106.040360
1787088106.201325
1787088106.364084
1787088106.532541
1787088106.700292
1787088106.862425
1787088107.024847
1787088107.195342
1787088107.358708
1787088107.527213
1787088107.694107
1787088107.855164
1787088108.023463
1787088108.192172
1787088108.361578
1787088108.529501
1787088108.698078
1787088108.863744
1787088109.030216
1787088109.191614
1787088109.359442
1787088109.524661
1787088109.685464
1787088109.852932
1787088110.020204
1787088110.189761
1787088110.357111
1787088110.525476
1787088110.693449
1787088110.861468
1787088111.030977
1787088111.198050
1787088111.366692
1787088111.528023
1787088111.696063
1787088111.864833
1787088112.026784
1787088112.193773
1787088112.355590
1787088112.522469
1787088112.684157
1787088112.852771
1787088113.015200
1787088113.181786
1787088113.352473
1787088113.518751
1787088113.682222
1787088113.850418
1787088114.018070
1787088114.185002
1787088114.348750
1787088114.518273
1787088114.685398
1787088114.847969
1787088115.014623
1787088115.181422
1787088115.348148
1787088115.511590
1787088115.678409
1787088115.846214
1787088116.008664
1787088116.172404
1787088116.340593
1787088116.510079
1787088116.678579
1787088116.845330
1787088117.011891
1787088117.177794
1787088117.342761
1787088117.512729
1787088117.681091
1787088117.853924
1787088118.023829
1787088118.191668
1787088118.353987
1787088118.521810
1787088118.690862
1787088118.858749
1787088119.028081
1787088119.198143
1787088119.365642
1787088119.529814
1787088119.699327
1787088119.869891
1787088120.040270
1787088120.203750
1787088120.368248
1787088120.535428
1787088120.703815
1787088120.871619
1787088121.039385
1787088121.207371
1787088121.376195
1787088121.537815
1787088121.704659
1787088121.872851
1787088122.042537
1787088122.211577
1787088122.380359
1787088122.549858
1787088122.709467
1787088122.877038
1787088123.046455
1787088123.213451
1787088123.381816
1787088123.548113
1787088123.716764
1787088123.885656
1787088124.053602
1787088124.219098
1787088124.385712
1787088124.554047
1787088124.715629
1787088124.881744
1787088125.048466
1787088125.214135
1787088125.380615
1787088125.551776
1787088125.711273
1787088125.878498
1787088126.047897
1787088126.209958
1787088126.371537
1787088126.538624
1787088126.709601
1787088126.877944
1787088127.046175
1787088127.214827
1787088127.386380
1787088127.552592
1787088127.722900
1787088127.891084
1787088128.059266
1787088128.227146
1787088128.396672
1787088128.565583
1787088128.736528
1787088128.903491
1787088129.071921
1787088129.236555
1787088129.404515
1787088129.572420
1787088129.739789
1787088129.909392
1787088130.076963
1787088130.245057
1787088130.413757
1787088130.580750
1787088130.749108
1787088130.916888
1787088131.085632
1787088131.255990
1787088131.424427
1787088131.595132
1787088131.767181
1787088131.929847
1787088132.099225
1787088132.269460
1787088132.433788
1787088132.604416
1787088132.771836
1787088132.940504
1787088133.109842
1787088133.283939
1787088133.454156
1787088133.624123
1787088133.794176
1787088133.964720
1787088134.135232
1787088134.300327
1787088134.470574
1787088134.640775
1787088134.810685
1787088134.982682
1787088135.152905
1787088135.326138
1787088135.497471
1787088135.667862
1787088135.837890
1787088136.008081
1787088136.181196
1787088136.353058
1787088136.520561
1787088136.690782
1787088136.860721
1787088137.031040
1787088137.201989
1787088137.370772
1787088137.540016
1787088137.709388
1787088137.878850
1787088138.048335
1787088138.220167
1787088138.391203
1787088138.561959
1787088138.732696
1787088138.902776
1787088139.072712
1787088139.238226
1787088139.405500
1787088139.581705
1787088139.753918
1787088139.927276
1787088140.100582
1787088140.274217
1787088140.444394
1787088140.618066
1787088140.779464
1787088140.950018
1787088141.120264
1787088141.292219
1787088141.455732
1787088141.625904
1787088141.796225
1787088141.965019
1787088142.134016
1787088142.305185
1787088142.477776
1787088142.647321
1787088142.821376
1787088142.991742
1787088143.163311
1787088143.326736
1787088143.496910
1787088143.667109
1787088143.842321
1787088144.014096
1787088144.179351
1787088144.343236
1787088144.509193
1787088144.682133
1787088144.855091
1787088145.025254
1787088145.193008
1787088145.358553
1787088145.528719
1787088145.700520
1787088145.873130
1787088146.047086
1787088146.217076
1787088146.378797
1787088146.542667
1787088146.714811
1787088146.884431
1787088147.054610
1787088147.219586
1787088147.387305
1787088147.557516
1787088147.725402
1787088147.893762
1787088148.056250
1787088148.222846
1787088148.391858
1787088148.560902
1787088148.729396
1787088148.898035
1787088149.067170
1787088149.229245
1787088149.398561
1787088149.569591
1787088149.732078
1787088149.899117
1787088150.065749
1787088150.228613
1787088150.392681
1787088150.556895
1787088150.720264
1787088150.882685
1787088151.050766
1787088151.218009
1787088151.389754
1787088151.552256
1787088151.720873
1787088151.891234
1787088152.051617
1787088152.220347
1787088152.390008
1787088152.558283
1787088152.724435
1787088152.893057
1787088153.062227
1787088153.225150
1787088153.394186
1787088153.562857
1787088153.731645
1787088153.900716
1787088154.069102
1787088154.238504
1787088154.398658
1787088154.569359
1787088154.730674
1787088154.898771
1787088155.067097
1787088155.235619
1787088155.402238
1787088155.572454
1787088155.744186
1787088155.912858
1787088156.080224
1787088156.246840
1787088156.414065
1787088156.579296
1787088156.748813
1787088156.916171
1787088157.083990
1787088157.250031
1787088157.417735
1787088157.585330
1787088157.747255
1787088157.916787
1787088158.079119
1787088158.240340
1787088158.405730
1787088158.570171
1787088158.737541
1787088158.899655
1787088159.060119
1787088159.227663
1787088159.394942
1787088159.561469
1787088159.729050
1787088159.896981
1787088160.064573
1787088160.232338
1787088160.398404
1787088160.567661
1787088160.736501
1787088160.906152
1787088161.071723
1787088161.237772
1787088161.408068
1787088161.573468
1787088161.733719
1787088161.893536
1787088162.061859
1787088162.226611
1787088162.393792
1787088162.564355
1787088162.727401
1787088162.889010
1787088163.056535
1787088163.216974
1787088163.384321
1787088163.553214
1787088163.717076
1787088163.883308
1787088164.043317
1787088164.211305
1787088164.370939
1787088164.536409
1787088164.702731
1787088164.868491
1787088165.034451
1787088165.200660
1787088165.367738
1787088165.534393
1787088165.696036
1787088165.853897
1787088166.021128
1787088166.189137
1787088166.356472
1787088166.525507
1787088166.691142
1787088166.858005
1787088167.018173
1787088167.183677
1787088167.346532
1787088167.514933
1787088167.683486
1787088167.851122
1787088168.018692
1787088168.188950
1787088168.348340
1787088168.516579
1787088168.684219
1787088168.852808
1787088169.022878
1787088169.182632
1787088169.348897
1787088169.516250
1787088169.678117
1787088169.845522
1787088170.011067
1787088170.178711
1787088170.347719
1787088170.507293
1787088170.673253
1787088170.839803
1787088171.006831
1787088171.173840
1787088171.335657
1787088171.501359
1787088171.667866
1787088171.837567
1787088171.998518
1787088172.165844
1787088172.336162
1787088172.504035
1787088172.665100
1787088172.833576
1787088172.993480
1787088173.158329
1787088173.329110
1787088173.496230
1787088173.664371
1787088173.829808
1787088173.997066
1787088174.158392
1787088174.324486
1787088174.491760
