1787087370.653453
1787087370.809785
1787087370.964175
1787087371.117884
1787087371.271657
1787087371.423116
1787087371.570710
1787087371.731006
1787087371.887771
1787087372.042354
1787087372.198624
1787087372.360136
1787087372.515714
1787087372.672101
1787087372.825917
1787087372.984265
1787087373.134050
1787087373.284221
1787087373.435720
1787087373.588381
1787087373.747759
1787087373.903354
1787087374.052768
1787087374.201491
1787087374.357886
1787087374.507149
1787087374.663679
1787087374.817795
1787087374.973677
1787087375.129917
1787087375.284616
1787087375.433607
1787087375.582564
1787087375.733377
1787087375.882214
1787087376.031698
1787087376.187938
1787087376.337754
1787087376.486988
1787087376.636517
1787087376.786268
1787087376.936189
1787087377.086074
1787087377.235158
1787087377.385484
1787087377.534281
1787087377.683108
1787087377.831106
1787087377.984285
1787087378.138315
1787087378.293852
1787087378.443493
1787087378.593094
1787087378.748180
1787087378.901766
1787087379.058697
1787087379.210854
1787087379.363979
1787087379.515068
1787087379.667381
1787087379.820104
1787087379.972926
1787087380.128318
1787087380.281474
1787087380.435768
1787087380.589097
1787087380.742915
1787087380.888824
1787087381.041100
1787087381.191869
1787087381.341827
1787087381.487461
1787087381.639711
1787087381.790376
1787087381.941166
1787087382.093776
1787087382.240103
1787087382.388340
1787087382.542027
1787087382.693989
1787087382.846498
1787087382.998227
1787087383.143548
1787087383.296952
1787087383.448826
1787087383.603089
1787087383.748937
1787087383.899517
1787087384.053574
1787087384.198742
1787087384.343962
1787087384.496996
1787087384.647904
1787087384.798165
1787087384.950367
1787087385.102468
1787087385.249463
1787087385.401929
1787087385.548140
1787087385.701216
1787087385.853183
1787087386.007324
1787087386.158532
1787087386.311569
1787087386.466821
1787087386.617666
1787087386.771817
1787087386.917434
1787087387.067793
1787087387.219435
1787087387.370253
1787087387.517051
1787087387.670424
1787087387.825796
1787087387.974165
1787087388.121266
1787087388.272177
1787087388.417981
1787087388.569106
1787087388.723489
1787087388.869238
1787087389.020957
1787087389.168069
1787087389.321175
1787087389.469313
1787087389.623501
1787087389.776457
1787087389.925274
1787087390.078898
1787087390.233505
1787087390.388617
1787087390.543332
1787087390.695872
1787087390.853074
1787087391.005878
1787087391.158758
1787087391.307897
1787087391.463298
1787087391.621630
1787087391.774380
1787087391.929286
1787087392.084334
1787087392.234185
1787087392.391108
1787087392.539545
1787087392.697803
1787087392.855886
1787087393.012760
1787087393.170122
1787087393.327277
1787087393.483793
1787087393.642768
1787087393.799195
1787087393.955161
1787087394.111588
1787087394.268889
1787087394.428037
1787087394.580358
1787087394.738649
1787087394.894765
1787087395.052499
1787087395.208655
1787087395.366344
1787087395.524182
1787087395.684588
1787087395.844554
1787087396.003859
1787087396.167198
1787087396.322790
1787087396.477329
1787087396.637219
1787087396.797695
1787087396.958701
1787087397.120248
1787087397.283774
1787087397.446852
1787087397.609018
1787087397.767708
1787087397.923898
1787087398.085489
1787087398.247486
1787087398.403121
1787087398.570801
1787087398.736231
1787087398.893972
1787087399.050437
1787087399.205659
1787087399.368100
1787087399.532392
1787087399.691591
1787087399.851400
1787087400.014979
1787087400.176891
1787087400.345418
1787087400.510043
1787087400.671142
1787087400.835949
1787087401.003165
1787087401.167904
1787087401.327415
1787087401.491117
1787087401.656042
1787087401.820638
1787087401.989033
1787087402.156268
1787087402.322236
1787087402.492555
1787087402.659652
1787087402.825198
1787087402.993088
1787087403.152831
1787087403.319135
1787087403.484877
1787087403.650384
1787087403.816463
1787087403.982810
1787087404.150714
1787087404.315771
1787087404.476677
1787087404.647626
1787087404.816645
1787087404.986601
1787087405.154989
1787087405.323983
1787087405.483307
1787087405.650554
1787087405.820557
1787087405.988748
1787087406.149120
1787087406.313879
1787087406.482966
1787087406.652938
1787087406.821892
1787087406.988197
1787087407.152626
1787087407.316654
1787087407.481107
1787087407.640285
1787087407.799747
1787087407.963651
1787087408.122996
1787087408.292262
1787087408.461485
1787087408.624110
1787087408.788746
1787087408.953441
1787087409.119655
1787087409.288297
1787087409.449398
1787087409.617909
1787087409.786726
1787087409.952767
1787087410.118863
1787087410.286341
1787087410.446967
1787087410.611871
1787087410.779041
1787087410.945232
1787087411.111408
1787087411.278325
1787087411.443552
1787087411.603824
1787087411.765092
1787087411.931607
1787087412.098475
1787087412.268275
1787087412.443983
1787087412.609302
1787087412.777379
1787087412.946565
1787087413.112271
1787087413.281228
1787087413.449674
1787087413.620206
1787087413.784363
1787087413.956213
1787087414.125355
1787087414.295063
1787087414.463629
1787087414.636338
1787087414.807257
1787087414.976539
1787087415.146239
1787087415.307961
1787087415.475733
1787087415.642330
1787087415.810743
1787087415.979650
1787087416.145864
1787087416.313219
1787087416.481891
1787087416.648584
1787087416.814994
1787087416.978610
1787087417.141769
1787087417.311871
1787087417.478316
1787087417.646295
1787087417.815146
1787087417.985943
1787087418.152519
1787087418.318899
1787087418.481266
1787087418.647043
1787087418.813342
1787087418.979745
1787087419.149307
1787087419.313974
1787087419.475517
1787087419.641320
1787087419.809719
1787087419.978167
1787087420.141195
1787087420.309400
1787087420.479424
1787087420.644246
1787087420.815809
1787087420.984815
1787087421.151644
1787087421.315334
1787087421.475779
1787087421.643780
1787087421.813060
1787087421.982059
1787087422.154199
1787087422.320814
1787087422.486366
1787087422.650425
1787087422.821738
1787087422.989496
1787087423.160763
1787087423.329441
1787087423.494462
1787087423.666698
1787087423.834726
1787087424.007590
1787087424.179208
1787087424.349022
1787087424.518768
1787087424.689527
1787087424.857147
1787087425.028355
1787087425.200196
1787087425.367618
1787087425.542028
1787087425.711218
1787087425.879428
1787087426.050444
1787087426.220963
1787087426.388612
1787087426.553200
1787087426.723223
1787087426.893179
1787087427.063152
1787087427.231805
1787087427.395903
1787087427.566628
1787087427.731955
1787087427.903810
1787087428.072888
1787087428.242589
1787087428.410528
1787087428.575289
1787087428.740016
1787087428.908381
1787087429.075506
1787087429.246663
1787087429.417544
1787087429.588362
1787087429.764453
1787087429.936814
1787087430.109770
1787087430.282202
1787087430.452911
1787087430.621139
1787087430.793819
1787087430.966974
1787087431.140614
1787087431.303603
1787087431.471599
1787087431.641864
1787087431.814955
1787087431.985691
1787087432.160714
1787087432.328802
1787087432.508166
1787087432.669786
1787087432.838320
1787087433.011469
1787087433.181513
1787087433.349779
1787087433.519974
1787087433.692511
1787087433.855488
1787087434.025651
1787087434.196718
1787087434.361595
1787087434.533311
1787087434.702555
1787087434.871378
1787087435.043405
1787087435.206455
1787087435.376354
1787087435.544364
1787087435.714524
1787087435.884287
1787087436.053353
1787087436.221467
1787087436.391809
1787087436.557358
1787087436.727973
1787087436.897279
1787087437.068135
1787087437.232119
1787087437.400231
1787087437.564440
1787087437.740022
1787087437.909580
1787087438.083363
1787087438.255974
1787087438.428701
1787087438.601300
1787087438.774517
1787087438.945060
1787087439.118219
1787087439.288097
1787087439.459375
1787087439.626306
1787087439.796841
1787087439.968911
1787087440.140902
1787087440.310292
1787087440.482056
1787087440.656598
1787087440.830075
1787087441.002335
1787087441.166872
1787087441.339410
1787087441.513049
1787087441.679311
1787087441.850193
1787087442.021494
1787087442.193202
1787087442.359747
1787087442.530172
1787087442.695252
1787087442.868334
1787087443.037400
1787087443.209586
1787087443.381412
1787087443.552652
1787087443.718301
1787087443.890310
1787087444.062595
1787087444.229521
1787087444.397949
1787087444.570558
1787087444.741248
1787087444.916600
1787087445.092346
1787087445.264314
1787087445.437487
1787087445.611998
1787087445.787177
1787087445.959133
1787087446.132716
1787087446.312593
1787087446.485789
1787087446.659251
1787087446.831717
1787087447.002858
1787087447.176930
1787087447.350357
1787087447.524812
1787087447.697521
1787087447.868148
1787087448.040635
1787087448.214150
1787087448.387007
1787087448.558033
1787087448.720163
1787087448.891676
1787087449.063384
1787087449.235069
1787087449.404348
1787087449.574795
1787087449.744864
1787087449.916585
1787087450.088515
1787087450.253858
1787087450.424435
1787087450.595544
1787087450.765933
1787087450.937707
1787087451.107727
1787087451.280606
1787087451.451646
1787087451.620914
1787087451.789652
1787087451.962788
1787087452.127448
1787087452.294573
1787087452.464129
1787087452.634769
1787087452.804650
1787087452.972731
1787087453.144041
1787087453.314676
1787087453.485310
1787087453.656237
1787087453.827015
1787087453.996338
1787087454.166549
1787087454.337472
1787087454.509317
1787087454.673278
1787087454.844003
1787087455.012121
1787087455.187881
1787087455.360099
1787087455.531445
1787087455.701439
1787087455.872793
1787087456.045550
1787087456.218731
1787087456.385724
1787087456.550894
1787087456.720961
1787087456.890612
1787087457.060661
1787087457.224739
1787087457.394549
1787087457.563335
1787087457.729552
1787087457.898576
1787087458.068416
1787087458.231632
1787087458.399368
1787087458.571479
1787087458.736848
1787087458.906785
1787087459.072759
1787087459.239825
1787087459.405504
1787087459.578562
1787087459.747313
1787087459.919163
1787087460.091617
1787087460.255923
1787087460.424824
1787087460.596199
1787087460.766033
1787087460.938686
1787087461.113268
1787087461.278614
1787087461.449580
1787087461.623003
1787087461.788648
1787087461.960901
1787087462.133769
1787087462.306209
1787087462.477237
1787087462.649453
1787087462.815335
1787087462.986933
1787087463.158617
1787087463.329543
1787087463.499999
1787087463.671300
1787087463.841182
1787087464.011807
1787087464.178927
1787087464.347667
1787087464.512907
1787087464.685977
1787087464.857269
1787087465.026306
1787087465.196958
1787087465.369904
1787087465.542273
1787087465.713572
1787087465.884277
1787087466.055143
1787087466.225041
1787087466.394717
1787087466.565775
1787087466.735299
1787087466.905786
1787087467.075166
1787087467.249265
1787087467.424325
1787087467.598423
1787087467.774863
1787087467.943144
1787087468.111619
1787087468.285772
1787087468.456409
1787087468.627450
1787087468.793190
1787087468.963991
1787087469.132933
1787087469.305496
1787087469.475704
1787087469.640475
1787087469.810754
1787087469.979239
1787087470.147739
1787087470.320188
1787087470.495843
1787087470.666120
1787087470.837661
1787087471.010379
1787087471.178652
1787087471.349847
1787087471.522467
1787087471.691541
1787087471.857452
1787087472.030668
1787087472.203840
1787087472.364037
1787087472.534150
1787087472.700765
1787087472.872851
1787087473.043640
1787087473.213346
1787087473.377751
1787087473.546718
1787087473.715884
1787087473.883803
1787087474.054819
1787087474.227332
1787087474.402633
1787087474.569070
1787087474.737641
1787087474.910473
1787087475.081102
1787087475.246689
1787087475.422536
1787087475.590027
1787087475.757697
1787087475.931744
1787087476.103074
1787087476.276593
1787087476.446555
1787087476.618621
1787087476.787987
1787087476.955532
1787087477.125839
1787087477.283222
1787087477.450724
1787087477.616877
1787087477.785063
1787087477.951428
1787087478.117764
1787087478.284439
1787087478.451657
1787087478.619267
1787087478.788007
1787087478.956378
1787087479.122444
1787087479.290778
1787087479.457376
1787087479.619867
1787087479.790809
1787087479.951757
1787087480.120665
1787087480.289691
1787087480.461573
1787087480.628005
1787087480.789268
1787087480.958040
1787087481.120395
1787087481.286319
1787087481.446233
1787087481.612734
1787087481.779786
1787087481.948808
1787087482.116582
1787087482.284763
1787087482.446042
1787087482.618134
1787087482.782057
1787087482.949665
1787087483.115555
1787087483.276442
1787087483.443002
1787087483.610137
1787087483.778707
1787087483.945913
1787087484.112158
1787087484.280739
1787087484.448359
1787087484.616872
1787087484.780407
1787087484.948112
1787087485.110780
1787087485.275049
1787087485.441355
1787087485.606145
1787087485.772827
1787087485.938010
1787087486.104867
1787087486.270520
1787087486.434210
1787087486.597926
1787087486.764377
1787087486.929779
1787087487.100004
1787087487.264411
1787087487.426992
1787087487.594070
1787087487.763156
1787087487.930282
1787087488.097314
1787087488.261557
1787087488.433630
1787087488.597238
1787087488.765366
1787087488.932048
1787087489.101440
1787087489.271135
1787087489.440666
1787087489.610441
1787087489.779678
1787087489.944359
1787087490.111955
1787087490.276478
1787087490.445943
1787087490.616068
1787087490.788018
1787087490.961724
1787087491.131424
1787087491.306778
1787087491.477314
1787087491.650149
1787087491.820213
1787087491.983160
1787087492.152690
1787087492.326050
1787087492.490554
1787087492.661312
1787087492.831460
1787087493.001696
1787087493.171616
1787087493.340938
1787087493.511821
1787087493.680261
1787087493.850818
1787087494.021157
1787087494.189140
1787087494.351389
1787087494.518140
1787087494.685845
1787087494.851801
1787087495.021791
1787087495.190732
1787087495.360900
1787087495.531019
1787087495.701555
1787087495.865266
1787087496.036169
1787087496.204528
1787087496.373257
1787087496.543347
1787087496.713604
1787087496.883861
1787087497.053559
1787087497.222940
1787087497.386606
1787087497.555297
1787087497.725653
1787087497.894283
1787087498.062631
1787087498.232584
1787087498.400396
1787087498.570034
1787087498.740163
1787087498.909824
1787087499.077356
1787087499.247148
1787087499.418169
1787087499.593651
1787087499.762624
1787087499.934018
1787087500.104649
1787087500.275861
1787087500.447748
1787087500.620243
1787087500.789924
1787087500.963129
1787087501.134520
1787087501.305418
1787087501.470673
1787087501.644099
1787087501.816401
1787087501.989117
1787087502.161596
1787087502.334555
1787087502.504408
1787087502.674068
1787087502.845936
1787087503.010943
1787087503.182521
1787087503.354722
1787087503.526868
1787087503.697341
1787087503.869090
1787087504.040576
1787087504.213236
1787087504.388714
1787087504.561853
1787087504.731480
1787087504.900052
1787087505.064387
1787087505.237406
1787087505.407373
1787087505.579265
1787087505.755366
1787087505.917900
1787087506.089061
1787087506.259629
1787087506.429772
1787087506.600321
1787087506.768269
1787087506.937585
1787087507.106424
1787087507.274549
1787087507.438565
1787087507.607920
1787087507.778216
1787087507.943336
1787087508.111994
1787087508.282601
1787087508.453124
1787087508.623003
1787087508.790538
1787087508.961354
1787087509.130311
1787087509.295062
1787087509.465097
1787087509.636784
1787087509.807296
1787087509.977705
1787087510.147934
1787087510.317596
1787087510.488638
1787087510.658820
1787087510.829344
1787087510.999756
1787087511.170216
1787087511.341226
1787087511.512775
1787087511.682711
1787087511.850057
1787087512.022073
1787087512.185433
1787087512.356174
1787087512.527894
1787087512.699674
1787087512.866721
1787087513.037627
1787087513.207262
1787087513.377837
1787087513.549868
1787087513.722659
1787087513.895385
1787087514.071738
1787087514.236703
1787087514.408480
1787087514.573160
1787087514.743656
1787087514.908654
1787087515.079571
1787087515.250497
1787087515.421864
1787087515.594572
1787087515.766034
1787087515.936993
1787087516.110142
1787087516.282216
1787087516.453117
1787087516.626149
1787087516.797604
1787087516.969055
1787087517.139849
1787087517.311247
1787087517.483429
1787087517.650165
1787087517.815525
1787087517.985999
1787087518.157256
1787087518.331769
1787087518.501607
1787087518.674321
1787087518.846650
1787087519.020228
1787087519.188013
1787087519.360614
1787087519.535850
1787087519.713001
1787087519.890995
1787087520.070265
1787087520.236574
1787087520.410315
1787087520.586299
1787087520.761232
1787087520.939974
1787087521.109407
1787087521.281709
1787087521.456793
1787087521.632527
1787087521.807030
1787087521.982548
1787087522.152125
1787087522.323785
1787087522.499453
1787087522.674886
1787087522.854434
1787087523.020800
1787087523.196025
1787087523.370682
1787087523.543590
1787087523.717615
1787087523.890220
1787087524.063973
1787087524.233540
1787087524.407468
1787087524.578781
1787087524.751953
1787087524.925965
1787087525.100284
1787087525.273802
1787087525.444928
1787087525.618026
1787087525.792161
1787087525.966851
1787087526.138789
1787087526.311894
1787087526.487047
1787087526.660035
1787087526.832188
1787087527.005050
1787087527.178097
1787087527.354351
1787087527.521623
1787087527.697695
1787087527.871575
1787087528.045178
1787087528.219943
1787087528.394258
1787087528.568341
1787087528.742581
1787087528.915939
1787087529.089419
1787087529.261182
1787087529.430550
1787087529.607160
1787087529.777069
1787087529.948946
1787087530.122918
1787087530.297296
1787087530.473045
1787087530.644934
1787087530.818594
1787087530.992575
1787087531.166878
1787087531.337412
1787087531.510177
1787087531.687478
1787087531.858054
1787087532.035175
1787087532.212224
1787087532.381369
1787087532.557196
1787087532.733507
1787087532.909793
1787087533.077167
1787087533.245032
1787087533.419543
1787087533.593596
1787087533.770287
1787087533.939622
1787087534.116645
1787087534.291347
1787087534.466537
1787087534.641858
1787087534.815391
1787087534.991519
1787087535.166877
1787087535.344813
1787087535.521555
1787087535.698892
1787087535.879996
1787087536.061013
1787087536.233241
1787087536.413173
1787087536.590341
1787087536.765498
1787087536.934628
1787087537.111266
1787087537.289335
1787087537.466540
1787087537.641945
1787087537.816559
1787087537.989674
1787087538.164057
1787087538.338483
1787087538.512431
1787087538.686615
1787087538.863760
1787087539.032313
1787087539.208192
1787087539.380585
1787087539.555207
1787087539.730451
1787087539.904708
1787087540.077833
1787087540.255018
1787087540.428212
1787087540.601925
1787087540.771660
1787087540.943957
1787087541.115294
1787087541.289750
1787087541.461936
1787087541.634173
1787087541.806173
1787087541.971506
1787087542.142065
1787087542.311684
1787087542.484518
1787087542.655210
1787087542.826261
1787087542.998702
1787087543.161611
1787087543.333439
1787087543.502129
1787087543.672242
1787087543.842326
1787087544.012812
1787087544.183838
1787087544.352876
1787087544.525321
1787087544.696841
1787087544.865994
1787087545.034741
1787087545.205120
1787087545.376495
1787087545.545098
1787087545.716501
1787087545.887460
1787087546.053687
1787087546.224511
1787087546.395245
1787087546.566753
1787087546.738866
1787087546.909920
1787087547.078959
1787087547.248858
1787087547.418508
1787087547.587386
1787087547.758826
1787087547.931985
1787087548.095248
1787087548.266761
1787087548.437575
1787087548.609485
1787087548.780020
1787087548.949740
1787087549.113131
1787087549.291326
1787087549.465166
1787087549.639588
1787087549.816960
1787087549.992617
1787087550.165454
1787087550.334589
1787087550.501687
1787087550.677840
1787087550.852768
1787087551.025787
1787087551.194362
1787087551.367111
1787087551.540886
1787087551.713463
1787087551.885431
1787087552.061708
1787087552.229023
1787087552.401545
1787087552.575332
1787087552.748735
1787087552.915075
1787087553.093136
1787087553.257797
1787087553.426375
1787087553.600157
1787087553.773226
1787087553.946244
1787087554.118801
1787087554.291200
1787087554.463152
1787087554.635826
1787087554.806078
1787087554.977565
1787087555.147904
1787087555.319139
1787087555.490357
1787087555.653451
1787087555.824920
1787087555.996776
1787087556.167221
1787087556.332328
1787087556.505710
1787087556.676198
1787087556.847785
1787087557.017710
1787087557.188155
1787087557.359505
1787087557.530395
1787087557.700978
1787087557.867829
1787087558.038530
1787087558.206474
1787087558.380438
1787087558.553071
1787087558.724064
1787087558.896621
1787087559.069836
1787087559.239943
1787087559.406470
1787087559.577885
1787087559.750718
1787087559.920534
1787087560.084789
1787087560.248713
1787087560.416881
1787087560.590019
1787087560.759450
1787087560.930410
1787087561.100966
1787087561.265215
1787087561.436001
1787087561.607300
1787087561.780205
1787087561.955368
1787087562.128582
1787087562.300691
1787087562.473429
1787087562.649445
1787087562.822334
1787087562.994020
1787087563.171118
1787087563.341285
1787087563.507018
1787087563.678308
1787087563.848103
1787087564.013213
1787087564.176684
1787087564.348441
1787087564.515870
1787087564.679909
1787087564.854248
1787087565.021630
1787087565.192228
1787087565.364012
1787087565.534633
1787087565.706997
1787087565.874902
1787087566.043575
1787087566.216708
1787087566.387223
1787087566.559544
1787087566.729022
1787087566.900174
1787087567.071505
1787087567.241082
1787087567.405550
1787087567.575984
1787087567.747124
1787087567.917824
1787087568.088141
1787087568.257107
1787087568.427019
1787087568.598535
1787087568.768316
1787087568.940502
1787087569.105545
1787087569.270605
1787087569.441936
1787087569.613116
1787087569.777491
1787087569.949883
1787087570.118187
1787087570.287311
1787087570.460694
1787087570.628684
1787087570.792014
1787087570.958277
1787087571.128096
1787087571.295767
1787087571.462916
1787087571.631481
1787087571.800107
1787087571.962787
1787087572.130090
1787087572.297867
1787087572.466612
1787087572.635209
1787087572.803043
1787087572.972633
1787087573.143461
1787087573.312387
1787087573.480508
1787087573.652924
1787087573.820646
1787087573.987422
1787087574.150064
1787087574.316202
1787087574.481738
1787087574.650336
1787087574.811807
1787087574.980602
1787087575.150996
1787087575.318752
1787087575.486974
1787087575.654430
1787087575.820925
1787087575.992992
1787087576.161904
1787087576.328179
1787087576.491669
1787087576.661117
1787087576.835202
1787087577.004673
1787087577.171043
1787087577.337058
1787087577.506933
1787087577.670787
1787087577.840133
1787087578.002907
1787087578.170825
1787087578.342436
1787087578.502075
1787087578.669140
1787087578.836028
1787087579.004929
1787087579.172002
1787087579.339773
1787087579.505851
1787087579.673548
1787087579.840863
1787087580.012500
1787087580.173416
1787087580.343703
1787087580.511133
1787087580.679115
1787087580.846174
1787087581.011733
1787087581.177509
1787087581.346243
1787087581.512295
1787087581.678319
1787087581.844311
1787087582.011652
1787087582.180545
1787087582.341586
1787087582.506853
1787087582.667256
1787087582.832501
1787087582.998176
1787087583.165331
1787087583.323125
1787087583.493568
1787087583.660789
1787087583.827727
1787087583.993641
1787087584.159129
1787087584.318764
1787087584.481652
1787087584.646646
1787087584.812048
1787087584.979494
1787087585.147147
1787087585.307209
1787087585.472482
1787087585.637737
1787087585.805747
1787087585.965290
1787087586.131089
1787087586.301066
1787087586.468470
1787087586.629087
1787087586.792857
1787087586.959125
1787087587.128685
1787087587.294004
1787087587.456719
1787087587.623469
1787087587.786920
1787087587.950450
1787087588.115822
1787087588.287484
1787087588.451669
1787087588.612599
1787087588.777138
1787087588.936583
1787087589.102115
1787087589.269989
1787087589.431418
1787087589.599964
1787087589.768060
1787087589.929265
1787087590.095131
1787087590.255791
1787087590.425520
1787087590.594221
1787087590.762383
1787087590.931941
1787087591.101168
1787087591.262383
1787087591.432019
1787087591.600808
1787087591.768192
1787087591.937234
1787087592.098913
1787087592.269819
1787087592.432239
1787087592.594031
1787087592.761551
1787087592.929760
1787087593.089418
1787087593.260692
1787087593.424866
1787087593.596202
1787087593.766294
1787087593.936448
1787087594.106890
1787087594.281169
1787087594.447437
1787087594.617968
1787087594.789233
1787087594.957734
1787087595.121920
1787087595.289342
1787087595.452755
1787087595.622449
1787087595.786865
1787087595.956608
1787087596.126358
1787087596.292785
1787087596.460189
1787087596.630168
1787087596.802228
1787087596.971323
1787087597.136133
1787087597.309313
1787087597.479569
1787087597.650938
1787087597.820731
1787087597.989508
1787087598.153203
1787087598.321843
1787087598.496287
1787087598.667167
1787087598.838296
1787087599.003055
1787087599.173864
1787087599.341805
1787087599.505597
1787087599.676942
1787087599.840569
1787087600.011545
1787087600.182083
1787087600.353712
1787087600.524758
1787087600.694364
1787087600.864550
1787087601.035970
1787087601.205938
1787087601.369809
1787087601.540918
1787087601.710922
1787087601.875794
1787087602.049067
1787087602.212470
1787087602.377282
1787087602.547732
1787087602.711914
1787087602.881782
1787087603.052948
1787087603.218049
1787087603.381364
1787087603.550728
1787087603.722423
1787087603.892399
1787087604.062816
1787087604.235315
1787087604.405032
1787087604.576332
1787087604.747600
1787087604.919116
1787087605.084334
1787087605.251971
1787087605.414750
1787087605.584128
1787087605.753009
1787087605.921005
1787087606.090096
1787087606.266204
1787087606.436414
1787087606.608467
1787087606.778075
1787087606.948899
1787087607.120755
1787087607.288926
1787087607.460045
1787087607.631851
1787087607.801872
1787087607.977560
1787087608.148984
1787087608.316466
1787087608.484878
1787087608.655334
1787087608.824667
1787087608.994686
1787087609.164057
1787087609.335065
1787087609.503457
1787087609.674891
1787087609.845549
1787087610.015632
1787087610.186784
1787087610.357877
1787087610.526723
1787087610.690543
1787087610.857814
1787087611.029407
1787087611.193282
1787087611.364250
1787087611.534154
1787087611.704120
1787087611.873554
1787087612.044479
1787087612.215236
1787087612.387100
1787087612.555702
1787087612.726259
1787087612.895316
1787087613.067620
1787087613.238812
1787087613.408900
1787087613.579138
1787087613.751646
1787087613.922626
1787087614.087696
1787087614.260160
1787087614.431731
1787087614.603158
1787087614.777653
1787087614.942850
1787087615.116852
1787087615.288648
1787087615.459470
1787087615.629355
1787087615.800672
1787087615.971740
1787087616.140628
1787087616.314286
1787087616.484912
1787087616.654119
1787087616.825666
1787087616.998202
1787087617.170227
1787087617.344219
1787087617.512550
1787087617.684033
1787087617.853653
1787087618.024555
1787087618.195620
1787087618.364244
1787087618.528259
1787087618.699486
1787087618.869879
1787087619.038720
1787087619.208240
1787087619.380019
1787087619.553022
1787087619.724214
1787087619.894809
1787087620.064139
1787087620.235192
1787087620.405506
1787087620.574622
1787087620.744195
1787087620.913886
1787087621.085972
1787087621.257587
1787087621.430427
1787087621.600205
1787087621.770541
1787087621.938438
1787087622.111088
1787087622.279133
1787087622.451285
1787087622.614660
1787087622.785067
1787087622.956996
1787087623.126139
1787087623.297589
1787087623.470016
1787087623.635597
1787087623.801468
1787087623.970123
1787087624.134483
1787087624.305542
1787087624.477440
1787087624.646864
1787087624.815954
1787087624.986052
1787087625.155525
1787087625.327478
1787087625.491093
1787087625.657902
1787087625.821754
1787087625.994202
1787087626.163221
1787087626.327439
1787087626.497669
1787087626.665184
1787087626.836371
1787087627.005317
1787087627.169777
1787087627.341381
1787087627.509346
1787087627.679829
1787087627.848581
1787087628.016553
1787087628.186044
1787087628.356978
1787087628.526304
1787087628.696494
1787087628.865605
1787087629.034427
1787087629.205300
1787087629.372555
1787087629.542792
1787087629.713078
1787087629.883908
1787087630.049120
1787087630.218833
1787087630.384148
1787087630.555607
1787087630.724297
1787087630.894268
1787087631.064519
1787087631.228713
1787087631.394926
1787087631.565335
1787087631.736115
1787087631.901360
1787087632.070673
1787087632.241546
1787087632.412786
1787087632.581459
1787087632.753166
1787087632.926580
1787087633.097039
1787087633.266441
1787087633.431235
1787087633.593735
1787087633.763484
1787087633.932315
1787087634.103378
1787087634.274266
1787087634.437911
1787087634.608685
1787087634.779888
1787087634.951785
1787087635.118330
1787087635.292104
1787087635.463491
1787087635.635781
1787087635.808011
1787087635.979006
1787087636.150598
1787087636.328073
1787087636.500463
1787087636.676306
1787087636.848581
1787087637.018270
1787087637.186761
1787087637.353917
1787087637.523820
1787087637.687838
1787087637.861109
1787087638.032271
1787087638.201998
1787087638.372035
1787087638.537286
1787087638.708736
1787087638.880808
