1787070027.533716
1787070027.689591
1787070027.835037
1787070027.991419
1787070028.146497
1787070028.293823
1787070028.440870
1787070028.589402
1787070028.737595
1787070028.887671
1787070029.039474
1787070029.189781
1787070029.346994
1787070029.494628
1787070029.643798
1787070029.792119
1787070029.940173
1787070030.089402
1787070030.241277
1787070030.393025
1787070030.542329
1787070030.690658
1787070030.842607
1787070030.989779
1787070031.137946
1787070031.283247
1787070031.439592
1787070031.582052
1787070031.730979
1787070031.878890
1787070032.028257
1787070032.177510
1787070032.328483
1787070032.478127
1787070032.626642
1787070032.773258
1787070032.921135
1787070033.068761
1787070033.217308
1787070033.365664
1787070033.522540
1787070033.668812
1787070033.817089
1787070033.963363
1787070034.112280
1787070034.259878
1787070034.409846
1787070034.556849
1787070034.705132
1787070034.852475
1787070035.001568
1787070035.156229
1787070035.305779
1787070035.454971
1787070035.603759
1787070035.758932
1787070035.908544
1787070036.059563
1787070036.207338
1787070036.355887
1787070036.504508
1787070036.651015
1787070036.806032
1787070036.953544
1787070037.100501
1787070037.246814
1787070037.399004
1787070037.550781
1787070037.699147
1787070037.845362
1787070037.995827
1787070038.147354
1787070038.298310
1787070038.452839
1787070038.601569
1787070038.746415
1787070038.897837
1787070039.042184
1787070039.196268
1787070039.349325
1787070039.495061
1787070039.650166
1787070039.794112
1787070039.951280
1787070040.101358
1787070040.245826
1787070040.399255
1787070040.544152
1787070040.695697
1787070040.847683
1787070040.996080
1787070041.158245
1787070041.300612
1787070041.445430
1787070041.598201
1787070041.749747
1787070041.896467
1787070042.050920
1787070042.198511
1787070042.350404
1787070042.504590
1787070042.650561
1787070042.796999
1787070042.949655
1787070043.095685
1787070043.243925
1787070043.394934
1787070043.548704
1787070043.701051
1787070043.847065
1787070044.001105
1787070044.154540
1787070044.301659
1787070044.452241
1787070044.599833
1787070044.752856
1787070044.898027
1787070045.045886
1787070045.205948
1787070045.351858
1787070045.497131
1787070045.641627
1787070045.785951
1787070045.931979
1787070046.081854
1787070046.229007
1787070046.375790
1787070046.528220
1787070046.675891
1787070046.822685
1787070046.972144
1787070047.118418
1787070047.272443
1787070047.424227
1787070047.577282
1787070047.724875
1787070047.871291
1787070048.019807
1787070048.171685
1787070048.322129
1787070048.475537
1787070048.624068
1787070048.772018
1787070048.921292
1787070049.076905
1787070049.235094
1787070049.390400
1787070049.548321
1787070049.704392
1787070049.861118
1787070050.014334
1787070050.165742
1787070050.317883
1787070050.469722
1787070050.627112
1787070050.786008
1787070050.943865
1787070051.095687
1787070051.250295
1787070051.401214
1787070051.558786
1787070051.716185
1787070051.871292
1787070052.022777
1787070052.182035
1787070052.337872
1787070052.498037
1787070052.658813
1787070052.818328
1787070052.977229
1787070053.138570
1787070053.301301
1787070053.462427
1787070053.617637
1787070053.773013
1787070053.929683
1787070054.089367
1787070054.246249
1787070054.402120
1787070054.558556
1787070054.716475
1787070054.879960
1787070055.044973
1787070055.203413
1787070055.365212
1787070055.523532
1787070055.683885
1787070055.848268
1787070056.010668
1787070056.173900
1787070056.338199
1787070056.498985
1787070056.657910
1787070056.823009
1787070056.986049
1787070057.149001
1787070057.311116
1787070057.474056
1787070057.638373
1787070057.804617
1787070057.967290
1787070058.125600
1787070058.283168
1787070058.447373
1787070058.606896
1787070058.768270
1787070058.934092
1787070059.094873
1787070059.259751
1787070059.420461
1787070059.585724
1787070059.747415
1787070059.909298
1787070060.073215
1787070060.235701
1787070060.403380
1787070060.571958
1787070060.733479
1787070060.902684
1787070061.063409
1787070061.226494
1787070061.388390
1787070061.556906
1787070061.728212
1787070061.891088
1787070062.057765
1787070062.221670
1787070062.391587
1787070062.560822
1787070062.728444
1787070062.899409
1787070063.067602
1787070063.237414
1787070063.407912
1787070063.575628
1787070063.744814
1787070063.909262
1787070064.081200
1787070064.251599
1787070064.420800
1787070064.587317
1787070064.757819
1787070064.923320
1787070065.093577
1787070065.262404
1787070065.426537
1787070065.598677
1787070065.764687
1787070065.939021
1787070066.107373
1787070066.272694
1787070066.445454
1787070066.612903
1787070066.782499
1787070066.956435
1787070067.124781
1787070067.297250
1787070067.468642
1787070067.639427
1787070067.804799
1787070067.975992
1787070068.141164
1787070068.314140
1787070068.485914
1787070068.657328
1787070068.822927
1787070068.987026
1787070069.156381
1787070069.329826
1787070069.494466
1787070069.666184
1787070069.842642
1787070070.013675
1787070070.180316
1787070070.350255
1787070070.519548
1787070070.690383
1787070070.856135
1787070071.028777
1787070071.198703
1787070071.370821
1787070071.535724
1787070071.707640
1787070071.881917
1787070072.042793
1787070072.212683
1787070072.384190
1787070072.557726
1787070072.729629
1787070072.902792
1787070073.070525
1787070073.237370
1787070073.403074
1787070073.567417
1787070073.741585
1787070073.911494
1787070074.084104
1787070074.254085
1787070074.423890
1787070074.588141
1787070074.759696
1787070074.929971
1787070075.098560
1787070075.270301
1787070075.441584
1787070075.611684
1787070075.782436
1787070075.954403
1787070076.121207
1787070076.291662
1787070076.463788
1787070076.628832
1787070076.800632
1787070076.971234
1787070077.135365
1787070077.306309
1787070077.471092
1787070077.642648
1787070077.817511
1787070077.982866
1787070078.155713
1787070078.324365
1787070078.492022
1787070078.666044
1787070078.830673
1787070078.998783
1787070079.173156
1787070079.340124
1787070079.507673
1787070079.678302
1787070079.847076
1787070080.018323
1787070080.188288
1787070080.358182
1787070080.523161
1787070080.688260
1787070080.852975
1787070081.020966
1787070081.186239
1787070081.357253
1787070081.517165
1787070081.682332
1787070081.849420
1787070082.020642
1787070082.187889
1787070082.358989
1787070082.531365
1787070082.697563
1787070082.861093
1787070083.035330
1787070083.202283
1787070083.367019
1787070083.533979
1787070083.696401
1787070083.865048
1787070084.031573
1787070084.197866
1787070084.368397
1787070084.538898
1787070084.704039
1787070084.868579
1787070085.038806
1787070085.201145
1787070085.370562
1787070085.539086
1787070085.710653
1787070085.879024
1787070086.044420
1787070086.213117
1787070086.378752
1787070086.538142
1787070086.708123
1787070086.873132
1787070087.037711
1787070087.206768
1787070087.378116
1787070087.547019
1787070087.717722
1787070087.884690
1787070088.047761
1787070088.213531
1787070088.377928
1787070088.547810
1787070088.716265
1787070088.885249
1787070089.048015
1787070089.213072
1787070089.380088
1787070089.551536
1787070089.721756
1787070089.888276
1787070090.057674
1787070090.225299
1787070090.393228
1787070090.563046
1787070090.729449
1787070090.899105
1787070091.069923
1787070091.233934
1787070091.407104
1787070091.572047
1787070091.739365
1787070091.907429
1787070092.077501
1787070092.251222
1787070092.422267
1787070092.596586
1787070092.762019
1787070092.932662
1787070093.100938
1787070093.272050
1787070093.443422
1787070093.613260
1787070093.782551
1787070093.958128
1787070094.128764
1787070094.295116
1787070094.468111
1787070094.631827
1787070094.807173
1787070094.983917
1787070095.159696
1787070095.328971
1787070095.497920
1787070095.673965
1787070095.847052
1787070096.020919
1787070096.190142
1787070096.364805
1787070096.538367
1787070096.705789
1787070096.880509
1787070097.055192
1787070097.227761
1787070097.393239
1787070097.566540
1787070097.739934
1787070097.925207
1787070098.087420
1787070098.263085
1787070098.434568
1787070098.608888
1787070098.781183
1787070098.952138
1787070099.127494
1787070099.301669
1787070099.475734
1787070099.648337
1787070099.822237
1787070099.994590
1787070100.172163
1787070100.340482
1787070100.508693
1787070100.683409
1787070100.852603
1787070101.017694
1787070101.191217
1787070101.363182
1787070101.534458
1787070101.706661
1787070101.871753
1787070102.040742
1787070102.210717
1787070102.383135
1787070102.554932
1787070102.726663
1787070102.892503
1787070103.058025
1787070103.230558
1787070103.405102
1787070103.571285
1787070103.737409
1787070103.908271
1787070104.072860
1787070104.237134
1787070104.407745
1787070104.576633
1787070104.745764
1787070104.910807
1787070105.081674
1787070105.247660
1787070105.417442
1787070105.586240
1787070105.751495
1787070105.923644
1787070106.089821
1787070106.257969
1787070106.426343
1787070106.595701
1787070106.765802
1787070106.929018
1787070107.092445
1787070107.255285
1787070107.423267
1787070107.591985
1787070107.756073
1787070107.917658
1787070108.086162
1787070108.248415
1787070108.412870
1787070108.576533
1787070108.743437
1787070108.906663
1787070109.076752
1787070109.239626
1787070109.402051
1787070109.569149
1787070109.734141
1787070109.905061
1787070110.063762
1787070110.224261
1787070110.396224
1787070110.563416
1787070110.731359
1787070110.900560
1787070111.068076
1787070111.236374
1787070111.403464
1787070111.572233
1787070111.739646
1787070111.910635
1787070112.076772
1787070112.246297
1787070112.418744
1787070112.588845
1787070112.761189
1787070112.929863
1787070113.094139
1787070113.265133
1787070113.430135
1787070113.599212
1787070113.769172
1787070113.939667
1787070114.112428
1787070114.280430
1787070114.444285
1787070114.610543
1787070114.780313
1787070114.951698
1787070115.121427
1787070115.289594
1787070115.460280
1787070115.626979
1787070115.795113
1787070115.965336
1787070116.136696
1787070116.300968
1787070116.471340
1787070116.632731
1787070116.794823
1787070116.959166
1787070117.124011
1787070117.292856
1787070117.461507
1787070117.632499
1787070117.801414
1787070117.968940
1787070118.136293
1787070118.304190
1787070118.464656
1787070118.638102
1787070118.798883
1787070118.966709
1787070119.127277
1787070119.293878
1787070119.463549
1787070119.630319
1787070119.797404
1787070119.964647
1787070120.131564
1787070120.298673
1787070120.467525
1787070120.630133
1787070120.800641
1787070120.964213
1787070121.131547
1787070121.304517
1787070121.466768
1787070121.633956
1787070121.805745
1787070121.975634
1787070122.144940
1787070122.311989
1787070122.485915
1787070122.654672
1787070122.823813
1787070122.989802
1787070123.153475
1787070123.321052
1787070123.487561
1787070123.655444
1787070123.816793
1787070123.985874
1787070124.149252
1787070124.316896
1787070124.478631
1787070124.648431
1787070124.811333
1787070124.980519
1787070125.141763
1787070125.315512
1787070125.481208
1787070125.646318
1787070125.814035
1787070125.977995
1787070126.145087
1787070126.311325
1787070126.478489
1787070126.642083
1787070126.803029
1787070126.966820
1787070127.137587
1787070127.297169
1787070127.465974
1787070127.628241
1787070127.795259
1787070127.962121
1787070128.121440
1787070128.288244
1787070128.452874
1787070128.613822
1787070128.782565
1787070128.945053
1787070129.116424
1787070129.276997
1787070129.442492
1787070129.608355
1787070129.773790
1787070129.938280
1787070130.105065
1787070130.272673
1787070130.443407
1787070130.614688
1787070130.777057
1787070130.947809
1787070131.120511
1787070131.285688
1787070131.455069
1787070131.622772
1787070131.782522
1787070131.956902
1787070132.127127
1787070132.297237
1787070132.466452
1787070132.639951
1787070132.811912
1787070132.980530
1787070133.152764
1787070133.323716
1787070133.495229
1787070133.664983
1787070133.831817
1787070134.001709
1787070134.178635
1787070134.344093
1787070134.520564
1787070134.694614
1787070134.861634
1787070135.032998
1787070135.203202
1787070135.369298
1787070135.543684
1787070135.718441
1787070135.881914
1787070136.046530
1787070136.219081
1787070136.396403
1787070136.572819
1787070136.751507
1787070136.926974
1787070137.102879
1787070137.273362
1787070137.442316
1787070137.622797
1787070137.797845
1787070137.972118
1787070138.145349
1787070138.315460
1787070138.489357
1787070138.664130
1787070138.836500
1787070139.015773
1787070139.186256
1787070139.355838
1787070139.528103
1787070139.693265
1787070139.860629
1787070140.032104
1787070140.203920
1787070140.376782
1787070140.547288
1787070140.716401
1787070140.889588
1787070141.062271
1787070141.238105
1787070141.412333
1787070141.580437
1787070141.754874
1787070141.920197
1787070142.088149
1787070142.260117
1787070142.432229
1787070142.603636
1787070142.769979
1787070142.939792
1787070143.107529
1787070143.273562
1787070143.438906
1787070143.610820
1787070143.779284
1787070143.952891
1787070144.128343
1787070144.301325
1787070144.474447
1787070144.651846
1787070144.819035
1787070144.991975
1787070145.161194
1787070145.325492
1787070145.494170
1787070145.663268
1787070145.828686
1787070145.993837
1787070146.162847
1787070146.334187
1787070146.505796
1787070146.669869
1787070146.835268
1787070147.006260
1787070147.174331
1787070147.343382
1787070147.512584
1787070147.683522
1787070147.845448
1787070148.006711
1787070148.167104
1787070148.333558
1787070148.499845
1787070148.671269
1787070148.838378
1787070149.011282
1787070149.181842
1787070149.351049
1787070149.520208
1787070149.688565
1787070149.851353
1787070150.015736
1787070150.180325
1787070150.347784
1787070150.517729
1787070150.680063
1787070150.847267
1787070151.015806
1787070151.185621
1787070151.349448
1787070151.518419
1787070151.682865
1787070151.841653
1787070152.010587
1787070152.179142
1787070152.348684
1787070152.522467
1787070152.695034
1787070152.859009
1787070153.033194
1787070153.207119
1787070153.373247
1787070153.539967
1787070153.710088
1787070153.874819
1787070154.046806
1787070154.219270
1787070154.391194
1787070154.561349
1787070154.732243
1787070154.901807
1787070155.072300
1787070155.239729
1787070155.405379
1787070155.573624
1787070155.745385
1787070155.920540
1787070156.096253
1787070156.271495
1787070156.445482
1787070156.614252
1787070156.789512
1787070156.967962
1787070157.143329
1787070157.316994
1787070157.492061
1787070157.664828
1787070157.841166
1787070158.015473
1787070158.183963
1787070158.353490
1787070158.526180
1787070158.700779
1787070158.872871
1787070159.046196
1787070159.214427
1787070159.389601
1787070159.558694
1787070159.726162
1787070159.900862
1787070160.075090
1787070160.244755
1787070160.414865
1787070160.589903
1787070160.758515
1787070160.933081
1787070161.112762
1787070161.293552
1787070161.474037
1787070161.652323
1787070161.825975
1787070162.001436
1787070162.175268
1787070162.353594
1787070162.528947
1787070162.706509
1787070162.885156
1787070163.066592
1787070163.243320
1787070163.423594
1787070163.602970
1787070163.776597
1787070163.952584
1787070164.131223
1787070164.303736
1787070164.479963
1787070164.657708
1787070164.836076
1787070165.014836
1787070165.192406
1787070165.368305
1787070165.542625
1787070165.716511
1787070165.885844
1787070166.063371
1787070166.236094
1787070166.411219
1787070166.587165
1787070166.758728
1787070166.932177
1787070167.106047
1787070167.276488
1787070167.446665
1787070167.622691
1787070167.798983
1787070167.979097
1787070168.147703
1787070168.313707
1787070168.482872
1787070168.656966
1787070168.828248
1787070169.002027
1787070169.181764
1787070169.351727
1787070169.517914
1787070169.691547
1787070169.876369
1787070170.053055
1787070170.225478
1787070170.399839
1787070170.566795
1787070170.738241
1787070170.910678
1787070171.078350
1787070171.251108
1787070171.423784
1787070171.590607
1787070171.758341
1787070171.925265
1787070172.090163
1787070172.262224
1787070172.432920
1787070172.602710
1787070172.774087
1787070172.946281
1787070173.119729
1787070173.291927
1787070173.467768
1787070173.641282
1787070173.805179
1787070173.973617
1787070174.139660
1787070174.310495
1787070174.478921
1787070174.649429
1787070174.815010
1787070174.985422
1787070175.150122
1787070175.313754
1787070175.484174
1787070175.655614
1787070175.818891
1787070175.991670
1787070176.163450
1787070176.335318
1787070176.503421
1787070176.674775
1787070176.843872
1787070177.010640
1787070177.180503
1787070177.347831
1787070177.519341
1787070177.690773
1787070177.853121
1787070178.023749
1787070178.196320
1787070178.358771
1787070178.528768
1787070178.699241
1787070178.865312
1787070179.032835
1787070179.197307
1787070179.362443
1787070179.528294
1787070179.694334
1787070179.861581
1787070180.022128
1787070180.188749
1787070180.354920
1787070180.518836
1787070180.689512
1787070180.859367
1787070181.026737
1787070181.201085
1787070181.371274
1787070181.539850
1787070181.708819
1787070181.874626
1787070182.035880
1787070182.208991
1787070182.382209
1787070182.557276
1787070182.723258
1787070182.892888
1787070183.063394
1787070183.235787
1787070183.405918
1787070183.570566
1787070183.739111
1787070183.903239
1787070184.068051
1787070184.229287
1787070184.401895
1787070184.567379
1787070184.738670
1787070184.906751
1787070185.071892
1787070185.236303
1787070185.399941
1787070185.571486
1787070185.738699
1787070185.903442
1787070186.068693
1787070186.241477
1787070186.403864
1787070186.569450
1787070186.738343
1787070186.901651
1787070187.072308
1787070187.237097
1787070187.405294
1787070187.569544
1787070187.739761
1787070187.908621
1787070188.075691
1787070188.250323
1787070188.412410
1787070188.582782
1787070188.751504
1787070188.915787
1787070189.083790
1787070189.248654
1787070189.420784
1787070189.585710
1787070189.755058
1787070189.925475
1787070190.089942
1787070190.259053
1787070190.428536
1787070190.592773
1787070190.760053
1787070190.922977
1787070191.089583
1787070191.260439
1787070191.433545
1787070191.598469
1787070191.763073
1787070191.937102
1787070192.094070
1787070192.259233
1787070192.420007
1787070192.588077
1787070192.751011
1787070192.913465
1787070193.082877
1787070193.244008
1787070193.408060
1787070193.579303
1787070193.745611
1787070193.916261
1787070194.084188
1787070194.254507
1787070194.424724
1787070194.591116
1787070194.761305
1787070194.925365
1787070195.091865
1787070195.258693
1787070195.423802
1787070195.598989
1787070195.767121
1787070195.945179
1787070196.118465
1787070196.284379
1787070196.449393
1787070196.620842
1787070196.790359
1787070196.963327
1787070197.136351
1787070197.309514
1787070197.476103
1787070197.651603
1787070197.817637
1787070197.990688
1787070198.157173
1787070198.327358
1787070198.495984
1787070198.669111
1787070198.837824
1787070199.002800
1787070199.176600
1787070199.349750
1787070199.516706
1787070199.682284
1787070199.849979
1787070200.020630
1787070200.192201
1787070200.358366
1787070200.529216
1787070200.700405
1787070200.869573
1787070201.033270
1787070201.203700
1787070201.368789
1787070201.541363
1787070201.706796
1787070201.875318
1787070202.042627
1787070202.216727
1787070202.388650
1787070202.562008
1787070202.731128
1787070202.896263
1787070203.068131
1787070203.234291
1787070203.402386
1787070203.577783
1787070203.745863
1787070203.918754
1787070204.085698
1787070204.254599
1787070204.426686
1787070204.602410
1787070204.766951
1787070204.933986
1787070205.104514
1787070205.273930
1787070205.440806
1787070205.607692
1787070205.774487
1787070205.944675
1787070206.114672
1787070206.286811
1787070206.459018
1787070206.630076
1787070206.803676
1787070206.969137
1787070207.138593
1787070207.303943
1787070207.470466
1787070207.641130
1787070207.814020
1787070207.979738
1787070208.151413
1787070208.322646
1787070208.488898
1787070208.659279
1787070208.835090
1787070209.000009
1787070209.164369
1787070209.335626
1787070209.507222
1787070209.680209
1787070209.852895
1787070210.016894
1787070210.193681
1787070210.360373
1787070210.525929
1787070210.693294
1787070210.863110
1787070211.034106
1787070211.208949
1787070211.375189
1787070211.540790
1787070211.709689
1787070211.875063
1787070212.043606
1787070212.213948
1787070212.384116
1787070212.556443
1787070212.729955
1787070212.894519
1787070213.066714
1787070213.239121
1787070213.411414
1787070213.578031
1787070213.749299
1787070213.920751
1787070214.092482
1787070214.262869
1787070214.438256
1787070214.605765
1787070214.778501
1787070214.944635
1787070215.116306
1787070215.286094
1787070215.458610
1787070215.624469
1787070215.796977
1787070215.967698
1787070216.134378
1787070216.301454
1787070216.474524
1787070216.642143
1787070216.815457
1787070216.981203
1787070217.149019
1787070217.315112
1787070217.480458
1787070217.652365
1787070217.822971
1787070217.994294
1787070218.167433
1787070218.336366
1787070218.508564
1787070218.678870
1787070218.847360
1787070219.018089
1787070219.183720
1787070219.359306
1787070219.534529
1787070219.700270
1787070219.872069
1787070220.047014
1787070220.215259
1787070220.387368
1787070220.561072
1787070220.728596
1787070220.902343
1787070221.070749
1787070221.238436
1787070221.410417
1787070221.585493
1787070221.752049
1787070221.918742
1787070222.087204
1787070222.252158
1787070222.424638
1787070222.599331
1787070222.767930
1787070222.938784
1787070223.109866
1787070223.274812
1787070223.442395
1787070223.617682
1787070223.784218
1787070223.957082
1787070224.133234
1787070224.300340
1787070224.467636
1787070224.640970
1787070224.806983
1787070224.977400
1787070225.151367
1787070225.319807
1787070225.487098
1787070225.659630
1787070225.829176
1787070226.003892
1787070226.177115
1787070226.351117
1787070226.517183
1787070226.689613
1787070226.861761
1787070227.026695
1787070227.199655
1787070227.375052
1787070227.541718
1787070227.707697
1787070227.883795
1787070228.050137
1787070228.224221
1787070228.395517
1787070228.565485
1787070228.736087
1787070228.907295
1787070229.082459
1787070229.247952
1787070229.419272
1787070229.585693
1787070229.751428
1787070229.925529
1787070230.093575
1787070230.259419
1787070230.431159
1787070230.595377
1787070230.766883
1787070230.936175
1787070231.102490
1787070231.274525
1787070231.448789
1787070231.614491
1787070231.784276
1787070231.954275
1787070232.126747
1787070232.297784
1787070232.468431
1787070232.633376
1787070232.801961
1787070232.974085
1787070233.145276
1787070233.318619
1787070233.489799
1787070233.655401
1787070233.828778
1787070234.003651
1787070234.171283
1787070234.344462
1787070234.516845
1787070234.680897
1787070234.847002
1787070235.019655
1787070235.184800
1787070235.357810
1787070235.523538
1787070235.687991
1787070235.859367
1787070236.026310
1787070236.198341
1787070236.370575
1787070236.537529
1787070236.708303
1787070236.878736
1787070237.042436
1787070237.212892
1787070237.377114
1787070237.548305
1787070237.719799
1787070237.885620
1787070238.059464
1787070238.229882
1787070238.393894
1787070238.565932
1787070238.737175
1787070238.907346
1787070239.074553
1787070239.238724
1787070239.410349
1787070239.580161
1787070239.745708
1787070239.918341
1787070240.083427
1787070240.248483
1787070240.418804
1787070240.591172
1787070240.767098
1787070240.943716
1787070241.111785
1787070241.282902
1787070241.450289
1787070241.624563
1787070241.799847
1787070241.965044
1787070242.137319
1787070242.311660
1787070242.480218
1787070242.652623
1787070242.822860
1787070242.989592
1787070243.162890
1787070243.339423
1787070243.506164
1787070243.674987
1787070243.849393
1787070244.023181
1787070244.198159
1787070244.366811
1787070244.542810
1787070244.716286
1787070244.886694
1787070245.052722
1787070245.226950
1787070245.392726
1787070245.557470
1787070245.723922
1787070245.888525
1787070246.060958
1787070246.226230
1787070246.399650
1787070246.574897
1787070246.740914
1787070246.916451
1787070247.086089
1787070247.248966
1787070247.421379
1787070247.592265
1787070247.759576
1787070247.933935
1787070248.106658
1787070248.285391
1787070248.449191
1787070248.615457
1787070248.786149
1787070248.951930
1787070249.122759
1787070249.286130
1787070249.456464
1787070249.627411
1787070249.792502
1787070249.962577
1787070250.135360
1787070250.307739
1787070250.479390
1787070250.650087
1787070250.822084
1787070250.987174
1787070251.161273
1787070251.326459
1787070251.496985
1787070251.665616
1787070251.842655
1787070252.003900
1787070252.175041
1787070252.337396
1787070252.508622
1787070252.676191
1787070252.849437
1787070253.015867
1787070253.180324
1787070253.352951
1787070253.517226
1787070253.689039
1787070253.852617
1787070254.017211
1787070254.188717
1787070254.363086
1787070254.531222
1787070254.704213
1787070254.868657
1787070255.041605
1787070255.216848
1787070255.381812
1787070255.552971
1787070255.723942
1787070255.898126
1787070256.063281
1787070256.229647
1787070256.396241
1787070256.567986
1787070256.740062
1787070256.904012
1787070257.075270
1787070257.237829
1787070257.409850
1787070257.581477
1787070257.746468
1787070257.920465
1787070258.090376
1787070258.266788
1787070258.438292
1787070258.594946
1787070258.765559
1787070258.935137
1787070259.107159
1787070259.278144
1787070259.448940
1787070259.614768
1787070259.784300
1787070259.948761
1787070260.120350
1787070260.290919
1787070260.455740
1787070260.620147
1787070260.790653
1787070260.957865
1787070261.129908
1787070261.299884
1787070261.469536
1787070261.641893
1787070261.811235
1787070261.982636
1787070262.153068
1787070262.315720
1787070262.482332
1787070262.655106
1787070262.818840
1787070262.993768
1787070263.157702
1787070263.327570
1787070263.497438
1787070263.668016
1787070263.834913
1787070264.000669
1787070264.170574
1787070264.339396
1787070264.512557
1787070264.685099
1787070264.847804
1787070265.019309
1787070265.185282
1787070265.360155
1787070265.523885
1787070265.688966
1787070265.857027
1787070266.020874
1787070266.191099
1787070266.354190
1787070266.526605
1787070266.695805
1787070266.860919
1787070267.026186
1787070267.190397
1787070267.357680
1787070267.523835
1787070267.693529
1787070267.858294
1787070268.022322
1787070268.188630
1787070268.353134
1787070268.516567
1787070268.689196
1787070268.859953
1787070269.023412
1787070269.194903
1787070269.366094
1787070269.527338
1787070269.696124
1787070269.866923
1787070270.033201
1787070270.209699
1787070270.371783
1787070270.545419
1787070270.713472
1787070270.877120
1787070271.051257
1787070271.217152
1787070271.388799
1787070271.559161
1787070271.733090
1787070271.897053
1787070272.067297
1787070272.232711
1787070272.397835
1787070272.566760
1787070272.734157
1787070272.900715
1787070273.069842
1787070273.243848
1787070273.412550
1787070273.579269
1787070273.744761
1787070273.918714
1787070274.089046
1787070274.258160
1787070274.423495
1787070274.595281
1787070274.759147
1787070274.924450
1787070275.089908
1787070275.255807
1787070275.424471
1787070275.595439
1787070275.767137
1787070275.940649
1787070276.107569
1787070276.280138
1787070276.452196
1787070276.617586
1787070276.787548
1787070276.959231
1787070277.128100
1787070277.299799
1787070277.465621
1787070277.635503
1787070277.808487
1787070277.978958
1787070278.151024
1787070278.322566
1787070278.518308
1787070278.697083
1787070278.872673
1787070279.048530
1787070279.233801
1787070279.415830
1787070279.599896
1787070279.775858
1787070279.962645
1787070280.143873
1787070280.328624
1787070280.506525
1787070280.682423
1787070280.861300
1787070281.033889
1787070281.214203
1787070281.397624
1787070281.575809
1787070281.757621
1787070281.938013
1787070282.118656
1787070282.298298
1787070282.481299
1787070282.656630
1787070282.831877
1787070283.014724
1787070283.195851
1787070283.378092
1787070283.558959
1787070283.739519
1787070283.924006
1787070284.104795
1787070284.279423
1787070284.460082
1787070284.640929
1787070284.815593
1787070284.997845
1787070285.179686
1787070285.356383
1787070285.538838
1787070285.715074
1787070285.890306
1787070286.075605
1787070286.259379
1787070286.439922
1787070286.620193
1787070286.800408
1787070286.984137
1787070287.162190
1787070287.340137
1787070287.521746
1787070287.703433
1787070287.882691
1787070288.056891
1787070288.240776
1787070288.423578
1787070288.598936
1787070288.781302
1787070288.962398
1787070289.131799
1787070289.316557
1787070289.502683
1787070289.689867
1787070289.864510
1787070290.042409
1787070290.227781
1787070290.409186
1787070290.595641
1787070290.772508
1787070290.946932
1787070291.129223
1787070291.307477
1787070291.492480
1787070291.673886
1787070291.855944
1787070292.030399
1787070292.214509
1787070292.394868
1787070292.572242
1787070292.747849
1787070292.924090
1787070293.100742
1787070293.281300
1787070293.461404
1787070293.644673
1787070293.820330
1787070294.003011
1787070294.181662
1787070294.366076
1787070294.549351
1787070294.727340
1787070294.908662
1787070295.096313
1787070295.286786
1787070295.468715
1787070295.655246
1787070295.838051
1787070296.024799
