1787078387.656970
1787078387.811294
1787078387.958051
1787078388.104096
1787078388.250721
1787078388.397648
1787078388.550958
1787078388.707415
1787078388.860795
1787078389.015446
1787078389.165155
1787078389.315967
1787078389.472713
1787078389.623732
1787078389.773880
1787078389.930302
1787078390.084871
1787078390.237138
1787078390.393782
1787078390.545217
1787078390.696212
1787078390.846544
1787078391.002533
1787078391.150166
1787078391.305073
1787078391.466238
1787078391.618140
1787078391.773567
1787078391.920154
1787078392.067245
1787078392.215430
1787078392.364785
1787078392.521104
1787078392.678063
1787078392.835457
1787078392.985951
1787078393.143483
1787078393.298116
1787078393.452914
1787078393.606832
1787078393.765934
1787078393.916059
1787078394.071514
1787078394.225554
1787078394.379170
1787078394.532539
1787078394.688858
1787078394.837327
1787078394.985809
1787078395.134615
1787078395.287743
1787078395.441154
1787078395.596627
1787078395.751825
1787078395.911208
1787078396.061282
1787078396.215525
1787078396.368656
1787078396.534606
1787078396.680269
1787078396.826010
1787078396.972170
1787078397.118321
1787078397.269770
1787078397.423161
1787078397.577334
1787078397.723601
1787078397.872244
1787078398.018052
1787078398.169360
1787078398.321702
1787078398.476748
1787078398.628334
1787078398.779585
1787078398.930984
1787078399.083749
1787078399.235527
1787078399.386794
1787078399.537709
1787078399.687602
1787078399.838050
1787078399.988601
1787078400.138188
1787078400.286402
1787078400.435691
1787078400.584770
1787078400.735605
1787078400.885723
1787078401.035800
1787078401.179686
1787078401.332867
1787078401.485987
1787078401.637456
1787078401.790659
1787078401.936036
1787078402.081345
1787078402.232365
1787078402.381582
1787078402.536057
1787078402.685885
1787078402.836423
1787078402.986375
1787078403.137646
1787078403.288024
1787078403.437243
1787078403.589110
1787078403.741010
1787078403.887753
1787078404.040075
1787078404.190858
1787078404.341725
1787078404.487175
1787078404.637925
1787078404.791077
1787078404.937829
1787078405.090533
1787078405.238267
1787078405.389010
1787078405.545052
1787078405.694237
1787078405.847941
1787078406.000850
1787078406.154464
1787078406.308078
1787078406.461731
1787078406.615760
1787078406.769737
1787078406.923025
1787078407.070473
1787078407.224647
1787078407.374410
1787078407.527335
1787078407.676563
1787078407.824255
1787078407.978434
1787078408.134231
1787078408.289676
1787078408.445481
1787078408.601951
1787078408.757850
1787078408.912698
1787078409.068805
1787078409.224546
1787078409.380284
1787078409.539122
1787078409.688301
1787078409.843179
1787078409.997387
1787078410.152763
1787078410.311812
1787078410.470932
1787078410.627827
1787078410.779026
1787078410.935774
1787078411.092851
1787078411.242894
1787078411.400498
1787078411.552747
1787078411.706196
1787078411.864505
1787078412.021849
1787078412.193501
1787078412.346898
1787078412.505032
1787078412.664454
1787078412.825057
1787078412.986032
1787078413.145488
1787078413.308193
1787078413.469206
1787078413.630270
1787078413.790581
1787078413.951131
1787078414.114213
1787078414.273376
1787078414.434831
1787078414.598258
1787078414.762347
1787078414.924655
1787078415.081785
1787078415.243039
1787078415.404153
1787078415.566018
1787078415.726838
1787078415.883113
1787078416.046280
1787078416.209568
1787078416.373598
1787078416.536759
1787078416.698490
1787078416.860754
1787078417.024951
1787078417.187170
1787078417.349711
1787078417.512378
1787078417.675120
1787078417.839621
1787078418.003213
1787078418.161437
1787078418.330064
1787078418.495226
1787078418.660214
1787078418.825352
1787078418.990621
1787078419.149795
1787078419.308287
1787078419.467061
1787078419.625348
1787078419.783430
1787078419.949937
1787078420.118270
1787078420.279085
1787078420.445631
1787078420.605226
1787078420.771739
1787078420.936864
1787078421.103274
1787078421.263608
1787078421.428485
1787078421.594313
1787078421.760847
1787078421.926022
1787078422.092055
1787078422.256987
1787078422.421630
1787078422.591341
1787078422.755594
1787078422.921402
1787078423.087751
1787078423.251317
1787078423.415272
1787078423.580848
1787078423.746377
1787078423.912970
1787078424.077704
1787078424.245181
1787078424.413487
1787078424.579520
1787078424.746300
1787078424.913763
1787078425.081336
1787078425.252595
1787078425.412990
1787078425.580271
1787078425.750802
1787078425.917985
1787078426.085752
1787078426.247616
1787078426.414721
1787078426.582031
1787078426.749159
1787078426.916452
1787078427.084364
1787078427.251478
1787078427.421684
1787078427.590668
1787078427.752808
1787078427.922143
1787078428.090452
1787078428.253570
1787078428.421273
1787078428.590998
1787078428.758380
1787078428.928046
1787078429.098716
1787078429.266597
1787078429.434897
1787078429.604735
1787078429.774683
1787078429.944028
1787078430.107830
1787078430.273295
1787078430.444765
1787078430.612992
1787078430.782432
1787078430.950176
1787078431.123161
1787078431.285180
1787078431.454285
1787078431.622368
1787078431.790473
1787078431.958910
1787078432.126783
1787078432.292483
1787078432.459767
1787078432.627311
1787078432.795730
1787078432.963460
1787078433.131007
1787078433.299407
1787078433.468625
1787078433.634892
1787078433.803626
1787078433.971054
1787078434.141405
1787078434.312635
1787078434.479727
1787078434.648503
1787078434.816342
1787078434.985314
1787078435.154348
1787078435.323541
1787078435.491942
1787078435.662040
1787078435.831913
1787078436.000958
1787078436.172409
1787078436.339512
1787078436.508353
1787078436.676028
1787078436.845327
1787078437.015031
1787078437.184476
1787078437.353162
1787078437.521671
1787078437.693172
1787078437.864360
1787078438.033870
1787078438.202053
1787078438.376632
1787078438.547472
1787078438.718427
1787078438.889493
1787078439.054109
1787078439.220373
1787078439.389298
1787078439.557697
1787078439.725728
1787078439.893598
1787078440.062926
1787078440.225169
1787078440.395430
1787078440.564811
1787078440.736059
1787078440.906137
1787078441.076596
1787078441.248205
1787078441.415368
1787078441.584395
1787078441.754646
1787078441.926296
1787078442.089093
1787078442.258099
1787078442.422311
1787078442.594251
1787078442.764398
1787078442.935041
1787078443.106106
1787078443.275209
1787078443.445179
1787078443.616220
1787078443.788449
1787078443.955249
1787078444.125999
1787078444.294980
1787078444.464609
1787078444.634134
1787078444.805697
1787078444.976072
1787078445.147075
1787078445.316466
1787078445.485420
1787078445.655696
1787078445.821458
1787078445.994086
1787078446.166581
1787078446.331592
1787078446.507437
1787078446.673474
1787078446.841568
1787078447.012993
1787078447.184597
1787078447.357648
1787078447.523612
1787078447.695109
1787078447.866324
1787078448.035328
1787078448.207083
1787078448.377658
1787078448.545697
1787078448.714483
1787078448.885955
1787078449.054871
1787078449.223941
1787078449.393178
1787078449.563168
1787078449.731506
1787078449.902336
1787078450.071791
1787078450.244045
1787078450.408136
1787078450.578471
1787078450.747868
1787078450.916929
1787078451.088168
1787078451.262004
1787078451.425243
1787078451.596018
1787078451.766660
1787078451.935408
1787078452.101512
1787078452.270891
1787078452.440632
1787078452.610327
1787078452.778319
1787078452.946739
1787078453.116374
1787078453.282092
1787078453.453062
1787078453.623851
1787078453.796195
1787078453.959316
1787078454.131143
1787078454.297193
1787078454.468407
1787078454.640651
1787078454.807873
1787078454.977415
1787078455.146179
1787078455.308829
1787078455.480251
1787078455.651119
1787078455.821198
1787078455.990789
1787078456.157894
1787078456.328472
1787078456.498675
1787078456.668072
1787078456.840001
1787078457.008513
1787078457.177931
1787078457.346400
1787078457.515384
1787078457.684410
1787078457.853765
1787078458.023016
1787078458.193207
1787078458.361344
1787078458.533141
1787078458.704529
1787078458.874210
1787078459.045756
1787078459.216679
1787078459.387179
1787078459.555445
1787078459.725273
1787078459.893240
1787078460.067506
1787078460.231132
1787078460.397560
1787078460.562039
1787078460.730584
1787078460.900605
1787078461.071538
1787078461.235092
1787078461.408400
1787078461.578895
1787078461.751489
1787078461.922513
1787078462.093989
1787078462.257936
1787078462.428668
1787078462.600667
1787078462.765545
1787078462.938552
1787078463.110826
1787078463.280210
1787078463.452532
1787078463.624121
1787078463.794621
1787078463.965950
1787078464.136446
1787078464.305581
1787078464.474012
1787078464.643140
1787078464.811821
1787078464.983865
1787078465.160334
1787078465.324016
1787078465.495152
1787078465.667319
1787078465.839367
1787078466.010256
1787078466.183189
1787078466.355090
1787078466.527748
1787078466.696053
1787078466.871103
1787078467.041976
1787078467.209965
1787078467.381648
1787078467.553443
1787078467.724586
1787078467.899964
1787078468.073693
1787078468.246057
1787078468.417645
1787078468.591717
1787078468.763244
1787078468.937538
1787078469.105974
1787078469.277515
1787078469.453509
1787078469.627364
1787078469.801854
1787078469.976513
1787078470.149027
1787078470.323672
1787078470.488950
1787078470.660290
1787078470.833880
1787078471.007444
1787078471.180634
1787078471.353233
1787078471.516760
1787078471.693458
1787078471.864410
1787078472.036685
1787078472.209427
1787078472.380500
1787078472.549766
1787078472.721286
1787078472.892423
1787078473.063971
1787078473.235202
1787078473.407156
1787078473.581418
1787078473.748357
1787078473.923965
1787078474.100006
1787078474.276516
1787078474.452936
1787078474.626530
1787078474.795836
1787078474.971722
1787078475.148674
1787078475.324555
1787078475.493391
1787078475.659989
1787078475.834352
1787078476.008736
1787078476.183732
1787078476.348614
1787078476.522923
1787078476.690368
1787078476.866221
1787078477.039327
1787078477.209236
1787078477.386631
1787078477.552191
1787078477.724135
1787078477.887631
1787078478.058077
1787078478.228875
1787078478.402632
1787078478.571278
1787078478.744194
1787078478.913362
1787078479.082551
1787078479.257257
1787078479.430037
1787078479.605840
1787078479.778774
1787078479.948154
1787078480.114668
1787078480.281100
1787078480.451694
1787078480.624326
1787078480.794815
1787078480.966817
1787078481.138146
1787078481.308364
1787078481.482274
1787078481.654338
1787078481.819598
1787078481.990273
1787078482.162902
1787078482.334506
1787078482.505639
1787078482.679311
1787078482.852613
1787078483.023943
1787078483.197051
1787078483.365794
1787078483.537704
1787078483.707723
1787078483.879982
1787078484.053790
1787078484.219602
1787078484.390884
1787078484.561861
1787078484.734787
1787078484.902541
1787078485.075954
1787078485.245862
1787078485.421204
1787078485.590917
1787078485.761976
1787078485.933254
1787078486.098113
1787078486.260902
1787078486.429944
1787078486.604612
1787078486.779201
1787078486.949288
1787078487.118948
1787078487.289882
1787078487.461508
1787078487.625176
1787078487.796308
1787078487.961411
1787078488.136542
1787078488.311629
1787078488.479412
1787078488.658919
1787078488.834689
1787078489.013712
1787078489.188556
1787078489.365435
1787078489.542987
1787078489.721632
1787078489.900423
1787078490.075683
1787078490.250817
1787078490.432422
1787078490.606410
1787078490.783505
1787078490.961754
1787078491.139628
1787078491.311704
1787078491.487813
1787078491.656599
1787078491.831760
1787078492.005294
1787078492.179097
1787078492.354255
1787078492.528274
1787078492.700781
1787078492.874228
1787078493.047649
1787078493.222579
1787078493.389367
1787078493.560349
1787078493.728751
1787078493.901695
1787078494.075646
1787078494.244234
1787078494.415631
1787078494.590226
1787078494.762753
1787078494.933024
1787078495.106692
1787078495.282038
1787078495.455132
1787078495.628991
1787078495.806194
1787078495.976625
1787078496.148517
1787078496.321478
1787078496.497051
1787078496.672565
1787078496.852370
1787078497.016884
1787078497.187941
1787078497.359029
1787078497.524051
1787078497.696599
1787078497.868833
1787078498.035950
1787078498.209214
1787078498.382415
1787078498.549225
1787078498.725050
1787078498.890534
1787078499.061269
1787078499.233860
1787078499.407068
1787078499.579159
1787078499.746832
1787078499.923903
1787078500.085010
1787078500.258270
1787078500.434738
1787078500.600767
1787078500.767801
1787078500.941203
1787078501.110331
1787078501.283912
1787078501.462456
1787078501.626101
1787078501.797877
1787078501.971122
1787078502.145530
1787078502.318078
1787078502.488410
1787078502.662451
1787078502.835015
1787078503.007965
1787078503.177835
1787078503.349963
1787078503.522063
1787078503.688709
1787078503.860245
1787078504.031141
1787078504.202340
1787078504.374051
1787078504.542186
1787078504.707993
1787078504.874313
1787078505.042788
1787078505.216027
1787078505.388232
1787078505.557010
1787078505.727975
1787078505.903345
1787078506.071101
1787078506.242881
1787078506.408508
1787078506.581778
1787078506.747752
1787078506.915804
1787078507.082535
1787078507.256512
1787078507.425938
1787078507.597303
1787078507.768528
1787078507.938771
1787078508.109373
1787078508.279462
1787078508.444185
1787078508.613633
1787078508.790291
1787078508.967185
1787078509.143688
1787078509.319273
1787078509.496263
1787078509.667369
1787078509.845054
1787078510.020166
1787078510.199236
1787078510.379305
1787078510.554965
1787078510.733272
1787078510.905834
1787078511.072081
1787078511.244904
1787078511.418520
1787078511.594567
1787078511.759962
1787078511.936029
1787078512.111713
1787078512.290092
1787078512.463545
1787078512.636311
1787078512.809397
1787078512.984239
1787078513.163053
1787078513.340100
1787078513.514710
1787078513.690653
1787078513.861882
1787078514.038521
1787078514.217906
1787078514.391966
1787078514.568366
1787078514.740516
1787078514.911811
1787078515.080246
1787078515.252013
1787078515.423135
1787078515.596337
1787078515.769462
1787078515.942487
1787078516.114324
1787078516.291061
1787078516.463030
1787078516.635281
1787078516.808451
1787078516.977447
1787078517.149737
1787078517.325225
1787078517.492200
1787078517.664969
1787078517.840304
1787078518.006119
1787078518.177624
1787078518.347689
1787078518.511827
1787078518.683937
1787078518.854703
1787078519.025696
1787078519.196979
1787078519.368431
1787078519.538456
1787078519.708052
1787078519.878432
1787078520.051294
1787078520.215004
1787078520.386290
1787078520.555456
1787078520.725992
1787078520.894861
1787078521.062623
1787078521.226761
1787078521.395675
1787078521.575620
1787078521.737303
1787078521.907773
1787078522.076617
1787078522.245470
1787078522.417590
1787078522.587577
1787078522.755178
1787078522.921527
1787078523.086126
1787078523.255826
1787078523.425255
1787078523.597019
1787078523.766128
1787078523.937478
1787078524.104832
1787078524.274810
1787078524.436969
1787078524.605299
1787078524.773372
1787078524.941287
1787078525.102829
1787078525.271091
1787078525.440749
1787078525.613858
1787078525.783596
1787078525.951628
1787078526.122600
1787078526.292565
1787078526.462180
1787078526.634560
1787078526.802372
1787078526.971284
1787078527.137038
1787078527.308058
1787078527.471081
1787078527.638251
1787078527.805581
1787078527.973923
1787078528.143196
1787078528.306873
1787078528.473898
1787078528.644750
1787078528.818083
1787078528.991359
1787078529.167582
1787078529.339486
1787078529.517301
1787078529.691096
1787078529.862256
1787078530.035068
1787078530.201844
1787078530.374349
1787078530.546053
1787078530.719556
1787078530.885609
1787078531.059200
1787078531.234087
1787078531.410365
1787078531.588140
1787078531.752135
1787078531.924906
1787078532.100063
1787078532.267380
1787078532.442063
1787078532.619388
1787078532.790660
1787078532.969165
1787078533.143053
1787078533.315294
1787078533.487018
1787078533.659414
1787078533.834881
1787078534.008485
1787078534.182163
1787078534.353159
1787078534.523824
1787078534.694799
1787078534.868300
1787078535.036362
1787078535.208998
1787078535.378262
1787078535.549034
1787078535.720364
1787078535.892862
1787078536.060543
1787078536.224393
1787078536.392402
1787078536.563135
1787078536.731726
1787078536.897711
1787078537.066440
1787078537.239222
1787078537.409494
1787078537.579619
1787078537.748941
1787078537.918468
1787078538.088485
1787078538.258608
1787078538.427728
1787078538.597069
1787078538.766625
1787078538.940071
1787078539.109318
1787078539.277388
1787078539.445728
1787078539.615584
1787078539.784143
1787078539.954891
1787078540.122730
1787078540.293090
1787078540.457744
1787078540.626063
1787078540.793901
1787078540.960976
1787078541.127172
1787078541.293370
1787078541.459593
1787078541.628863
1787078541.789084
1787078541.956383
1787078542.123319
1787078542.291935
1787078542.458790
1787078542.629368
1787078542.792071
1787078542.958737
1787078543.120708
1787078543.287230
1787078543.454906
1787078543.623306
1787078543.785923
1787078543.952160
1787078544.119749
1787078544.287701
1787078544.455061
1787078544.623326
1787078544.789637
1787078544.960489
1787078545.128471
1787078545.294371
1787078545.461789
1787078545.628078
1787078545.790489
1787078545.958445
1787078546.126372
1787078546.291056
1787078546.452980
1787078546.621570
1787078546.785955
1787078546.951010
1787078547.112663
1787078547.278600
1787078547.441694
1787078547.610288
1787078547.772520
1787078547.939701
1787078548.102218
1787078548.269234
1787078548.436650
1787078548.604175
1787078548.772225
1787078548.938972
1787078549.104373
1787078549.272599
1787078549.438283
1787078549.606961
1787078549.775298
1787078549.941582
1787078550.111209
1787078550.271470
1787078550.440452
1787078550.608041
1787078550.771487
1787078550.939041
1787078551.102270
1787078551.268821
1787078551.435510
1787078551.604837
1787078551.766958
1787078551.932103
1787078552.097617
1787078552.264291
1787078552.431068
1787078552.597948
1787078552.765190
1787078552.932602
1787078553.100934
1787078553.266546
1787078553.433739
1787078553.602482
1787078553.770600
1787078553.939841
1787078554.103212
1787078554.269459
1787078554.431445
1787078554.598181
1787078554.766121
1787078554.933469
1787078555.099543
1787078555.267197
1787078555.434099
1787078555.601908
1787078555.771701
1787078555.936548
1787078556.106904
1787078556.268744
1787078556.432465
1787078556.598497
1787078556.765267
1787078556.932356
1787078557.099420
1787078557.259480
1787078557.423886
1787078557.591764
1787078557.759883
1787078557.929188
1787078558.098366
1787078558.262755
1787078558.425517
1787078558.587462
1787078558.755119
1787078558.919348
1787078559.087418
1787078559.255572
1787078559.423085
1787078559.589991
1787078559.760053
1787078559.922330
1787078560.084559
1787078560.253094
1787078560.421736
1787078560.586452
1787078560.755276
1787078560.925175
1787078561.093521
1787078561.261162
1787078561.430119
1787078561.598424
1787078561.763264
1787078561.925032
1787078562.101038
1787078562.274962
1787078562.443185
1787078562.616295
1787078562.787819
1787078562.963648
1787078563.138531
1787078563.314399
1787078563.488002
1787078563.656107
1787078563.841119
1787078564.008219
1787078564.176900
1787078564.346899
1787078564.510248
1787078564.680299
1787078564.848022
1787078565.022104
1787078565.187932
1787078565.361033
1787078565.535395
1787078565.705775
1787078565.873693
1787078566.048162
1787078566.224272
1787078566.397707
1787078566.572889
1787078566.748484
1787078566.922184
1787078567.092753
1787078567.255354
1787078567.424620
1787078567.595132
1787078567.763981
1787078567.933386
1787078568.101350
1787078568.271945
1787078568.444215
1787078568.614846
1787078568.788846
1787078568.960428
1787078569.130883
1787078569.294830
1787078569.461139
1787078569.630407
1787078569.805220
1787078569.976976
1787078570.141211
1787078570.311190
1787078570.484383
1787078570.654303
1787078570.825353
1787078570.995574
1787078571.164523
1787078571.335460
1787078571.505838
1787078571.677837
1787078571.844586
1787078572.014858
1787078572.186986
1787078572.362029
1787078572.535121
1787078572.705692
1787078572.874480
1787078573.046528
1787078573.217571
1787078573.387832
1787078573.554353
1787078573.725023
1787078573.894043
1787078574.058812
1787078574.232155
1787078574.402542
1787078574.571736
1787078574.742508
1787078574.908909
1787078575.079512
1787078575.251210
1787078575.423969
1787078575.598777
1787078575.770344
1787078575.943047
1787078576.111644
1787078576.283970
1787078576.458181
1787078576.629872
1787078576.804107
1787078576.975963
1787078577.148077
1787078577.321793
1787078577.495746
1787078577.667444
1787078577.839402
1787078578.014812
1787078578.189530
1787078578.362551
1787078578.529382
1787078578.701600
1787078578.875304
1787078579.051666
1787078579.227610
1787078579.401696
1787078579.575163
1787078579.747099
1787078579.923287
1787078580.097111
1787078580.271363
1787078580.449539
1787078580.618366
1787078580.790040
1787078580.964679
1787078581.141195
1787078581.318075
1787078581.487788
1787078581.656911
1787078581.833615
1787078582.000041
1787078582.173390
1787078582.348196
1787078582.523907
1787078582.699911
1787078582.870821
1787078583.040120
1787078583.216320
1787078583.393186
1787078583.568682
1787078583.745873
1787078583.920888
1787078584.096535
1787078584.267277
1787078584.442845
1787078584.618415
1787078584.796339
1787078584.971321
1787078585.144753
1787078585.313949
1787078585.489253
1787078585.664818
1787078585.833632
1787078586.002792
1787078586.181643
1787078586.356280
1787078586.531493
1787078586.706918
1787078586.885828
1787078587.056849
1787078587.233823
1787078587.409529
1787078587.584027
1787078587.754453
1787078587.923147
1787078588.097295
1787078588.266184
1787078588.438076
1787078588.612697
1787078588.789745
1787078588.962805
1787078589.136530
1787078589.304933
1787078589.484320
1787078589.655602
1787078589.828307
1787078589.999315
1787078590.176392
1787078590.350624
1787078590.526044
1787078590.693493
1787078590.868887
1787078591.043522
1787078591.218079
1787078591.392195
1787078591.563673
1787078591.738531
1787078591.912478
1787078592.092832
1787078592.258013
1787078592.427234
1787078592.594875
1787078592.762549
1787078592.932451
1787078593.101166
1787078593.268609
1787078593.443705
1787078593.617627
1787078593.791151
1787078593.968293
1787078594.135947
1787078594.309643
1787078594.483773
1787078594.656412
1787078594.822124
1787078594.996482
1787078595.168748
1787078595.341818
1787078595.519904
1787078595.693750
1787078595.862216
1787078596.030109
1787078596.203366
1787078596.378359
1787078596.551103
1787078596.726157
1787078596.902250
1787078597.077133
1787078597.251321
1787078597.428516
1787078597.595710
1787078597.764674
1787078597.938584
1787078598.111497
1787078598.282164
1787078598.458470
1787078598.633414
1787078598.805981
1787078598.979083
1787078599.150794
1787078599.332976
1787078599.507057
1787078599.683267
1787078599.858813
1787078600.037485
1787078600.214137
1787078600.387703
1787078600.558776
1787078600.735418
1787078600.910436
1787078601.087937
1787078601.259917
1787078601.426497
1787078601.600525
1787078601.777434
1787078601.946032
1787078602.113191
1787078602.285909
1787078602.458892
1787078602.630410
1787078602.804836
1787078602.978231
1787078603.152879
1787078603.331843
1787078603.503127
1787078603.678559
1787078603.853456
1787078604.026431
1787078604.200322
1787078604.373873
1787078604.549333
1787078604.722579
1787078604.898356
1787078605.071031
1787078605.248385
1787078605.420625
1787078605.593393
1787078605.768666
1787078605.944800
1787078606.113733
1787078606.288865
1787078606.462429
1787078606.638890
1787078606.813791
1787078606.988708
1787078607.161736
1787078607.337677
1787078607.512223
1787078607.687237
1787078607.859027
1787078608.031360
1787078608.207067
1787078608.378813
1787078608.552189
1787078608.726344
1787078608.897945
1787078609.071341
1787078609.245811
1787078609.418598
1787078609.595281
1787078609.773122
1787078609.949860
1787078610.119293
1787078610.295495
1787078610.465923
1787078610.640019
1787078610.817254
1787078610.990885
1787078611.167254
1787078611.336168
1787078611.514650
1787078611.688654
1787078611.864924
1787078612.038993
1787078612.213594
1787078612.387894
1787078612.562190
1787078612.738014
1787078612.914470
1787078613.089954
1787078613.268565
1787078613.438656
1787078613.606844
1787078613.782299
1787078613.959136
1787078614.134577
1787078614.302085
1787078614.480961
1787078614.655825
1787078614.830695
1787078615.006528
1787078615.179266
1787078615.347659
1787078615.524674
1787078615.701837
1787078615.876333
1787078616.055345
1787078616.230258
1787078616.402443
1787078616.578587
1787078616.753929
1787078616.927676
1787078617.102069
1787078617.271793
1787078617.448176
1787078617.624124
1787078617.797650
1787078617.971980
1787078618.148568
1787078618.322666
1787078618.497286
1787078618.672293
1787078618.848303
1787078619.026581
1787078619.201464
1787078619.374317
1787078619.549489
1787078619.729567
1787078619.908793
1787078620.086924
1787078620.261935
1787078620.439045
1787078620.613168
1787078620.786729
1787078620.963558
1787078621.135339
1787078621.310686
1787078621.484559
1787078621.652863
1787078621.828297
1787078622.001658
1787078622.168047
1787078622.343199
1787078622.516730
1787078622.692352
1787078622.867524
1787078623.042187
1787078623.212588
1787078623.387218
1787078623.560559
1787078623.734747
1787078623.908316
1787078624.076465
1787078624.251001
1787078624.425932
1787078624.601973
1787078624.775591
1787078624.952886
1787078625.125330
1787078625.298359
1787078625.478361
1787078625.645146
1787078625.821076
1787078625.996205
1787078626.171529
1787078626.348088
1787078626.524007
1787078626.695467
1787078626.865035
1787078627.041533
1787078627.220391
1787078627.398415
1787078627.566606
1787078627.740021
1787078627.915312
1787078628.089423
1787078628.265234
1787078628.439871
1787078628.613915
1787078628.788266
1787078628.964593
1787078629.140585
1787078629.318578
1787078629.487103
1787078629.666383
1787078629.837386
1787078630.008507
1787078630.185107
1787078630.352702
1787078630.529400
1787078630.705370
1787078630.880976
1787078631.052884
1787078631.226139
1787078631.398961
1787078631.579014
1787078631.755875
1787078631.930543
1787078632.108789
1787078632.278673
1787078632.454112
1787078632.628206
1787078632.803804
1787078632.977840
1787078633.155253
1787078633.330730
1787078633.504504
1787078633.680323
1787078633.863564
1787078634.038847
1787078634.214565
1787078634.384493
1787078634.557099
1787078634.727439
1787078634.900799
1787078635.077274
1787078635.248147
1787078635.423911
1787078635.598873
1787078635.775424
1787078635.949700
1787078636.124855
1787078636.300164
1787078636.476255
1787078636.653369
1787078636.820379
1787078636.999126
1787078637.169023
1787078637.340420
1787078637.514061
1787078637.688381
1787078637.865732
1787078638.041487
1787078638.218279
1787078638.393168
1787078638.568779
1787078638.746245
1787078638.922997
1787078639.105233
1787078639.272740
1787078639.450755
1787078639.620809
1787078639.795939
1787078639.973590
1787078640.148598
1787078640.321270
1787078640.498605
1787078640.669191
1787078640.845101
1787078641.018775
1787078641.195339
1787078641.368263
1787078641.538873
1787078641.716591
1787078641.893404
1787078642.069871
1787078642.240129
1787078642.414557
1787078642.595681
1787078642.769677
1787078642.940016
1787078643.108182
1787078643.279625
1787078643.452886
1787078643.633020
1787078643.802798
1787078643.973110
1787078644.143820
1787078644.319987
1787078644.495901
1787078644.671981
1787078644.843325
1787078645.014252
1787078645.196080
1787078645.372190
1787078645.548857
1787078645.730311
1787078645.910994
1787078646.090592
1787078646.270047
1787078646.447398
1787078646.618760
1787078646.789689
1787078646.960738
1787078647.137876
1787078647.318903
1787078647.500989
1787078647.669572
1787078647.839885
1787078648.021505
1787078648.196622
1787078648.376042
1787078648.552574
1787078648.728729
1787078648.906875
1787078649.081635
1787078649.254565
1787078649.428304
1787078649.605700
1787078649.786771
1787078649.963270
1787078650.138778
1787078650.314413
1787078650.487705
1787078650.659260
1787078650.833042
1787078651.007663
1787078651.180170
1787078651.353976
1787078651.526573
1787078651.700505
1787078651.876258
1787078652.051095
1787078652.219699
1787078652.392465
1787078652.567170
1787078652.742370
1787078652.917833
1787078653.096327
1787078653.268957
1787078653.440135
1787078653.617226
1787078653.793309
1787078653.968314
1787078654.137181
1787078654.312788
1787078654.481779
1787078654.650448
1787078654.819985
1787078654.996761
1787078655.169016
1787078655.336970
1787078655.511815
1787078655.687160
1787078655.860573
1787078656.036151
1787078656.204959
1787078656.381746
1787078656.559182
1787078656.735246
1787078656.907680
1787078657.080675
1787078657.258584
1787078657.433707
1787078657.611868
1787078657.791163
1787078657.960642
1787078658.132747
1787078658.310552
