1787069751.173546
1787069751.327315
1787069751.480669
1787069751.628509
1787069751.778772
1787069751.932234
1787069752.083121
1787069752.241251
1787069752.392465
1787069752.544077
1787069752.700042
1787069752.849796
1787069753.007436
1787069753.163948
1787069753.318083
1787069753.468480
1787069753.617263
1787069753.774839
1787069753.934180
1787069754.086808
1787069754.246115
1787069754.398387
1787069754.549770
1787069754.701725
1787069754.852058
1787069755.000884
1787069755.153124
1787069755.301716
1787069755.453315
1787069755.602222
1787069755.753839
1787069755.898978
1787069756.048646
1787069756.200658
1787069756.348150
1787069756.504456
1787069756.653711
1787069756.802904
1787069756.953838
1787069757.101605
1787069757.248144
1787069757.404100
1787069757.559477
1787069757.714386
1787069757.863271
1787069758.017763
1787069758.172557
1787069758.324957
1787069758.473990
1787069758.622764
1787069758.777041
1787069758.925473
1787069759.082015
1787069759.229392
1787069759.378755
1787069759.525268
1787069759.671910
1787069759.818911
1787069759.967331
1787069760.114223
1787069760.267517
1787069760.415192
1787069760.565442
1787069760.710624
1787069760.862077
1787069761.009746
1787069761.159993
1787069761.306984
1787069761.456424
1787069761.603016
1787069761.749194
1787069761.894826
1787069762.043606
1787069762.188398
1787069762.337202
1787069762.487786
1787069762.634568
1787069762.781506
1787069762.931204
1787069763.081621
1787069763.228327
1787069763.372483
1787069763.516207
1787069763.661970
1787069763.804957
1787069763.954706
1787069764.107358
1787069764.255748
1787069764.407653
1787069764.555934
1787069764.702023
1787069764.845564
1787069764.990057
1787069765.131536
1787069765.280672
1787069765.428287
1787069765.576747
1787069765.721764
1787069765.867093
1787069766.019362
1787069766.164871
1787069766.316384
1787069766.462911
1787069766.609059
1787069766.753663
1787069766.899174
1787069767.054225
1787069767.200436
1787069767.348630
1787069767.494988
1787069767.650294
1787069767.796401
1787069767.944242
1787069768.090630
1787069768.246776
1787069768.399249
1787069768.552342
1787069768.698781
1787069768.848597
1787069769.001695
1787069769.153549
1787069769.301323
1787069769.455307
1787069769.605443
1787069769.755107
1787069769.908567
1787069770.054957
1787069770.210766
1787069770.359082
1787069770.513238
1787069770.662381
1787069770.809260
1787069770.956257
1787069771.113034
1787069771.264711
1787069771.418792
1787069771.568890
1787069771.716754
1787069771.864468
1787069772.015225
1787069772.161865
1787069772.310736
1787069772.461077
1787069772.612970
1787069772.762102
1787069772.912914
1787069773.073626
1787069773.224367
1787069773.380090
1787069773.538178
1787069773.689881
1787069773.839770
1787069773.991256
1787069774.144298
1787069774.299744
1787069774.454347
1787069774.608360
1787069774.763700
1787069774.916934
1787069775.076177
1787069775.231575
1787069775.391600
1787069775.543446
1787069775.691123
1787069775.846248
1787069776.005206
1787069776.160806
1787069776.315912
1787069776.472215
1787069776.635776
1787069776.794970
1787069776.952940
1787069777.109556
1787069777.273167
1787069777.436221
1787069777.600591
1787069777.758938
1787069777.916901
1787069778.079517
1787069778.235059
1787069778.399628
1787069778.567705
1787069778.725988
1787069778.888445
1787069779.051070
1787069779.214173
1787069779.373084
1787069779.533968
1787069779.694447
1787069779.855490
1787069780.021971
1787069780.185325
1787069780.342520
1787069780.511257
1787069780.672740
1787069780.834298
1787069780.999698
1787069781.160785
1787069781.333425
1787069781.493532
1787069781.652873
1787069781.815383
1787069781.976660
1787069782.136178
1787069782.308853
1787069782.474294
1787069782.634862
1787069782.800799
1787069782.963204
1787069783.127162
1787069783.289085
1787069783.454068
1787069783.612221
1787069783.774852
1787069783.942562
1787069784.110928
1787069784.270904
1787069784.433394
1787069784.598438
1787069784.764653
1787069784.926879
1787069785.089253
1787069785.253037
1787069785.416677
1787069785.591443
1787069785.753767
1787069785.914717
1787069786.080116
1787069786.243707
1787069786.410546
1787069786.585313
1787069786.746307
1787069786.918297
1787069787.087951
1787069787.259996
1787069787.431012
1787069787.600050
1787069787.764830
1787069787.929435
1787069788.097599
1787069788.264884
1787069788.430475
1787069788.600389
1787069788.765504
1787069788.929702
1787069789.098615
1787069789.263289
1787069789.432385
1787069789.600474
1787069789.766010
1787069789.930757
1787069790.101063
1787069790.271547
1787069790.437907
1787069790.608607
1787069790.779928
1787069790.945298
1787069791.116151
1787069791.282534
1787069791.447160
1787069791.619476
1787069791.783649
1787069791.953655
1787069792.120887
1787069792.286168
1787069792.457436
1787069792.621852
1787069792.788448
1787069792.952353
1787069793.117247
1787069793.282432
1787069793.452191
1787069793.620725
1787069793.787691
1787069793.960941
1787069794.128568
1787069794.292320
1787069794.454426
1787069794.627405
1787069794.790841
1787069794.962752
1787069795.134559
1787069795.299523
1787069795.464967
1787069795.630747
1787069795.795120
1787069795.966558
1787069796.131306
1787069796.305686
1787069796.470832
1787069796.643133
1787069796.815546
1787069796.982124
1787069797.148760
1787069797.314527
1787069797.481837
1787069797.652281
1787069797.819098
1787069797.986990
1787069798.160807
1787069798.325462
1787069798.496760
1787069798.663931
1787069798.828829
1787069798.994609
1787069799.165684
1787069799.338005
1787069799.506908
1787069799.681581
1787069799.847246
1787069800.014714
1787069800.178272
1787069800.348711
1787069800.515079
1787069800.687174
1787069800.853379
1787069801.023172
1787069801.192012
1787069801.357958
1787069801.528300
1787069801.698322
1787069801.860896
1787069802.026269
1787069802.189468
1787069802.358894
1787069802.523856
1787069802.695275
1787069802.860512
1787069803.029969
1787069803.198628
1787069803.364089
1787069803.534916
1787069803.704930
1787069803.875516
1787069804.049945
1787069804.213317
1787069804.380178
1787069804.551965
1787069804.723765
1787069804.894016
1787069805.064762
1787069805.231256
1787069805.404837
1787069805.570442
1787069805.737262
1787069805.909728
1787069806.078726
1787069806.244581
1787069806.416373
1787069806.581659
1787069806.751975
1787069806.924685
1787069807.090658
1787069807.261311
1787069807.430331
1787069807.599953
1787069807.773034
1787069807.942194
1787069808.108803
1787069808.278926
1787069808.446274
1787069808.616808
1787069808.790481
1787069808.959052
1787069809.133234
1787069809.304059
1787069809.471222
1787069809.634946
1787069809.810249
1787069809.973821
1787069810.144161
1787069810.315369
1787069810.480292
1787069810.650792
1787069810.815940
1787069810.986589
1787069811.158557
1787069811.322962
1787069811.487757
1787069811.659636
1787069811.824023
1787069811.994425
1787069812.157870
1787069812.326190
1787069812.494262
1787069812.658330
1787069812.822797
1787069812.993576
1787069813.162627
1787069813.326209
1787069813.496117
1787069813.664452
1787069813.830353
1787069813.992048
1787069814.161791
1787069814.331795
1787069814.501074
1787069814.670765
1787069814.835232
1787069814.999980
1787069815.170382
1787069815.341229
1787069815.506560
1787069815.670957
1787069815.840367
1787069816.005362
1787069816.169697
1787069816.341387
1787069816.510271
1787069816.675600
1787069816.840658
1787069817.003987
1787069817.170579
1787069817.339555
1787069817.508925
1787069817.671975
1787069817.840628
1787069818.006792
1787069818.175684
1787069818.343085
1787069818.508855
1787069818.677881
1787069818.842099
1787069819.012726
1787069819.188931
1787069819.356911
1787069819.524670
1787069819.695505
1787069819.860858
1787069820.032222
1787069820.201368
1787069820.375073
1787069820.541196
1787069820.705216
1787069820.875758
1787069821.043474
1787069821.214468
1787069821.381773
1787069821.552075
1787069821.722070
1787069821.892670
1787069822.066088
1787069822.230361
1787069822.397632
1787069822.568509
1787069822.738542
1787069822.905874
1787069823.078663
1787069823.254011
1787069823.419847
1787069823.588631
1787069823.762544
1787069823.927343
1787069824.093555
1787069824.266415
1787069824.438074
1787069824.610667
1787069824.783278
1787069824.950024
1787069825.121868
1787069825.296362
1787069825.473081
1787069825.641351
1787069825.815909
1787069825.989670
1787069826.165043
1787069826.333798
1787069826.503831
1787069826.680290
1787069826.856736
1787069827.024224
1787069827.189742
1787069827.364873
1787069827.538320
1787069827.705863
1787069827.879177
1787069828.050093
1787069828.214516
1787069828.385571
1787069828.557324
1787069828.725307
1787069828.890612
1787069829.059472
1787069829.230341
1787069829.400130
1787069829.571968
1787069829.744760
1787069829.917094
1787069830.091396
1787069830.259936
1787069830.432455
1787069830.600827
1787069830.782252
1787069830.958139
1787069831.130372
1787069831.306672
1787069831.483551
1787069831.665147
1787069831.849415
1787069832.016181
1787069832.193826
1787069832.370116
1787069832.538275
1787069832.714298
1787069832.882319
1787069833.050621
1787069833.219108
1787069833.389331
1787069833.562879
1787069833.730442
1787069833.895294
1787069834.062144
1787069834.233944
1787069834.405657
1787069834.574058
1787069834.744728
1787069834.917099
1787069835.081107
1787069835.250509
1787069835.421471
1787069835.589566
1787069835.760588
1787069835.930998
1787069836.098443
1787069836.261476
1787069836.434060
1787069836.601529
1787069836.767832
1787069836.931168
1787069837.098622
1787069837.266626
1787069837.438383
1787069837.605385
1787069837.770140
1787069837.941019
1787069838.109224
1787069838.281302
1787069838.451312
1787069838.619543
1787069838.790832
1787069838.958020
1787069839.123699
1787069839.290171
1787069839.463196
1787069839.634808
1787069839.809850
1787069839.976347
1787069840.149997
1787069840.320514
1787069840.493651
1787069840.660506
1787069840.837071
1787069841.012732
1787069841.185845
1787069841.352685
1787069841.525806
1787069841.705459
1787069841.888833
1787069842.064379
1787069842.240990
1787069842.418263
1787069842.594366
1787069842.768914
1787069842.940724
1787069843.119912
1787069843.298162
1787069843.480387
1787069843.653599
1787069843.824229
1787069843.993678
1787069844.170873
1787069844.344789
1787069844.518628
1787069844.690954
1787069844.868670
1787069845.044262
1787069845.206931
1787069845.377278
1787069845.553241
1787069845.724994
1787069845.894472
1787069846.070252
1787069846.245248
1787069846.416501
1787069846.593393
1787069846.762535
1787069846.929262
1787069847.101055
1787069847.263209
1787069847.434522
1787069847.604508
1787069847.771700
1787069847.944074
1787069848.112854
1787069848.277068
1787069848.449723
1787069848.613237
1787069848.782629
1787069848.950885
1787069849.117561
1787069849.289508
1787069849.458671
1787069849.629869
1787069849.802682
1787069849.976902
1787069850.140629
1787069850.305942
1787069850.468595
1787069850.639163
1787069850.809352
1787069850.974025
1787069851.164771
1787069851.325330
1787069851.492288
1787069851.665439
1787069851.837326
1787069852.000825
1787069852.166232
1787069852.329532
1787069852.500058
1787069852.662171
1787069852.828627
1787069852.993485
1787069853.157021
1787069853.323335
1787069853.494807
1787069853.657715
1787069853.822603
1787069853.988301
1787069854.153127
1787069854.320638
1787069854.484864
1787069854.657606
1787069854.821102
1787069854.989221
1787069855.156376
1787069855.324961
1787069855.490334
1787069855.658943
1787069855.827897
1787069855.990745
1787069856.160264
1787069856.325048
1787069856.493990
1787069856.660895
1787069856.822260
1787069856.981594
1787069857.150723
1787069857.312856
1787069857.480353
1787069857.647687
1787069857.807902
1787069857.973050
1787069858.140753
1787069858.293395
1787069858.460559
1787069858.627613
1787069858.794482
1787069858.956346
1787069859.126653
1787069859.306489
1787069859.486077
1787069859.664191
1787069859.845563
1787069860.022443
1787069860.197574
1787069860.369796
1787069860.546050
1787069860.732385
1787069860.913021
1787069861.101912
1787069861.287098
1787069861.470365
1787069861.655695
1787069861.833149
1787069862.013516
1787069862.191531
1787069862.365729
1787069862.551112
1787069862.729303
1787069862.908055
1787069863.082126
1787069863.262161
1787069863.443668
1787069863.622128
1787069863.800919
1787069863.983142
1787069864.162860
1787069864.342385
1787069864.523799
1787069864.704998
1787069864.879919
1787069865.063132
1787069865.242681
1787069865.421681
1787069865.602361
1787069865.782115
1787069865.964800
1787069866.145234
1787069866.324694
1787069866.507682
1787069866.692243
1787069866.871133
1787069867.051665
1787069867.234948
1787069867.414491
1787069867.597775
1787069867.776723
1787069867.958249
1787069868.137647
1787069868.322555
1787069868.504796
1787069868.687878
1787069868.870689
1787069869.046474
1787069869.226545
1787069869.411980
1787069869.594540
1787069869.772546
1787069869.951492
1787069870.132343
1787069870.302182
1787069870.477381
1787069870.654859
1787069870.827167
1787069871.001676
1787069871.177563
1787069871.347106
1787069871.520780
1787069871.695134
1787069871.868019
1787069872.049353
1787069872.229352
1787069872.400701
1787069872.576579
1787069872.750761
1787069872.923329
1787069873.100843
1787069873.271538
1787069873.454966
1787069873.625882
1787069873.800996
1787069873.975035
1787069874.148129
1787069874.325724
1787069874.502878
1787069874.678300
1787069874.855098
1787069875.030209
1787069875.204939
1787069875.375173
1787069875.552128
1787069875.731095
1787069875.906469
1787069876.085570
1787069876.260295
1787069876.434833
1787069876.605756
1787069876.783142
1787069876.958199
1787069877.132983
1787069877.310005
1787069877.478677
1787069877.654419
1787069877.829522
1787069878.007106
1787069878.178310
1787069878.349974
1787069878.519160
1787069878.692337
1787069878.863106
1787069879.040297
1787069879.216995
1787069879.393939
1787069879.572839
1787069879.746471
1787069879.919474
1787069880.090787
1787069880.270453
1787069880.445689
1787069880.622999
1787069880.793553
1787069880.964511
1787069881.136263
1787069881.311231
1787069881.485488
1787069881.661826
1787069881.836858
1787069882.005890
1787069882.180855
1787069882.357328
1787069882.533649
1787069882.704576
1787069882.880141
1787069883.055026
1787069883.230705
1787069883.395134
1787069883.567325
1787069883.737776
1787069883.908477
1787069884.075703
1787069884.250030
1787069884.424517
1787069884.594002
1787069884.781979
1787069884.947132
1787069885.123491
1787069885.291051
1787069885.461308
1787069885.631154
1787069885.807339
1787069885.982633
1787069886.157032
1787069886.329496
1787069886.508863
1787069886.678665
1787069886.849099
1787069887.019249
1787069887.189140
1787069887.358762
1787069887.527847
1787069887.704852
1787069887.880722
1787069888.059587
1787069888.237534
1787069888.417417
1787069888.595008
1787069888.768635
1787069888.946608
1787069889.115469
1787069889.285663
1787069889.456639
1787069889.627628
1787069889.805501
1787069889.980042
1787069890.151993
1787069890.323400
1787069890.502474
1787069890.672951
1787069890.844420
1787069891.019921
1787069891.190527
1787069891.365948
1787069891.545115
1787069891.721314
1787069891.895543
1787069892.060218
1787069892.231989
1787069892.399498
1787069892.578828
1787069892.747490
1787069892.926721
1787069893.096934
1787069893.269025
1787069893.439209
1787069893.620806
1787069893.782185
1787069893.958258
1787069894.125983
1787069894.305588
1787069894.486143
1787069894.655128
1787069894.828266
1787069894.999797
1787069895.175514
1787069895.352254
1787069895.534546
1787069895.710766
1787069895.880573
1787069896.047389
1787069896.218496
1787069896.396270
1787069896.569309
1787069896.738801
1787069896.909124
1787069897.079736
1787069897.246948
1787069897.421843
1787069897.597609
1787069897.767122
1787069897.938804
1787069898.112494
1787069898.289586
1787069898.465141
1787069898.639247
1787069898.807758
1787069898.983765
1787069899.154950
1787069899.324778
1787069899.496499
1787069899.674338
1787069899.852768
1787069900.027002
1787069900.197147
1787069900.367701
1787069900.542342
1787069900.705754
1787069900.878366
1787069901.058475
1787069901.228871
1787069901.398000
1787069901.571041
1787069901.738795
1787069901.914886
1787069902.083876
1787069902.257658
1787069902.432204
1787069902.604242
1787069902.775460
1787069902.944085
1787069903.115467
1787069903.285250
1787069903.459209
1787069903.631912
1787069903.807087
1787069903.981846
1787069904.150870
1787069904.322774
1787069904.498037
1787069904.672184
1787069904.844916
1787069905.011678
1787069905.185483
1787069905.363076
1787069905.533370
1787069905.694366
1787069905.868774
1787069906.031922
1787069906.201029
1787069906.368044
1787069906.537988
1787069906.708651
1787069906.876884
1787069907.050055
1787069907.225580
1787069907.392242
1787069907.565036
1787069907.738319
1787069907.904864
1787069908.077221
1787069908.249563
1787069908.422379
1787069908.595127
1787069908.768042
1787069908.941118
1787069909.109343
1787069909.277887
1787069909.449470
1787069909.623914
1787069909.795181
1787069909.963517
1787069910.132340
1787069910.300609
1787069910.472205
1787069910.650610
1787069910.825868
1787069910.991315
1787069911.170813
1787069911.342057
1787069911.516186
1787069911.682461
1787069911.848227
1787069912.022448
1787069912.190191
1787069912.363268
1787069912.543558
1787069912.717526
1787069912.894084
1787069913.071969
1787069913.250970
1787069913.428751
1787069913.607029
1787069913.788118
1787069913.970875
1787069914.152973
1787069914.331234
1787069914.514009
1787069914.696311
1787069914.876067
1787069915.053346
1787069915.235389
1787069915.410501
1787069915.592541
1787069915.767873
1787069915.950012
1787069916.132501
1787069916.313670
1787069916.488806
1787069916.670588
1787069916.846519
1787069917.023217
1787069917.203714
1787069917.385870
1787069917.564495
1787069917.742405
1787069917.925834
1787069918.106893
1787069918.286024
1787069918.466271
1787069918.641522
1787069918.821609
1787069919.001453
1787069919.177427
1787069919.360598
1787069919.533663
1787069919.705783
1787069919.881007
1787069920.069447
1787069920.235813
1787069920.408693
1787069920.590004
1787069920.761070
1787069920.939923
1787069921.112356
1787069921.282183
1787069921.462621
1787069921.640980
1787069921.814153
1787069921.986064
1787069922.160871
1787069922.333300
1787069922.507196
1787069922.679982
1787069922.855300
1787069923.030384
1787069923.205181
1787069923.384207
1787069923.561011
1787069923.735814
1787069923.915158
1787069924.091397
1787069924.262144
1787069924.432608
1787069924.609480
1787069924.779989
1787069924.956677
1787069925.125156
1787069925.302971
1787069925.483677
1787069925.658141
1787069925.831325
1787069926.000485
1787069926.174059
1787069926.350754
1787069926.526666
1787069926.704853
1787069926.878048
1787069927.048759
1787069927.223379
1787069927.401478
1787069927.579973
1787069927.750914
1787069927.929832
1787069928.107447
1787069928.273913
1787069928.447685
1787069928.621701
1787069928.797234
1787069928.968116
1787069929.141758
1787069929.310488
1787069929.488723
1787069929.657801
1787069929.834460
1787069930.005491
1787069930.183442
1787069930.359815
1787069930.533195
1787069930.701437
1787069930.878287
1787069931.046086
1787069931.213883
1787069931.388961
1787069931.565519
1787069931.741711
1787069931.915825
1787069932.087867
1787069932.264234
1787069932.442653
1787069932.619945
1787069932.789501
1787069932.970034
1787069933.144750
1787069933.320876
1787069933.491371
1787069933.667954
1787069933.839954
1787069934.010487
1787069934.180788
1787069934.355785
1787069934.523367
1787069934.690052
1787069934.864392
1787069935.042199
1787069935.215077
1787069935.389153
1787069935.562513
1787069935.736992
1787069935.910245
1787069936.083769
1787069936.256962
1787069936.431033
1787069936.605360
1787069936.779137
1787069936.951557
1787069937.121919
1787069937.296887
1787069937.470263
1787069937.647686
1787069937.815290
1787069937.982873
1787069938.156239
1787069938.323045
1787069938.499508
1787069938.674961
1787069938.842876
1787069939.009421
1787069939.185730
1787069939.357351
1787069939.526234
1787069939.698388
1787069939.872891
1787069940.041756
1787069940.211531
1787069940.386145
1787069940.559907
1787069940.730310
1787069940.898413
1787069941.068697
1787069941.243638
1787069941.411148
1787069941.585557
1787069941.760693
1787069941.936048
1787069942.106860
1787069942.287038
1787069942.461878
1787069942.637137
1787069942.811277
1787069942.980078
1787069943.152050
1787069943.329619
1787069943.501054
1787069943.679857
1787069943.852792
1787069944.025274
1787069944.203444
1787069944.381816
1787069944.554404
1787069944.720646
1787069944.894458
1787069945.072241
1787069945.242456
1787069945.418685
1787069945.586476
1787069945.762171
1787069945.933622
1787069946.102485
1787069946.272460
1787069946.447169
1787069946.621723
1787069946.797096
1787069946.972538
1787069947.141904
1787069947.316847
1787069947.493227
1787069947.669933
1787069947.851924
1787069948.023797
1787069948.193099
1787069948.369500
1787069948.553425
1787069948.717753
1787069948.891662
1787069949.063370
1787069949.235219
1787069949.403793
1787069949.579917
1787069949.749490
1787069949.925700
1787069950.100087
1787069950.274885
1787069950.445348
1787069950.620983
1787069950.791780
1787069950.967950
1787069951.137939
1787069951.311646
1787069951.488588
1787069951.665723
1787069951.839978
1787069952.008729
1787069952.185377
1787069952.360253
1787069952.536200
1787069952.713996
1787069952.884886
1787069953.060526
1787069953.237814
1787069953.413672
1787069953.589371
1787069953.765270
1787069953.943213
1787069954.120337
1787069954.290227
1787069954.460016
1787069954.635974
1787069954.812948
1787069954.983403
1787069955.157702
1787069955.334074
1787069955.510126
1787069955.682138
1787069955.857847
1787069956.033565
1787069956.203255
1787069956.378318
1787069956.554003
1787069956.730808
1787069956.904505
1787069957.074142
1787069957.243999
1787069957.426156
1787069957.603883
1787069957.785126
1787069957.952646
1787069958.126848
1787069958.301173
1787069958.477573
1787069958.654479
1787069958.824315
1787069958.992888
1787069959.174986
1787069959.352722
1787069959.530854
1787069959.708941
1787069959.880500
1787069960.050169
1787069960.226306
1787069960.401822
1787069960.579161
1787069960.760837
1787069960.928528
1787069961.098431
1787069961.275700
1787069961.452121
1787069961.629490
1787069961.807667
1787069961.985583
1787069962.164057
1787069962.336681
1787069962.506296
1787069962.681723
1787069962.859781
1787069963.036134
1787069963.213712
1787069963.385516
1787069963.556953
1787069963.721910
1787069963.888176
1787069964.057294
1787069964.226238
1787069964.399467
1787069964.576461
1787069964.748114
1787069964.924848
1787069965.095364
1787069965.262209
1787069965.437319
1787069965.613133
1787069965.783623
1787069965.957494
1787069966.126671
1787069966.301913
1787069966.472932
1787069966.642740
1787069966.818683
1787069966.991045
1787069967.160100
1787069967.334980
1787069967.508259
1787069967.678303
1787069967.852515
1787069968.022834
1787069968.196419
1787069968.366461
1787069968.535475
1787069968.708236
1787069968.881324
1787069969.051065
1787069969.225583
1787069969.400563
1787069969.573976
1787069969.746753
1787069969.917128
1787069970.086133
1787069970.260117
1787069970.432633
1787069970.602565
1787069970.776414
1787069970.946878
1787069971.114483
1787069971.288801
1787069971.462044
1787069971.635022
1787069971.812341
1787069971.979905
1787069972.156088
1787069972.328740
1787069972.503321
1787069972.675144
1787069972.856377
1787069973.033120
1787069973.208089
1787069973.382839
1787069973.557584
1787069973.730104
1787069973.896500
1787069974.073235
1787069974.249609
1787069974.418031
1787069974.591851
1787069974.764144
1787069974.939977
1787069975.109661
1787069975.280252
1787069975.458659
1787069975.633160
1787069975.813457
1787069975.988688
1787069976.157343
1787069976.331857
1787069976.509333
1787069976.686108
1787069976.856286
1787069977.024966
1787069977.203968
1787069977.379254
1787069977.554398
1787069977.730963
1787069977.899241
1787069978.076359
1787069978.252608
1787069978.427949
1787069978.606454
1787069978.776047
1787069978.945380
1787069979.119521
1787069979.294357
1787069979.465438
1787069979.636496
1787069979.813968
1787069979.984905
1787069980.154715
1787069980.324989
1787069980.501222
1787069980.676635
1787069980.851899
1787069981.017120
1787069981.187344
1787069981.361348
1787069981.534805
1787069981.704153
1787069981.875269
1787069982.044629
1787069982.217621
1787069982.389895
1787069982.567727
1787069982.730533
1787069982.896709
1787069983.066123
1787069983.235606
1787069983.409356
1787069983.585152
1787069983.754151
1787069983.924665
1787069984.100066
1787069984.275903
1787069984.463850
1787069984.623378
1787069984.798137
1787069984.971889
1787069985.148324
1787069985.318191
1787069985.485580
1787069985.660350
1787069985.835236
1787069986.009635
1787069986.182338
1787069986.356761
1787069986.530840
1787069986.702525
1787069986.879864
1787069987.052527
1787069987.224804
1787069987.404649
1787069987.580380
1787069987.756085
1787069987.933377
1787069988.109713
1787069988.284685
1787069988.453511
1787069988.629470
1787069988.809136
1787069988.981803
1787069989.150515
1787069989.321550
1787069989.499130
1787069989.669335
1787069989.842006
1787069990.016484
1787069990.192580
1787069990.371989
1787069990.547317
1787069990.715153
1787069990.887473
1787069991.060034
1787069991.230357
1787069991.404492
1787069991.574315
1787069991.750919
1787069991.930238
1787069992.100615
1787069992.274590
1787069992.442047
1787069992.615983
1787069992.788685
1787069992.961180
1787069993.136915
1787069993.311927
1787069993.489038
1787069993.665124
1787069993.837652
1787069994.005217
1787069994.180083
1787069994.356820
1787069994.524810
1787069994.692744
1787069994.858723
1787069995.029566
1787069995.205006
1787069995.380476
1787069995.558065
1787069995.730663
1787069995.897846
1787069996.069931
1787069996.237406
1787069996.405319
1787069996.581452
1787069996.756675
1787069996.926376
1787069997.096756
1787069997.272783
1787069997.449525
1787069997.629059
1787069997.796419
1787069997.970272
1787069998.145915
1787069998.323091
1787069998.501837
1787069998.677880
1787069998.852798
1787069999.020260
1787069999.194507
1787069999.364553
1787069999.540778
1787069999.717031
1787069999.886067
1787070000.061836
1787070000.236793
1787070000.416054
1787070000.594884
1787070000.762754
1787070000.931158
1787070001.105131
1787070001.273160
1787070001.441567
1787070001.615727
1787070001.796535
1787070001.978017
1787070002.148705
1787070002.320668
1787070002.496423
1787070002.671383
1787070002.847665
1787070003.016161
1787070003.184860
1787070003.359428
1787070003.541913
1787070003.718213
1787070003.897500
1787070004.069394
1787070004.237616
1787070004.415701
1787070004.592260
1787070004.762877
1787070004.938607
1787070005.118406
1787070005.285925
1787070005.461360
1787070005.638237
1787070005.813977
1787070005.993861
1787070006.170357
1787070006.340359
1787070006.509064
1787070006.676610
1787070006.848238
1787070007.018454
1787070007.191175
1787070007.372650
1787070007.542906
1787070007.711326
1787070007.885814
1787070008.061338
1787070008.230824
1787070008.408969
1787070008.584304
1787070008.760308
1787070008.930293
1787070009.097096
1787070009.273822
1787070009.449015
1787070009.624075
1787070009.796342
1787070009.967308
1787070010.136619
1787070010.316617
1787070010.491794
1787070010.659834
1787070010.838279
1787070011.024221
1787070011.188924
1787070011.365585
1787070011.539573
1787070011.710254
1787070011.883248
1787070012.055099
1787070012.234339
1787070012.410087
1787070012.578735
1787070012.752257
1787070012.930336
1787070013.105481
1787070013.285774
1787070013.453525
1787070013.620303
1787070013.797593
1787070013.965667
1787070014.132209
1787070014.308161
1787070014.482996
1787070014.657214
1787070014.824021
1787070014.994232
1787070015.162749
1787070015.332449
1787070015.501620
1787070015.678243
1787070015.847622
1787070016.021871
1787070016.199180
1787070016.375626
1787070016.553266
1787070016.730135
1787070016.900593
1787070017.075086
1787070017.251073
1787070017.429244
1787070017.607958
1787070017.785995
1787070017.956486
1787070018.125337
1787070018.302877
1787070018.474969
1787070018.648485
1787070018.820997
1787070018.996075
1787070019.173637
1787070019.350532
1787070019.529598
1787070019.696810
1787070019.865910
1787070020.042543
1787070020.218223
1787070020.393561
1787070020.566692
1787070020.738024
1787070020.911312
1787070021.087517
1787070021.254611
1787070021.429363
1787070021.603909
1787070021.777405
1787070021.952770
1787070022.127391
1787070022.299116
1787070022.468939
1787070022.645027
1787070022.817747
1787070022.987068
