1787089530.636174
1787089530.791030
1787089530.941253
1787089531.095935
1787089531.244344
1787089531.404252
1787089531.555862
1787089531.706801
1787089531.856666
1787089532.002379
1787089532.154584
1787089532.314265
1787089532.470146
1787089532.628166
1787089532.778574
1787089532.931420
1787089533.090428
1787089533.244701
1787089533.397599
1787089533.551459
1787089533.707240
1787089533.856107
1787089534.009204
1787089534.159332
1787089534.311012
1787089534.463023
1787089534.611262
1787089534.762107
1787089534.912029
1787089535.063007
1787089535.213954
1787089535.361013
1787089535.510220
1787089535.664447
1787089535.810016
1787089535.955724
1787089536.107577
1787089536.257215
1787089536.409830
1787089536.560046
1787089536.713933
1787089536.864737
1787089537.012667
1787089537.167904
1787089537.315932
1787089537.467644
1787089537.616708
1787089537.768022
1787089537.914705
1787089538.067811
1787089538.218792
1787089538.368576
1787089538.516558
1787089538.662708
1787089538.807749
1787089538.959643
1787089539.102572
1787089539.252368
1787089539.400002
1787089539.546480
1787089539.693055
1787089539.841113
1787089539.986418
1787089540.130124
1787089540.272244
1787089540.420884
1787089540.574409
1787089540.726962
1787089540.877588
1787089541.022406
1787089541.171112
1787089541.317606
1787089541.463341
1787089541.606062
1787089541.752196
1787089541.898160
1787089542.047944
1787089542.196844
1787089542.350824
1787089542.500829
1787089542.648739
1787089542.799233
1787089542.945244
1787089543.096144
1787089543.247477
1787089543.405412
1787089543.545659
1787089543.692446
1787089543.838285
1787089543.984918
1787089544.135809
1787089544.282031
1787089544.426275
1787089544.573967
1787089544.718781
1787089544.863246
1787089545.009794
1787089545.157455
1787089545.309153
1787089545.465638
1787089545.607606
1787089545.753898
1787089545.893567
1787089546.037180
1787089546.182453
1787089546.330929
1787089546.476004
1787089546.621968
1787089546.767791
1787089546.911524
1787089547.053728
1787089547.201540
1787089547.348664
1787089547.495556
1787089547.644619
1787089547.790522
1787089547.944210
1787089548.097314
1787089548.244918
1787089548.391084
1787089548.538189
1787089548.685601
1787089548.830349
1787089548.981712
1787089549.128678
1787089549.282922
1787089549.431332
1787089549.578584
1787089549.736377
1787089549.897320
1787089550.052501
1787089550.195853
1787089550.343740
1787089550.493531
1787089550.637370
1787089550.780215
1787089550.934287
1787089551.086367
1787089551.240806
1787089551.396950
1787089551.542115
1787089551.693774
1787089551.845050
1787089551.999211
1787089552.143561
1787089552.290233
1787089552.442461
1787089552.602025
1787089552.750098
1787089552.905929
1787089553.061351
1787089553.208365
1787089553.359784
1787089553.511702
1787089553.667876
1787089553.819731
1787089553.969696
1787089554.125898
1787089554.277308
1787089554.424627
1787089554.585538
1787089554.736604
1787089554.886149
1787089555.034825
1787089555.188879
1787089555.345570
1787089555.501893
1787089555.658601
1787089555.808193
1787089555.959638
1787089556.115384
1787089556.277783
1787089556.428277
1787089556.588513
1787089556.742430
1787089556.896175
1787089557.048456
1787089557.204286
1787089557.360879
1787089557.517653
1787089557.670657
1787089557.826320
1787089557.979417
1787089558.142790
1787089558.301991
1787089558.458229
1787089558.614342
1787089558.773422
1787089558.927814
1787089559.085109
1787089559.241834
1787089559.400409
1787089559.562094
1787089559.719745
1787089559.879042
1787089560.038189
1787089560.195943
1787089560.358769
1787089560.517603
1787089560.679412
1787089560.831552
1787089560.995465
1787089561.154351
1787089561.315172
1787089561.473330
1787089561.632518
1787089561.791569
1787089561.950387
1787089562.110219
1787089562.271726
1787089562.435782
1787089562.594609
1787089562.753549
1787089562.919118
1787089563.081036
1787089563.247612
1787089563.410078
1787089563.570372
1787089563.733825
1787089563.893747
1787089564.057410
1787089564.220301
1787089564.382327
1787089564.542915
1787089564.709118
1787089564.869907
1787089565.030988
1787089565.191988
1787089565.361722
1787089565.525965
1787089565.688422
1787089565.849598
1787089566.011027
1787089566.172604
1787089566.335108
1787089566.496027
1787089566.656183
1787089566.820460
1787089566.980038
1787089567.143995
1787089567.305628
1787089567.466614
1787089567.630974
1787089567.791208
1787089567.952307
1787089568.113266
1787089568.266641
1787089568.433038
1787089568.594504
1787089568.755129
1787089568.914993
1787089569.081026
1787089569.241276
1787089569.403691
1787089569.564466
1787089569.733096
1787089569.895183
1787089570.066760
1787089570.239624
1787089570.404620
1787089570.568007
1787089570.730633
1787089570.889660
1787089571.059182
1787089571.221454
1787089571.382648
1787089571.543108
1787089571.707103
1787089571.867348
1787089572.029683
1787089572.196687
1787089572.358163
1787089572.519554
1787089572.682853
1787089572.842253
1787089573.011583
1787089573.173805
1787089573.338563
1787089573.505256
1787089573.667921
1787089573.834862
1787089573.996024
1787089574.164956
1787089574.331468
1787089574.491350
1787089574.651387
1787089574.811251
1787089574.975595
1787089575.135312
1787089575.297387
1787089575.462333
1787089575.625747
1787089575.791724
1787089575.957566
1787089576.123090
1787089576.288883
1787089576.454613
1787089576.624679
1787089576.779010
1787089576.943600
1787089577.105685
1787089577.267250
1787089577.437042
1787089577.598757
1787089577.760934
1787089577.928807
1787089578.089280
1787089578.255234
1787089578.417284
1787089578.581580
1787089578.742443
1787089578.916815
1787089579.079529
1787089579.241662
1787089579.407142
1787089579.576071
1787089579.739894
1787089579.910884
1787089580.074590
1787089580.245364
1787089580.410056
1787089580.574628
1787089580.738616
1787089580.903183
1787089581.066293
1787089581.235065
1787089581.397870
1787089581.560410
1787089581.729283
1787089581.891190
1787089582.053549
1787089582.215066
1787089582.373079
1787089582.536536
1787089582.698966
1787089582.860880
1787089583.027357
1787089583.188739
1787089583.350754
1787089583.512279
1787089583.678054
1787089583.839642
1787089584.007845
1787089584.171137
1787089584.333771
1787089584.497775
1787089584.659080
1787089584.826443
1787089584.989798
1787089585.153140
1787089585.318372
1787089585.480587
1787089585.641095
1787089585.816872
1787089585.974612
1787089586.135588
1787089586.299131
1787089586.464425
1787089586.627495
1787089586.796400
1787089586.965691
1787089587.136292
1787089587.302540
1787089587.470946
1787089587.634165
1787089587.802705
1787089587.966033
1787089588.128153
1787089588.290903
1787089588.452600
1787089588.614903
1787089588.778406
1787089588.939785
1787089589.106125
1787089589.269104
1787089589.432843
1787089589.602183
1787089589.771244
1787089589.933259
1787089590.099064
1787089590.262265
1787089590.427978
1787089590.589511
1787089590.752787
1787089590.919185
1787089591.095353
1787089591.253772
1787089591.420192
1787089591.583172
1787089591.750928
1787089591.912334
1787089592.074936
1787089592.232974
1787089592.396105
1787089592.563202
1787089592.728004
1787089592.890920
1787089593.054405
1787089593.216134
1787089593.378938
1787089593.548524
1787089593.712934
1787089593.877884
1787089594.046497
1787089594.209306
1787089594.375298
1787089594.538890
1787089594.702291
1787089594.867190
1787089595.037627
1787089595.201253
1787089595.364077
1787089595.527059
1787089595.689070
1787089595.850613
1787089596.019592
1787089596.182455
1787089596.348533
1787089596.510642
1787089596.678267
1787089596.841206
1787089597.004887
1787089597.168783
1787089597.332107
1787089597.495646
1787089597.668468
1787089597.831825
1787089598.001391
1787089598.164427
1787089598.330320
1787089598.493347
1787089598.660006
1787089598.823177
1787089598.993927
1787089599.155529
1787089599.323983
1787089599.491061
1787089599.655443
1787089599.818436
1787089599.980883
1787089600.148418
1787089600.310859
1787089600.482772
1787089600.643463
1787089600.810672
1787089600.980345
1787089601.145147
1787089601.307734
1787089601.472711
1787089601.633792
1787089601.795063
1787089601.956753
1787089602.119410
1787089602.284957
1787089602.447817
1787089602.612356
1787089602.774725
1787089602.937173
1787089603.098830
1787089603.266385
1787089603.426929
1787089603.589351
1787089603.756771
1787089603.926141
1787089604.096902
1787089604.268540
1787089604.431520
1787089604.598259
1787089604.758111
1787089604.925857
1787089605.096016
1787089605.260625
1787089605.424211
1787089605.593572
1787089605.760584
1787089605.924600
1787089606.092725
1787089606.259150
1787089606.427323
1787089606.594964
1787089606.756860
1787089606.919626
1787089607.087628
1787089607.254889
1787089607.429381
1787089607.592590
1787089607.756075
1787089607.922659
1787089608.085669
1787089608.254219
1787089608.418812
1787089608.580606
1787089608.743352
1787089608.906452
1787089609.075120
1787089609.241481
1787089609.403595
1787089609.564394
1787089609.733060
1787089609.897993
1787089610.059986
1787089610.220846
1787089610.387516
1787089610.554881
1787089610.723824
1787089610.884867
1787089611.052081
1787089611.215124
1787089611.381937
1787089611.550008
1787089611.710180
1787089611.869752
1787089612.029617
1787089612.190038
1787089612.347443
1787089612.511447
1787089612.670569
1787089612.837772
1787089612.999684
1787089613.155519
1787089613.316279
1787089613.474365
1787089613.642240
1787089613.809522
1787089613.969395
1787089614.136407
1787089614.297089
1787089614.458238
1787089614.619774
1787089614.784561
1787089614.946541
1787089615.108145
1787089615.276710
1787089615.437019
1787089615.600965
1787089615.761337
1787089615.922211
1787089616.095903
1787089616.256654
1787089616.414930
1787089616.573777
1787089616.733369
1787089616.896139
1787089617.055052
1787089617.219453
1787089617.379941
1787089617.546468
1787089617.706569
1787089617.870199
1787089618.035325
1787089618.204182
1787089618.364031
1787089618.523835
1787089618.687682
1787089618.846994
1787089619.018846
1787089619.179373
1787089619.341459
1787089619.502333
1787089619.662859
1787089619.822834
1787089619.988530
1787089620.154201
1787089620.321833
1787089620.491265
1787089620.659075
1787089620.820350
1787089620.982707
1787089621.148803
1787089621.309250
1787089621.473545
1787089621.640349
1787089621.805872
1787089621.967386
1787089622.127926
1787089622.295805
1787089622.457568
1787089622.620305
1787089622.782039
1787089622.949021
1787089623.110243
1787089623.276422
1787089623.437827
1787089623.598648
1787089623.759878
1787089623.919526
1787089624.081238
1787089624.243803
1787089624.406643
1787089624.571960
1787089624.739052
1787089624.915937
1787089625.074051
1787089625.235690
1787089625.396503
1787089625.563376
1787089625.724351
1787089625.887962
1787089626.056433
1787089626.218127
1787089626.378137
1787089626.545634
1787089626.706192
1787089626.865412
1787089627.031174
1787089627.192423
1787089627.352303
1787089627.517647
1787089627.686072
1787089627.854738
1787089628.015434
1787089628.183301
1787089628.351677
1787089628.512080
1787089628.677362
1787089628.837942
1787089628.998947
1787089629.163363
1787089629.325092
1787089629.490649
1787089629.650874
1787089629.815648
1787089629.983834
1787089630.145598
1787089630.308482
1787089630.474351
1787089630.635181
1787089630.796525
1787089630.961871
1787089631.128693
1787089631.295025
1787089631.462740
1787089631.629141
1787089631.791773
1787089631.959525
1787089632.119883
1787089632.293277
1787089632.456034
1787089632.618917
1787089632.780510
1787089632.941812
1787089633.109532
1787089633.272300
1787089633.436008
1787089633.603402
1787089633.772891
1787089633.936495
1787089634.098926
1787089634.264776
1787089634.428102
1787089634.590903
1787089634.754051
1787089634.916532
1787089635.079744
1787089635.240681
1787089635.403423
1787089635.567915
1787089635.739351
1787089635.910665
1787089636.077760
1787089636.236595
1787089636.399381
1787089636.562930
1787089636.731935
1787089636.900832
1787089637.064263
1787089637.231367
1787089637.393678
1787089637.562236
1787089637.733121
1787089637.899286
1787089638.069191
1787089638.233346
1787089638.401430
1787089638.566602
1787089638.729226
1787089638.893847
1787089639.060349
1787089639.225383
1787089639.395396
1787089639.564809
1787089639.728578
1787089639.900871
1787089640.072623
1787089640.243958
1787089640.412750
1787089640.578664
1787089640.747188
1787089640.911901
1787089641.084031
1787089641.254073
1787089641.412540
1787089641.577746
1787089641.743994
1787089641.910467
1787089642.076373
1787089642.245523
1787089642.418256
1787089642.585145
1787089642.750294
1787089642.920800
1787089643.085797
1787089643.249867
1787089643.415638
1787089643.581680
1787089643.749476
1787089643.919077
1787089644.086350
1787089644.252003
1787089644.418125
1787089644.582891
1787089644.748964
1787089644.915535
1787089645.080991
1787089645.250278
1787089645.416406
1787089645.582226
1787089645.752703
1787089645.916900
1787089646.085559
1787089646.249225
1787089646.419660
1787089646.588638
1787089646.754763
1787089646.918992
1787089647.088797
1787089647.255906
1787089647.421072
1787089647.593635
1787089647.758638
1787089647.928950
1787089648.101681
1787089648.270929
1787089648.442594
1787089648.618124
1787089648.783918
1787089648.948445
1787089649.120789
1787089649.291173
1787089649.462566
1787089649.622966
1787089649.795135
1787089649.965642
1787089650.147220
1787089650.316345
1787089650.477404
1787089650.647692
1787089650.814461
1787089650.984245
1787089651.152061
1787089651.316743
1787089651.480830
1787089651.643250
1787089651.810368
1787089651.972639
1787089652.141429
1787089652.304008
1787089652.464304
1787089652.630953
1787089652.795230
1787089652.956733
1787089653.119109
1787089653.280241
1787089653.443304
1787089653.604284
1787089653.766316
1787089653.928115
1787089654.093197
1787089654.255258
1787089654.417394
1787089654.580346
1787089654.743868
1787089654.913189
1787089655.073946
1787089655.241130
1787089655.407023
1787089655.573345
1787089655.741720
1787089655.903998
1787089656.071502
1787089656.236149
1787089656.401475
1787089656.561722
1787089656.727133
1787089656.889888
1787089657.055923
1787089657.222127
1787089657.389089
1787089657.550066
1787089657.716769
1787089657.885239
1787089658.050562
1787089658.215030
1787089658.378459
1787089658.541012
1787089658.706771
1787089658.874743
1787089659.040816
1787089659.200295
1787089659.364892
1787089659.532088
1787089659.697493
1787089659.857581
1787089660.022979
1787089660.187992
1787089660.353737
1787089660.515871
1787089660.676348
1787089660.842561
1787089661.003611
1787089661.168955
1787089661.328705
1787089661.497313
1787089661.658062
1787089661.817778
1787089661.981988
1787089662.144218
1787089662.309670
1787089662.469952
1787089662.633691
1787089662.793350
1787089662.953571
1787089663.126692
1787089663.281987
1787089663.442512
1787089663.602249
1787089663.760743
1787089663.926564
1787089664.088784
1787089664.247382
1787089664.411832
1787089664.571073
1787089664.731243
1787089664.893589
1787089665.053825
1787089665.214356
1787089665.375972
1787089665.537565
1787089665.704145
1787089665.865021
1787089666.025750
1787089666.183888
1787089666.343449
1787089666.508521
1787089666.667932
1787089666.833200
1787089666.996931
1787089667.149537
1787089667.313261
1787089667.480707
1787089667.644355
1787089667.803088
1787089667.969016
1787089668.134650
1787089668.291284
1787089668.454661
1787089668.611019
1787089668.775370
1787089668.941936
1787089669.100961
1787089669.265923
1787089669.429973
1787089669.594718
1787089669.753906
1787089669.911335
1787089670.073325
1787089670.231833
1787089670.390526
1787089670.556129
1787089670.715935
1787089670.879902
1787089671.031957
1787089671.193151
1787089671.356961
1787089671.520199
1787089671.679218
1787089671.841946
1787089672.003998
1787089672.163580
1787089672.326261
1787089672.484558
1787089672.640698
1787089672.804976
1787089672.961305
1787089673.119487
1787089673.279084
1787089673.441677
1787089673.600810
1787089673.762103
1787089673.928027
1787089674.091788
1787089674.250766
1787089674.410177
1787089674.562186
1787089674.724645
1787089674.886819
1787089675.043803
1787089675.203814
1787089675.363622
1787089675.523185
1787089675.686581
1787089675.844704
1787089676.003955
1787089676.168832
1787089676.328443
1787089676.495665
1787089676.656024
1787089676.816090
1787089676.975951
1787089677.136314
1787089677.306313
1787089677.467921
1787089677.627152
1787089677.791371
1787089677.950730
1787089678.114911
1787089678.274634
1787089678.435545
1787089678.599367
1787089678.760183
1787089678.918267
1787089679.080124
1787089679.239124
1787089679.403490
1787089679.569923
1787089679.733208
1787089679.893933
1787089680.054536
1787089680.215707
1787089680.375548
1787089680.543967
1787089680.709373
1787089680.868325
1787089681.032077
1787089681.191672
1787089681.357897
1787089681.521733
1787089681.680520
1787089681.846907
1787089682.010720
1787089682.170588
1787089682.329961
1787089682.490486
1787089682.647146
1787089682.812823
1787089682.976467
1787089683.136124
1787089683.300425
1787089683.466600
1787089683.625989
1787089683.789273
1787089683.948545
1787089684.112025
1787089684.266937
1787089684.431757
1787089684.591411
1787089684.755088
1787089684.914943
1787089685.079941
1787089685.240851
1787089685.399945
1787089685.566111
1787089685.718858
1787089685.882988
1787089686.042528
1787089686.202770
1787089686.363308
1787089686.524269
1787089686.685226
1787089686.852589
1787089687.014042
1787089687.173439
1787089687.332784
1787089687.492085
1787089687.658981
1787089687.824026
1787089687.987012
1787089688.147209
1787089688.311491
1787089688.476868
1787089688.636337
1787089688.798447
1787089688.963794
1787089689.127436
1787089689.287478
1787089689.451880
1787089689.611086
1787089689.771307
1787089689.934253
1787089690.095172
1787089690.255651
1787089690.414407
1787089690.578223
1787089690.737241
1787089690.900768
1787089691.059440
1787089691.223684
1787089691.388371
1787089691.548219
1787089691.712638
1787089691.877186
1787089692.040522
1787089692.204038
1787089692.357555
1787089692.521619
1787089692.678721
1787089692.843299
1787089693.008093
1787089693.172637
1787089693.332766
1787089693.491983
1787089693.656129
1787089693.815651
1787089693.975120
1787089694.134511
1787089694.294314
1787089694.461673
1787089694.620758
1787089694.779399
1787089694.946567
1787089695.111493
1787089695.272134
1787089695.436699
1787089695.595924
1787089695.762792
1787089695.922409
1787089696.086251
1787089696.253422
1787089696.418617
1787089696.578547
1787089696.744200
1787089696.904414
1787089697.065130
1787089697.226333
1787089697.386569
1787089697.547159
1787089697.708010
1787089697.874279
1787089698.040149
1787089698.200176
1787089698.364302
1787089698.531266
1787089698.691142
1787089698.858496
1787089699.018250
1787089699.182635
1787089699.341253
1787089699.506490
1787089699.666165
1787089699.832310
1787089700.001779
1787089700.162526
1787089700.327170
1787089700.485807
1787089700.650415
1787089700.809399
1787089700.974140
1787089701.140912
1787089701.320400
1787089701.473855
1787089701.634378
1787089701.799569
1787089701.959938
1787089702.120071
1787089702.280591
1787089702.445243
1787089702.612033
1787089702.772494
1787089702.939496
1787089703.100960
1787089703.262944
1787089703.422674
1787089703.588771
1787089703.749374
1787089703.915325
1787089704.081868
1787089704.243994
1787089704.409765
1787089704.571115
1787089704.732453
1787089704.894757
1787089705.062501
1787089705.223858
1787089705.390181
1787089705.558244
1787089705.727868
1787089705.888991
1787089706.056112
1787089706.216677
1787089706.377518
1787089706.543139
1787089706.711664
1787089706.873085
1787089707.039094
1787089707.200726
1787089707.361755
1787089707.523637
1787089707.684781
1787089707.850024
1787089708.012278
1787089708.173286
1787089708.334824
1787089708.495911
1787089708.662183
1787089708.822064
1787089708.987372
1787089709.146813
1787089709.307077
1787089709.470927
1787089709.631116
1787089709.795915
1787089709.955850
1787089710.116143
1787089710.281495
1787089710.441659
1787089710.607337
1787089710.772311
1787089710.938376
1787089711.103687
1787089711.268303
1787089711.428915
1787089711.593314
1787089711.760713
1787089711.923969
1787089712.090751
1787089712.257589
1787089712.423177
1787089712.588992
1787089712.747424
1787089712.914245
1787089713.081441
1787089713.247188
1787089713.407536
1787089713.575548
1787089713.742105
1787089713.909213
1787089714.069828
1787089714.235994
1787089714.397546
1787089714.557676
1787089714.723688
1787089714.886834
1787089715.054523
1787089715.215554
1787089715.382343
1787089715.542588
1787089715.708302
1787089715.868447
1787089716.036508
1787089716.200499
1787089716.363384
1787089716.533586
1787089716.694701
1787089716.861590
1787089717.027022
1787089717.189029
1787089717.351761
1787089717.519894
1787089717.694876
1787089717.855843
1787089718.022898
1787089718.184662
1787089718.349572
1787089718.517026
1787089718.681993
1787089718.844542
1787089719.011096
1787089719.172679
1787089719.334707
1787089719.501269
1787089719.668311
1787089719.829211
1787089719.994367
1787089720.155283
1787089720.321766
1787089720.489385
1787089720.650159
1787089720.816878
1787089720.983364
1787089721.149733
1787089721.311520
1787089721.482220
1787089721.644563
1787089721.812700
1787089721.980024
1787089722.143718
1787089722.300695
1787089722.470901
1787089722.634500
1787089722.794510
1787089722.965129
1787089723.127986
1787089723.294524
1787089723.463297
1787089723.625725
1787089723.792731
1787089723.954901
1787089724.123801
1787089724.289159
1787089724.450635
1787089724.613578
1787089724.781820
1787089724.945702
1787089725.117695
1787089725.279721
1787089725.441818
1787089725.608287
1787089725.770548
1787089725.937138
1787089726.104788
1787089726.265804
1787089726.432338
1787089726.600318
1787089726.763533
1787089726.927047
1787089727.089624
1787089727.251632
1787089727.422147
1787089727.585550
1787089727.752632
1787089727.920987
1787089728.084155
1787089728.246162
1787089728.414417
1787089728.584129
1787089728.745221
1787089728.907143
1787089729.075457
1787089729.244158
1787089729.406998
1787089729.570211
1787089729.734133
1787089729.900977
1787089730.064895
1787089730.226288
1787089730.395989
1787089730.565230
1787089730.727867
1787089730.894029
1787089731.055379
1787089731.222447
1787089731.383893
1787089731.550928
1787089731.712693
1787089731.877859
1787089732.044809
1787089732.212564
1787089732.374923
1787089732.541029
1787089732.702003
1787089732.862532
1787089733.029913
1787089733.193393
1787089733.363973
1787089733.525314
1787089733.693027
1787089733.860305
1787089734.028846
1787089734.198350
1787089734.369092
1787089734.536585
1787089734.701467
1787089734.870311
1787089735.037026
1787089735.209154
1787089735.378281
1787089735.546157
1787089735.709441
1787089735.876826
1787089736.039599
1787089736.203309
1787089736.365877
1787089736.533989
1787089736.697237
1787089736.864257
1787089737.028101
1787089737.191967
1787089737.352046
1787089737.518807
1787089737.687946
1787089737.856328
1787089738.020225
1787089738.188312
1787089738.351776
1787089738.516302
1787089738.679881
1787089738.851476
1787089739.014177
1787089739.183950
1787089739.353814
1787089739.516914
1787089739.684823
1787089739.847252
1787089740.011147
1787089740.173803
1787089740.340435
1787089740.502667
1787089740.671024
1787089740.834502
1787089741.002110
1787089741.173980
1787089741.340570
1787089741.503171
1787089741.672145
1787089741.835826
1787089742.005403
1787089742.173943
1787089742.338826
1787089742.505541
1787089742.679082
1787089742.843356
1787089743.011207
1787089743.174403
1787089743.335570
1787089743.505276
1787089743.667559
1787089743.839075
1787089744.006356
1787089744.169437
1787089744.333633
1787089744.495675
1787089744.661877
1787089744.825161
1787089744.994778
1787089745.157170
1787089745.321634
1787089745.492189
1787089745.655142
1787089745.818032
1787089745.987195
1787089746.150884
1787089746.317051
1787089746.480839
1787089746.642617
1787089746.804836
1787089746.970680
1787089747.132490
1787089747.298474
1787089747.462476
1787089747.626432
1787089747.795308
1787089747.961840
1787089748.125428
1787089748.291112
1787089748.453820
1787089748.617684
1787089748.786618
1787089748.950456
1787089749.118273
1787089749.285960
1787089749.446866
1787089749.614356
1787089749.776363
1787089749.942617
1787089750.104125
1787089750.267214
1787089750.429630
1787089750.592504
1787089750.754194
1787089750.918504
1787089751.082123
1787089751.244849
1787089751.415977
1787089751.578167
1787089751.740897
1787089751.903277
1787089752.068291
1787089752.237255
1787089752.391921
1787089752.561635
1787089752.727687
1787089752.892883
1787089753.058399
1787089753.221040
1787089753.391413
1787089753.553408
1787089753.718884
1787089753.887794
1787089754.042148
1787089754.214204
1787089754.375911
1787089754.544965
1787089754.711559
1787089754.873801
1787089755.040591
1787089755.206803
1787089755.369121
1787089755.537068
1787089755.703897
1787089755.865066
1787089756.026807
1787089756.190411
1787089756.351285
1787089756.518005
1787089756.680182
1787089756.842351
1787089757.004825
1787089757.171210
1787089757.334275
1787089757.502351
1787089757.664530
1787089757.830949
1787089757.993920
1787089758.160491
1787089758.321769
1787089758.488287
1787089758.650054
1787089758.815337
1787089758.980440
1787089759.147238
1787089759.319642
1787089759.480787
1787089759.642515
1787089759.811327
1787089759.974625
1787089760.140568
1787089760.310894
1787089760.479664
1787089760.642686
1787089760.810096
1787089760.974911
1787089761.143502
1787089761.310599
1787089761.474293
1787089761.641344
1787089761.804270
1787089761.976457
1787089762.136044
1787089762.305472
1787089762.468653
1787089762.640499
1787089762.807821
1787089762.968462
1787089763.138346
1787089763.308092
1787089763.485080
1787089763.648371
1787089763.817455
1787089763.986502
1787089764.157671
1787089764.330922
1787089764.498113
1787089764.663044
1787089764.835551
1787089764.999048
1787089765.168225
1787089765.338830
1787089765.502517
1787089765.673135
1787089765.835887
1787089766.010299
1787089766.179550
1787089766.343695
1787089766.508929
1787089766.673838
1787089766.841779
1787089767.006410
1787089767.177272
1787089767.342049
1787089767.507188
1787089767.670074
1787089767.831362
1787089767.999501
1787089768.170524
1787089768.335778
1787089768.499473
1787089768.661920
1787089768.826664
1787089768.990473
1787089769.158607
1787089769.325077
1787089769.487142
1787089769.654279
1787089769.817290
1787089769.983746
1787089770.147954
1787089770.318939
1787089770.481124
1787089770.648358
1787089770.809300
1787089770.976759
1787089771.145276
1787089771.312464
1787089771.480135
1787089771.641477
1787089771.809390
1787089771.976101
1787089772.142033
1787089772.302957
1787089772.467409
1787089772.627827
1787089772.787590
1787089772.956851
1787089773.121774
1787089773.291105
1787089773.452235
1787089773.613433
1787089773.779380
1787089773.932879
1787089774.093321
1787089774.253422
1787089774.413314
1787089774.574683
1787089774.739158
1787089774.903258
1787089775.062886
1787089775.226431
1787089775.383697
1787089775.543965
1787089775.707506
1787089775.866449
1787089776.030911
1787089776.194943
1787089776.353150
1787089776.517793
1787089776.676543
1787089776.835420
1787089776.998425
1787089777.157592
1787089777.321789
1787089777.481484
1787089777.640462
1787089777.800370
1787089777.962161
1787089778.120630
1787089778.284151
1787089778.449528
1787089778.608116
1787089778.770485
1787089778.928479
1787089779.086627
1787089779.251154
1787089779.409106
1787089779.573649
1787089779.734141
1787089779.894101
1787089780.060337
1787089780.218323
1787089780.377660
1787089780.541469
1787089780.700576
1787089780.864198
1787089781.022657
1787089781.182125
1787089781.346842
1787089781.506518
1787089781.665998
1787089781.829679
1787089781.989410
1787089782.153578
1787089782.313662
1787089782.473726
1787089782.634437
1787089782.798609
1787089782.963664
1787089783.117725
1787089783.282434
1787089783.450983
1787089783.612702
1787089783.779303
1787089783.946477
1787089784.111888
1787089784.272201
1787089784.430803
1787089784.596247
1787089784.756181
1787089784.921561
1787089785.082357
1787089785.246013
1787089785.407547
1787089785.568224
1787089785.735472
1787089785.895820
1787089786.063747
1787089786.223779
1787089786.383751
1787089786.545750
1787089786.705459
1787089786.873131
1787089787.035164
1787089787.200751
1787089787.361485
1787089787.531493
1787089787.692921
1787089787.858409
1787089788.018804
1787089788.181390
1787089788.346256
1787089788.507869
1787089788.675458
1787089788.835707
1787089789.000250
1787089789.159999
1787089789.322196
1787089789.483382
1787089789.644326
1787089789.805418
1787089789.965442
1787089790.125768
1787089790.290577
1787089790.450451
