1787072240.349611
1787072240.497694
1787072240.644016
1787072240.791897
1787072240.939701
1787072241.089597
1787072241.237646
1787072241.395195
1787072241.549102
1787072241.705053
1787072241.854995
1787072242.006362
1787072242.165293
1787072242.316295
1787072242.463154
1787072242.613302
1787072242.762937
1787072242.913328
1787072243.063816
1787072243.214913
1787072243.366458
1787072243.526178
1787072243.682677
1787072243.835338
1787072243.987455
1787072244.136924
1787072244.288161
1787072244.436349
1787072244.584829
1787072244.733402
1787072244.889821
1787072245.046001
1787072245.199692
1787072245.356059
1787072245.513235
1787072245.662558
1787072245.810863
1787072245.971035
1787072246.120751
1787072246.271769
1787072246.422306
1787072246.569926
1787072246.727090
1787072246.877528
1787072247.036882
1787072247.195302
1787072247.344151
1787072247.496127
1787072247.644805
1787072247.793321
1787072247.940289
1787072248.087760
1787072248.242919
1787072248.390085
1787072248.548178
1787072248.696322
1787072248.852642
1787072249.006919
1787072249.165986
1787072249.318083
1787072249.469795
1787072249.617781
1787072249.764273
1787072249.917638
1787072250.061617
1787072250.217429
1787072250.364396
1787072250.512284
1787072250.657437
1787072250.802982
1787072250.949412
1787072251.095849
1787072251.241851
1787072251.394561
1787072251.538681
1787072251.689116
1787072251.840291
1787072251.987592
1787072252.137931
1787072252.282074
1787072252.431847
1787072252.582250
1787072252.734016
1787072252.877381
1787072253.021831
1787072253.176770
1787072253.329258
1787072253.492856
1787072253.644883
1787072253.788908
1787072253.933462
1787072254.079924
1787072254.232225
1787072254.380981
1787072254.535403
1787072254.686395
1787072254.834068
1787072254.984669
1787072255.138674
1787072255.284366
1787072255.430528
1787072255.582222
1787072255.734208
1787072255.884644
1787072256.034426
1787072256.180842
1787072256.336495
1787072256.491328
1787072256.636314
1787072256.788043
1787072256.938794
1787072257.084885
1787072257.240173
1787072257.388072
1787072257.541198
1787072257.686909
1787072257.839067
1787072257.993370
1787072258.145802
1787072258.294678
1787072258.441575
1787072258.588871
1787072258.740732
1787072258.889878
1787072259.037471
1787072259.190262
1787072259.338412
1787072259.491552
1787072259.640807
1787072259.788281
1787072259.941056
1787072260.088616
1787072260.237296
1787072260.391676
1787072260.545406
1787072260.694950
1787072260.843035
1787072260.996350
1787072261.152632
1787072261.303522
1787072261.461424
1787072261.609787
1787072261.761198
1787072261.915021
1787072262.064317
1787072262.215993
1787072262.371783
1787072262.522607
1787072262.672789
1787072262.823259
1787072262.974134
1787072263.126557
1787072263.285149
1787072263.444356
1787072263.601783
1787072263.758478
1787072263.908797
1787072264.060260
1787072264.212729
1787072264.366864
1787072264.520208
1787072264.673944
1787072264.833703
1787072264.993668
1787072265.147463
1787072265.303247
1787072265.465907
1787072265.628444
1787072265.793681
1787072265.950241
1787072266.106940
1787072266.263691
1787072266.425416
1787072266.592803
1787072266.749981
1787072266.910993
1787072267.068146
1787072267.225183
1787072267.382426
1787072267.547378
1787072267.705899
1787072267.869527
1787072268.026106
1787072268.184317
1787072268.347000
1787072268.513089
1787072268.680166
1787072268.839555
1787072269.000877
1787072269.166199
1787072269.332983
1787072269.502151
1787072269.658634
1787072269.819808
1787072269.988908
1787072270.153028
1787072270.313928
1787072270.474312
1787072270.646111
1787072270.806757
1787072270.966823
1787072271.127741
1787072271.291149
1787072271.468135
1787072271.629326
1787072271.796517
1787072271.966736
1787072272.130078
1787072272.300594
1787072272.463034
1787072272.625360
1787072272.794681
1787072272.956203
1787072273.117659
1787072273.286690
1787072273.454600
1787072273.620820
1787072273.788076
1787072273.951912
1787072274.122136
1787072274.287375
1787072274.458936
1787072274.623392
1787072274.789473
1787072274.958238
1787072275.129397
1787072275.294109
1787072275.458731
1787072275.626373
1787072275.792688
1787072275.957173
1787072276.127016
1787072276.293210
1787072276.457787
1787072276.621150
1787072276.792507
1787072276.962018
1787072277.132595
1787072277.301599
1787072277.475037
1787072277.643548
1787072277.815161
1787072277.985779
1787072278.157211
1787072278.328009
1787072278.499032
1787072278.672767
1787072278.844677
1787072279.011955
1787072279.178859
1787072279.345102
1787072279.510498
1787072279.685308
1787072279.850358
1787072280.017266
1787072280.188828
1787072280.356929
1787072280.527423
1787072280.697787
1787072280.867393
1787072281.039824
1787072281.208658
1787072281.377955
1787072281.543091
1787072281.704504
1787072281.876135
1787072282.048250
1787072282.218670
1787072282.392110
1787072282.565812
1787072282.736350
1787072282.904499
1787072283.074808
1787072283.243376
1787072283.407064
1787072283.577382
1787072283.744402
1787072283.914107
1787072284.077734
1787072284.243277
1787072284.415302
1787072284.587189
1787072284.751985
1787072284.921411
1787072285.085968
1787072285.257051
1787072285.420573
1787072285.591366
1787072285.759705
1787072285.933355
1787072286.103072
1787072286.273422
1787072286.441576
1787072286.613638
1787072286.783925
1787072286.951651
1787072287.126532
1787072287.292233
1787072287.465048
1787072287.637973
1787072287.806453
1787072287.972405
1787072288.146505
1787072288.313090
1787072288.479443
1787072288.646065
1787072288.819987
1787072288.993459
1787072289.158823
1787072289.331391
1787072289.504698
1787072289.675086
1787072289.840871
1787072290.009004
1787072290.175330
1787072290.346189
1787072290.521879
1787072290.698104
1787072290.866995
1787072291.034561
1787072291.208653
1787072291.382306
1787072291.548232
1787072291.713371
1787072291.880632
1787072292.058305
1787072292.227292
1787072292.398497
1787072292.572265
1787072292.739002
1787072292.910289
1787072293.081860
1787072293.254142
1787072293.423143
1787072293.595695
1787072293.769963
1787072293.943825
1787072294.117435
1787072294.293506
1787072294.469891
1787072294.641564
1787072294.810867
1787072294.986277
1787072295.153868
1787072295.321615
1787072295.495331
1787072295.667153
1787072295.839853
1787072296.012447
1787072296.186419
1787072296.353524
1787072296.519861
1787072296.693003
1787072296.862035
1787072297.029491
1787072297.204979
1787072297.373505
1787072297.541878
1787072297.717910
1787072297.888752
1787072298.056530
1787072298.234228
1787072298.406772
1787072298.580990
1787072298.749142
1787072298.915865
1787072299.084936
1787072299.257120
1787072299.429695
1787072299.602640
1787072299.768070
1787072299.932477
1787072300.100842
1787072300.266004
1787072300.436697
1787072300.606200
1787072300.776179
1787072300.943552
1787072301.115980
1787072301.283728
1787072301.453879
1787072301.621060
1787072301.784906
1787072301.957945
1787072302.129069
1787072302.297792
1787072302.456618
1787072302.629173
1787072302.802078
1787072302.968225
1787072303.136279
1787072303.302279
1787072303.468496
1787072303.636328
1787072303.811069
1787072303.985702
1787072304.154240
1787072304.330025
1787072304.504745
1787072304.680908
1787072304.853548
1787072305.025321
1787072305.198375
1787072305.376071
1787072305.546473
1787072305.717290
1787072305.892566
1787072306.065938
1787072306.234305
1787072306.406649
1787072306.574043
1787072306.745918
1787072306.919766
1787072307.096130
1787072307.263889
1787072307.430337
1787072307.603166
1787072307.768246
1787072307.942162
1787072308.110214
1787072308.277198
1787072308.448946
1787072308.619992
1787072308.793928
1787072308.962808
1787072309.130610
1787072309.297752
1787072309.468844
1787072309.637730
1787072309.808822
1787072309.983976
1787072310.152146
1787072310.317800
1787072310.490296
1787072310.664360
1787072310.832037
1787072310.997992
1787072311.164523
1787072311.337231
1787072311.508693
1787072311.678531
1787072311.842211
1787072312.013728
1787072312.184757
1787072312.358862
1787072312.531141
1787072312.705060
1787072312.868558
1787072313.038628
1787072313.207165
1787072313.372382
1787072313.538059
1787072313.709673
1787072313.879838
1787072314.042878
1787072314.212401
1787072314.379082
1787072314.543788
1787072314.712948
1787072314.879547
1787072315.055870
1787072315.229827
1787072315.403538
1787072315.573349
1787072315.749504
1787072315.919878
1787072316.095806
1787072316.263016
1787072316.432784
1787072316.605961
1787072316.777720
1787072316.951924
1787072317.126762
1787072317.297346
1787072317.464623
1787072317.638070
1787072317.804667
1787072317.970863
1787072318.143588
1787072318.314585
1787072318.481446
1787072318.655330
1787072318.826592
1787072318.993590
1787072319.159850
1787072319.326679
1787072319.496281
1787072319.673248
1787072319.843888
1787072320.015885
1787072320.185925
1787072320.362668
1787072320.530936
1787072320.706359
1787072320.880684
1787072321.048085
1787072321.221789
1787072321.398784
1787072321.566910
1787072321.741498
1787072321.909281
1787072322.083195
1787072322.259926
1787072322.427921
1787072322.598181
1787072322.769718
1787072322.940343
1787072323.110732
1787072323.283092
1787072323.455621
1787072323.628008
1787072323.796197
1787072323.966080
1787072324.140362
1787072324.305584
1787072324.476958
1787072324.648611
1787072324.818311
1787072324.985255
1787072325.150439
1787072325.316375
1787072325.486461
1787072325.652065
1787072325.821976
1787072325.984365
1787072326.154002
1787072326.326428
1787072326.494264
1787072326.665257
1787072326.835665
1787072326.999498
1787072327.170419
1787072327.332314
1787072327.501278
1787072327.666514
1787072327.828871
1787072327.996476
1787072328.160813
1787072328.324307
1787072328.495136
1787072328.659470
1787072328.828464
1787072328.999774
1787072329.162721
1787072329.331209
1787072329.502285
1787072329.665775
1787072329.829817
1787072329.998486
1787072330.163530
1787072330.331090
1787072330.504147
1787072330.674870
1787072330.845052
1787072331.011766
1787072331.180542
1787072331.349409
1787072331.518133
1787072331.689174
1787072331.865988
1787072332.038123
1787072332.214490
1787072332.392524
1787072332.565095
1787072332.744747
1787072332.921842
1787072333.099612
1787072333.276128
1787072333.453356
1787072333.629599
1787072333.805280
1787072333.980479
1787072334.148328
1787072334.316424
1787072334.488664
1787072334.657006
1787072334.831055
1787072334.997999
1787072335.165776
1787072335.339759
1787072335.514509
1787072335.682804
1787072335.851162
1787072336.022895
1787072336.189604
1787072336.364582
1787072336.537487
1787072336.707534
1787072336.872148
1787072337.043875
1787072337.216384
1787072337.379573
1787072337.550746
1787072337.726684
1787072337.893015
1787072338.058085
1787072338.222281
1787072338.394350
1787072338.564329
1787072338.728916
1787072338.899599
1787072339.063990
1787072339.231309
1787072339.401286
1787072339.567331
1787072339.737985
1787072339.913613
1787072340.074308
1787072340.246556
1787072340.416098
1787072340.580025
1787072340.748008
1787072340.917275
1787072341.087968
1787072341.256528
1787072341.429286
1787072341.601626
1787072341.785641
1787072341.949029
1787072342.117320
1787072342.292946
1787072342.460142
1787072342.633289
1787072342.799176
1787072342.965835
1787072343.139563
1787072343.306516
1787072343.473667
1787072343.651623
1787072343.816350
1787072343.981744
1787072344.153478
1787072344.329108
1787072344.500580
1787072344.671496
1787072344.841806
1787072345.008267
1787072345.175013
1787072345.347598
1787072345.513906
1787072345.685287
1787072345.856238
1787072346.020511
1787072346.189452
1787072346.359288
1787072346.530799
1787072346.702963
1787072346.871911
1787072347.037715
1787072347.211635
1787072347.382524
1787072347.546820
1787072347.716204
1787072347.880863
1787072348.050195
1787072348.219582
1787072348.383090
1787072348.555576
1787072348.720493
1787072348.892113
1787072349.056449
1787072349.227992
1787072349.395532
1787072349.565037
1787072349.736908
1787072349.906386
1787072350.072077
1787072350.242594
1787072350.413200
1787072350.579335
1787072350.748858
1787072350.917865
1787072351.087740
1787072351.256241
1787072351.426729
1787072351.597059
1787072351.764671
1787072351.944400
1787072352.110388
1787072352.283485
1787072352.453371
1787072352.620260
1787072352.783867
1787072352.966364
1787072353.137520
1787072353.314854
1787072353.487595
1787072353.666754
1787072353.843535
1787072354.015260
1787072354.184195
1787072354.363920
1787072354.536638
1787072354.714432
1787072354.889032
1787072355.062526
1787072355.234768
1787072355.414474
1787072355.591233
1787072355.771704
1787072355.946066
1787072356.113543
1787072356.289658
1787072356.466079
1787072356.642292
1787072356.818663
1787072356.994807
1787072357.161187
1787072357.338026
1787072357.512730
1787072357.689574
1787072357.857179
1787072358.029614
1787072358.209997
1787072358.386864
1787072358.562114
1787072358.736989
1787072358.907881
1787072359.077127
1787072359.249116
1787072359.419064
1787072359.588156
1787072359.755605
1787072359.931050
1787072360.099258
1787072360.274712
1787072360.451494
1787072360.625844
1787072360.793755
1787072360.962088
1787072361.137456
1787072361.312737
1787072361.483793
1787072361.657509
1787072361.832951
1787072362.009613
1787072362.181104
1787072362.352081
1787072362.528608
1787072362.705305
1787072362.881256
1787072363.050277
1787072363.219599
1787072363.391165
1787072363.560827
1787072363.728544
1787072363.903108
1787072364.077923
1787072364.254988
1787072364.427372
1787072364.596484
1787072364.773823
1787072364.943846
1787072365.115603
1787072365.293388
1787072365.472463
1787072365.646913
1787072365.821925
1787072365.998090
1787072366.167910
1787072366.338177
1787072366.506805
1787072366.681620
1787072366.857008
1787072367.025009
1787072367.199127
1787072367.376539
1787072367.544667
1787072367.717680
1787072367.891143
1787072368.066998
1787072368.239418
1787072368.407571
1787072368.574516
1787072368.750503
1787072368.920503
1787072369.093305
1787072369.268704
1787072369.441326
1787072369.616643
1787072369.787513
1787072369.961630
1787072370.131723
1787072370.297611
1787072370.471750
1787072370.646118
1787072370.813769
1787072370.980758
1787072371.153017
1787072371.318648
1787072371.492574
1787072371.670130
1787072371.835974
1787072372.005538
1787072372.179327
1787072372.354720
1787072372.525333
1787072372.697465
1787072372.871130
1787072373.048897
1787072373.222494
1787072373.397183
1787072373.568666
1787072373.740196
1787072373.908182
1787072374.076973
1787072374.253736
1787072374.429535
1787072374.598234
1787072374.773131
1787072374.948092
1787072375.116799
1787072375.290532
1787072375.457234
1787072375.633615
1787072375.806612
1787072375.977252
1787072376.142575
1787072376.315113
1787072376.488733
1787072376.654731
1787072376.828132
1787072377.000895
1787072377.172935
1787072377.346222
1787072377.517715
1787072377.689641
1787072377.859828
1787072378.031399
1787072378.206251
1787072378.378456
1787072378.544499
1787072378.717849
1787072378.891331
1787072379.061693
1787072379.235715
1787072379.408296
1787072379.579646
1787072379.761045
1787072379.919704
1787072380.091118
1787072380.256276
1787072380.429752
1787072380.606723
1787072380.773922
1787072380.942052
1787072381.115240
1787072381.284447
1787072381.451405
1787072381.623624
1787072381.795340
1787072381.974935
1787072382.139036
1787072382.318334
1787072382.485935
1787072382.652696
1787072382.825122
1787072382.995381
1787072383.165884
1787072383.338479
1787072383.509589
1787072383.673773
1787072383.847087
1787072384.013860
1787072384.178152
1787072384.351141
1787072384.521937
1787072384.683529
1787072384.854653
1787072385.020864
1787072385.194239
1787072385.366430
1787072385.530148
1787072385.702461
1787072385.871875
1787072386.041873
1787072386.213712
1787072386.378825
1787072386.549753
1787072386.721069
1787072386.884084
1787072387.054854
1787072387.229228
1787072387.397699
1787072387.568586
1787072387.738432
1787072387.909181
1787072388.072423
1787072388.243396
1787072388.408692
1787072388.577633
1787072388.739535
1787072388.908519
1787072389.076608
1787072389.246099
1787072389.409353
1787072389.577749
1787072389.748530
1787072389.913033
1787072390.083013
1787072390.251091
1787072390.419527
1787072390.587382
1787072390.756089
1787072390.927864
1787072391.098772
1787072391.262781
1787072391.437376
1787072391.606444
1787072391.776868
1787072391.946893
1787072392.116462
1787072392.287751
1787072392.458440
1787072392.629805
1787072392.798671
1787072392.962081
1787072393.131902
1787072393.297112
1787072393.473397
1787072393.637473
1787072393.809052
1787072393.985372
1787072394.151683
1787072394.324627
1787072394.495757
1787072394.659239
1787072394.831255
1787072395.002986
1787072395.164762
1787072395.337056
1787072395.502790
1787072395.669532
1787072395.835824
1787072396.000398
1787072396.173180
1787072396.335750
1787072396.505574
1787072396.675557
1787072396.846747
1787072397.018652
1787072397.194563
1787072397.360406
1787072397.532727
1787072397.704571
1787072397.878543
1787072398.044706
1787072398.212678
1787072398.383291
1787072398.548728
1787072398.719108
1787072398.888478
1787072399.059859
1787072399.229531
1787072399.398360
1787072399.572134
1787072399.737056
1787072399.903506
1787072400.076862
1787072400.238590
1787072400.404765
1787072400.577293
1787072400.748751
1787072400.920076
1787072401.090302
1787072401.255049
1787072401.427021
1787072401.597624
1787072401.766751
1787072401.938256
1787072402.109526
1787072402.273562
1787072402.448908
1787072402.613388
1787072402.786855
1787072402.954886
1787072403.121674
1787072403.285897
1787072403.454572
1787072403.628723
1787072403.802866
1787072403.969870
1787072404.136367
1787072404.304451
1787072404.481258
1787072404.648246
1787072404.820664
1787072404.994452
1787072405.165548
1787072405.337932
1787072405.509741
1787072405.685593
1787072405.856951
1787072406.022339
1787072406.196206
1787072406.362175
1787072406.536186
1787072406.705593
1787072406.874893
1787072407.039887
1787072407.218426
1787072407.384904
1787072407.550846
1787072407.727231
1787072407.898204
1787072408.062570
1787072408.235577
1787072408.408029
1787072408.574881
1787072408.748760
1787072408.918841
1787072409.086832
1787072409.261759
1787072409.431665
1787072409.602865
1787072409.777493
1787072409.948966
1787072410.125235
1787072410.299627
1787072410.467740
1787072410.641107
1787072410.812490
1787072410.980287
1787072411.149987
1787072411.322637
1787072411.492579
1787072411.667408
1787072411.832570
1787072412.003306
1787072412.167401
1787072412.340944
1787072412.507338
1787072412.675663
1787072412.845805
1787072413.019459
1787072413.186848
1787072413.365075
1787072413.533826
1787072413.700975
1787072413.875535
1787072414.048692
1787072414.216175
1787072414.389634
1787072414.565255
1787072414.738336
1787072414.909946
1787072415.083590
1787072415.252442
1787072415.423829
1787072415.593976
1787072415.767118
1787072415.940292
1787072416.107067
1787072416.279015
1787072416.451626
1787072416.623822
1787072416.788376
1787072416.957195
1787072417.124526
1787072417.298482
1787072417.461399
1787072417.635110
1787072417.807688
1787072417.983056
1787072418.145322
1787072418.323057
1787072418.498142
1787072418.673672
1787072418.845204
1787072419.010788
1787072419.185538
1787072419.351950
1787072419.524408
1787072419.697111
1787072419.867429
1787072420.038248
1787072420.204261
1787072420.372023
1787072420.540729
1787072420.711428
1787072420.875205
1787072421.046372
1787072421.218676
1787072421.387264
1787072421.559069
1787072421.725298
1787072421.896406
1787072422.069254
1787072422.236828
1787072422.409322
1787072422.580771
1787072422.748864
1787072422.916079
1787072423.088718
1787072423.257019
1787072423.422812
1787072423.594578
1787072423.761144
1787072423.927529
1787072424.093343
1787072424.265508
1787072424.435888
1787072424.605353
1787072424.771983
1787072424.944103
1787072425.113385
1787072425.282466
1787072425.453451
1787072425.623389
1787072425.794559
1787072425.962939
1787072426.128016
1787072426.300657
1787072426.469452
1787072426.636881
1787072426.808540
1787072426.980354
1787072427.144820
1787072427.314574
1787072427.480150
1787072427.652268
1787072427.825565
1787072427.994345
1787072428.160088
1787072428.326802
1787072428.492153
1787072428.664131
1787072428.830680
1787072428.993643
1787072429.162951
1787072429.332626
1787072429.499665
1787072429.669238
1787072429.840404
1787072430.011715
1787072430.181700
1787072430.345306
1787072430.514132
1787072430.689918
1787072430.860832
1787072431.034480
1787072431.207423
1787072431.371981
1787072431.543820
1787072431.712468
1787072431.885542
1787072432.058146
1787072432.229288
1787072432.392220
1787072432.565191
1787072432.728821
1787072432.900022
1787072433.065315
1787072433.239015
1787072433.411007
1787072433.582605
1787072433.750771
1787072433.923082
1787072434.092504
1787072434.263902
1787072434.434522
1787072434.605594
1787072434.774592
1787072434.941134
1787072435.111136
1787072435.283946
1787072435.453754
1787072435.620961
1787072435.791171
1787072435.962082
1787072436.133691
1787072436.298733
1787072436.468699
1787072436.639089
1787072436.803686
1787072436.967803
1787072437.132810
1787072437.308138
1787072437.476305
1787072437.648002
1787072437.819872
1787072437.991670
1787072438.165041
1787072438.330981
1787072438.501382
1787072438.669695
1787072438.841501
1787072439.013530
1787072439.186146
1787072439.358726
1787072439.529612
1787072439.697936
1787072439.866586
1787072440.037791
1787072440.207635
1787072440.374843
1787072440.550577
1787072440.721824
1787072440.894150
1787072441.058804
1787072441.227207
1787072441.391557
1787072441.562049
1787072441.733402
1787072441.898456
1787072442.066316
1787072442.235788
1787072442.398064
1787072442.563404
1787072442.734782
1787072442.902763
1787072443.076020
1787072443.246489
1787072443.409598
1787072443.579819
1787072443.750267
1787072443.914591
1787072444.086223
1787072444.254670
1787072444.418490
1787072444.586556
1787072444.750648
1787072444.921803
1787072445.085988
1787072445.255493
1787072445.421359
1787072445.592992
1787072445.764589
1787072445.938040
1787072446.103121
1787072446.276189
1787072446.447255
1787072446.612851
1787072446.784575
1787072446.954951
1787072447.122455
1787072447.287082
1787072447.452310
1787072447.621004
1787072447.786318
1787072447.953581
1787072448.124977
1787072448.289048
1787072448.461860
1787072448.634620
1787072448.799668
1787072448.970979
1787072449.140015
1787072449.312640
1787072449.483064
1787072449.654888
1787072449.820864
1787072449.991783
1787072450.163697
1787072450.336040
1787072450.509672
1787072450.680264
1787072450.853513
1787072451.026875
1787072451.199360
1787072451.374537
1787072451.542718
1787072451.715442
1787072451.887902
1787072452.058532
1787072452.223078
1787072452.399135
1787072452.575554
1787072452.741314
1787072452.914522
1787072453.087149
1787072453.266691
1787072453.434217
1787072453.605723
1787072453.778710
1787072453.942999
1787072454.109167
1787072454.279369
1787072454.450366
1787072454.620482
1787072454.789981
1787072454.956574
1787072455.128678
1787072455.299821
1787072455.468231
1787072455.643225
1787072455.816644
1787072455.990392
1787072456.157340
1787072456.327017
1787072456.497645
1787072456.670533
1787072456.842955
1787072457.011578
1787072457.183062
1787072457.355208
1787072457.521157
1787072457.691520
1787072457.863126
1787072458.038996
1787072458.203869
1787072458.375587
1787072458.547112
1787072458.722227
1787072458.892029
1787072459.057954
1787072459.229251
1787072459.399351
1787072459.572167
1787072459.744484
1787072459.911597
1787072460.081915
1787072460.253613
1787072460.419586
1787072460.593241
1787072460.765496
1787072460.938151
1787072461.103552
1787072461.276213
1787072461.448407
1787072461.615856
1787072461.789464
1787072461.961881
1787072462.133466
1787072462.306360
1787072462.474595
1787072462.645642
1787072462.809485
1787072462.983517
1787072463.154899
1787072463.326407
1787072463.499127
1787072463.672278
1787072463.841028
1787072464.014215
1787072464.186645
1787072464.359090
1787072464.526449
1787072464.699769
1787072464.870755
1787072465.037663
1787072465.209801
1787072465.381250
1787072465.555228
1787072465.726819
1787072465.902267
1787072466.079609
1787072466.246274
1787072466.412033
1787072466.585234
1787072466.757199
1787072466.932204
1787072467.107733
1787072467.280891
1787072467.453310
1787072467.627257
1787072467.801898
1787072467.977078
1787072468.150981
1787072468.329026
1787072468.499554
1787072468.673007
1787072468.848895
1787072469.023935
1787072469.200990
1787072469.373399
1787072469.548913
1787072469.733148
1787072469.893424
1787072470.062809
1787072470.240944
1787072470.408018
1787072470.581967
1787072470.756136
1787072470.923566
1787072471.096915
1787072471.272122
1787072471.441881
1787072471.607111
1787072471.773856
1787072471.948758
1787072472.109109
1787072472.280267
1787072472.445081
1787072472.616471
1787072472.790808
1787072472.959345
1787072473.128157
1787072473.297522
1787072473.464304
1787072473.634883
1787072473.803884
1787072473.973667
1787072474.140406
1787072474.311314
1787072474.483796
1787072474.656093
1787072474.820583
1787072474.989780
1787072475.162733
1787072475.329024
1787072475.500257
1787072475.669964
1787072475.839282
1787072476.010978
1787072476.182819
1787072476.354447
1787072476.527494
1787072476.697975
1787072476.866600
1787072477.031315
1787072477.202116
1787072477.371208
1787072477.542151
1787072477.713633
1787072477.885131
1787072478.047128
1787072478.220471
1787072478.391196
1787072478.562413
1787072478.731462
1787072478.897362
1787072479.059744
1787072479.223820
1787072479.393700
1787072479.562977
1787072479.730354
1787072479.898757
1787072480.067977
1787072480.237718
1787072480.405843
1787072480.574805
1787072480.743993
1787072480.911925
1787072481.081213
1787072481.254363
1787072481.418990
1787072481.586732
1787072481.750376
1787072481.921989
1787072482.089460
1787072482.264753
1787072482.435012
1787072482.597917
1787072482.767851
1787072482.933009
1787072483.102747
1787072483.271111
1787072483.440727
1787072483.608809
1787072483.779178
1787072483.949025
1787072484.112604
1787072484.284120
1787072484.454531
1787072484.624860
1787072484.796841
1787072484.959718
1787072485.129686
1787072485.300699
1787072485.465734
1787072485.638282
1787072485.806595
1787072485.972933
1787072486.148984
1787072486.312923
1787072486.483351
1787072486.655885
1787072486.823945
1787072486.992464
1787072487.160700
1787072487.323372
1787072487.493335
1787072487.663247
1787072487.833035
1787072488.005687
1787072488.176684
1787072488.340034
1787072488.508167
1787072488.670233
1787072488.841134
1787072489.012075
1787072489.180665
1787072489.348287
1787072489.520781
1787072489.690004
1787072489.860180
1787072490.030221
1787072490.194259
1787072490.363684
1787072490.527210
1787072490.695933
1787072490.858316
1787072491.025745
1787072491.188711
1787072491.356921
1787072491.520651
1787072491.688483
1787072491.852172
1787072492.016250
1787072492.181313
1787072492.353965
1787072492.517469
1787072492.678854
1787072492.849516
1787072493.019786
1787072493.191526
1787072493.360208
1787072493.529282
1787072493.698778
1787072493.862679
1787072494.026442
1787072494.190946
1787072494.361213
1787072494.536179
1787072494.709886
1787072494.879624
1787072495.050865
1787072495.220215
1787072495.391211
1787072495.553958
1787072495.723912
1787072495.897677
1787072496.062306
1787072496.224276
1787072496.390409
1787072496.561522
1787072496.732004
1787072496.893938
1787072497.065212
1787072497.235775
1787072497.405883
1787072497.575603
1787072497.744795
1787072497.913691
1787072498.084981
1787072498.252094
1787072498.414344
1787072498.577414
1787072498.744719
1787072498.911453
1787072499.074489
1787072499.245439
1787072499.416274
1787072499.585424
1787072499.755413
1787072499.925745
1787072500.092224
1787072500.262789
1787072500.436150
1787072500.601951
1787072500.765749
1787072500.935434
1787072501.102028
1787072501.272986
1787072501.443342
1787072501.609958
1787072501.778154
1787072501.945746
1787072502.117543
1787072502.286405
1787072502.454577
1787072502.623631
1787072502.791652
1787072502.954368
1787072503.125192
1787072503.294941
1787072503.465761
1787072503.633958
1787072503.802130
1787072503.983860
1787072504.147678
1787072504.319330
1787072504.493341
1787072504.667886
1787072504.842966
1787072505.015730
1787072505.186326
1787072505.361461
1787072505.537238
1787072505.714278
1787072505.885485
1787072506.051121
1787072506.226637
1787072506.404164
1787072506.571380
1787072506.744853
1787072506.913955
1787072507.082562
1787072507.253891
1787072507.430936
1787072507.605358
1787072507.780607
1787072507.958174
1787072508.125366
1787072508.297094
1787072508.475101
1787072508.651234
1787072508.826784
1787072508.997793
1787072509.166367
