1787072796.153853
1787072796.310577
1787072796.457922
1787072796.603321
1787072796.751259
1787072796.896943
1787072797.044893
1787072797.193069
1787072797.342633
1787072797.492104
1787072797.640564
1787072797.798215
1787072797.969362
1787072798.138046
1787072798.291306
1787072798.442741
1787072798.591435
1787072798.740286
1787072798.889265
1787072799.037855
1787072799.188798
1787072799.336571
1787072799.487040
1787072799.638120
1787072799.788163
1787072799.937006
1787072800.095492
1787072800.247759
1787072800.396394
1787072800.545321
1787072800.696759
1787072800.844052
1787072800.990376
1787072801.138651
1787072801.285685
1787072801.432817
1787072801.579242
1787072801.729455
1787072801.884398
1787072802.034978
1787072802.195541
1787072802.344690
1787072802.489593
1787072802.637193
1787072802.785453
1787072802.936450
1787072803.081967
1787072803.229603
1787072803.377707
1787072803.535093
1787072803.684706
1787072803.834553
1787072803.986743
1787072804.140999
1787072804.297710
1787072804.447097
1787072804.603278
1787072804.759371
1787072804.906534
1787072805.053106
1787072805.206724
1787072805.354656
1787072805.499057
1787072805.644628
1787072805.790114
1787072805.935670
1787072806.078191
1787072806.220389
1787072806.371441
1787072806.524547
1787072806.676258
1787072806.824821
1787072806.976618
1787072807.122285
1787072807.272929
1787072807.425929
1787072807.576558
1787072807.724345
1787072807.873364
1787072808.024940
1787072808.175318
1787072808.325973
1787072808.473122
1787072808.626028
1787072808.777107
1787072808.923750
1787072809.073755
1787072809.223971
1787072809.375654
1787072809.517214
1787072809.663304
1787072809.807489
1787072809.954826
1787072810.099401
1787072810.243085
1787072810.388606
1787072810.533646
1787072810.680313
1787072810.824549
1787072810.966720
1787072811.110183
1787072811.253495
1787072811.397942
1787072811.546094
1787072811.699748
1787072811.853467
1787072812.004761
1787072812.158437
1787072812.309863
1787072812.461220
1787072812.614812
1787072812.766532
1787072812.915348
1787072813.068013
1787072813.214340
1787072813.362015
1787072813.514118
1787072813.658079
1787072813.807297
1787072813.959741
1787072814.102983
1787072814.255363
1787072814.407642
1787072814.562557
1787072814.715219
1787072814.861874
1787072815.008574
1787072815.161819
1787072815.313584
1787072815.467769
1787072815.621265
1787072815.774433
1787072815.919535
1787072816.082487
1787072816.224077
1787072816.373519
1787072816.522107
1787072816.670674
1787072816.820321
1787072816.973015
1787072817.127110
1787072817.282186
1787072817.437004
1787072817.587401
1787072817.741832
1787072817.896174
1787072818.050906
1787072818.206381
1787072818.355659
1787072818.505944
1787072818.655844
1787072818.806597
1787072818.959409
1787072819.120857
1787072819.271748
1787072819.429663
1787072819.585171
1787072819.736090
1787072819.887646
1787072820.038709
1787072820.191298
1787072820.343241
1787072820.494920
1787072820.646802
1787072820.798279
1787072820.962323
1787072821.119821
1787072821.275530
1787072821.434483
1787072821.593591
1787072821.759383
1787072821.914172
1787072822.078032
1787072822.236849
1787072822.393970
1787072822.556506
1787072822.720252
1787072822.876949
1787072823.032177
1787072823.195591
1787072823.352753
1787072823.516133
1787072823.679269
1787072823.836806
1787072824.000824
1787072824.156482
1787072824.314124
1787072824.472932
1787072824.635420
1787072824.798605
1787072824.965253
1787072825.124434
1787072825.291804
1787072825.462615
1787072825.621136
1787072825.788644
1787072825.954072
1787072826.112303
1787072826.276501
1787072826.447795
1787072826.610721
1787072826.776780
1787072826.940654
1787072827.108042
1787072827.267152
1787072827.434185
1787072827.594933
1787072827.758124
1787072827.918303
1787072828.084445
1787072828.246194
1787072828.411859
1787072828.579481
1787072828.746515
1787072828.908819
1787072829.072163
1787072829.230815
1787072829.392110
1787072829.561066
1787072829.722037
1787072829.888933
1787072830.052005
1787072830.216838
1787072830.385030
1787072830.553648
1787072830.721845
1787072830.892208
1787072831.051920
1787072831.221493
1787072831.389405
1787072831.554832
1787072831.723114
1787072831.890501
1787072832.058898
1787072832.217330
1787072832.382542
1787072832.544574
1787072832.714737
1787072832.883184
1787072833.052308
1787072833.214912
1787072833.379381
1787072833.543602
1787072833.717024
1787072833.886991
1787072834.058725
1787072834.221897
1787072834.394113
1787072834.566773
1787072834.734999
1787072834.906857
1787072835.070880
1787072835.243068
1787072835.407800
1787072835.574702
1787072835.748426
1787072835.919800
1787072836.088213
1787072836.261182
1787072836.424989
1787072836.588536
1787072836.759092
1787072836.924348
1787072837.097171
1787072837.264321
1787072837.426427
1787072837.591174
1787072837.754774
1787072837.924229
1787072838.090902
1787072838.261097
1787072838.431782
1787072838.601891
1787072838.761606
1787072838.935723
1787072839.110870
1787072839.287141
1787072839.454313
1787072839.627486
1787072839.800682
1787072839.973808
1787072840.142537
1787072840.314436
1787072840.480827
1787072840.646916
1787072840.820109
1787072840.989185
1787072841.154618
1787072841.325532
1787072841.491710
1787072841.665955
1787072841.837927
1787072842.008085
1787072842.172812
1787072842.343110
1787072842.512177
1787072842.678902
1787072842.847361
1787072843.013594
1787072843.178076
1787072843.350461
1787072843.528914
1787072843.709581
1787072843.887298
1787072844.064926
1787072844.235120
1787072844.410033
1787072844.582382
1787072844.751655
1787072844.923810
1787072845.091995
1787072845.259957
1787072845.438637
1787072845.610508
1787072845.788857
1787072845.968913
1787072846.139493
1787072846.311428
1787072846.483441
1787072846.649527
1787072846.822306
1787072846.993209
1787072847.168741
1787072847.346885
1787072847.526530
1787072847.696082
1787072847.866923
1787072848.045070
1787072848.223338
1787072848.396104
1787072848.573689
1787072848.748153
1787072848.926490
1787072849.096724
1787072849.273560
1787072849.449499
1787072849.631689
1787072849.810982
1787072849.989292
1787072850.162699
1787072850.338155
1787072850.510952
1787072850.681846
1787072850.851045
1787072851.024737
1787072851.198750
1787072851.367297
1787072851.541093
1787072851.718279
1787072851.887357
1787072852.056080
1787072852.228088
1787072852.403269
1787072852.568316
1787072852.744926
1787072852.918954
1787072853.086000
1787072853.260639
1787072853.440307
1787072853.615880
1787072853.791472
1787072853.962238
1787072854.131519
1787072854.300512
1787072854.476119
1787072854.640714
1787072854.816720
1787072854.985443
1787072855.156842
1787072855.325736
1787072855.493136
1787072855.666109
1787072855.833588
1787072856.004320
1787072856.177396
1787072856.352866
1787072856.517148
1787072856.690408
1787072856.857107
1787072857.028993
1787072857.204637
1787072857.371703
1787072857.544303
1787072857.718769
1787072857.893896
1787072858.066263
1787072858.237347
1787072858.404283
1787072858.579700
1787072858.746708
1787072858.918065
1787072859.090966
1787072859.267654
1787072859.435107
1787072859.606934
1787072859.773494
1787072859.940776
1787072860.109548
1787072860.278005
1787072860.449839
1787072860.624553
1787072860.781889
1787072860.955091
1787072861.127539
1787072861.308279
1787072861.487126
1787072861.660233
1787072861.836751
1787072862.014171
1787072862.198246
1787072862.371387
1787072862.549093
1787072862.723274
1787072862.897620
1787072863.075330
1787072863.255411
1787072863.434229
1787072863.608820
1787072863.788483
1787072863.963133
1787072864.135000
1787072864.307969
1787072864.492579
1787072864.664348
1787072864.846747
1787072865.032036
1787072865.211071
1787072865.395908
1787072865.575253
1787072865.755876
1787072865.936452
1787072866.128889
1787072866.310555
1787072866.493892
1787072866.676003
1787072866.859288
1787072867.041134
1787072867.219193
1787072867.397098
1787072867.579119
1787072867.752578
1787072867.932149
1787072868.115921
1787072868.295271
1787072868.474499
1787072868.656522
1787072868.836343
1787072869.019541
1787072869.196608
1787072869.383632
1787072869.560452
1787072869.740581
1787072869.919698
1787072870.101861
1787072870.278329
1787072870.461418
1787072870.643770
1787072870.820448
1787072870.997128
1787072871.181126
1787072871.369730
1787072871.552880
1787072871.734173
1787072871.923218
1787072872.109010
1787072872.295295
1787072872.475422
1787072872.665494
1787072872.848045
1787072873.042585
1787072873.229953
1787072873.416862
1787072873.604434
1787072873.791762
1787072873.973022
1787072874.156044
1787072874.330649
1787072874.519390
1787072874.701158
1787072874.882635
1787072875.058272
1787072875.242211
1787072875.425539
1787072875.602786
1787072875.779460
1787072875.967520
1787072876.151260
1787072876.332140
1787072876.512388
1787072876.694280
1787072876.874453
1787072877.049366
1787072877.225543
1787072877.406502
1787072877.590764
1787072877.772753
1787072877.955885
1787072878.137313
1787072878.320755
1787072878.505685
1787072878.696462
1787072878.879616
1787072879.064195
1787072879.243973
1787072879.423752
1787072879.606450
1787072879.789813
1787072879.968463
1787072880.151525
1787072880.339000
1787072880.521880
1787072880.705427
1787072880.887325
1787072881.067535
1787072881.248235
1787072881.428978
1787072881.604187
1787072881.785059
1787072881.965531
1787072882.146220
1787072882.326707
1787072882.506989
1787072882.688332
1787072882.866693
1787072883.040856
1787072883.225186
1787072883.405440
1787072883.584903
1787072883.765923
1787072883.946793
1787072884.123767
1787072884.305799
1787072884.478980
1787072884.661979
1787072884.840648
1787072885.018658
1787072885.199399
1787072885.379577
1787072885.560617
1787072885.742872
1787072885.927372
1787072886.102796
1787072886.283414
1787072886.460832
1787072886.634087
1787072886.806033
1787072886.982517
1787072887.160497
1787072887.340012
1787072887.514368
1787072887.694147
1787072887.873809
1787072888.053861
1787072888.234746
1787072888.416214
1787072888.595372
1787072888.775742
1787072888.955862
1787072889.137701
1787072889.321042
1787072889.499911
1787072889.678071
1787072889.856325
1787072890.039139
1787072890.220177
1787072890.404868
1787072890.588435
1787072890.770853
1787072890.953057
1787072891.127035
1787072891.309320
1787072891.493523
1787072891.680994
1787072891.859301
1787072892.043539
1787072892.223810
1787072892.413976
1787072892.582716
1787072892.751468
1787072892.925195
1787072893.098768
1787072893.271475
1787072893.446049
1787072893.613529
1787072893.780071
1787072893.952557
1787072894.119082
1787072894.294316
1787072894.466338
1787072894.641711
1787072894.819634
1787072894.988726
1787072895.159913
1787072895.336954
1787072895.512141
1787072895.683465
1787072895.859845
1787072896.035501
1787072896.210140
1787072896.387705
1787072896.566830
1787072896.736653
1787072896.906847
1787072897.085743
1787072897.264357
1787072897.441110
1787072897.623480
1787072897.794420
1787072897.970918
1787072898.141376
1787072898.316215
1787072898.493725
1787072898.669074
1787072898.844483
1787072899.011740
1787072899.180692
1787072899.351918
1787072899.521020
1787072899.699090
1787072899.874536
1787072900.051286
1787072900.227288
1787072900.401487
1787072900.576999
1787072900.748655
1787072900.924888
1787072901.100114
1787072901.277117
1787072901.453511
1787072901.629563
1787072901.806385
1787072901.975386
1787072902.152713
1787072902.327167
1787072902.506735
1787072902.676841
1787072902.850603
1787072903.025399
1787072903.200247
1787072903.377306
1787072903.551929
1787072903.725746
1787072903.895598
1787072904.071306
1787072904.246964
1787072904.422929
1787072904.591684
1787072904.768879
1787072904.949460
1787072905.127043
1787072905.302714
1787072905.479512
1787072905.655474
1787072905.826555
1787072905.999342
1787072906.176519
1787072906.348811
1787072906.524549
1787072906.700678
1787072906.875509
1787072907.046604
1787072907.217700
1787072907.387520
1787072907.558372
1787072907.728010
1787072907.904716
1787072908.077147
1787072908.253354
1787072908.427931
1787072908.602751
1787072908.778480
1787072908.951531
1787072909.127264
1787072909.295649
1787072909.466887
1787072909.640150
1787072909.808731
1787072909.984370
1787072910.160349
1787072910.337016
1787072910.516710
1787072910.687865
1787072910.859335
1787072911.031687
1787072911.207323
1787072911.386235
1787072911.557711
1787072911.731479
1787072911.905365
1787072912.080920
1787072912.256418
1787072912.435270
1787072912.608297
1787072912.776625
1787072912.949928
1787072913.125266
1787072913.292201
1787072913.463541
1787072913.637248
1787072913.814297
1787072913.986941
1787072914.155747
1787072914.329367
1787072914.509036
1787072914.682364
1787072914.855051
1787072915.021096
1787072915.196940
1787072915.368747
1787072915.535947
1787072915.708630
1787072915.881781
1787072916.052689
1787072916.225692
1787072916.397875
1787072916.569856
1787072916.742874
1787072916.907630
1787072917.080449
1787072917.247937
1787072917.419716
1787072917.596147
1787072917.762650
1787072917.937259
1787072918.104514
1787072918.273618
1787072918.438884
1787072918.609579
1787072918.778610
1787072918.949831
1787072919.120994
1787072919.286125
1787072919.455607
1787072919.627982
1787072919.795071
1787072919.964621
1787072920.130440
1787072920.305875
1787072920.478669
1787072920.648618
1787072920.818025
1787072920.987640
1787072921.159702
1787072921.325086
1787072921.499886
1787072921.676769
1787072921.844708
1787072922.017151
1787072922.183840
1787072922.355261
1787072922.526653
1787072922.700326
1787072922.873806
1787072923.041373
1787072923.214910
1787072923.387499
1787072923.564340
1787072923.731726
1787072923.904373
1787072924.079458
1787072924.253112
1787072924.419288
1787072924.586719
1787072924.761570
1787072924.927582
1787072925.106043
1787072925.278646
1787072925.451557
1787072925.618069
1787072925.787900
1787072925.962040
1787072926.130596
1787072926.304446
1787072926.479171
1787072926.655132
1787072926.826750
1787072926.996313
1787072927.169434
1787072927.347606
1787072927.519955
1787072927.690085
1787072927.867999
1787072928.043498
1787072928.218875
1787072928.400294
1787072928.571128
1787072928.740458
1787072928.917504
1787072929.094315
1787072929.270880
1787072929.463828
1787072929.651508
1787072929.832603
1787072930.012710
1787072930.189111
1787072930.369771
1787072930.549622
1787072930.730285
1787072930.916759
1787072931.089995
1787072931.267377
1787072931.448941
1787072931.633017
1787072931.809049
1787072931.990183
1787072932.163193
1787072932.345176
1787072932.525424
1787072932.704598
1787072932.884160
1787072933.065360
1787072933.246229
1787072933.423697
1787072933.602586
1787072933.783582
1787072933.960642
1787072934.141575
1787072934.321424
1787072934.507037
1787072934.679728
1787072934.861204
1787072935.037014
1787072935.219590
1787072935.398981
1787072935.579179
1787072935.758173
1787072935.937742
1787072936.117055
1787072936.298563
1787072936.478235
1787072936.659347
1787072936.837166
1787072937.016217
1787072937.194848
1787072937.373304
1787072937.555002
1787072937.733400
1787072937.917856
1787072938.096892
1787072938.273843
1787072938.452519
1787072938.630340
1787072938.808878
1787072938.987231
1787072939.157996
1787072939.334561
1787072939.517835
1787072939.699717
1787072939.878322
1787072940.054591
1787072940.227851
1787072940.407196
1787072940.586018
1787072940.764217
1787072940.943717
1787072941.118347
1787072941.289834
1787072941.463392
1787072941.641982
1787072941.819796
1787072941.999517
1787072942.179066
1787072942.361271
1787072942.538290
1787072942.720718
1787072942.899822
1787072943.080069
1787072943.260520
1787072943.440008
1787072943.620614
1787072943.802998
1787072943.977341
1787072944.173121
1787072944.365344
1787072944.556138
1787072944.742504
1787072944.931577
1787072945.119418
1787072945.310273
1787072945.505527
1787072945.702929
1787072945.893893
1787072946.088725
1787072946.283597
1787072946.469076
1787072946.663314
1787072946.859342
1787072947.046965
1787072947.236777
1787072947.426698
1787072947.616194
1787072947.806979
1787072947.995160
1787072948.180712
1787072948.372582
1787072948.561665
1787072948.756307
1787072948.940961
1787072949.128473
1787072949.319993
1787072949.507987
1787072949.696440
1787072949.881459
1787072950.062988
1787072950.257524
1787072950.438833
1787072950.632826
1787072950.818664
1787072951.002637
1787072951.192753
1787072951.382654
1787072951.569079
1787072951.751943
1787072951.939681
1787072952.131813
1787072952.312835
1787072952.503671
1787072952.693857
1787072952.882669
1787072953.074004
1787072953.263042
1787072953.450410
1787072953.636174
1787072953.828939
1787072954.012289
1787072954.199392
1787072954.386401
1787072954.582039
1787072954.762556
1787072954.952225
1787072955.138661
1787072955.324566
1787072955.509553
1787072955.701915
1787072955.885616
1787072956.077609
1787072956.262635
1787072956.441615
1787072956.627695
1787072956.814108
1787072957.001639
1787072957.190545
1787072957.372338
1787072957.558448
1787072957.740659
1787072957.927116
1787072958.113945
1787072958.300099
1787072958.483374
1787072958.670915
1787072958.851577
1787072959.032595
1787072959.216235
1787072959.393461
1787072959.584697
1787072959.766953
1787072959.949580
1787072960.134241
1787072960.319838
1787072960.501405
1787072960.681136
1787072960.869325
1787072961.054364
1787072961.239645
1787072961.423270
1787072961.608246
1787072961.790631
1787072961.980407
1787072962.159909
1787072962.341504
1787072962.530319
1787072962.714230
1787072962.895790
1787072963.076037
1787072963.255685
1787072963.434063
1787072963.611905
1787072963.794912
1787072963.973663
1787072964.159617
1787072964.339606
1787072964.517575
1787072964.698540
1787072964.872354
1787072965.054456
1787072965.238458
1787072965.421626
1787072965.607374
1787072965.791811
1787072965.970576
1787072966.155368
1787072966.334981
1787072966.519265
1787072966.704776
1787072966.883429
1787072967.063262
1787072967.249490
1787072967.428793
1787072967.606802
1787072967.793131
1787072967.971425
1787072968.150307
1787072968.328645
1787072968.508456
1787072968.687685
1787072968.869236
1787072969.046227
1787072969.228397
1787072969.412577
1787072969.599921
1787072969.784062
1787072969.970708
1787072970.152686
1787072970.335806
1787072970.516936
1787072970.694658
1787072970.878005
1787072971.055624
1787072971.233320
1787072971.415212
1787072971.596188
1787072971.773035
1787072971.957556
1787072972.136486
1787072972.317986
1787072972.498401
1787072972.675958
1787072972.856868
1787072973.032648
1787072973.213811
1787072973.395299
1787072973.579559
1787072973.770380
1787072973.951716
1787072974.138830
1787072974.326632
1787072974.508246
1787072974.688040
1787072974.870951
1787072975.059311
1787072975.248053
1787072975.434021
1787072975.619066
1787072975.807920
1787072975.991538
1787072976.176478
1787072976.364458
1787072976.541484
1787072976.725792
1787072976.912937
1787072977.096929
1787072977.279255
1787072977.466928
1787072977.650997
1787072977.833220
1787072978.015669
1787072978.205290
1787072978.392740
1787072978.580774
1787072978.765536
1787072978.956319
1787072979.143180
1787072979.327038
1787072979.512693
1787072979.696150
1787072979.877049
1787072980.063400
1787072980.252490
1787072980.434563
1787072980.620546
1787072980.807836
1787072980.985884
1787072981.168689
1787072981.356783
1787072981.542192
1787072981.730187
1787072981.913399
1787072982.096843
1787072982.277991
1787072982.459682
1787072982.648141
1787072982.823422
1787072983.009336
1787072983.191256
1787072983.373962
1787072983.551851
1787072983.740523
1787072983.924344
1787072984.099840
1787072984.282770
1787072984.464894
1787072984.645400
1787072984.827560
1787072985.004924
1787072985.180311
1787072985.367197
1787072985.557730
1787072985.740227
1787072985.928063
1787072986.113415
1787072986.300698
1787072986.475677
1787072986.663862
1787072986.846663
1787072987.032845
1787072987.226572
1787072987.416808
1787072987.599972
1787072987.795329
1787072987.978244
1787072988.165238
1787072988.351437
1787072988.542012
1787072988.730443
1787072988.913215
1787072989.099228
1787072989.291574
1787072989.480736
1787072989.674951
1787072989.864644
1787072990.059198
1787072990.245046
1787072990.430355
1787072990.624596
1787072990.813754
1787072991.003620
1787072991.191713
1787072991.374429
1787072991.561196
1787072991.751413
1787072991.937040
1787072992.126559
1787072992.320162
1787072992.505411
1787072992.696860
1787072992.880411
1787072993.071742
1787072993.257523
1787072993.437243
1787072993.622602
1787072993.806723
1787072993.992168
1787072994.174848
1787072994.362063
1787072994.549269
1787072994.748245
1787072994.929750
1787072995.116649
1787072995.302863
1787072995.496947
1787072995.680997
1787072995.866034
1787072996.055326
1787072996.239509
1787072996.431242
1787072996.616779
1787072996.806685
1787072996.991235
1787072997.183331
1787072997.370783
1787072997.558897
1787072997.743408
1787072997.928780
1787072998.116495
1787072998.305988
1787072998.489230
1787072998.682132
1787072998.873994
1787072999.067704
1787072999.256907
1787072999.448435
1787072999.641634
1787072999.833884
1787073000.030486
1787073000.217879
1787073000.417441
1787073000.603133
1787073000.791674
1787073000.980948
1787073001.161620
1787073001.351763
1787073001.535875
1787073001.724497
1787073001.906644
1787073002.097353
1787073002.283856
1787073002.469694
1787073002.660354
1787073002.854271
1787073003.036659
1787073003.224550
1787073003.408164
1787073003.596823
1787073003.785571
1787073003.968307
1787073004.150267
1787073004.333924
1787073004.521737
1787073004.708003
1787073004.898809
1787073005.083292
1787073005.268848
1787073005.454415
1787073005.643405
1787073005.833978
1787073006.029510
1787073006.220360
1787073006.409515
1787073006.598428
1787073006.783653
1787073006.971567
1787073007.154140
1787073007.345221
1787073007.533373
1787073007.724481
1787073007.912819
1787073008.104937
1787073008.300177
1787073008.484616
1787073008.672077
1787073008.859519
1787073009.048113
1787073009.240075
1787073009.433529
1787073009.617906
1787073009.803764
1787073009.990282
1787073010.178766
1787073010.365586
1787073010.553737
1787073010.744602
1787073010.930628
1787073011.115507
1787073011.298973
1787073011.484292
1787073011.676233
1787073011.864627
1787073012.057689
1787073012.241982
1787073012.430684
1787073012.623801
1787073012.807147
1787073012.996802
1787073013.185138
1787073013.370114
1787073013.557397
1787073013.746999
1787073013.934361
1787073014.117170
1787073014.308478
1787073014.496443
1787073014.682069
1787073014.870193
1787073015.051213
1787073015.239675
1787073015.425975
1787073015.618449
1787073015.809389
1787073015.999669
1787073016.181344
1787073016.367984
1787073016.559846
1787073016.747246
1787073016.941992
1787073017.125529
1787073017.315400
1787073017.504889
1787073017.698080
1787073017.891709
1787073018.085260
1787073018.276021
1787073018.465883
1787073018.661473
1787073018.852878
1787073019.046822
1787073019.237601
1787073019.431429
1787073019.625506
1787073019.817953
1787073020.002970
1787073020.184530
1787073020.369172
1787073020.555094
1787073020.740132
1787073020.922636
1787073021.113495
1787073021.299383
1787073021.480340
1787073021.667172
1787073021.850725
1787073022.030096
1787073022.209615
1787073022.389652
1787073022.580220
1787073022.765553
1787073022.951881
1787073023.134367
1787073023.322775
1787073023.509212
1787073023.688801
1787073023.875562
1787073024.059861
1787073024.239748
1787073024.429667
1787073024.624002
1787073024.811677
1787073024.999204
1787073025.185939
1787073025.373092
1787073025.562097
1787073025.746457
1787073025.933055
1787073026.112733
1787073026.300985
1787073026.482893
1787073026.667755
1787073026.859842
1787073027.043235
1787073027.223589
1787073027.407301
1787073027.585987
1787073027.782013
1787073027.957940
1787073028.147984
1787073028.332826
1787073028.518517
1787073028.708799
1787073028.892408
1787073029.075789
1787073029.263081
1787073029.446107
1787073029.627517
1787073029.808887
1787073029.996881
1787073030.185700
1787073030.369536
1787073030.561772
1787073030.743053
1787073030.931969
1787073031.115475
1787073031.297600
1787073031.479434
1787073031.663384
1787073031.845432
1787073032.038012
1787073032.228959
1787073032.416492
1787073032.605172
1787073032.789168
1787073032.976368
1787073033.155996
1787073033.341672
1787073033.529806
1787073033.719738
1787073033.904668
1787073034.089804
1787073034.274592
1787073034.459527
1787073034.651323
1787073034.835927
1787073035.020684
1787073035.211620
1787073035.400417
1787073035.586566
1787073035.778576
1787073035.959874
1787073036.151793
1787073036.338783
1787073036.518559
1787073036.707579
1787073036.894719
1787073037.080453
1787073037.268362
1787073037.455284
1787073037.634498
1787073037.815904
1787073038.002788
1787073038.191204
1787073038.374339
1787073038.548445
1787073038.725218
1787073038.903946
1787073039.081678
1787073039.259381
1787073039.437620
1787073039.616733
1787073039.794538
1787073039.970372
1787073040.142294
1787073040.316179
1787073040.493999
1787073040.672717
1787073040.843787
1787073041.023331
1787073041.193627
1787073041.364577
1787073041.542521
1787073041.719917
1787073041.899249
1787073042.078246
1787073042.256792
1787073042.435373
1787073042.606629
1787073042.772132
1787073042.950325
1787073043.131333
1787073043.310305
1787073043.490188
1787073043.669054
1787073043.848122
1787073044.026518
1787073044.204983
1787073044.382329
1787073044.560435
1787073044.733444
1787073044.908555
1787073045.080786
1787073045.258160
1787073045.436512
1787073045.614985
1787073045.793767
1787073045.971874
1787073046.153640
1787073046.332344
1787073046.513653
1787073046.686292
1787073046.862128
1787073047.033699
1787073047.206639
1787073047.385131
1787073047.562405
1787073047.738379
1787073047.910307
1787073048.081518
1787073048.259833
1787073048.437658
1787073048.613940
1787073048.791448
1787073048.972326
1787073049.145284
1787073049.322558
1787073049.500249
1787073049.673486
1787073049.852454
1787073050.033661
1787073050.215290
1787073050.386472
1787073050.564703
1787073050.737169
1787073050.915817
1787073051.089423
1787073051.258569
1787073051.433377
1787073051.608279
1787073051.781704
1787073051.961539
1787073052.140443
1787073052.317146
1787073052.499364
1787073052.673393
1787073052.852961
1787073053.025941
1787073053.203864
1787073053.378229
1787073053.560540
1787073053.735213
1787073053.908103
1787073054.085762
1787073054.259601
1787073054.439253
1787073054.618863
1787073054.800883
1787073054.973686
1787073055.160874
1787073055.341055
1787073055.521179
1787073055.701573
1787073055.880641
1787073056.061453
1787073056.239670
1787073056.419500
1787073056.598244
1787073056.774228
1787073056.958149
1787073057.140628
1787073057.320743
1787073057.501243
1787073057.675439
1787073057.851722
1787073058.023967
1787073058.195456
1787073058.370168
1787073058.551517
1787073058.733161
1787073058.911880
1787073059.092438
1787073059.273992
1787073059.454027
1787073059.634905
1787073059.815885
1787073059.994259
1787073060.175153
1787073060.355284
1787073060.535065
1787073060.712816
1787073060.891661
1787073061.072279
1787073061.252533
1787073061.431642
1787073061.611920
1787073061.792002
1787073061.973466
1787073062.153558
1787073062.330405
1787073062.511989
1787073062.692477
1787073062.872303
1787073063.051342
1787073063.230503
1787073063.410722
1787073063.591211
1787073063.774251
1787073063.953039
1787073064.133950
1787073064.316737
1787073064.499829
1787073064.679211
1787073064.861813
1787073065.044003
1787073065.221707
1787073065.406550
1787073065.581339
1787073065.762109
1787073065.946898
1787073066.130258
1787073066.309312
1787073066.482820
1787073066.664056
1787073066.849135
1787073067.025985
1787073067.203821
1787073067.379594
1787073067.559639
1787073067.738978
1787073067.916369
1787073068.101096
1787073068.278620
1787073068.460048
1787073068.641978
1787073068.824224
1787073069.000925
1787073069.184199
1787073069.363244
1787073069.544942
1787073069.723219
1787073069.896640
1787073070.072711
1787073070.255359
1787073070.431945
1787073070.618057
1787073070.798443
1787073070.978450
1787073071.157138
1787073071.339714
1787073071.520710
1787073071.701529
1787073071.879615
1787073072.058629
1787073072.232697
1787073072.418768
1787073072.602206
1787073072.777751
1787073072.960757
1787073073.144759
1787073073.328071
1787073073.503717
1787073073.678914
1787073073.854451
1787073074.034846
1787073074.214908
1787073074.396723
1787073074.580014
1787073074.760391
1787073074.936423
1787073075.119542
1787073075.300790
1787073075.483684
1787073075.664790
1787073075.843383
1787073076.025231
1787073076.198618
1787073076.381301
1787073076.558717
1787073076.742399
1787073076.920225
1787073077.104444
1787073077.286931
1787073077.461213
1787073077.639351
1787073077.819402
1787073077.997649
