0
1
0.0333333
1
0.0666667
1
0.1
1
0.133333
1
0.166667
1
0.2
1
0.233333
1
0.266667
1
0.3
1
0.333333
1
0.366667
1
0.4
1
0.433333
1
0.466667
1
0.5
1
0.533333
1
0.566667
1
0.6
1
0.633333
1
0.666667
1
0.7
1
0.733333
1
0.766667
1
0.8
1
0.833333
1
0.866667
1
0.9
1
0.933333
1
0.966667
1
1
1
1.03333
1
1.06667
1
1.1
1
1.13333
1
1.16667
1
1.2
1
1.23333
1
1.26667
1
1.3
1
1.33333
1
1.36667
1
1.4
1
1.43333
1
1.46667
1
1.5
1
1.53333
1
1.56667
1
1.6
1
1.63333
1
1.66667
1
1.7
1
1.73333
1
1.76667
1
1.8
1
1.83333
1
1.86667
1
1.9
1
1.93333
1
1.96667
1
2
1
2.03333
1
2.06667
1
2.1
1
2.13333
1
2.16667
1
2.2
1
2.23333
1
2.26667
1
2.3
1
2.33333
1
2.36667
1
2.4
1
2.43333
1
2.46667
1
2.5
1
2.53333
1
2.56667
1
2.6
1
2.63333
1
2.66667
1
2.7
1
2.73333
1
2.76667
1
2.8
1
2.83333
1
2.86667
1
2.9
1
2.93333
1
2.96667
1
3
1
3.03333
1
3.06667
1
3.1
1
3.13333
1
3.16667
1
3.2
1
3.23333
1
3.26667
1
3.3
1
3.33333
1
3.36667
11651
3.4
12723
3.43333
13747
3.46667
14810
3.5
15898
3.53333
17036
3.56667
18101
3.6
19170
3.63333
20179
3.66667
21108
3.7
21969
3.73333
22785
3.76667
23603
3.8
24284
3.83333
25022
3.86667
25733
3.9
26397
3.93333
27041
3.96667
27634
4
28224
4.03333
28758
4.06667
29327
4.1
29863
4.13333
30359
4.16667
30851
4.2
31336
4.23333
31773
4.26667
32234
4.3
32710
4.33333
33167
4.36667
33586
4.4
34021
4.43333
34427
4.46667
34807
4.5
35180
4.53333
35603
4.56667
35916
4.6
36243
4.63333
36562
4.66667
36863
4.7
37157
4.73333
37444
4.76667
37746
4.8
38038
4.83333
38277
4.86667
38518
4.9
38782
4.93333
39007
4.96667
39262
5
39492
