1787177379.211833
1787177379.279028
1787177379.343143
1787177379.407178
1787177379.470685
1787177379.536066
1787177379.600805
1787177379.664931
1787177379.730012
1787177379.795330
1787177379.867698
1787177379.934870
1787177380.000932
1787177380.065906
1787177380.132203
1787177380.197290
1787177380.262407
1787177380.328711
1787177380.394050
1787177380.459894
1787177380.533622
1787177380.603689
1787177380.671456
1787177380.730877
1787177380.793402
1787177380.861430
1787177380.924836
1787177381.000422
1787177381.074120
1787177381.160279
1787177381.246851
1787177381.336044
1787177381.430977
1787177381.519471
1787177381.605778
1787177381.685076
1787177381.769802
1787177381.847142
1787177381.916324
1787177381.994646
1787177382.081129
1787177382.168396
1787177382.245970
1787177382.325670
1787177382.399300
1787177382.492147
1787177382.573225
1787177382.664575
1787177382.746458
1787177382.820519
1787177382.913270
1787177382.995087
1787177383.078441
1787177383.159905
1787177383.247171
1787177383.353990
1787177383.455956
1787177383.544210
1787177383.632983
1787177383.727059
1787177383.820929
1787177383.905439
1787177383.984216
1787177384.070502
1787177384.151615
1787177384.254137
1787177384.358754
1787177384.465825
1787177384.570957
1787177384.663752
1787177384.754974
1787177384.832838
1787177384.925532
1787177385.007151
1787177385.101258
1787177385.191515
1787177385.268543
1787177385.351418
1787177385.433918
1787177385.517450
1787177385.612008
1787177385.696844
1787177385.781485
1787177385.857625
1787177385.959683
1787177386.040019
1787177386.131393
1787177386.199771
1787177386.274991
1787177386.353250
1787177386.460000
1787177386.560663
1787177386.642452
1787177386.718234
1787177386.800406
1787177386.907346
1787177386.992789
1787177387.076998
1787177387.157263
1787177387.261216
1787177387.357210
1787177387.436378
1787177387.508011
1787177387.587487
1787177387.678372
1787177387.762758
1787177387.860582
1787177387.943403
1787177388.024675
1787177388.105459
1787177388.195958
1787177388.281290
1787177388.369263
1787177388.449830
1787177388.532115
1787177388.635526
1787177388.716998
1787177388.796305
1787177388.880793
1787177388.966268
1787177389.062365
1787177389.139242
1787177389.237107
1787177389.319840
1787177389.397051
1787177389.483587
1787177389.559464
1787177389.640616
1787177389.722241
1787177389.798818
1787177389.888818
1787177389.972820
1787177390.051197
1787177390.133527
1787177390.214045
1787177390.290722
1787177390.371984
1787177390.452141
1787177390.541680
1787177390.620535
1787177390.711807
1787177390.793959
1787177390.875437
1787177390.956313
1787177391.038263
1787177391.117979
1787177391.190378
1787177391.259476
1787177391.344456
1787177391.423927
1787177391.509604
