1787178342.210261
1787178342.498745
1787178342.775460
1787178343.054759
1787178343.337172
1787178343.621265
1787178343.941168
1787178344.215017
1787178344.498745
1787178344.791769
1787178345.084019
1787178345.395810
1787178345.714568
1787178346.036781
1787178346.355280
1787178346.630490
1787178346.932675
1787178347.247236
1787178347.556290
1787178347.887825
1787178348.196923
1787178348.474871
1787178348.817449
1787178349.111057
1787178349.398667
1787178349.681236
1787178349.962424
1787178350.283128
1787178350.572131
1787178350.864510
1787178351.223145
1787178351.776219
1787178352.078498
1787178352.389487
1787178352.699600
1787178353.024681
1787178353.342858
1787178353.627237
1787178353.920559
1787178354.206389
1787178354.521646
1787178354.838647
1787178355.158663
1787178355.468737
1787178355.775777
1787178356.103124
1787178356.410122
1787178356.742814
1787178357.066892
1787178357.353319
1787178357.676845
1787178358.002692
1787178358.321127
1787178358.621068
1787178358.928140
1787178359.235718
1787178359.539959
1787178359.837769
1787178360.141815
1787178360.460143
1787178360.803244
1787178361.157592
1787178361.467497
1787178361.771580
1787178362.080515
1787178362.400477
1787178362.723643
1787178363.036603
1787178363.346605
1787178363.664173
1787178364.019744
1787178364.380492
1787178364.715717
1787178365.033216
1787178365.356286
1787178365.677121
1787178366.001366
1787178366.334366
1787178366.660356
1787178366.992753
1787178367.373121
1787178367.748600
1787178368.078787
1787178368.405106
1787178368.730159
1787178369.062390
1787178369.394955
1787178369.736047
1787178370.071554
1787178370.411642
1787178370.814596
1787178371.218682
1787178371.554925
1787178371.890594
1787178372.222022
1787178372.554600
1787178372.905301
1787178373.236615
1787178373.569705
1787178373.900873
1787178374.305079
1787178374.737896
1787178375.090430
1787178375.418687
1787178375.750956
1787178376.082047
1787178376.406809
1787178376.739657
1787178377.068207
1787178377.392618
1787178377.803069
1787178378.198902
1787178378.530160
1787178378.852425
1787178379.174328
1787178379.499197
1787178379.811826
1787178380.128617
1787178380.442559
1787178380.749374
1787178381.144006
1787178381.525527
1787178381.854033
1787178382.165535
1787178382.475371
1787178382.790035
1787178383.102485
1787178383.400347
1787178383.704887
1787178384.013798
1787178384.387295
1787178384.758584
1787178385.074975
1787178385.378180
1787178385.679865
1787178385.986998
1787178386.287320
1787178386.585600
1787178386.884104
1787178387.185809
1787178387.555368
1787178387.910481
1787178388.212757
1787178388.504751
1787178388.792459
1787178389.089782
1787178389.386859
1787178389.684953
1787178389.981050
1787178390.275409
1787178390.630089
