1787179026.595711
1787179027.294061
1787179027.982203
1787179028.651696
1787179029.323205
1787179029.997361
1787179030.670834
1787179031.345805
1787179032.020378
1787179032.703814
1787179033.416930
1787179034.177473
1787179034.985959
1787179035.773767
1787179036.604160
1787179037.363469
1787179038.236806
1787179039.157387
1787179040.105936
1787179041.116566
1787179042.031631
1787179043.095337
1787179043.962057
1787179044.886910
1787179045.623972
1787179046.368298
1787179047.248787
1787179048.009934
1787179048.877479
1787179049.734727
1787179050.632050
1787179051.453971
1787179052.611326
1787179053.453718
1787179054.303109
1787179055.157637
1787179056.028813
1787179056.696975
1787179057.579325
1787179058.361174
1787179059.533355
1787179060.396991
1787179061.544988
1787179062.456031
1787179063.322705
1787179064.045223
1787179064.892197
1787179065.610891
1787179066.487888
1787179067.230294
1787179068.165365
1787179069.108224
1787179069.864660
1787179070.677032
1787179071.532047
1787179072.439230
1787179073.333352
1787179074.342042
1787179075.327705
1787179076.218089
1787179077.460223
1787179078.617674
1787179079.506894
1787179080.380879
1787179081.181835
1787179081.971138
1787179082.811772
1787179083.987375
1787179084.879032
1787179085.701204
1787179086.701233
1787179087.954679
1787179088.830211
1787179089.759260
1787179090.564921
1787179091.471947
1787179092.472546
1787179093.459189
1787179094.407789
1787179095.341822
1787179096.299227
1787179097.234746
1787179098.200836
1787179099.102016
1787179099.931879
1787179101.007859
1787179101.835446
1787179102.660325
1787179103.720110
1787179104.556339
1787179105.510525
1787179106.448872
1787179107.389307
1787179108.310477
1787179109.132538
1787179109.996764
1787179110.937850
1787179111.750792
1787179112.591484
1787179113.367937
1787179114.383521
1787179115.330608
1787179116.286767
1787179117.149781
1787179118.012194
1787179118.844183
1787179119.644821
1787179120.409433
1787179121.226431
1787179122.166173
1787179123.208118
1787179124.094816
1787179124.991586
1787179125.826089
1787179126.634030
1787179127.386126
1787179128.186728
1787179128.998779
1787179129.750571
1787179130.550382
1787179131.433187
1787179132.239756
1787179133.037555
1787179133.866410
1787179134.656558
1787179135.501190
1787179136.276313
1787179137.029416
1787179137.771565
1787179138.527616
1787179139.461963
1787179140.296502
1787179141.138225
1787179141.890741
1787179142.609550
1787179143.304901
1787179144.081903
1787179144.958144
1787179145.834148
1787179146.535553
1787179147.510996
1787179148.340909
1787179149.153269
1787179149.951959
1787179150.763279
1787179151.545825
1787179152.349718
1787179153.138269
1787179154.102191
1787179154.933298
1787179155.848032
