1787177303.661901
1787177303.667982
1787177303.674360
1787177303.680455
1787177303.686891
1787177303.693047
1787177303.699225
1787177303.705414
1787177303.711521
1787177303.717666
1787177303.724072
1787177303.730123
1787177303.736232
1787177303.742494
1787177303.748658
1787177303.755062
1787177303.761542
1787177303.768570
1787177303.774925
1787177303.781066
1787177303.787456
1787177303.793821
1787177303.800167
1787177303.807808
1787177303.814242
1787177303.820667
1787177303.826975
1787177303.833408
1787177303.839871
1787177303.846278
1787177303.852761
1787177303.859063
1787177303.865113
1787177303.871224
1787177303.877231
1787177303.883502
1787177303.889628
1787177303.895891
1787177303.902061
1787177303.908275
1787177303.914531
1787177303.920749
1787177303.926801
1787177303.932886
1787177303.939101
1787177303.945151
1787177303.951192
1787177303.957290
1787177303.963398
1787177303.969553
1787177303.975971
1787177303.982346
1787177303.988508
1787177303.994624
1787177304.000802
1787177304.007034
1787177304.013182
1787177304.019777
1787177304.026053
1787177304.032343
1787177304.038703
1787177304.045018
1787177304.051232
1787177304.057534
1787177304.063781
1787177304.070082
1787177304.076355
1787177304.082659
1787177304.088759
1787177304.095019
1787177304.101522
1787177304.107965
1787177304.114085
1787177304.120333
1787177304.126625
1787177304.132917
1787177304.139257
1787177304.145487
1787177304.151755
1787177304.157914
1787177304.164233
1787177304.170542
1787177304.176697
1787177304.182918
1787177304.189074
1787177304.195386
1787177304.201483
1787177304.207607
1787177304.213852
1787177304.220158
1787177304.226458
1787177304.232513
1787177304.238760
1787177304.245121
1787177304.251336
1787177304.257631
1787177304.263895
1787177304.270117
1787177304.276245
1787177304.282580
1787177304.288855
1787177304.295098
1787177304.301303
1787177304.307570
1787177304.313772
1787177304.320009
1787177304.326096
1787177304.332298
1787177304.338407
1787177304.344859
1787177304.351488
1787177304.357741
1787177304.363973
1787177304.370201
1787177304.376576
1787177304.382847
1787177304.389031
1787177304.395176
1787177304.401364
1787177304.407811
1787177304.414113
1787177304.420439
1787177304.426642
1787177304.432906
1787177304.439202
1787177304.445393
1787177304.451656
1787177304.457998
1787177304.464343
1787177304.470575
1787177304.476961
1787177304.483212
1787177304.489429
1787177304.495694
1787177304.501926
1787177304.508052
1787177304.514221
1787177304.520952
1787177304.527299
1787177304.533641
1787177304.540112
1787177304.546307
1787177304.552451
1787177304.558702
1787177304.565004
1787177304.571242
1787177304.577451
1787177304.583728
1787177304.589952
1787177304.596199
1787177304.602591
