1787177302.271265
1787177302.277111
1787177302.282986
1787177302.288198
1787177302.293519
1787177302.298657
1787177302.303870
1787177302.309331
1787177302.314564
1787177302.319668
1787177302.324969
1787177302.330198
1787177302.335497
1787177302.340597
1787177302.345994
1787177302.351204
1787177302.356389
1787177302.361805
1787177302.367089
1787177302.372679
1787177302.378181
1787177302.383386
1787177302.388733
1787177302.394081
1787177302.399404
1787177302.404994
1787177302.410121
1787177302.415434
1787177302.420644
1787177302.425869
1787177302.431312
1787177302.436662
1787177302.441853
1787177302.447232
1787177302.452439
1787177302.457634
1787177302.462953
1787177302.468278
1787177302.473598
1787177302.478867
1787177302.484355
1787177302.489775
1787177302.495159
1787177302.500416
1787177302.505652
1787177302.510903
1787177302.516246
1787177302.521677
1787177302.527174
1787177302.532571
1787177302.538205
1787177302.543697
1787177302.549100
1787177302.554453
1787177302.559953
1787177302.565451
1787177302.570806
1787177302.576401
1787177302.581858
1787177302.587288
1787177302.592782
1787177302.598476
1787177302.603987
1787177302.609406
1787177302.615104
1787177302.620621
1787177302.626065
1787177302.631476
1787177302.637100
1787177302.642527
1787177302.647985
1787177302.653406
1787177302.658822
1787177302.664342
1787177302.669726
1787177302.675135
1787177302.680560
1787177302.685973
1787177302.691498
1787177302.697150
1787177302.702680
1787177302.708239
1787177302.713774
1787177302.719146
1787177302.724530
1787177302.729976
1787177302.735635
1787177302.741131
1787177302.746654
1787177302.752045
1787177302.757461
1787177302.763033
1787177302.768496
1787177302.774163
1787177302.779732
1787177302.785436
1787177302.791092
1787177302.796631
1787177302.802133
1787177302.807625
1787177302.813164
1787177302.818700
1787177302.824310
1787177302.829850
1787177302.835313
1787177302.840803
1787177302.846315
1787177302.851983
1787177302.857496
1787177302.863222
1787177302.868819
1787177302.874367
1787177302.880094
1787177302.885631
1787177302.891112
1787177302.896944
1787177302.902594
1787177302.908204
1787177302.913932
1787177302.919487
1787177302.925019
1787177302.930567
1787177302.936198
1787177302.941891
1787177302.947421
1787177302.953104
1787177302.958774
1787177302.964495
1787177302.970037
1787177302.975637
1787177302.981222
1787177302.986751
1787177302.992458
1787177302.997879
1787177303.003334
1787177303.009076
1787177303.014555
1787177303.020237
1787177303.025775
1787177303.031460
1787177303.036990
1787177303.042656
1787177303.048340
1787177303.053990
1787177303.059601
1787177303.065277
1787177303.070759
1787177303.076270
1787177303.081900
1787177303.087399
1787177303.093096
