1787177300.739632
1787177300.749412
1787177300.759361
1787177300.769244
1787177300.778915
1787177300.788522
1787177300.798097
1787177300.807754
1787177300.817345
1787177300.827046
1787177300.837077
1787177300.847191
1787177300.857062
1787177300.866846
1787177300.876519
1787177300.886142
1787177300.895833
1787177300.905508
1787177300.915153
1787177300.924750
1787177300.934514
1787177300.944502
1787177300.954286
1787177300.964028
1787177300.973752
1787177300.983508
1787177300.993107
1787177301.002813
1787177301.012572
1787177301.022209
1787177301.032204
1787177301.042118
1787177301.052015
1787177301.061743
1787177301.071460
1787177301.081218
1787177301.090971
1787177301.100808
1787177301.110668
1787177301.120527
1787177301.130311
1787177301.140196
1787177301.150164
1787177301.159960
1787177301.169797
1787177301.179732
1787177301.189636
1787177301.199530
1787177301.209481
1787177301.219499
1787177301.229752
1787177301.239753
1787177301.249733
1787177301.259772
1787177301.269908
1787177301.280028
1787177301.290072
1787177301.300196
1787177301.310318
1787177301.320358
1787177301.330463
1787177301.340561
1787177301.350900
1787177301.361140
1787177301.371434
1787177301.381512
1787177301.391806
1787177301.401952
1787177301.412027
1787177301.422218
1787177301.432406
1787177301.442483
1787177301.452440
1787177301.462488
1787177301.472492
1787177301.482677
1787177301.492750
1787177301.502846
1787177301.513010
1787177301.523043
1787177301.533176
1787177301.543738
1787177301.553739
1787177301.563883
1787177301.573894
1787177301.583977
1787177301.594075
1787177301.604168
1787177301.614311
1787177301.624490
1787177301.634855
1787177301.644968
1787177301.655120
1787177301.665389
1787177301.675726
1787177301.686126
1787177301.696304
1787177301.706491
1787177301.716651
1787177301.726783
1787177301.737023
1787177301.747362
1787177301.757642
1787177301.768228
1787177301.778439
1787177301.789062
1787177301.799417
1787177301.809672
1787177301.819923
1787177301.830164
1787177301.840471
1787177301.850661
1787177301.860986
1787177301.871263
1787177301.881441
1787177301.891724
1787177301.901937
1787177301.912211
1787177301.922416
1787177301.932644
1787177301.942931
1787177301.953198
1787177301.963536
1787177301.973800
1787177301.984115
1787177301.994497
1787177302.004937
1787177302.015337
1787177302.025728
1787177302.036041
1787177302.046935
1787177302.057195
1787177302.067475
1787177302.077890
1787177302.088166
1787177302.098511
1787177302.108811
1787177302.119159
1787177302.129520
1787177302.139930
1787177302.150327
1787177302.160702
1787177302.171022
1787177302.181298
1787177302.191621
1787177302.201905
1787177302.212128
1787177302.222450
1787177302.232689
1787177302.243023
1787177302.253397
