1787177311.609086
1787177311.618701
1787177311.628556
1787177311.638137
1787177311.647908
1787177311.657438
1787177311.667294
1787177311.678069
1787177311.690213
1787177311.700276
1787177311.710069
1787177311.719710
1787177311.729265
1787177311.738812
1787177311.748299
1787177311.757869
1787177311.768007
1787177311.777832
1787177311.787663
1787177311.797710
1787177311.807587
1787177311.817416
1787177311.827121
1787177311.836910
1787177311.846650
1787177311.856364
1787177311.866436
1787177311.876568
1787177311.886347
1787177311.896180
1787177311.906542
1787177311.916328
1787177311.926130
1787177311.935930
1787177311.945999
1787177311.956091
1787177311.965962
1787177311.975850
1787177311.985843
1787177311.995752
1787177312.005840
1787177312.015780
1787177312.025564
1787177312.035407
1787177312.045372
1787177312.055255
1787177312.065203
1787177312.075159
1787177312.085133
1787177312.095147
1787177312.105321
1787177312.115307
1787177312.125389
1787177312.135471
1787177312.145452
1787177312.155490
1787177312.165736
1787177312.175714
1787177312.185814
1787177312.195775
1787177312.205992
1787177312.216094
1787177312.226237
1787177312.236492
1787177312.246608
1787177312.256727
1787177312.266903
1787177312.277156
1787177312.287539
1787177312.297801
1787177312.307977
1787177312.318328
1787177312.328729
1787177312.340995
1787177312.351582
1787177312.361813
1787177312.371961
1787177312.382164
1787177312.392431
1787177312.402638
1787177312.412886
1787177312.423160
1787177312.433379
1787177312.443649
1787177312.453950
1787177312.464121
1787177312.474283
1787177312.484539
1787177312.494863
1787177312.504987
1787177312.515379
1787177312.525730
1787177312.535890
1787177312.546398
1787177312.556638
1787177312.566872
1787177312.577074
1787177312.587322
1787177312.597468
1787177312.607700
1787177312.617904
1787177312.628036
1787177312.638228
1787177312.648406
1787177312.658590
1787177312.668818
1787177312.679024
1787177312.689283
1787177312.699617
1787177312.709849
1787177312.720283
1787177312.730576
1787177312.740820
1787177312.751159
1787177312.761376
1787177312.771747
1787177312.782021
1787177312.792215
1787177312.802439
1787177312.812861
1787177312.823353
1787177312.833661
1787177312.844036
1787177312.854300
1787177312.864637
1787177312.875195
1787177312.885453
1787177312.895735
1787177312.906144
1787177312.916343
1787177312.926715
1787177312.936968
1787177312.947192
1787177312.957563
1787177312.967810
1787177312.978014
1787177312.988294
1787177312.998641
1787177313.008940
1787177313.019324
1787177313.029682
1787177313.040038
1787177313.050350
1787177313.060649
1787177313.071066
1787177313.081477
1787177313.091812
1787177313.102094
1787177313.112354
1787177313.122619
1787177313.133074
