1787177398.985606
1787177399.017964
1787177399.048578
1787177399.079033
1787177399.109439
1787177399.140308
1787177399.170526
1787177399.200954
1787177399.231206
1787177399.261184
1787177399.294988
1787177399.328742
1787177399.361721
1787177399.392051
1787177399.422686
1787177399.452755
1787177399.483110
1787177399.513609
1787177399.544410
1787177399.574664
1787177399.609102
1787177399.643273
1787177399.674542
1787177399.705386
1787177399.736898
1787177399.770370
1787177399.801739
1787177399.837698
1787177399.866639
1787177399.904083
1787177399.940381
1787177399.980220
1787177400.012180
1787177400.049298
1787177400.086327
1787177400.120106
1787177400.157161
1787177400.190100
1787177400.222968
1787177400.257173
1787177400.293597
1787177400.330287
1787177400.363238
1787177400.396913
1787177400.429696
1787177400.460764
1787177400.495275
1787177400.532470
1787177400.565480
1787177400.597278
1787177400.634397
1787177400.666567
1787177400.700853
1787177400.735461
1787177400.773152
1787177400.806335
1787177400.841833
1787177400.878953
1787177400.914077
1787177400.950057
1787177400.990153
1787177401.029402
1787177401.064261
1787177401.101421
1787177401.136918
1787177401.172043
1787177401.208304
1787177401.245235
1787177401.280115
1787177401.317265
1787177401.356365
1787177401.390734
1787177401.427204
1787177401.463682
1787177401.498160
1787177401.531061
1787177401.565086
1787177401.601864
1787177401.640692
1787177401.678562
1787177401.717124
1787177401.753419
1787177401.786452
1787177401.819855
1787177401.856400
1787177401.891281
1787177401.927447
1787177401.961062
1787177401.995901
1787177402.029634
1787177402.068104
1787177402.105744
1787177402.141341
1787177402.177558
1787177402.212473
1787177402.248520
1787177402.284194
1787177402.320696
1787177402.355860
1787177402.391222
1787177402.430400
1787177402.468514
1787177402.502158
1787177402.536312
1787177402.571985
1787177402.607570
1787177402.643524
1787177402.678870
1787177402.714128
1787177402.750268
1787177402.790852
1787177402.829408
1787177402.864285
1787177402.899327
1787177402.935337
1787177402.970797
1787177403.005790
1787177403.040667
1787177403.075938
1787177403.110833
1787177403.148883
1787177403.186233
1787177403.222012
1787177403.256854
1787177403.291760
1787177403.325951
1787177403.360862
1787177403.394915
1787177403.430442
1787177403.465629
1787177403.505692
1787177403.544374
1787177403.580075
1787177403.614438
1787177403.649196
1787177403.684722
1787177403.719544
1787177403.754315
1787177403.788599
1787177403.822784
1787177403.862056
1787177403.900424
1787177403.935687
1787177403.970490
1787177404.004821
1787177404.039167
1787177404.072891
1787177404.108438
1787177404.142891
1787177404.177850
1787177404.217293
