1787177446.120294
1787177446.246612
1787177446.373039
1787177446.494223
1787177446.615328
1787177446.736058
1787177446.856935
1787177446.977742
1787177447.099237
1787177447.220979
1787177447.354537
1787177447.481622
1787177447.606793
1787177447.730435
1787177447.854358
1787177447.980428
1787177448.104071
1787177448.227917
1787177448.351482
1787177448.476484
1787177448.614687
1787177448.747972
1787177448.874491
1787177449.000008
1787177449.125979
1787177449.252091
1787177449.377528
1787177449.504392
1787177449.636171
1787177449.760694
1787177449.900193
1787177450.032402
1787177450.160249
1787177450.286642
1787177450.412374
1787177450.538310
1787177450.663911
1787177450.789010
1787177450.915494
1787177451.041102
1787177451.180562
1787177451.310661
1787177451.439664
1787177451.565687
1787177451.691111
1787177451.816221
1787177451.941093
1787177452.065849
1787177452.190468
1787177452.314245
1787177452.452626
1787177452.582098
1787177452.707318
1787177452.833590
1787177452.959989
1787177453.085759
1787177453.211269
1787177453.334994
1787177453.459275
1787177453.585645
1787177453.724068
1787177453.855389
1787177453.979961
1787177454.105095
1787177454.228820
1787177454.383047
1787177454.536651
1787177454.673638
1787177454.809781
1787177454.953912
1787177455.108035
1787177455.257447
1787177455.410292
1787177455.575754
1787177455.707609
1787177455.863025
1787177456.004072
1787177456.142888
1787177456.272022
1787177456.401053
1787177456.533626
1787177456.681976
1787177456.836553
1787177456.978164
1787177457.113431
1787177457.268535
1787177457.408305
1787177457.543849
1787177457.670286
1787177457.810876
1787177457.979626
1787177458.135579
1787177458.286095
1787177458.426794
1787177458.564927
1787177458.696234
1787177458.827624
1787177458.949502
1787177459.077581
1787177459.231852
1787177459.392340
1787177459.540537
1787177459.702577
1787177459.850475
1787177459.989750
1787177460.137710
1787177460.278386
1787177460.433088
1787177460.578625
1787177460.731371
1787177460.870372
1787177461.014541
1787177461.158216
1787177461.310129
1787177461.458208
1787177461.609133
1787177461.743608
1787177461.899803
1787177462.047330
1787177462.187524
1787177462.339788
1787177462.478769
1787177462.611555
1787177462.739717
1787177462.870915
1787177463.016429
1787177463.168290
1787177463.320904
1787177463.458051
1787177463.593716
1787177463.761177
1787177463.901448
1787177464.038833
1787177464.171071
1787177464.323673
1787177464.454591
1787177464.587007
1787177464.717293
1787177464.849794
1787177465.001143
1787177465.169579
1787177465.307327
1787177465.440951
1787177465.570365
1787177465.703467
1787177465.849904
1787177466.001866
1787177466.136568
1787177466.282686
1787177466.431046
1787177466.581861
