1787177308.678327
1787177308.696806
1787177308.715402
1787177308.734151
1787177308.753371
1787177308.771891
1787177308.790337
1787177308.808879
1787177308.827527
1787177308.846802
1787177308.865928
1787177308.884614
1787177308.902929
1787177308.921191
1787177308.939539
1787177308.958017
1787177308.977059
1787177308.995944
1787177309.014430
1787177309.033164
1787177309.051819
1787177309.070828
1787177309.089729
1787177309.108417
1787177309.127656
1787177309.146493
1787177309.165152
1787177309.183693
1787177309.202372
1787177309.221133
1787177309.240004
1787177309.258754
1787177309.277567
1787177309.296210
1787177309.315027
1787177309.333812
1787177309.352431
1787177309.371190
1787177309.389966
1787177309.408818
1787177309.427676
1787177309.446713
1787177309.465557
1787177309.484771
1787177309.503649
1787177309.522799
1787177309.542184
1787177309.561359
1787177309.580643
1787177309.601714
1787177309.621082
1787177309.640674
1787177309.660213
1787177309.679405
1787177309.698592
1787177309.718142
1787177309.737403
1787177309.756427
1787177309.775653
1787177309.794781
1787177309.814601
1787177309.833976
1787177309.853329
1787177309.872941
1787177309.892406
1787177309.911826
1787177309.931620
1787177309.951236
1787177309.970781
1787177309.990594
1787177310.010144
1787177310.029807
1787177310.049412
1787177310.068997
1787177310.088384
1787177310.107604
1787177310.126826
1787177310.146662
1787177310.166146
1787177310.185513
1787177310.204823
1787177310.224240
1787177310.243727
1787177310.263076
1787177310.282596
1787177310.302346
1787177310.321880
1787177310.341482
1787177310.360963
1787177310.380329
1787177310.399760
1787177310.419281
1787177310.438547
1787177310.458030
1787177310.477542
1787177310.497085
1787177310.516613
1787177310.536196
1787177310.555963
1787177310.575662
1787177310.595975
1787177310.615798
1787177310.635398
1787177310.654969
1787177310.674511
1787177310.694351
1787177310.714013
1787177310.733578
1787177310.753201
1787177310.772938
1787177310.792697
1787177310.812493
1787177310.832345
1787177310.852255
1787177310.872081
1787177310.891876
1787177310.911473
1787177310.931197
1787177310.950998
1787177310.970958
1787177310.990829
1787177311.010480
1787177311.030233
1787177311.050045
1787177311.070115
1787177311.089819
1787177311.109388
1787177311.129015
1787177311.149033
1787177311.168751
1787177311.188450
1787177311.208144
1787177311.228090
1787177311.247864
1787177311.267449
1787177311.287078
1787177311.307194
1787177311.327113
1787177311.346767
1787177311.366636
1787177311.386413
1787177311.406572
1787177311.426520
1787177311.446445
1787177311.466422
1787177311.486492
1787177311.506658
1787177311.526372
1787177311.546169
1787177311.565924
1787177311.585986
