1787177357.920348
1787177358.047953
1787177358.168602
1787177358.289995
1787177358.411120
1787177358.532863
1787177358.655997
1787177358.778067
1787177358.899919
1787177359.022104
1787177359.157635
1787177359.285096
1787177359.410024
1787177359.533759
1787177359.659377
1787177359.784859
1787177359.908993
1787177360.034363
1787177360.159966
1787177360.283663
1787177360.423747
1787177360.553971
1787177360.681498
1787177360.794770
1787177360.909012
1787177361.033481
1787177361.166134
1787177361.322632
1787177361.453925
1787177361.597265
1787177361.755905
1787177361.904381
1787177362.042202
1787177362.187933
1787177362.347368
1787177362.473441
1787177362.636858
1787177362.775272
1787177362.896930
1787177363.050118
1787177363.214581
1787177363.376959
1787177363.497294
1787177363.645643
1787177363.767793
1787177363.916711
1787177364.049386
1787177364.198844
1787177364.343205
1787177364.483448
1787177364.632581
1787177364.769753
1787177364.902621
1787177365.057346
1787177365.203484
1787177365.349859
1787177365.509639
1787177365.676025
1787177365.831051
1787177365.997121
1787177366.171407
1787177366.310024
1787177366.444345
1787177366.610950
1787177366.742139
1787177366.893271
1787177367.052881
1787177367.198317
1787177367.333058
1787177367.496817
1787177367.670383
1787177367.793540
1787177367.944228
1787177368.084339
1787177368.236001
1787177368.380090
1787177368.530017
1787177368.668807
1787177368.807742
1787177368.947190
1787177369.100715
1787177369.258289
1787177369.389506
1787177369.511618
1787177369.669795
1787177369.814383
1787177369.964074
1787177370.102474
1787177370.238133
1787177370.364831
1787177370.525785
1787177370.687811
1787177370.819167
1787177370.954063
1787177371.112774
1787177371.275687
1787177371.431540
1787177371.570417
1787177371.707700
1787177371.841007
1787177371.993447
1787177372.126800
1787177372.273887
1787177372.402995
1787177372.552732
1787177372.690045
1787177372.841103
1787177372.998166
1787177373.152986
1787177373.285791
1787177373.431357
1787177373.570869
1787177373.710022
1787177373.842339
1787177373.998071
1787177374.154762
1787177374.286341
1787177374.417129
1787177374.572257
1787177374.727652
1787177374.878675
1787177375.024561
1787177375.182566
1787177375.314694
1787177375.445842
1787177375.590082
1787177375.721498
1787177375.874168
1787177376.016612
1787177376.147148
1787177376.294121
1787177376.427226
1787177376.558787
1787177376.690449
1787177376.821746
1787177376.961891
1787177377.093400
1787177377.222825
1787177377.361886
1787177377.489631
1787177377.636813
1787177377.781680
1787177377.927100
1787177378.060676
1787177378.192538
1787177378.329870
1787177378.461244
1787177378.591764
1787177378.744160
1787177378.873338
1787177379.019899
