1787177391.664553
1787177391.706454
1787177391.746529
1787177391.786829
1787177391.828409
1787177391.867530
1787177391.907020
1787177391.946883
1787177391.985258
1787177392.025387
1787177392.070628
1787177392.115401
1787177392.158213
1787177392.198737
1787177392.239090
1787177392.282073
1787177392.322629
1787177392.363413
1787177392.403673
1787177392.443258
1787177392.489491
1787177392.536393
1787177392.577672
1787177392.614484
1787177392.652698
1787177392.692948
1787177392.731452
1787177392.779223
1787177392.820007
1787177392.871817
1787177392.918354
1787177392.971565
1787177393.015398
1787177393.063616
1787177393.113141
1787177393.156860
1787177393.206155
1787177393.251896
1787177393.297912
1787177393.343099
1787177393.397056
1787177393.448169
1787177393.500218
1787177393.544617
1787177393.588924
1787177393.635099
1787177393.680520
1787177393.732947
1787177393.778796
1787177393.820710
1787177393.870732
1787177393.915724
1787177393.964783
1787177394.012132
1787177394.067944
1787177394.117081
1787177394.168483
1787177394.221584
1787177394.269153
1787177394.317741
1787177394.374752
1787177394.431102
1787177394.478347
1787177394.527706
1787177394.579803
1787177394.624298
1787177394.672571
1787177394.722491
1787177394.770448
1787177394.822899
1787177394.877642
1787177394.929722
1787177394.979698
1787177395.033318
1787177395.079836
1787177395.125269
1787177395.168074
1787177395.214803
1787177395.264170
1787177395.312507
1787177395.365666
1787177395.418397
1787177395.461588
1787177395.505871
1787177395.553993
1787177395.602654
1787177395.650180
1787177395.697572
1787177395.745421
1787177395.789386
1787177395.840255
1787177395.892333
1787177395.939853
1787177395.987501
1787177396.035024
1787177396.085426
1787177396.132164
1787177396.183732
1787177396.246112
1787177396.292076
1787177396.350819
1787177396.403561
1787177396.445034
1787177396.491270
1787177396.539628
1787177396.590002
1787177396.636764
1787177396.683108
1787177396.731009
1787177396.779319
1787177396.834728
1787177396.887720
1787177396.937160
1787177396.986203
1787177397.038790
1787177397.086093
1787177397.134873
1787177397.181526
1787177397.230441
1787177397.277605
1787177397.333277
1787177397.383592
1787177397.430362
1787177397.477515
1787177397.531887
1787177397.580213
1787177397.628472
1787177397.679337
1787177397.730015
1787177397.783105
1787177397.841393
1787177397.894361
1787177397.942632
1787177397.992863
1787177398.039155
1787177398.086956
1787177398.138264
1787177398.187481
1787177398.236305
1787177398.283995
1787177398.340723
1787177398.391556
1787177398.444908
1787177398.490704
1787177398.536761
1787177398.594151
1787177398.641598
1787177398.689939
1787177398.736778
1787177398.784078
1787177398.836152
