1787177498.971228
1787177501.404536
1787177503.841450
1787177506.289213
1787177508.741718
1787177511.215817
1787177513.806625
1787177516.034000
1787177518.343236
1787177520.817655
1787177523.099830
1787177525.443833
1787177528.153094
1787177530.895851
1787177533.698222
1787177535.983787
1787177538.536121
1787177541.206836
1787177543.750484
1787177546.615286
1787177549.104114
1787177551.329364
1787177554.166746
1787177556.652918
1787177558.984494
1787177561.325216
1787177563.666573
1787177566.407099
1787177568.813892
1787177571.250155
1787177573.749227
1787177576.767555
1787177579.330691
1787177581.998441
1787177584.589407
1787177587.366562
1787177590.157691
1787177592.581156
1787177595.006877
1787177597.364280
1787177600.044649
1787177602.802149
1787177605.546813
1787177608.208375
1787177610.859066
1787177613.684565
1787177616.343247
1787177619.116875
1787177621.874806
1787177624.300808
1787177626.968242
1787177629.648398
1787177632.376775
1787177634.991193
1787177637.616324
1787177640.264591
1787177642.844131
1787177645.423702
1787177648.013204
1787177650.712085
1787177653.397010
1787177656.140342
1787177658.789697
1787177661.388738
1787177664.015101
1787177666.725153
1787177669.490890
1787177672.184330
1787177674.858170
1787177677.596138
1787177680.348899
1787177683.185630
1787177686.023739
1787177688.776769
1787177691.555721
1787177694.283231
1787177697.059119
1787177699.839464
1787177702.647716
1787177705.434958
1787177708.335123
1787177711.177941
1787177713.991194
1787177716.795356
1787177719.601412
1787177722.433041
1787177725.245106
1787177728.037101
1787177730.882385
1787177733.740483
1787177736.704135
1787177739.592154
1787177742.437358
1787177745.301715
1787177748.140545
1787177751.006248
1787177753.849785
1787177756.654951
1787177759.521663
1787177762.354558
1787177765.334083
1787177768.313332
1787177771.244040
1787177774.085165
1787177776.906881
1787177779.704206
1787177782.472257
1787177785.251716
1787177788.023166
1787177790.781640
1787177793.697760
1787177796.530467
1787177799.306708
1787177802.040298
1787177804.776540
1787177807.497432
1787177810.166298
1787177812.852591
1787177815.487709
1787177818.148877
1787177820.895908
1787177823.603544
1787177826.240719
1787177828.863413
1787177831.485046
1787177834.128541
1787177836.712739
1787177839.285429
1787177841.867908
1787177844.463327
1787177847.136876
1787177849.791060
1787177852.375318
1787177854.922974
1787177857.448854
1787177859.993603
1787177862.505455
1787177865.023175
1787177867.523649
1787177870.024428
1787177872.625813
1787177875.201494
1787177877.737387
1787177880.260543
1787177882.754380
1787177885.216426
1787177887.708137
1787177890.177962
1787177892.645783
1787177895.110253
1787177897.699406
