1787177303.109163
1787177303.112994
1787177303.116991
1787177303.120896
1787177303.124426
1787177303.127850
1787177303.131293
1787177303.134942
1787177303.138372
1787177303.141789
1787177303.145411
1787177303.148943
1787177303.152276
1787177303.155730
1787177303.159229
1787177303.162762
1787177303.166294
1787177303.169830
1787177303.173231
1787177303.176737
1787177303.180386
1787177303.183732
1787177303.186990
1787177303.190304
1787177303.193529
1787177303.196709
1787177303.200264
1787177303.204150
1787177303.208021
1787177303.211681
1787177303.215103
1787177303.218426
1787177303.221621
1787177303.224967
1787177303.228251
1787177303.231479
1787177303.234756
1787177303.238071
1787177303.241422
1787177303.244721
1787177303.248124
1787177303.251359
1787177303.254910
1787177303.258230
1787177303.261856
1787177303.265173
1787177303.268447
1787177303.271938
1787177303.275327
1787177303.278617
1787177303.282272
1787177303.285604
1787177303.288915
1787177303.292250
1787177303.295814
1787177303.299341
1787177303.302735
1787177303.306265
1787177303.309691
1787177303.312971
1787177303.316369
1787177303.320004
1787177303.323667
1787177303.327139
1787177303.330657
1787177303.334108
1787177303.337534
1787177303.340981
1787177303.344409
1787177303.347841
1787177303.351350
1787177303.354977
1787177303.358517
1787177303.362217
1787177303.365806
1787177303.369251
1787177303.372785
1787177303.376174
1787177303.379677
1787177303.383173
1787177303.386691
1787177303.390253
1787177303.393826
1787177303.397332
1787177303.400846
1787177303.404632
1787177303.408313
1787177303.412306
1787177303.415915
1787177303.419659
1787177303.423472
1787177303.427068
1787177303.430668
1787177303.434480
1787177303.438083
1787177303.442052
1787177303.445714
1787177303.449428
1787177303.453096
1787177303.456642
1787177303.460081
1787177303.463778
1787177303.467455
1787177303.471087
1787177303.474872
1787177303.478459
1787177303.482311
1787177303.486084
1787177303.489579
1787177303.493067
1787177303.496672
1787177303.500169
1787177303.503924
1787177303.507371
1787177303.510829
1787177303.514346
1787177303.517826
1787177303.521422
1787177303.524934
1787177303.528359
1787177303.532212
1787177303.536040
1787177303.539777
1787177303.543716
1787177303.547296
1787177303.550780
1787177303.554277
1787177303.557878
1787177303.561480
1787177303.564993
1787177303.568621
1787177303.572258
1787177303.575683
1787177303.579290
1787177303.582893
1787177303.586671
1787177303.590207
1787177303.593787
1787177303.597222
1787177303.600709
1787177303.604166
1787177303.607872
1787177303.611353
1787177303.615000
1787177303.618589
1787177303.622047
1787177303.625544
1787177303.629111
1787177303.632785
1787177303.636351
1787177303.640202
