1787177485.623774
1787177485.655616
1787177485.686855
1787177485.717352
1787177485.747782
1787177485.777907
1787177485.808169
1787177485.838484
1787177485.868711
1787177485.899127
1787177485.932944
1787177485.967220
1787177485.999149
1787177486.030117
1787177486.060640
1787177486.090655
1787177486.121522
1787177486.151880
1787177486.181985
1787177486.212032
1787177486.246279
1787177486.280009
1787177486.311118
1787177486.341741
1787177486.372266
1787177486.402831
1787177486.433248
1787177486.463819
1787177486.494049
1787177486.524622
1787177486.559304
1787177486.593923
1787177486.625033
1787177486.655706
1787177486.686932
1787177486.717425
1787177486.747923
1787177486.778893
1787177486.809411
1787177486.840298
1787177486.876074
1787177486.910506
1787177486.942526
1787177486.974488
1787177487.007273
1787177487.037910
1787177487.068110
1787177487.098697
1787177487.129044
1787177487.159242
1787177487.193965
1787177487.229738
1787177487.260723
1787177487.291382
1787177487.321993
1787177487.352176
1787177487.382754
1787177487.413087
1787177487.443946
1787177487.474237
1787177487.508765
1787177487.543160
1787177487.573914
1787177487.604413
1787177487.634750
1787177487.670383
1787177487.706084
1787177487.734963
1787177487.769904
1787177487.804369
1787177487.845541
1787177487.891989
1787177487.930203
1787177487.969191
1787177488.005948
1787177488.045552
1787177488.084994
1787177488.122867
1787177488.157478
1787177488.192642
1787177488.230834
1787177488.267104
1787177488.303865
1787177488.344311
1787177488.380556
1787177488.417229
1787177488.454975
1787177488.488529
1787177488.522723
1787177488.558478
1787177488.597123
1787177488.636549
1787177488.670820
1787177488.706973
1787177488.743254
1787177488.778277
1787177488.811481
1787177488.843652
1787177488.876784
1787177488.913014
1787177488.950168
1787177488.986177
1787177489.021196
1787177489.054761
1787177489.089235
1787177489.123354
1787177489.158005
1787177489.193615
1787177489.231136
1787177489.266606
1787177489.305278
1787177489.341906
1787177489.378812
1787177489.414137
1787177489.449423
1787177489.484136
1787177489.520024
1787177489.555685
1787177489.590512
1787177489.627597
1787177489.665192
1787177489.702425
1787177489.738479
1787177489.772798
1787177489.809070
1787177489.845801
1787177489.880919
1787177489.916076
1787177489.951482
1787177489.986959
1787177490.026701
1787177490.064690
1787177490.100020
1787177490.135216
1787177490.170075
1787177490.204386
1787177490.238888
1787177490.273718
1787177490.308611
1787177490.343156
1787177490.382061
1787177490.421630
1787177490.457068
1787177490.490872
1787177490.525104
1787177490.559564
1787177490.593813
1787177490.628374
1787177490.662990
1787177490.697533
1787177490.736225
