1787177466.765370
1787177466.832013
1787177466.896923
1787177466.961259
1787177467.025223
1787177467.090923
1787177467.154639
1787177467.218097
1787177467.282741
1787177467.346938
1787177467.418449
1787177467.486133
1787177467.551637
1787177467.617680
1787177467.682569
1787177467.748052
1787177467.813789
1787177467.879604
1787177467.946079
1787177468.014926
1787177468.088503
1787177468.157796
1787177468.224528
1787177468.290915
1787177468.357343
1787177468.423050
1787177468.490237
1787177468.557046
1787177468.623690
1787177468.689056
1787177468.765928
1787177468.836038
1787177468.903851
1787177468.970587
1787177469.036620
1787177469.102619
1787177469.169297
1787177469.234634
1787177469.300091
1787177469.367236
1787177469.443782
1787177469.512631
1787177469.579074
1787177469.647235
1787177469.715221
1787177469.782031
1787177469.847759
1787177469.913103
1787177469.979728
1787177470.046748
1787177470.121819
1787177470.192348
1787177470.258390
1787177470.325379
1787177470.390453
1787177470.456560
1787177470.521858
1787177470.587034
1787177470.652437
1787177470.719165
1787177470.792265
1787177470.862955
1787177470.929876
1787177470.994997
1787177471.060410
1787177471.154155
1787177471.233725
1787177471.305846
1787177471.378774
1787177471.453931
1787177471.534426
1787177471.622969
1787177471.715585
1787177471.802502
1787177471.882085
1787177471.985258
1787177472.064365
1787177472.147180
1787177472.225037
1787177472.303451
1787177472.379170
1787177472.457334
1787177472.560353
1787177472.645901
1787177472.728088
1787177472.812963
1787177472.920265
1787177472.992932
1787177473.072593
1787177473.162076
1787177473.255439
1787177473.340983
1787177473.444242
1787177473.527518
1787177473.601493
1787177473.706183
1787177473.791197
1787177473.866507
1787177473.944182
1787177474.027316
1787177474.106477
1787177474.203214
1787177474.284316
1787177474.372393
1787177474.462116
1787177474.547917
1787177474.639125
1787177474.734160
1787177474.816065
1787177474.895371
1787177474.979599
1787177475.058246
1787177475.150206
1787177475.230140
1787177475.305075
1787177475.387323
1787177475.468739
1787177475.551118
1787177475.650369
1787177475.726173
1787177475.820089
1787177475.906737
1787177475.984860
1787177476.062754
1787177476.139291
1787177476.233718
1787177476.335073
1787177476.411620
1787177476.498258
1787177476.570637
1787177476.683057
1787177476.773326
1787177476.854277
1787177476.956897
1787177477.051517
1787177477.132062
1787177477.212197
1787177477.287291
1787177477.361586
1787177477.453123
1787177477.556697
1787177477.643246
1787177477.725214
1787177477.796132
1787177477.880591
1787177477.977289
1787177478.062513
1787177478.148554
1787177478.229110
1787177478.321484
1787177478.401722
