1787177319.914900
1787177320.148710
1787177320.379879
1787177320.613638
1787177320.844656
1787177321.078267
1787177321.317179
1787177321.550349
1787177321.783551
1787177322.017361
1787177322.257195
1787177322.496614
1787177322.736652
1787177322.977606
1787177323.217141
1787177323.455591
1787177323.694767
1787177323.934518
1787177324.174643
1787177324.418167
1787177324.664392
1787177324.910667
1787177325.154298
1787177325.367877
1787177325.590835
1787177325.835466
1787177326.059347
1787177326.326402
1787177326.545066
1787177326.819921
1787177327.062503
1787177327.343177
1787177327.566409
1787177327.839989
1787177328.116817
1787177328.354178
1787177328.631466
1787177328.874906
1787177329.118486
1787177329.363406
1787177329.634048
1787177329.906730
1787177330.135970
1787177330.373804
1787177330.606591
1787177330.850233
1787177331.114621
1787177331.398942
1787177331.635184
1787177331.862828
1787177332.133748
1787177332.356263
1787177332.598528
1787177332.852333
1787177333.138776
1787177333.374593
1787177333.637035
1787177333.912563
1787177334.162757
1787177334.432408
1787177334.708110
1787177334.970638
1787177335.226300
1787177335.504833
1787177335.757321
1787177336.005977
1787177336.268009
1787177336.541939
1787177336.798310
1787177337.070266
1787177337.347064
1787177337.578273
1787177337.850383
1787177338.117141
1787177338.361413
1787177338.591035
1787177338.823476
1787177339.092606
1787177339.357056
1787177339.625387
1787177339.903841
1787177340.167994
1787177340.399402
1787177340.635046
1787177340.902598
1787177341.154585
1787177341.421448
1787177341.654824
1787177341.904425
1787177342.141106
1787177342.399438
1787177342.665089
1787177342.901719
1787177343.162915
1787177343.415213
1787177343.681258
1787177343.938479
1787177344.204772
1787177344.459273
1787177344.716192
1787177344.980373
1787177345.226518
1787177345.459423
1787177345.707340
1787177345.970193
1787177346.229229
1787177346.486663
1787177346.741538
1787177346.994605
1787177347.249615
1787177347.516427
1787177347.778213
1787177348.030005
1787177348.288425
1787177348.546224
1787177348.801183
1787177349.054515
1787177349.308025
1787177349.563652
1787177349.818325
1787177350.076425
1787177350.338239
1787177350.596991
1787177350.852189
1787177351.104216
1787177351.354806
1787177351.607696
1787177351.857605
1787177352.112057
1787177352.365901
1787177352.624266
1787177352.877860
1787177353.134863
1787177353.380460
1787177353.634717
1787177353.890273
1787177354.141125
1787177354.391829
1787177354.640060
1787177354.887348
1787177355.147013
1787177355.401949
1787177355.654250
1787177355.905990
1787177356.155989
1787177356.407414
1787177356.659642
1787177356.914570
1787177357.165334
1787177357.414814
1787177357.672893
