1787177478.558903
1787177478.602383
1787177478.643379
1787177478.683385
1787177478.725542
1787177478.765689
1787177478.808180
1787177478.848787
1787177478.889336
1787177478.931342
1787177478.976716
1787177479.019908
1787177479.059351
1787177479.098754
1787177479.138177
1787177479.178716
1787177479.219210
1787177479.260044
1787177479.300244
1787177479.341043
1787177479.389025
1787177479.433406
1787177479.475892
1787177479.518603
1787177479.558640
1787177479.598297
1787177479.637700
1787177479.677857
1787177479.718553
1787177479.761498
1787177479.807906
1787177479.852355
1787177479.893112
1787177479.934886
1787177479.974966
1787177480.015323
1787177480.057006
1787177480.097347
1787177480.137602
1787177480.179298
1787177480.225459
1787177480.269154
1787177480.312902
1787177480.353362
1787177480.392728
1787177480.432374
1787177480.473021
1787177480.513292
1787177480.554846
1787177480.596902
1787177480.644529
1787177480.688724
1787177480.729882
1787177480.770361
1787177480.809886
1787177480.851944
1787177480.893692
1787177480.935180
1787177480.975098
1787177481.016097
1787177481.063204
1787177481.107433
1787177481.147242
1787177481.188773
1787177481.228173
1787177481.273441
1787177481.320529
1787177481.361114
1787177481.410004
1787177481.457302
1787177481.514977
1787177481.572780
1787177481.622050
1787177481.675409
1787177481.721824
1787177481.768888
1787177481.823785
1787177481.875038
1787177481.928306
1787177481.975972
1787177482.029447
1787177482.076971
1787177482.124590
1787177482.175664
1787177482.225294
1787177482.271769
1787177482.322512
1787177482.367521
1787177482.415531
1787177482.462840
1787177482.518968
1787177482.572948
1787177482.619965
1787177482.674098
1787177482.731257
1787177482.778444
1787177482.823157
1787177482.868329
1787177482.916858
1787177482.970558
1787177483.021313
1787177483.070491
1787177483.119346
1787177483.165540
1787177483.211643
1787177483.259013
1787177483.303867
1787177483.354316
1787177483.403847
1787177483.450794
1787177483.500974
1787177483.546087
1787177483.592579
1787177483.640873
1787177483.691307
1787177483.737586
1787177483.789686
1787177483.838168
1787177483.883906
1787177483.937151
1787177483.990521
1787177484.038984
1787177484.091897
1787177484.147851
1787177484.202091
1787177484.249646
1787177484.297048
1787177484.342715
1787177484.389450
1787177484.436095
1787177484.488744
1787177484.544629
1787177484.592540
1787177484.639857
1787177484.686030
1787177484.734400
1787177484.779689
1787177484.830014
1787177484.877078
1787177484.924145
1787177484.977749
1787177485.033948
1787177485.083523
1787177485.136488
1787177485.185549
1787177485.233556
1787177485.281060
1787177485.326619
1787177485.370291
1787177485.418911
1787177485.474863
