1787178130.720654
1787178131.414836
1787178132.088453
1787178132.768525
1787178133.459583
1787178134.130180
1787178134.911365
1787178135.590908
1787178136.416774
1787178137.236011
1787178137.957798
1787178138.680473
1787178139.563493
1787178140.485586
1787178141.384407
1787178142.103388
1787178142.994523
1787178143.793132
1787178144.646618
1787178145.570312
1787178146.355831
1787178147.396327
1787178148.396310
1787178149.317176
1787178150.075193
1787178150.781294
1787178151.566012
1787178152.331717
1787178153.340957
1787178154.228611
1787178155.125943
1787178156.638536
1787178157.778899
1787178158.540594
1787178159.309378
1787178160.143709
1787178160.956236
1787178161.737901
1787178162.541116
1787178163.476204
1787178164.389338
1787178165.296345
1787178166.216239
1787178167.152426
1787178168.072884
1787178168.903879
1787178170.073036
1787178171.014832
1787178171.957770
1787178172.815810
1787178173.721475
1787178174.636167
1787178175.531897
1787178176.421911
1787178177.295005
1787178178.168377
1787178179.085329
1787178179.943814
1787178180.696148
1787178181.480158
1787178182.418306
1787178183.326292
1787178184.200943
1787178185.153917
1787178186.036619
1787178186.926153
1787178187.787067
1787178188.609937
1787178189.410798
1787178190.260664
1787178191.310167
1787178192.242998
1787178193.022513
1787178193.920874
1787178194.758315
1787178195.701260
1787178196.532640
1787178197.733883
1787178198.602212
1787178199.604715
1787178200.563306
1787178201.490602
1787178202.379401
1787178203.306776
1787178204.417122
1787178205.259400
1787178206.185356
1787178207.106635
1787178207.982768
1787178208.897987
1787178209.920950
1787178211.068693
1787178212.113824
1787178213.067560
1787178213.917853
1787178214.830799
1787178215.623274
1787178216.470548
1787178217.312375
1787178218.172158
1787178219.211825
1787178220.166772
1787178221.070527
1787178221.907293
1787178222.784454
1787178223.617538
1787178224.442165
1787178225.244714
1787178226.100774
1787178226.927404
1787178227.902995
1787178228.773256
1787178229.557168
1787178230.353737
1787178231.177030
1787178231.999491
1787178232.799657
1787178233.641149
1787178234.451757
1787178235.252718
1787178236.188603
1787178237.088707
1787178238.171014
1787178238.925544
1787178239.657454
1787178240.434666
1787178241.150339
1787178241.971087
1787178242.690311
1787178243.467611
1787178244.450984
1787178245.354272
1787178246.079828
1787178246.817443
1787178247.561406
1787178248.430010
1787178249.308656
1787178250.173312
1787178250.929598
1787178251.671269
1787178252.561451
1787178253.370212
1787178254.093334
1787178254.845897
1787178255.600805
1787178256.337467
1787178257.146700
1787178257.890488
1787178258.620797
1787178259.428841
1787178260.385974
