1787178800.026678
1787178801.292732
1787178802.562724
1787178803.834296
1787178805.108888
1787178806.390534
1787178807.681377
1787178808.961133
1787178810.240724
1787178811.523001
1787178812.833462
1787178813.975248
1787178815.229612
1787178816.620638
1787178817.897603
1787178819.365897
1787178820.692026
1787178822.156248
1787178823.766991
1787178825.535949
1787178827.151724
1787178828.611008
1787178829.948338
1787178831.337570
1787178832.546488
1787178833.821267
1787178835.198266
1787178836.816117
1787178838.181849
1787178839.715899
1787178841.065381
1787178842.296707
1787178843.953572
1787178845.280327
1787178846.746293
1787178848.531937
1787178849.917067
1787178851.234615
1787178852.606438
1787178854.012376
1787178855.676133
1787178857.042078
1787178858.741414
1787178860.091876
1787178861.574103
1787178862.939603
1787178864.484921
1787178865.825024
1787178867.380056
1787178868.661994
1787178870.395793
1787178872.079031
1787178873.698356
1787178875.041666
1787178876.586317
1787178877.994470
1787178879.370991
1787178880.864799
1787178882.326195
1787178883.701377
1787178885.491326
1787178887.174982
1787178888.835706
1787178890.204555
1787178891.741416
1787178893.360100
1787178894.899218
1787178896.594009
1787178898.032662
1787178899.790027
1787178901.367249
1787178903.174882
1787178904.698524
1787178906.461633
1787178907.971390
1787178909.413657
1787178911.024342
1787178912.538366
1787178914.294270
1787178915.766874
1787178917.472696
1787178919.101856
1787178920.743640
1787178922.222386
1787178923.698121
1787178925.461559
1787178926.918703
1787178928.481315
1787178930.059110
1787178931.576190
1787178933.344836
1787178935.170214
1787178936.981057
1787178938.481786
1787178939.998371
1787178941.492586
1787178943.277238
1787178944.741647
1787178946.305389
1787178947.786104
1787178949.560839
1787178951.535555
1787178953.068332
1787178954.637567
1787178956.150268
1787178957.674650
1787178959.163363
1787178960.689147
1787178962.221124
1787178963.664091
1787178965.450038
1787178967.150123
1787178968.612374
1787178970.204752
1787178971.732317
1787178973.190578
1787178974.853637
1787178976.261504
1787178977.646216
1787178979.284252
1787178980.948787
1787178982.408278
1787178984.151380
1787178985.526992
1787178986.884652
1787178988.235827
1787178989.624519
1787178990.992771
1787178992.350296
1787178993.694291
1787178995.275094
1787178996.976593
1787178998.632063
1787178999.960360
1787179001.296036
1787179002.623082
1787179004.084223
1787179005.535437
1787179007.140325
1787179008.540190
1787179010.178966
1787179011.597297
1787179012.952492
1787179014.392918
1787179015.723640
1787179017.110719
1787179018.457330
1787179020.008239
1787179021.502917
1787179022.807724
1787179024.426718
