1787177297.807451
1787177297.826249
1787177297.844982
1787177297.864220
1787177297.883333
1787177297.901886
1787177297.920299
1787177297.938802
1787177297.957293
1787177297.975933
1787177297.994529
1787177298.012860
1787177298.031238
1787177298.049555
1787177298.068063
1787177298.086634
1787177298.105580
1787177298.124033
1787177298.142538
1787177298.161021
1787177298.179710
1787177298.198263
1787177298.216721
1787177298.235423
1787177298.254127
1787177298.272723
1787177298.291248
1787177298.309623
1787177298.328376
1787177298.346793
1787177298.365520
1787177298.384444
1787177298.403027
1787177298.421681
1787177298.440287
1787177298.458999
1787177298.477675
1787177298.496502
1787177298.515351
1787177298.534016
1787177298.552823
1787177298.571541
1787177298.590286
1787177298.609085
1787177298.627946
1787177298.646774
1787177298.665868
1787177298.684829
1787177298.703727
1787177298.722802
1787177298.742088
1787177298.761313
1787177298.780422
1787177298.799831
1787177298.819888
1787177298.840118
1787177298.859887
1787177298.879909
1787177298.899319
1787177298.918998
1787177298.938497
1787177298.957851
1787177298.977250
1787177298.996892
1787177299.016202
1787177299.035470
1787177299.054836
1787177299.074168
1787177299.093812
1787177299.113208
1787177299.132537
1787177299.151805
1787177299.171005
1787177299.190382
1787177299.210250
1787177299.229573
1787177299.248969
1787177299.268470
1787177299.287989
1787177299.307965
1787177299.327534
1787177299.347081
1787177299.366506
1787177299.385927
1787177299.405230
1787177299.424559
1787177299.443864
1787177299.463345
1787177299.483071
1787177299.502689
1787177299.522327
1787177299.542047
1787177299.561658
1787177299.581526
1787177299.601149
1787177299.620742
1787177299.640392
1787177299.663171
1787177299.682661
1787177299.702389
1787177299.721965
1787177299.741600
1787177299.761303
1787177299.780958
1787177299.800654
1787177299.820382
1787177299.839972
1787177299.859494
1787177299.879436
1787177299.899540
1787177299.919123
1787177299.938837
1787177299.958576
1787177299.979106
1787177299.998707
1787177300.018342
1787177300.038102
1787177300.057646
1787177300.077220
1787177300.096998
1787177300.117191
1787177300.137151
1787177300.156869
1787177300.176772
1787177300.196479
1787177300.216144
1787177300.236147
1787177300.256045
1787177300.275775
1787177300.295668
1787177300.315421
1787177300.334997
1787177300.354819
1787177300.374500
1787177300.394107
1787177300.413715
1787177300.433737
1787177300.453299
1787177300.473083
1787177300.492878
1787177300.512807
1787177300.532611
1787177300.552547
1787177300.572237
1787177300.591876
1787177300.611892
1787177300.631652
1787177300.651300
1787177300.671128
1787177300.691015
1787177300.710766
