1787178399.079751
1787178401.509224
1787178403.939317
1787178406.393104
1787178408.846749
1787178411.305573
1787178413.782174
1787178416.251101
1787178418.721246
1787178421.181222
1787178423.706940
1787178425.894577
1787178428.275781
1787178430.509918
1787178432.801113
1787178435.580011
1787178437.933014
1787178440.569470
1787178443.478189
1787178446.282347
1787178448.592973
1787178450.785514
1787178453.309886
1787178455.794684
1787178458.079903
1787178460.429752
1787178463.092625
1787178465.672505
1787178468.299335
1787178471.204726
1787178473.599467
1787178475.955686
1787178478.572556
1787178481.102044
1787178483.877872
1787178486.779343
1787178489.433916
1787178491.841481
1787178494.496222
1787178497.048382
1787178499.683459
1787178502.306074
1787178505.140993
1787178507.598992
1787178510.425238
1787178512.799272
1787178515.222723
1787178517.695621
1787178520.107183
1787178522.546178
1787178525.277242
1787178527.940085
1787178530.524601
1787178533.079052
1787178535.749055
1787178538.367098
1787178540.887468
1787178543.439189
1787178545.962393
1787178548.544588
1787178551.293158
1787178554.031687
1787178556.632207
1787178559.268907
1787178561.973509
1787178564.657367
1787178567.343014
1787178570.040182
1787178572.781023
1787178575.582001
1787178578.366452
1787178581.205639
1787178583.971727
1787178586.761745
1787178589.518514
1787178592.317602
1787178595.135523
1787178597.961896
1787178600.793283
1787178603.651086
1787178606.609807
1787178609.488078
1787178612.321099
1787178615.150641
1787178618.016300
1787178620.781824
1787178623.526059
1787178626.333258
1787178629.131075
1787178631.945353
1787178634.913925
1787178637.835167
1787178640.681276
1787178643.554773
1787178646.387414
1787178649.321262
1787178652.182584
1787178655.026646
1787178657.880970
1787178660.739204
1787178663.699486
1787178666.718826
1787178669.619581
1787178672.459060
1787178675.346796
1787178678.213936
1787178681.024539
1787178683.845778
1787178686.633388
1787178689.395682
1787178692.300309
1787178695.128289
1787178697.925357
1787178700.689202
1787178703.411456
1787178706.098949
1787178708.813036
1787178711.492888
1787178714.161819
1787178716.837176
1787178719.604133
1787178722.297519
1787178724.974477
1787178727.636094
1787178730.273060
1787178732.880343
1787178735.487004
1787178738.098762
1787178740.706053
1787178743.287385
1787178746.008295
1787178748.649233
1787178751.238894
1787178753.812753
1787178756.366167
1787178758.945427
1787178761.512019
1787178764.067568
1787178766.609384
1787178769.126244
1787178771.785045
1787178774.382090
1787178776.914743
1787178779.433729
1787178781.976144
1787178784.499437
1787178787.022171
1787178789.533000
1787178792.043079
1787178794.578083
1787178797.177684
