0
1
0.0333333
1
0.0666667
1
0.1
1
0.133333
1
0.166667
1
0.2
1
0.233333
1
0.266667
1
0.3
1
0.333333
1
0.366667
1
0.4
1
0.433333
1
0.466667
1
0.5
1
0.533333
1
0.566667
1
0.6
1
0.633333
1
0.666667
1
0.7
1
0.733333
1
0.766667
1
0.8
1
0.833333
1
0.866667
1
0.9
1
0.933333
1
0.966667
1
1
1
1.03333
1
1.06667
1
1.1
1
1.13333
1
1.16667
1
1.2
1
1.23333
1
1.26667
1
1.3
1
1.33333
1
1.36667
1
1.4
1
1.43333
1
1.46667
1
1.5
1
1.53333
1
1.56667
1
1.6
1
1.63333
1
1.66667
1
1.7
1
1.73333
1
1.76667
1
1.8
1
1.83333
1
1.86667
1
1.9
1
1.93333
1
1.96667
1
2
1
2.03333
1
2.06667
1
2.1
1
2.13333
1
2.16667
1
2.2
1
2.23333
1
2.26667
1
2.3
1
2.33333
1
2.36667
1
2.4
1
2.43333
1
2.46667
1
2.5
1
2.53333
1
2.56667
1
2.6
1
2.63333
1
2.66667
1
2.7
1
2.73333
1
2.76667
1
2.8
1
2.83333
1
2.86667
1
2.9
1
2.93333
1
2.96667
1
3
1
3.03333
1
3.06667
1
3.1
1
3.13333
1
3.16667
1
3.2
1
3.23333
1
3.26667
1
3.3
1
3.33333
1
3.36667
38088
3.4
44035
3.43333
47272
3.46667
50364
3.5
53438
3.53333
56451
3.56667
59184
3.6
61612
3.63333
63390
3.66667
64954
3.7
66412
3.73333
67803
3.76667
69134
3.8
70318
3.83333
71465
3.86667
72524
3.9
73445
3.93333
74343
3.96667
75170
4
75937
4.03333
76657
4.06667
77275
4.1
77891
4.13333
78460
4.16667
78997
4.2
79503
4.23333
79984
4.26667
80483
4.3
80937
4.33333
81382
4.36667
81828
4.4
82233
4.43333
82647
4.46667
83006
4.5
83368
4.53333
83690
4.56667
84050
4.6
84412
4.63333
84767
4.66667
85079
4.7
85399
4.73333
85699
4.76667
86027
4.8
86327
4.83333
86613
4.86667
86907
4.9
87202
4.93333
87499
4.96667
87760
5
88023
5.03333
88250
5.06667
88502
5.1
88753
5.13333
88966
5.16667
89184
5.2
89389
5.23333
89569
5.26667
89750
5.3
89961
5.33333
90154
5.36667
90317
5.4
90520
5.43333
90718
5.46667
90895
5.5
91086
5.53333
91256
5.56667
91448
5.6
91620
5.63333
91824
5.66667
92004
5.7
92182
5.73333
92343
5.76667
92503
5.8
92678
5.83333
92849
5.86667
93003
5.9
93158
5.93333
93329
5.96667
93497
6
93637
6.03333
93799
6.06667
93940
6.1
94121
6.13333
94302
6.16667
94470
6.2
94598
6.23333
94734
6.26667
94886
6.3
95033
6.33333
95155
6.36667
95322
6.4
95478
6.43333
95626
6.46667
95802
6.5
95980
6.53333
96133
6.56667
96280
6.6
96412
6.63333
96546
6.66667
96696
6.7
96850
6.73333
96985
6.76667
97122
6.8
97245
6.83333
97370
6.86667
97508
6.9
97619
6.93333
97759
6.96667
97869
7
97968
7.03333
98108
7.06667
98204
7.1
98295
7.13333
98415
7.16667
98512
7.2
98618
7.23333
98702
7.26667
98806
7.3
98895
7.33333
98978
7.36667
99074
7.4
99169
7.43333
99264
7.46667
99347
7.5
99425
7.53333
99527
7.56667
99633
7.6
99717
7.63333
99798
7.66667
99874
7.7
99961
7.73333
100050
7.76667
100132
7.8
100204
7.83333
100280
7.86667
100360
7.9
100437
7.93333
100503
7.96667
100612
8
100709
8.03333
100797
8.06667
100885
8.1
100972
8.13333
101068
8.16667
101155
8.2
101256
8.23333
101342
8.26667
101435
8.3
101530
8.33333
101606
8.36667
101678
8.4
101764
8.43333
101840
8.46667
101918
8.5
101991
8.53333
102072
8.56667
102146
8.6
102234
8.63333
102330
8.66667
102400
8.7
102466
8.73333
102521
8.76667
102589
8.8
102651
8.83333
102715
8.86667
102791
8.9
102844
8.93333
102913
8.96667
102977
9
103040
9.03333
103104
9.06667
103160
9.1
103218
9.13333
103276
9.16667
103325
9.2
103384
9.23333
103427
9.26667
103488
9.3
103540
9.33333
103589
9.36667
103643
9.4
103711
9.43333
103770
9.46667
103833
9.5
103885
9.53333
103951
9.56667
104009
9.6
104059
9.63333
104127
9.66667
104175
9.7
104217
9.73333
104271
9.76667
104325
9.8
104378
9.83333
104433
9.86667
104483
9.9
104538
9.93333
104587
9.96667
104643
10
104688
10.0333
104733
10.0667
104784
10.1
104836
10.1333
104888
10.1667
104937
10.2
104984
10.2333
105022
10.2667
105066
10.3
105119
10.3333
105166
10.3667
105208
10.4
105252
10.4333
105310
10.4667
105351
10.5
105394
10.5333
105445
10.5667
105500
10.6
105540
10.6333
105576
10.6667
105624
10.7
105679
10.7333
105721
10.7667
105759
10.8
105800
10.8333
105830
10.8667
105870
10.9
105901
10.9333
105952
10.9667
105989
11
106018
11.0333
106055
11.0667
106087
11.1
106131
11.1333
106164
11.1667
106209
11.2
106236
11.2333
106276
11.2667
106324
11.3
106358
11.3333
106386
11.3667
106434
11.4
106456
11.4333
106499
11.4667
106544
11.5
106580
11.5333
106614
11.5667
106654
11.6
106688
11.6333
106721
11.6667
106758
11.7
106807
11.7333
106833
11.7667
106858
11.8
106887
11.8333
106922
11.8667
106957
11.9
106991
11.9333
107025
11.9667
107053
12
107095
12.0333
107123
12.0667
107152
12.1
107177
12.1333
107208
12.1667
107237
12.2
107274
12.2333
107308
12.2667
107346
12.3
107378
12.3333
107409
12.3667
107434
12.4
107459
12.4333
107494
12.4667
107532
12.5
107554
12.5333
107584
12.5667
107603
12.6
107622
12.6333
107647
12.6667
107673
12.7
107697
12.7333
107729
12.7667
107750
12.8
107776
12.8333
107799
12.8667
107827
12.9
107859
12.9333
107895
12.9667
107911
13
107935
13.0333
107956
13.0667
107980
13.1
107999
13.1333
108037
13.1667
108066
13.2
108088
13.2333
108108
13.2667
108129
13.3
108156
13.3333
108176
13.3667
108198
13.4
108223
13.4333
108251
13.4667
108280
13.5
108301
13.5333
108328
13.5667
108348
13.6
108364
13.6333
108385
13.6667
108406
13.7
108424
13.7333
108454
13.7667
108477
13.8
108502
13.8333
108525
13.8667
108560
13.9
108580
13.9333
108605
13.9667
108629
14
108656
14.0333
108681
14.0667
108706
14.1
108727
14.1333
108743
14.1667
108774
14.2
108811
14.2333
108830
14.2667
108857
14.3
108876
14.3333
108892
14.3667
108914
14.4
108936
14.4333
108951
14.4667
108970
14.5
108993
14.5333
109014
14.5667
109033
14.6
109054
14.6333
109074
14.6667
109097
14.7
109119
14.7333
109142
14.7667
109161
14.8
109179
14.8333
109211
14.8667
109231
14.9
109243
14.9333
109261
14.9667
109296
15
109308
15.0333
109325
15.0667
109347
15.1
109372
15.1333
109391
15.1667
109410
15.2
109428
15.2333
109452
15.2667
109468
15.3
109487
15.3333
109509
15.3667
109528
15.4
109545
15.4333
109560
15.4667
109581
15.5
109601
15.5333
109618
15.5667
109633
15.6
109647
15.6333
109655
15.6667
109663
15.7
109685
15.7333
109693
15.7667
109707
15.8
109718
15.8333
109737
15.8667
109755
15.9
109767
15.9333
109781
15.9667
109799
16
109818
16.0333
109828
16.0667
109848
16.1
109864
16.1333
109882
16.1667
109902
16.2
109924
16.2333
109939
16.2667
109960
16.3
109979
16.3333
109991
16.3667
110008
16.4
110022
16.4333
110043
16.4667
110062
16.5
110083
16.5333
110102
16.5667
110123
16.6
110149
16.6333
110177
16.6667
110203
16.7
110236
16.7333
110263
16.7667
110295
16.8
110329
16.8333
110359
16.8667
110392
16.9
110443
16.9333
110485
16.9667
110519
17
110559
17.0333
110596
17.0667
110630
17.1
110658
17.1333
110703
17.1667
110738
17.2
110768
17.2333
110790
17.2667
110817
17.3
110854
17.3333
110868
17.3667
110880
17.4
110897
17.4333
110905
17.4667
110919
17.5
110927
17.5333
110936
17.5667
110948
17.6
110961
17.6333
110967
17.6667
110972
17.7
110978
17.7333
110983
17.7667
110996
17.8
111003
17.8333
111015
17.8667
111020
17.9
111030
17.9333
111039
17.9667
111041
18
111050
18.0333
111061
18.0667
111066
18.1
111075
18.1333
111084
18.1667
111097
18.2
111101
18.2333
111102
18.2667
111117
18.3
111129
18.3333
111133
18.3667
111132
18.4
111139
18.4333
111147
18.4667
111154
18.5
111160
18.5333
111165
18.5667
111174
18.6
111177
18.6333
111182
18.6667
111194
18.7
111199
18.7333
111204
18.7667
111208
18.8
111214
18.8333
111223
18.8667
111229
18.9
111246
18.9333
111261
18.9667
111268
19
111276
19.0333
111289
19.0667
111294
19.1
111306
19.1333
111325
19.1667
111336
19.2
111341
19.2333
111348
19.2667
111356
19.3
111366
19.3333
111380
19.3667
111387
19.4
111398
19.4333
111406
19.4667
111410
19.5
111420
19.5333
111420
19.5667
111429
19.6
111436
19.6333
111438
19.6667
111441
19.7
111448
19.7333
111456
19.7667
111457
19.8
111468
19.8333
111478
19.8667
111481
19.9
111492
19.9333
111499
19.9667
111507
20
111516
