0
1
0.0333333
1
0.0666667
1
0.1
1
0.133333
1
0.166667
1
0.2
1
0.233333
1
0.266667
1
0.3
1
0.333333
1
0.366667
1
0.4
1
0.433333
1
0.466667
1
0.5
1
0.533333
1
0.566667
1
0.6
1
0.633333
1
0.666667
1
0.7
1
0.733333
1
0.766667
1
0.8
1
0.833333
1
0.866667
1
0.9
1
0.933333
1
0.966667
1
1
1
1.03333
1
1.06667
1
1.1
1
1.13333
1
1.16667
1
1.2
1
1.23333
1
1.26667
1
1.3
1
1.33333
1
1.36667
1
1.4
1
1.43333
1
1.46667
1
1.5
1
1.53333
1
1.56667
1
1.6
1
1.63333
1
1.66667
1
1.7
1
1.73333
1
1.76667
1
1.8
1
1.83333
1
1.86667
1
1.9
1
1.93333
1
1.96667
1
2
1
2.03333
1
2.06667
1
2.1
1
2.13333
1
2.16667
1
2.2
1
2.23333
1
2.26667
1
2.3
1
2.33333
1
2.36667
1
2.4
1
2.43333
1
2.46667
1
2.5
1
2.53333
1
2.56667
1
2.6
1
2.63333
1
2.66667
1
2.7
1
2.73333
1
2.76667
1
2.8
1
2.83333
1
2.86667
1
2.9
1
2.93333
1
2.96667
1
3
1
3.03333
1
3.06667
1
3.1
1
3.13333
1
3.16667
1
3.2
1
3.23333
1
3.26667
1
3.3
1
3.33333
1
3.36667
38960
3.4
44446
3.43333
47185
3.46667
49908
3.5
52518
3.53333
54869
3.56667
57020
3.6
59036
3.63333
60994
3.66667
62844
3.7
64531
3.73333
66175
3.76667
67657
3.8
69065
3.83333
70293
3.86667
71492
3.9
72642
3.93333
73729
3.96667
74713
4
75700
4.03333
76679
4.06667
77607
4.1
78456
4.13333
79347
4.16667
80169
4.2
80986
4.23333
81772
4.26667
82540
4.3
83320
4.33333
84056
4.36667
84828
4.4
85554
4.43333
86196
4.46667
86870
4.5
87554
4.53333
88187
4.56667
88825
4.6
89426
4.63333
90017
4.66667
90589
4.7
91145
4.73333
91730
4.76667
92275
4.8
92840
4.83333
93299
4.86667
93755
4.9
94192
4.93333
94603
4.96667
95000
5
95391
5.03333
95764
5.06667
96119
5.1
96466
5.13333
96804
5.16667
97115
5.2
97470
5.23333
97794
5.26667
98088
5.3
98383
5.33333
98661
5.36667
98901
5.4
99193
5.43333
99421
5.46667
99733
5.5
100002
5.53333
100213
5.56667
100441
5.6
100708
5.63333
100956
5.66667
101190
5.7
101409
5.73333
101613
5.76667
101814
5.8
102054
5.83333
102283
5.86667
102494
5.9
102722
5.93333
102931
5.96667
103156
6
103380
6.03333
103585
6.06667
103799
6.1
104011
6.13333
104218
6.16667
104438
6.2
104642
6.23333
104863
6.26667
105053
6.3
105253
6.33333
105455
6.36667
105653
6.4
105832
6.43333
106043
6.46667
106239
6.5
106455
6.53333
106639
6.56667
106798
6.6
106965
6.63333
107144
6.66667
107320
6.7
107479
6.73333
107631
6.76667
107797
6.8
107971
6.83333
108129
6.86667
108292
6.9
108444
6.93333
108594
6.96667
108756
7
108910
7.03333
109081
7.06667
109216
7.1
109379
7.13333
109522
7.16667
109657
7.2
109819
7.23333
109980
7.26667
110136
7.3
110291
7.33333
110448
7.36667
110583
7.4
110728
7.43333
110876
7.46667
111026
7.5
111168
7.53333
111302
7.56667
111453
7.6
111577
7.63333
111694
7.66667
111837
7.7
111962
7.73333
112111
7.76667
112250
7.8
112399
7.83333
112547
7.86667
112699
7.9
112810
7.93333
112960
7.96667
113102
8
113236
8.03333
113391
8.06667
113550
8.1
113693
8.13333
113859
8.16667
114004
8.2
114139
8.23333
114267
8.26667
114397
8.3
114522
8.33333
114656
8.36667
114771
8.4
114887
8.43333
115023
8.46667
115142
8.5
115257
8.53333
115365
8.56667
115475
8.6
115593
8.63333
115690
8.66667
115776
8.7
115879
8.73333
115971
8.76667
116089
8.8
116185
8.83333
116270
8.86667
116383
8.9
116468
8.93333
116558
8.96667
116644
9
116719
9.03333
116811
9.06667
116895
9.1
116971
9.13333
117051
9.16667
117143
9.2
117215
9.23333
117316
9.26667
117404
9.3
117485
9.33333
117556
9.36667
117636
9.4
117707
9.43333
117795
9.46667
117869
9.5
117952
9.53333
118031
9.56667
118096
9.6
118171
9.63333
118261
9.66667
118336
9.7
118408
9.73333
118473
9.76667
118565
9.8
118644
9.83333
118727
9.86667
118807
9.9
118876
9.93333
118941
9.96667
119011
10
119071
10.0333
119123
10.0667
119198
10.1
119260
10.1333
119321
10.1667
119388
10.2
119440
10.2333
119516
10.2667
119586
10.3
119643
10.3333
119702
10.3667
119773
10.4
119833
10.4333
119903
10.4667
119968
10.5
120032
10.5333
120103
10.5667
120154
10.6
120227
10.6333
120283
10.6667
120334
10.7
120389
10.7333
120435
10.7667
120482
10.8
120532
10.8333
120578
10.8667
120641
10.9
120707
10.9333
120756
10.9667
120800
11
120847
11.0333
120913
11.0667
120969
11.1
121018
11.1333
121088
11.1667
121151
11.2
121215
11.2333
121285
11.2667
121344
11.3
121414
11.3333
121484
11.3667
121546
11.4
121614
11.4333
121671
11.4667
121735
11.5
121803
11.5333
121873
11.5667
121930
11.6
121997
11.6333
122064
11.6667
122119
11.7
122162
11.7333
122222
11.7667
122268
11.8
122321
11.8333
122377
11.8667
122432
11.9
122469
11.9333
122507
11.9667
122551
12
122591
12.0333
122631
12.0667
122669
12.1
122701
12.1333
122748
12.1667
122787
12.2
122823
12.2333
122861
12.2667
122886
12.3
122913
12.3333
122943
12.3667
122968
12.4
123004
12.4333
123042
12.4667
123073
12.5
123119
12.5333
123146
12.5667
123175
12.6
123214
12.6333
123251
12.6667
123285
12.7
123313
12.7333
123337
12.7667
123368
12.8
123391
12.8333
123425
12.8667
123455
12.9
123499
12.9333
123526
12.9667
123570
13
123599
13.0333
123640
13.0667
123670
13.1
123702
13.1333
123726
13.1667
123757
13.2
123779
13.2333
123808
13.2667
123836
13.3
123871
13.3333
123899
13.3667
123921
13.4
123956
13.4333
123985
13.4667
124019
13.5
124048
13.5333
124094
13.5667
124124
13.6
124161
13.6333
124192
13.6667
124232
13.7
124275
13.7333
124297
13.7667
124322
13.8
124349
13.8333
124389
13.8667
124415
13.9
124434
13.9333
124455
13.9667
124481
14
124516
14.0333
124539
14.0667
124566
14.1
124597
14.1333
124618
14.1667
124645
14.2
124675
14.2333
124701
14.2667
124739
14.3
124773
14.3333
124796
14.3667
124823
14.4
124843
14.4333
124865
14.4667
124879
14.5
124904
14.5333
124930
14.5667
124956
14.6
124988
14.6333
125003
14.6667
125025
14.7
125046
14.7333
125073
14.7667
125088
14.8
125111
14.8333
125142
14.8667
125172
14.9
125193
14.9333
125213
14.9667
125240
15
125266
15.0333
125286
15.0667
125302
15.1
125333
15.1333
125364
15.1667
125387
15.2
125407
15.2333
125425
15.2667
125445
15.3
125460
15.3333
125491
15.3667
125521
15.4
125543
15.4333
125567
15.4667
125593
15.5
125617
15.5333
125641
15.5667
125664
15.6
125683
15.6333
125713
15.6667
125735
15.7
125748
15.7333
125773
15.7667
125790
15.8
125812
15.8333
125829
15.8667
125847
15.9
125865
15.9333
125878
15.9667
125886
16
125911
16.0333
125929
16.0667
125954
16.1
125982
16.1333
125997
16.1667
126010
16.2
126031
16.2333
126046
16.2667
126057
16.3
126072
16.3333
126085
16.3667
126094
16.4
126103
16.4333
126115
16.4667
126135
16.5
126152
16.5333
126165
16.5667
126178
16.6
126190
16.6333
126202
16.6667
126209
16.7
126223
16.7333
126234
16.7667
126254
16.8
126271
16.8333
126294
16.8667
126305
16.9
126325
16.9333
126336
16.9667
126351
17
126365
17.0333
126378
17.0667
126390
17.1
126401
17.1333
126408
17.1667
126430
17.2
126441
17.2333
126456
17.2667
126465
17.3
126480
17.3333
126497
17.3667
126506
17.4
126528
17.4333
126542
17.4667
126557
17.5
126565
17.5333
126575
17.5667
126584
17.6
126596
17.6333
126608
17.6667
126617
17.7
126637
17.7333
126640
17.7667
126658
17.8
126665
17.8333
126683
17.8667
126698
17.9
126710
17.9333
126720
17.9667
126737
18
126742
18.0333
126753
18.0667
126767
18.1
126792
18.1333
126807
18.1667
126823
18.2
126844
18.2333
126859
18.2667
126880
18.3
126893
18.3333
126899
18.3667
126909
18.4
126917
18.4333
126930
18.4667
126942
18.5
126952
18.5333
126960
18.5667
126972
18.6
126979
18.6333
126988
18.6667
126989
18.7
127005
18.7333
127016
18.7667
127031
18.8
127044
18.8333
127058
18.8667
127076
18.9
127084
18.9333
127103
18.9667
127109
19
127120
19.0333
127133
19.0667
127144
19.1
127158
19.1333
127165
19.1667
127177
19.2
127187
19.2333
127199
19.2667
127207
19.3
127216
19.3333
127224
19.3667
127243
19.4
127247
19.4333
127253
19.4667
127257
19.5
127274
19.5333
127287
19.5667
127293
19.6
127298
19.6333
127305
19.6667
127307
19.7
127316
19.7333
127326
19.7667
127333
19.8
127343
19.8333
127353
19.8667
127363
19.9
127370
19.9333
127382
19.9667
127391
20
127399
