1787118935.407721
1787118935.874206
1787118936.336277
1787118936.797301
1787118937.254108
1787118937.712281
1787118938.171164
1787118938.622444
1787118939.070990
1787118939.524042
1787118939.969539
1787118940.419791
1787118940.867172
1787118941.314835
1787118941.762632
1787118942.208856
1787118942.661712
1787118943.119007
1787118943.563825
1787118944.017287
1787118944.479086
1787118944.926613
1787118945.376694
1787118945.828741
1787118946.274708
1787118946.728951
1787118947.186432
1787118947.647098
1787118948.112703
1787118948.578831
1787118949.043448
1787118949.503432
1787118949.972923
1787118950.450465
1787118950.916459
1787118951.389795
1787118951.865719
1787118952.348391
1787118952.831783
1787118953.313752
1787118953.801947
1787118954.288880
1787118954.770124
1787118955.256757
1787118955.748257
1787118956.246298
1787118956.741530
1787118957.239172
1787118957.732279
1787118958.232630
1787118958.731618
1787118959.227938
1787118959.730493
1787118960.247563
1787118960.756095
1787118961.272862
1787118961.784941
1787118962.302557
1787118962.814468
1787118963.331228
1787118963.840924
1787118964.360832
1787118964.882028
1787118965.390740
1787118965.916355
1787118966.454483
1787118966.978125
1787118967.502865
1787118968.035373
1787118968.572273
1787118969.103287
1787118969.641247
1787118970.175291
1787118970.714343
1787118971.246351
1787118971.767781
1787118972.298098
1787118972.829792
1787118973.356150
1787118973.894161
1787118974.433708
1787118974.987342
1787118975.545755
1787118976.101938
1787118976.639686
1787118977.179438
1787118977.725507
1787118978.276122
1787118978.829915
1787118979.375365
1787118979.931288
1787118980.515485
1787118981.100025
1787118981.655725
1787118982.226953
1787118982.770167
1787118983.313826
1787118983.861063
1787118984.403607
1787118984.945051
1787118985.505849
1787118986.205512
1787118986.793851
1787118987.337401
1787118987.885475
1787118988.429833
1787118988.972122
1787118989.496580
1787118990.096626
1787118990.635562
1787118991.169878
1787118991.717042
1787118992.335102
1787118992.891703
1787118993.455301
1787118994.011230
1787118994.617736
1787118995.218664
1787118995.803405
1787118996.371257
1787118996.932185
1787118997.496010
1787118998.048859
1787118998.632436
1787118999.301602
1787119000.007810
1787119000.686277
1787119001.319716
1787119001.965454
1787119002.591411
1787119003.215419
1787119003.820602
1787119004.421180
1787119005.019672
1787119005.779781
1787119006.465364
1787119007.158431
1787119007.807661
1787119008.475292
1787119009.121830
1787119009.797139
1787119010.446040
1787119011.138060
1787119011.827529
1787119012.477975
1787119013.233892
1787119013.937780
1787119014.599576
1787119015.264297
1787119016.137958
1787119016.991532
1787119017.844925
1787119018.661701
1787119019.462613
1787119020.276244
1787119021.081007
1787119021.803526
1787119022.543613
1787119023.236555
1787119023.925516
1787119024.624408
1787119025.298554
1787119025.982103
1787119026.661687
1787119027.339768
1787119028.025834
1787119028.747039
1787119029.426214
1787119030.123594
1787119030.796522
1787119031.473864
1787119032.176269
1787119032.894955
1787119033.578905
1787119034.273124
1787119034.969192
1787119035.647075
1787119036.314820
1787119036.989770
1787119037.691954
1787119038.358050
1787119039.021870
1787119039.685520
1787119040.347362
1787119041.031796
1787119041.678710
1787119042.337432
1787119043.011757
1787119043.679218
1787119044.349056
1787119045.019259
1787119045.685978
1787119046.333225
1787119046.975518
1787119047.630872
1787119048.289660
1787119049.336070
1787119050.086146
1787119050.801925
1787119051.555277
1787119052.298997
1787119053.034218
1787119053.774602
1787119054.519114
1787119055.273674
1787119056.028307
1787119056.762983
1787119057.502714
1787119058.215366
1787119058.981865
1787119059.731900
1787119060.517122
1787119061.278809
1787119062.017964
1787119062.788791
1787119063.527792
1787119064.249005
1787119065.011383
1787119065.712894
1787119066.468606
1787119067.255823
1787119068.712341
1787119069.482620
1787119070.199544
1787119071.127595
1787119071.936615
1787119072.619053
1787119073.380684
1787119074.166128
1787119074.912277
1787119075.814741
1787119076.574045
1787119077.299787
1787119078.033961
1787119078.762662
1787119079.501804
1787119080.253062
1787119081.025001
1787119081.733305
1787119082.400946
1787119083.044299
1787119083.684736
1787119084.299731
1787119085.469826
1787119086.348902
1787119087.084998
1787119087.820235
1787119088.498978
1787119089.124812
1787119089.737700
1787119090.362768
1787119090.975385
1787119091.576362
1787119092.168719
1787119092.777949
1787119093.376306
1787119093.989625
1787119094.599138
1787119095.205936
1787119095.830418
1787119096.430291
1787119097.022998
1787119097.628196
1787119098.203093
1787119098.793417
1787119099.391635
1787119099.986208
1787119100.570200
1787119101.157624
1787119101.761755
1787119102.368365
1787119102.955514
1787119103.599823
1787119104.185347
1787119104.757301
1787119105.337348
1787119105.914636
1787119106.485890
1787119107.067405
1787119107.634219
1787119108.201976
1787119108.769947
1787119109.367554
1787119109.984841
1787119110.609525
1787119111.220112
1787119111.829530
1787119112.444133
1787119113.056258
1787119113.670985
1787119114.250868
1787119114.839125
1787119115.443266
1787119116.058053
1787119116.663610
1787119117.251593
1787119117.830256
1787119118.422918
1787119119.014823
1787119119.604934
1787119120.189791
1787119120.781098
1787119121.383125
1787119121.977936
1787119122.581695
1787119123.185547
1787119123.778749
1787119124.370048
1787119124.952182
1787119125.549610
1787119126.140468
1787119126.730796
1787119127.310049
1787119127.889157
1787119128.486500
1787119129.078086
1787119129.670440
1787119130.256633
1787119130.853576
1787119131.443730
1787119132.050973
1787119132.630798
1787119133.218501
1787119133.814515
1787119134.408085
1787119135.016059
1787119135.649962
1787119136.237437
1787119136.831807
1787119137.435753
1787119138.033630
1787119138.613453
1787119139.187709
1787119139.763380
1787119140.345874
1787119140.924994
1787119141.490424
1787119142.050830
1787119142.619099
1787119143.183148
1787119143.749531
1787119144.320643
1787119144.894313
1787119145.463964
1787119146.029603
1787119146.587374
1787119147.153770
1787119147.720351
1787119148.286843
1787119148.855816
1787119149.418176
1787119150.013231
1787119150.580189
1787119151.160572
1787119151.744935
1787119152.323129
1787119152.921418
1787119153.514337
1787119154.113358
1787119154.702258
1787119155.274449
1787119155.860432
1787119156.434157
1787119157.026341
1787119157.620451
1787119158.204838
1787119158.782165
1787119159.358186
1787119159.942122
1787119160.518736
1787119161.089910
1787119161.675336
1787119162.253364
1787119162.829533
1787119163.406582
1787119163.996686
1787119164.573108
1787119165.152163
1787119165.731559
1787119166.299054
1787119166.870235
1787119167.440939
1787119168.014347
1787119168.594083
1787119169.181552
1787119169.742568
1787119170.314202
1787119170.920815
1787119171.521166
1787119172.130415
1787119172.721136
1787119173.288107
1787119173.879490
1787119174.471723
1787119175.038637
1787119175.627220
1787119176.199588
1787119176.761935
1787119177.358983
1787119177.940901
1787119178.511824
1787119179.090877
1787119179.669301
1787119180.262636
1787119180.838857
1787119181.407898
1787119181.988315
1787119182.571024
1787119183.159436
1787119183.728656
1787119184.302277
1787119184.883286
1787119185.471939
1787119186.030310
1787119186.596389
1787119187.164075
1787119187.737865
1787119188.316856
1787119188.907314
1787119189.489578
1787119190.067193
1787119190.650278
1787119191.254676
1787119191.840766
1787119192.410457
1787119192.970140
1787119193.552596
1787119194.166096
1787119194.769270
1787119195.351083
1787119195.954503
1787119196.543778
1787119197.108027
1787119197.674275
1787119198.284217
1787119198.877566
1787119199.455499
1787119200.055354
1787119200.645551
1787119201.231734
1787119201.809330
1787119202.382948
1787119202.971480
1787119203.570544
1787119204.175611
1787119204.787502
1787119205.387475
1787119205.989406
1787119206.606640
1787119207.193032
1787119207.775358
1787119208.378671
1787119208.995093
1787119209.573842
1787119210.177709
1787119210.783683
1787119211.358078
1787119211.938646
1787119212.510560
1787119213.087026
1787119213.684627
1787119214.280756
1787119214.869427
1787119215.439016
1787119216.025929
1787119216.596157
1787119217.182743
1787119217.794205
1787119218.469454
1787119219.223819
1787119219.858903
1787119220.520791
1787119221.558685
1787119223.320759
1787119224.044273
1787119224.775899
1787119226.362015
1787119227.597056
1787119229.566503
1787119230.282238
1787119231.556875
1787119233.654341
1787119234.560758
1787119236.949084
1787119238.231484
1787119239.094281
1787119240.295688
1787119241.527656
1787119243.796772
1787119244.534823
1787119245.934636
1787119247.685649
1787119248.690574
1787119251.473060
1787119253.008705
1787119255.555094
1787119256.518970
1787119259.313720
1787119260.185981
1787119262.042072
1787119264.351645
1787119265.204859
1787119268.375849
1787119270.447432
1787119271.954422
1787119274.388324
1787119275.153547
1787119276.120015
1787119280.134426
1787119280.887461
1787119281.733357
1787119282.787853
1787119284.031853
1787119286.414556
1787119287.276795
1787119290.176377
1787119290.965418
1787119292.590042
1787119294.953444
1787119296.077770
1787119299.032806
1787119301.021785
1787119303.329734
1787119304.510492
1787119305.684441
1787119308.996995
1787119309.789872
1787119312.758793
1787119313.926678
1787119316.905740
1787119317.676072
1787119320.566143
1787119321.549965
1787119322.678139
1787119324.107377
1787119326.626178
1787119327.480658
1787119331.748437
1787119335.925043
1787119341.341161
1787119347.832458
1787119354.061133
1787119359.908020
1787119364.955159
1787119366.514855
1787119367.595814
1787119370.772720
1787119374.266797
1787119375.380767
1787119378.516161
1787119379.531426
1787119382.468290
1787119383.886622
1787119385.346834
1787119386.281415
1787119388.866607
1787119389.693608
1787119391.455457
1787119393.511204
1787119394.376604
1787119397.238138
1787119397.970687
1787119398.754917
1787119402.261350
1787119403.089288
1787119406.109782
1787119406.867117
1787119407.585802
1787119408.383690
1787119409.206937
1787119409.995894
1787119412.510779
1787119413.299820
1787119414.117484
1787119416.652734
1787119417.440527
1787119418.195127
1787119419.023434
1787119419.800335
1787119422.643521
1787119423.391845
1787119424.485749
1787119425.376780
1787119426.203713
1787119429.651474
1787119430.432874
1787119431.359030
1787119432.177105
1787119433.050485
1787119435.510317
1787119436.531940
1787119439.441368
1787119440.313051
1787119441.311955
1787119442.340152
1787119445.228795
1787119446.637335
1787119448.557822
1787119450.086183
1787119451.539886
1787119452.575004
