1787113998.586932
1787113998.702514
1787113998.816862
1787113998.933474
1787113999.050438
1787113999.167407
1787113999.285010
1787113999.402946
1787113999.530499
1787113999.652676
1787113999.771940
1787113999.891882
1787114000.011935
1787114000.133833
1787114000.253142
1787114000.391122
1787114000.513704
1787114000.633314
1787114000.754046
1787114000.873959
1787114000.995103
1787114001.115835
1787114001.233851
1787114001.354270
1787114001.471627
1787114001.594303
1787114001.726177
1787114001.848321
1787114001.969826
1787114002.089322
1787114002.210756
1787114002.331178
1787114002.452586
1787114002.572651
1787114002.693475
1787114002.814147
1787114002.933894
1787114003.056850
1787114003.180667
1787114003.301765
1787114003.422851
1787114003.540823
1787114003.657643
1787114003.802020
1787114003.919894
1787114004.037689
1787114004.171959
1787114004.304808
1787114004.428230
1787114004.550904
1787114004.677347
1787114004.802382
1787114004.927358
1787114005.053937
1787114005.178663
1787114005.303061
1787114005.427012
1787114005.549476
1787114005.668199
1787114005.789361
1787114005.920053
1787114006.043220
1787114006.167804
1787114006.294465
1787114006.420787
1787114006.551917
1787114006.678548
1787114006.805274
1787114006.934866
1787114007.064545
1787114007.193626
1787114007.320385
1787114007.452465
1787114007.585549
1787114007.708811
1787114007.835662
1787114007.959284
1787114008.115748
1787114008.250841
1787114008.401708
1787114008.533955
1787114008.665648
1787114008.798791
1787114008.931782
1787114009.065457
1787114009.200323
1787114009.333095
1787114009.465451
1787114009.596853
1787114009.724530
1787114009.851351
1787114009.979207
1787114010.110098
1787114010.239496
1787114010.367303
1787114010.496353
1787114010.626291
1787114010.754617
1787114010.884036
1787114011.011992
1787114011.142487
1787114011.280904
1787114011.418875
1787114011.569860
1787114011.703556
1787114011.843472
1787114011.977123
1787114012.111537
1787114012.244620
1787114012.378493
1787114012.510518
1787114012.643525
1787114012.776581
1787114012.910234
1787114013.045568
1787114013.180485
1787114013.321851
1787114013.458363
1787114013.594742
1787114013.732718
1787114013.873604
1787114014.009625
1787114014.145385
1787114014.282568
1787114014.426526
1787114014.572990
1787114014.708601
1787114014.845433
1787114014.987326
1787114015.128636
1787114015.272744
1787114015.438219
1787114015.574520
1787114015.710058
1787114015.855284
1787114016.004193
1787114016.149687
1787114016.289670
1787114016.428312
1787114016.570542
1787114016.714145
1787114016.853370
1787114016.995149
1787114017.173390
1787114017.330143
1787114017.486109
1787114017.641746
1787114017.792981
1787114017.948483
1787114018.101742
1787114018.258149
1787114018.409666
1787114018.557776
1787114018.711996
1787114018.863095
1787114019.011844
1787114019.184984
1787114019.374594
1787114019.535654
1787114019.701570
1787114019.869498
1787114020.030615
1787114020.194602
1787114020.359977
1787114020.517125
1787114020.682017
1787114020.844475
1787114021.000156
1787114021.164536
1787114021.329235
1787114021.497494
1787114021.656803
1787114021.820069
1787114021.991948
1787114022.167738
1787114022.322149
1787114022.481984
1787114022.645972
1787114022.807656
1787114022.972163
1787114023.135820
1787114023.299383
1787114023.471187
1787114023.664475
1787114023.825808
1787114023.991111
1787114024.149062
1787114024.306697
1787114024.471476
1787114024.628713
1787114024.781842
1787114024.938896
1787114025.097050
1787114025.254025
1787114025.408694
1787114025.565973
1787114025.726812
1787114025.885639
1787114026.042317
1787114026.203454
1787114026.363701
1787114026.518471
1787114026.674107
1787114026.830133
1787114026.988894
1787114027.147755
1787114027.322014
1787114027.476131
1787114027.636364
1787114027.794565
1787114027.949191
1787114028.105448
1787114028.259423
1787114028.411324
1787114028.563221
1787114028.715367
1787114028.867906
1787114029.023670
1787114029.180006
1787114029.337277
1787114029.492466
1787114029.649999
1787114029.807394
1787114029.959857
1787114030.115766
1787114030.267360
1787114030.425722
1787114030.581651
1787114030.733636
1787114030.897167
1787114031.057006
1787114031.220484
1787114031.384765
1787114031.569558
1787114031.719160
1787114031.871002
1787114032.022628
1787114032.171231
1787114032.320830
1787114032.474205
1787114032.632571
1787114032.782409
1787114032.933317
1787114033.100482
1787114033.260440
1787114033.417800
1787114033.576001
1787114033.733111
1787114033.892359
1787114034.052635
1787114034.215419
1787114034.394744
1787114034.543269
1787114034.702108
1787114034.857140
1787114035.008129
1787114035.160577
1787114035.298551
1787114035.437416
1787114035.584681
1787114035.727766
1787114035.872971
1787114036.018222
1787114036.163059
1787114036.303759
1787114036.454007
1787114036.594105
1787114036.738993
1787114036.882836
1787114037.025569
1787114037.168354
1787114037.313985
1787114037.459843
1787114037.602470
1787114037.753217
1787114037.920557
1787114038.075590
1787114038.221965
1787114038.366863
1787114038.510985
1787114038.656687
1787114038.797606
1787114038.943984
1787114039.087918
1787114039.231808
1787114039.374587
1787114039.516719
1787114039.659041
1787114039.803548
1787114039.948025
1787114040.112279
1787114040.269821
1787114040.420706
1787114040.565201
1787114040.708567
1787114040.851995
1787114040.992602
1787114041.141476
1787114041.297642
1787114041.447114
1787114041.599546
1787114041.747536
1787114041.901765
1787114042.059504
1787114042.231809
1787114042.379439
1787114042.543746
1787114042.713677
1787114042.877918
1787114043.044352
1787114043.237382
1787114043.428864
1787114043.580126
1787114043.734612
1787114043.891799
1787114044.046104
1787114044.209344
1787114044.364973
1787114044.506283
1787114044.647592
1787114044.791018
1787114044.932907
1787114045.075423
1787114045.217829
1787114045.358002
1787114045.498718
1787114045.643424
1787114045.787194
1787114045.932287
1787114046.081064
1787114046.229359
1787114046.379597
1787114046.525482
1787114046.671531
1787114046.817413
1787114046.961734
1787114047.103324
1787114047.249677
1787114047.396621
1787114047.541948
1787114047.690261
1787114047.834433
1787114047.981799
1787114048.131163
1787114048.279040
1787114048.426512
1787114048.573482
1787114048.722156
1787114048.868750
1787114049.014870
1787114049.164217
1787114049.314609
1787114049.471984
1787114049.646708
1787114049.809386
1787114049.968323
1787114050.127332
1787114050.301159
1787114050.466658
1787114050.623559
1787114050.777011
1787114050.935342
1787114051.104145
1787114051.283315
1787114051.440441
1787114051.595135
1787114051.752023
1787114051.907261
1787114052.078618
1787114052.235219
1787114052.390912
1787114052.545441
1787114052.701603
1787114052.896803
1787114053.057558
1787114053.224483
1787114053.384292
1787114053.538408
1787114053.695110
1787114053.858841
1787114054.011355
1787114054.164653
1787114054.318880
1787114054.474332
1787114054.629261
1787114054.780512
1787114054.931908
1787114055.084449
1787114055.238112
1787114055.390968
1787114055.544973
1787114055.701126
1787114055.854521
1787114056.008273
1787114056.162711
1787114056.317498
1787114056.472657
1787114056.642330
1787114056.796953
1787114056.950495
1787114057.102661
1787114057.255888
1787114057.407555
1787114057.559292
1787114057.714958
1787114057.868157
1787114058.019522
1787114058.169801
1787114058.319773
1787114058.468993
1787114058.618133
1787114058.769414
1787114058.918316
1787114059.072407
1787114059.221742
1787114059.373071
1787114059.520881
1787114059.672820
1787114059.824426
1787114059.977757
1787114060.130567
1787114060.298928
1787114060.457636
1787114060.608205
1787114060.758043
1787114060.907907
1787114061.057938
1787114061.212173
1787114061.364876
1787114061.513541
1787114061.662336
1787114061.817970
1787114061.973193
1787114062.128799
1787114062.282595
1787114062.432206
1787114062.585101
1787114062.740457
1787114062.891471
1787114063.041977
1787114063.192685
1787114063.344264
1787114063.494859
1787114063.648006
1787114063.815491
1787114063.969195
1787114064.121842
1787114064.276231
1787114064.429219
1787114064.583787
1787114064.740006
1787114064.893328
1787114065.045670
1787114065.199841
1787114065.354427
1787114065.506577
1787114065.658317
1787114065.810642
1787114065.966684
1787114066.125524
1787114066.282118
1787114066.435399
1787114066.587044
1787114066.742528
1787114066.895404
1787114067.048654
1787114067.218760
1787114067.374721
1787114067.526572
1787114067.681476
1787114067.834083
1787114067.984215
1787114068.138658
1787114068.292511
1787114068.448386
1787114068.603556
1787114068.757575
1787114068.911142
1787114069.065896
1787114069.219827
1787114069.374267
1787114069.527469
1787114069.684898
1787114069.841882
1787114069.999645
1787114070.157279
1787114070.311473
1787114070.465691
1787114070.619137
1787114070.794841
1787114070.948585
1787114071.104455
1787114071.260115
1787114071.412942
1787114071.567698
1787114071.722231
1787114071.878949
1787114072.031990
1787114072.190903
1787114072.345176
1787114072.501287
1787114072.656128
1787114072.809344
1787114072.963514
1787114073.119688
1787114073.275187
1787114073.429587
1787114073.582497
1787114073.739372
1787114073.894443
1787114074.057999
1787114074.223860
1787114074.386629
1787114074.540285
1787114074.692755
1787114074.847345
1787114075.000752
1787114075.156038
1787114075.310040
1787114075.463676
1787114075.616637
1787114075.770900
1787114075.924620
1787114076.081146
1787114076.234327
1787114076.386238
1787114076.536986
1787114076.690995
1787114076.844476
1787114076.997274
1787114077.150371
1787114077.300051
1787114077.453587
1787114077.630279
1787114077.785080
1787114077.939175
1787114078.095377
1787114078.253053
1787114078.409624
1787114078.568306
1787114078.724171
1787114078.875644
1787114079.029390
1787114079.179046
1787114079.329179
1787114079.479561
1787114079.632498
1787114079.784396
1787114079.934581
1787114080.085427
1787114080.234709
1787114080.387132
1787114080.536381
1787114080.686220
1787114080.837894
1787114080.987580
1787114081.160403
1787114081.312852
1787114081.461201
1787114081.611238
1787114081.760831
1787114081.915436
1787114082.069102
1787114082.225832
1787114082.378479
1787114082.525741
1787114082.675603
1787114082.836046
1787114082.990157
1787114083.145670
1787114083.295188
1787114083.442424
1787114083.596668
1787114083.748750
1787114083.901205
1787114084.054622
1787114084.206586
1787114084.355130
1787114084.522786
1787114084.675701
1787114084.829262
1787114084.976994
1787114085.126224
1787114085.275658
1787114085.421478
1787114085.568203
1787114085.713281
1787114085.876437
1787114086.035877
1787114086.188571
1787114086.340150
1787114086.492064
1787114086.644831
1787114086.796291
1787114086.939491
1787114087.097066
1787114087.247356
1787114087.396189
1787114087.548397
1787114087.696178
1787114087.839846
