1787116617.667416
1787116617.916360
1787116618.166041
1787116618.412528
1787116618.666859
1787116618.918710
1787116619.159464
1787116619.399960
1787116619.646231
1787116619.915576
1787116620.169574
1787116620.427655
1787116620.686058
1787116620.951917
1787116621.195903
1787116621.438820
1787116621.684906
1787116621.938833
1787116622.179062
1787116622.419261
1787116622.660331
1787116622.906996
1787116623.163135
1787116623.420104
1787116623.675322
1787116623.931062
1787116624.198535
1787116624.461692
1787116624.720723
1787116624.981016
1787116625.235269
1787116625.480200
1787116625.723777
1787116625.968138
1787116626.236519
1787116626.483603
1787116626.728765
1787116626.988495
1787116627.249821
1787116627.514009
1787116627.779589
1787116628.044405
1787116628.306557
1787116628.560938
1787116628.815106
1787116629.082953
1787116629.342631
1787116629.597871
1787116629.850216
1787116630.101839
1787116630.357968
1787116630.600139
1787116630.845783
1787116631.113549
1787116631.358414
1787116631.605836
1787116631.850860
1787116632.094888
1787116632.343523
1787116632.585063
1787116632.874667
1787116633.145543
1787116633.394027
1787116633.643838
1787116633.890535
1787116634.142852
1787116634.399627
1787116634.656867
1787116634.906910
1787116635.153971
1787116635.408349
1787116635.659265
1787116635.915080
1787116636.168424
1787116636.420225
1787116636.675796
1787116636.935137
1787116637.190718
1787116637.444286
1787116637.702199
1787116637.959627
1787116638.215195
1787116638.469802
1787116638.724235
1787116638.982749
1787116639.242605
1787116639.498832
1787116639.756721
1787116640.012372
1787116640.269196
1787116640.524600
1787116640.777777
1787116641.035777
1787116641.292079
1787116641.546918
1787116641.808152
1787116642.074783
1787116642.357116
1787116642.629370
1787116642.909694
1787116643.191268
1787116643.508916
1787116643.793124
1787116644.069332
1787116644.335828
1787116644.600305
1787116644.870969
1787116645.135415
1787116645.395308
1787116645.661250
1787116645.930183
1787116646.186959
1787116646.440391
1787116646.697931
1787116646.957557
1787116647.211416
1787116647.463997
1787116647.718089
1787116647.993843
1787116648.250817
1787116648.513153
1787116648.777129
1787116649.045809
1787116649.305860
1787116649.569214
1787116649.833133
1787116650.119151
1787116650.391821
1787116650.654485
1787116650.931396
1787116651.213285
1787116651.484831
1787116651.753864
1787116652.020873
1787116652.290988
1787116652.567078
1787116652.853716
1787116653.147673
1787116653.448856
1787116653.782925
1787116654.123318
1787116654.456016
1787116654.766411
1787116655.088143
1787116655.398809
1787116655.705806
1787116656.009810
1787116656.311666
1787116656.619571
1787116656.933062
1787116657.265681
1787116657.588843
1787116657.965761
1787116658.331585
1787116658.699276
1787116659.058181
1787116659.413741
1787116659.755531
1787116660.110114
1787116660.475149
1787116660.832390
1787116661.198632
1787116661.555272
1787116661.927456
1787116662.285891
1787116662.663805
1787116663.039301
1787116663.430809
1787116663.763851
1787116664.094640
1787116664.420031
1787116664.746125
1787116665.080215
1787116665.412179
1787116665.750899
1787116666.076249
1787116666.402523
1787116666.727836
1787116667.060888
1787116667.386836
1787116667.712408
1787116668.055699
1787116668.397310
1787116668.730257
1787116669.068371
1787116669.397126
1787116669.729953
1787116670.073006
1787116670.410064
1787116670.750987
1787116671.103053
1787116671.455093
1787116671.791396
1787116672.147997
1787116672.497514
1787116672.847096
1787116673.204615
1787116673.546706
1787116673.873253
1787116674.194614
1787116674.514104
1787116674.826030
1787116675.137515
1787116675.455300
1787116675.767543
1787116676.090157
1787116676.406534
1787116676.713125
1787116677.026488
1787116677.344631
1787116677.662044
1787116677.970208
1787116678.283497
1787116678.594527
1787116678.893970
1787116679.201301
1787116679.512962
1787116679.826357
1787116680.134195
1787116680.440081
1787116680.742132
1787116681.053682
1787116681.357152
1787116681.660836
1787116681.960464
1787116682.270875
1787116682.576094
1787116682.889353
1787116683.198252
1787116683.507732
1787116683.815161
1787116684.118983
1787116684.422723
1787116684.743938
1787116685.054997
1787116685.362775
1787116685.673011
1787116685.986101
1787116686.296586
1787116686.603668
1787116686.911772
1787116687.218656
1787116687.527472
1787116687.832087
1787116688.141655
1787116688.447154
1787116688.750753
1787116689.060755
1787116689.366790
1787116689.675980
1787116689.983549
1787116690.293743
1787116690.604923
1787116690.919021
1787116691.237193
1787116691.552213
1787116691.860564
1787116692.155174
1787116692.449107
1787116692.738100
1787116693.037620
1787116693.334941
1787116693.632556
1787116693.930560
1787116694.211792
1787116694.500154
1787116694.784942
1787116695.071864
1787116695.354706
1787116695.646971
1787116695.941001
1787116696.242720
1787116696.534906
1787116696.832316
1787116697.138000
1787116697.472589
1787116697.794252
1787116698.129111
1787116698.464923
1787116698.776352
1787116699.106012
1787116699.431314
1787116699.753217
1787116700.077875
1787116700.419438
1787116700.764097
1787116701.090039
1787116701.424122
1787116701.748790
1787116702.072560
1787116702.396556
1787116702.724935
1787116703.051924
1787116703.369356
1787116703.688928
1787116704.023497
1787116704.341080
1787116704.657903
1787116704.972955
1787116705.286441
1787116705.586179
1787116705.885181
1787116706.178725
1787116706.476299
1787116706.772368
1787116707.078844
1787116707.380126
1787116707.676556
1787116707.971775
1787116708.268214
1787116708.560458
1787116708.856921
1787116709.156095
1787116709.449641
1787116709.747238
1787116710.041643
1787116710.337251
1787116710.624927
1787116710.914835
1787116711.199727
1787116711.481179
1787116711.763052
1787116712.056284
1787116712.350517
1787116712.653373
1787116713.005905
1787116713.301268
1787116713.583209
1787116713.874440
1787116714.165652
1787116714.467521
1787116714.775224
1787116715.076048
1787116715.384919
1787116715.679626
1787116715.973181
1787116716.262198
1787116716.545939
1787116716.823478
1787116717.108203
1787116717.396478
1787116717.679954
1787116717.963834
1787116718.246763
1787116718.528117
1787116718.807620
1787116719.088231
1787116719.362101
1787116719.640144
1787116719.914784
1787116720.190540
1787116720.492892
1787116720.789860
1787116721.083995
1787116721.379001
1787116721.676505
1787116721.972152
1787116722.263060
1787116722.553774
1787116722.850569
1787116723.145902
1787116723.450629
1787116723.761138
1787116724.064051
1787116724.370358
1787116724.681822
1787116724.986319
1787116725.292010
1787116725.596239
1787116725.904525
1787116726.216809
1787116726.520522
1787116726.829918
1787116727.131023
1787116727.439223
1787116727.742704
1787116728.028272
1787116728.309154
1787116728.589395
1787116728.874869
1787116729.167839
1787116729.441221
1787116729.710820
1787116729.986295
1787116730.255265
1787116730.521898
1787116730.790430
1787116731.079834
1787116731.358809
1787116731.640759
1787116731.924538
1787116732.209363
1787116732.472925
1787116732.736605
1787116733.008949
1787116733.285907
1787116733.559187
1787116733.835795
1787116734.101128
1787116734.373761
1787116734.663724
1787116734.952993
1787116735.232649
1787116735.534666
1787116735.808529
1787116736.086065
1787116736.370589
1787116736.666489
1787116736.948335
1787116737.234938
1787116737.519800
1787116737.791299
1787116738.063190
1787116738.342150
1787116738.624788
1787116738.905803
1787116739.189322
1787116739.469142
1787116739.757908
1787116740.050943
1787116740.324731
1787116740.600560
1787116740.875319
1787116741.150182
1787116741.434306
1787116741.714284
1787116741.996419
1787116742.280092
1787116742.568260
1787116742.851026
1787116743.140096
1787116743.422179
1787116743.711086
1787116743.994136
1787116744.265027
1787116744.554858
1787116744.837400
1787116745.115360
1787116745.399802
1787116745.677462
1787116745.961609
1787116746.235950
1787116746.519103
1787116746.800476
1787116747.080823
1787116747.378497
1787116747.660967
1787116747.950302
1787116748.236923
1787116748.517968
1787116748.795439
1787116749.073772
1787116749.356984
1787116749.632984
1787116749.914026
1787116750.194749
1787116750.483270
1787116750.759974
1787116751.039217
1787116751.334671
1787116751.633754
1787116751.927595
1787116752.210090
1787116752.499682
1787116752.778682
1787116753.074669
1787116753.362613
1787116753.645713
1787116753.928707
1787116754.208284
1787116754.500921
1787116754.784109
1787116755.066998
1787116755.354936
1787116755.639097
1787116755.911263
1787116756.184651
1787116756.458083
1787116756.733303
1787116757.019422
1787116757.295368
1787116757.573101
1787116757.858287
1787116758.146805
1787116758.426546
1787116758.712287
1787116759.004267
1787116759.292739
1787116759.580148
1787116759.877515
1787116760.157966
1787116760.436292
1787116760.714961
1787116760.996810
1787116761.278502
1787116761.558244
1787116761.844280
1787116762.123576
1787116762.408537
1787116762.688310
1787116762.963042
1787116763.242038
1787116763.517039
1787116763.809971
1787116764.112563
1787116764.413338
1787116764.719264
1787116765.002457
1787116765.305070
1787116765.625903
1787116765.919434
1787116766.212107
1787116766.505466
1787116766.802087
1787116767.097425
1787116767.390643
1787116767.674995
1787116767.969295
1787116768.259571
1787116768.555182
1787116768.861424
1787116769.167947
1787116769.464988
1787116769.759319
1787116770.062540
1787116770.354601
1787116770.639025
1787116770.927442
1787116771.210019
1787116771.489805
1787116771.773828
1787116772.059570
1787116772.355692
1787116772.642720
1787116772.930875
1787116773.232860
1787116773.528697
1787116773.827824
1787116774.120377
1787116774.408650
1787116774.696776
1787116774.995357
1787116775.283241
1787116775.573867
1787116775.864595
1787116776.149886
1787116776.440185
1787116776.718493
1787116777.016288
1787116777.301390
1787116777.583743
1787116777.867285
1787116778.153957
1787116778.439878
1787116778.728312
1787116779.003144
1787116779.286064
1787116779.574622
1787116779.852467
1787116780.125908
1787116780.399962
1787116780.672519
1787116780.939550
1787116781.212298
1787116781.481759
1787116781.760313
1787116782.037245
1787116782.325150
1787116782.603744
1787116782.885151
1787116783.161590
1787116783.429235
1787116783.693793
1787116783.965943
1787116784.231554
1787116784.508410
1787116784.778158
1787116785.052926
1787116785.325271
1787116785.593541
1787116785.871155
1787116786.149503
1787116786.429998
1787116786.697124
1787116786.967669
1787116787.241005
1787116787.511278
1787116787.784781
1787116788.059005
1787116788.340862
1787116788.617793
1787116788.893292
1787116789.177389
1787116789.448592
1787116789.720267
1787116789.995599
1787116790.278975
1787116790.556604
1787116790.827100
1787116791.104508
1787116791.369267
