1787113798.485377
1787113798.513230
1787113798.539598
1787113798.565663
1787113798.592296
1787113798.617852
1787113798.644821
1787113798.670901
1787113798.697535
1787113798.724835
1787113798.751855
1787113798.778681
1787113798.805309
1787113798.831641
1787113798.858488
1787113798.884735
1787113798.911693
1787113798.938451
1787113798.965733
1787113798.992834
1787113799.019372
1787113799.046643
1787113799.073958
1787113799.100470
1787113799.126970
1787113799.153380
1787113799.180145
1787113799.207671
1787113799.235145
1787113799.262529
1787113799.289142
1787113799.315634
1787113799.346096
1787113799.374983
1787113799.402421
1787113799.430178
1787113799.458118
1787113799.486248
1787113799.513921
1787113799.541727
1787113799.569770
1787113799.596936
1787113799.624024
1787113799.651569
1787113799.678802
1787113799.706044
1787113799.733006
1787113799.761574
1787113799.789174
1787113799.818099
1787113799.846243
1787113799.874957
1787113799.902644
1787113799.930351
1787113799.958509
1787113799.988432
1787113800.015506
1787113800.042774
1787113800.069142
1787113800.095444
1787113800.122706
1787113800.148604
1787113800.175408
1787113800.202509
1787113800.230428
1787113800.257142
1787113800.283102
1787113800.309326
1787113800.335220
1787113800.361948
1787113800.387902
1787113800.414769
1787113800.441316
1787113800.467355
1787113800.494330
1787113800.523085
1787113800.550514
1787113800.577413
1787113800.604688
1787113800.632685
1787113800.660363
1787113800.687723
1787113800.714530
1787113800.741822
1787113800.769374
1787113800.799565
1787113800.828136
1787113800.857723
1787113800.885379
1787113800.912444
1787113800.942880
1787113800.973350
1787113801.002466
1787113801.033147
1787113801.060833
1787113801.087809
1787113801.119401
1787113801.145963
1787113801.172774
1787113801.199380
1787113801.228963
1787113801.266578
1787113801.303933
1787113801.334726
1787113801.365114
1787113801.392399
1787113801.419818
1787113801.446503
1787113801.473118
1787113801.502002
1787113801.529622
1787113801.556914
1787113801.585785
1787113801.612201
1787113801.638501
1787113801.664387
1787113801.690509
1787113801.717490
1787113801.743515
1787113801.770757
1787113801.798025
1787113801.825494
1787113801.853471
1787113801.879200
1787113801.905682
1787113801.933130
1787113801.959716
1787113801.986688
1787113802.012687
1787113802.039792
1787113802.065917
1787113802.092511
1787113802.119756
1787113802.146091
1787113802.173309
1787113802.199409
1787113802.225877
1787113802.253608
1787113802.280497
1787113802.308764
1787113802.336270
1787113802.365901
1787113802.395470
1787113802.423269
1787113802.450451
1787113802.477271
1787113802.504012
1787113802.530921
1787113802.559998
1787113802.586437
1787113802.613480
1787113802.640372
1787113802.667843
1787113802.694845
1787113802.722008
1787113802.749604
1787113802.777708
1787113802.807408
1787113802.837066
1787113802.866700
1787113802.895283
1787113802.924280
1787113802.953729
1787113802.985090
1787113803.014573
1787113803.042786
1787113803.071131
1787113803.098905
1787113803.127877
1787113803.156461
1787113803.185215
1787113803.214938
1787113803.244328
1787113803.274524
1787113803.306441
1787113803.336607
1787113803.367477
1787113803.396661
1787113803.427814
1787113803.457319
1787113803.486237
1787113803.515748
1787113803.544547
1787113803.574131
1787113803.603337
1787113803.631998
1787113803.660928
1787113803.688895
1787113803.717343
1787113803.745746
1787113803.774384
1787113803.804631
1787113803.833632
1787113803.862823
1787113803.891392
1787113803.919811
1787113803.948787
1787113803.977553
1787113804.005759
1787113804.033979
1787113804.063363
1787113804.091960
1787113804.121017
1787113804.150294
1787113804.179367
1787113804.208461
1787113804.237263
1787113804.266445
1787113804.295883
1787113804.324740
1787113804.353173
1787113804.383624
1787113804.413085
1787113804.441465
1787113804.471517
1787113804.502108
1787113804.531643
1787113804.561556
1787113804.591874
1787113804.622387
1787113804.651402
1787113804.680429
1787113804.710003
1787113804.740204
1787113804.769516
1787113804.797371
1787113804.825153
1787113804.853256
1787113804.881603
1787113804.909261
1787113804.937248
1787113804.965584
1787113804.993623
1787113805.023119
1787113805.051385
1787113805.078756
1787113805.106571
1787113805.134704
1787113805.162107
1787113805.189918
1787113805.217400
1787113805.244392
1787113805.271962
1787113805.299827
1787113805.327756
1787113805.354907
1787113805.382658
1787113805.409955
1787113805.437462
1787113805.465813
1787113805.493791
1787113805.521667
1787113805.549656
1787113805.577057
1787113805.604306
1787113805.632390
1787113805.660510
1787113805.688554
1787113805.715882
1787113805.743856
1787113805.771779
1787113805.799448
1787113805.827143
1787113805.854594
1787113805.881600
1787113805.909008
1787113805.937336
1787113805.965103
1787113805.992897
1787113806.020481
1787113806.047824
1787113806.076287
1787113806.104476
1787113806.131845
1787113806.159590
1787113806.186990
1787113806.214947
1787113806.243052
1787113806.270818
1787113806.298578
1787113806.326418
1787113806.353799
1787113806.381784
1787113806.410253
1787113806.438880
1787113806.468850
1787113806.498719
1787113806.530235
1787113806.561967
1787113806.592060
1787113806.621068
1787113806.651073
1787113806.681676
1787113806.711497
1787113806.742165
1787113806.772407
1787113806.802482
1787113806.832980
1787113806.862960
1787113806.892514
1787113806.922057
1787113806.952442
1787113806.981777
1787113807.010891
1787113807.040025
1787113807.069723
1787113807.099525
1787113807.127887
1787113807.156327
1787113807.185342
1787113807.214622
1787113807.242953
1787113807.272088
1787113807.300745
1787113807.328896
1787113807.357269
1787113807.385640
1787113807.413927
1787113807.442490
1787113807.472355
1787113807.501266
1787113807.529920
1787113807.558590
1787113807.587135
1787113807.615019
1787113807.643397
1787113807.672217
1787113807.701396
1787113807.730481
1787113807.759887
1787113807.788002
1787113807.816715
1787113807.845317
1787113807.873544
1787113807.901898
1787113807.930073
1787113807.960752
1787113807.989973
1787113808.018371
1787113808.047047
1787113808.075577
1787113808.103685
1787113808.131731
1787113808.159700
1787113808.188493
1787113808.216565
1787113808.244948
1787113808.273720
1787113808.302240
1787113808.330904
1787113808.358928
1787113808.386999
1787113808.416100
1787113808.444444
1787113808.473096
1787113808.501815
1787113808.530235
1787113808.559487
1787113808.588377
1787113808.617075
1787113808.645791
1787113808.674448
1787113808.703565
1787113808.732489
1787113808.761495
1787113808.790193
1787113808.818680
1787113808.847178
1787113808.876132
1787113808.905058
1787113808.933681
1787113808.962617
1787113808.993353
1787113809.024273
1787113809.054502
1787113809.083923
1787113809.113384
1787113809.142948
1787113809.172144
1787113809.201327
1787113809.231154
1787113809.260475
1787113809.289607
1787113809.319154
1787113809.350103
1787113809.380476
1787113809.411589
1787113809.442927
1787113809.474779
1787113809.507680
1787113809.539771
1787113809.572051
1787113809.618988
1787113809.654455
1787113809.688638
1787113809.727913
1787113809.760680
1787113809.791806
1787113809.823485
1787113809.856029
1787113809.887935
1787113809.918343
1787113809.948741
1787113809.978714
1787113810.009448
1787113810.041567
1787113810.073399
1787113810.104171
1787113810.134876
1787113810.165820
1787113810.195171
1787113810.226789
1787113810.256715
1787113810.286819
1787113810.318923
1787113810.353105
1787113810.385181
1787113810.418376
1787113810.450369
1787113810.482127
1787113810.514177
1787113810.545573
1787113810.579742
1787113810.613528
1787113810.649050
1787113810.685875
1787113810.724707
1787113810.756019
1787113810.787887
1787113810.818957
1787113810.849625
1787113810.881331
1787113810.912187
1787113810.942947
1787113810.974202
1787113811.006075
1787113811.037231
1787113811.068723
1787113811.099053
1787113811.129230
1787113811.160096
1787113811.190254
1787113811.220983
1787113811.252162
1787113811.283380
1787113811.313993
1787113811.344229
1787113811.373935
1787113811.404700
1787113811.434425
1787113811.464430
1787113811.494624
1787113811.525248
1787113811.557784
1787113811.591125
1787113811.624560
1787113811.657545
1787113811.690825
1787113811.731935
1787113811.772734
1787113811.804809
1787113811.836426
1787113811.869262
1787113811.901012
1787113811.931033
1787113811.961149
1787113811.991205
1787113812.021390
1787113812.051265
1787113812.082115
1787113812.112585
1787113812.142529
1787113812.171890
1787113812.201836
1787113812.231192
1787113812.261337
1787113812.291827
1787113812.321960
1787113812.352140
1787113812.382550
1787113812.412397
1787113812.442734
1787113812.474141
1787113812.503806
1787113812.534577
1787113812.565110
1787113812.595796
1787113812.626448
1787113812.656769
1787113812.686759
1787113812.718006
1787113812.748102
1787113812.784123
1787113812.815837
1787113812.852722
1787113812.884193
1787113812.914048
1787113812.944338
1787113812.974763
1787113813.005702
1787113813.035774
1787113813.067491
1787113813.098443
1787113813.128532
1787113813.158877
1787113813.189128
1787113813.219486
1787113813.249248
1787113813.279050
1787113813.308614
1787113813.339309
1787113813.370648
1787113813.402620
1787113813.432757
1787113813.464022
1787113813.494931
1787113813.525713
1787113813.556575
1787113813.586462
1787113813.616972
1787113813.649019
1787113813.681336
1787113813.712482
1787113813.741734
1787113813.771492
1787113813.802048
1787113813.831412
1787113813.859737
1787113813.889951
1787113813.919763
1787113813.948716
1787113813.979001
1787113814.008080
1787113814.037756
1787113814.068161
1787113814.097172
1787113814.127046
1787113814.156180
1787113814.185616
1787113814.215335
1787113814.245098
1787113814.274423
1787113814.303773
1787113814.333342
1787113814.362413
1787113814.392630
1787113814.422479
1787113814.451749
1787113814.481186
1787113814.510282
1787113814.539340
1787113814.568310
1787113814.597728
1787113814.627545
1787113814.657859
1787113814.686922
1787113814.716999
1787113814.746140
1787113814.775828
1787113814.805274
1787113814.834592
1787113814.863482
1787113814.892735
1787113814.922714
1787113814.951548
1787113814.981116
1787113815.010480
1787113815.042221
1787113815.072883
1787113815.103155
1787113815.132539
1787113815.162056
1787113815.191171
1787113815.220803
1787113815.249756
1787113815.279220
1787113815.308437
1787113815.338062
1787113815.367273
1787113815.397121
1787113815.427211
1787113815.456299
1787113815.485709
1787113815.515416
1787113815.545178
1787113815.574541
1787113815.604275
1787113815.633000
1787113815.662840
1787113815.692421
1787113815.721182
1787113815.750579
1787113815.780718
1787113815.809659
1787113815.839165
1787113815.867899
1787113815.897831
1787113815.927740
1787113815.957229
1787113815.986264
1787113816.015759
