1787117436.365743
1787117436.776521
1787117437.179628
1787117437.601366
1787117438.011472
1787117438.420922
1787117438.833876
1787117439.245905
1787117439.698067
1787117440.113497
1787117440.529996
1787117440.945032
1787117441.369659
1787117441.786272
1787117442.208579
1787117442.627908
1787117443.047925
1787117443.468395
1787117443.896196
1787117444.288794
1787117444.686884
1787117445.097695
1787117445.515279
1787117445.932950
1787117446.381973
1787117446.791678
1787117447.204533
1787117447.613138
1787117448.022715
1787117448.440594
1787117448.845035
1787117449.249488
1787117449.649574
1787117450.050517
1787117450.484546
1787117450.893698
1787117451.295336
1787117451.701699
1787117452.104589
1787117452.517931
1787117452.924360
1787117453.332605
1787117453.733941
1787117454.117216
1787117454.496298
1787117454.874571
1787117455.250264
1787117455.646587
1787117456.042936
1787117456.431984
1787117456.822882
1787117457.219662
1787117457.610190
1787117458.006473
1787117458.404265
1787117458.806175
1787117459.205937
1787117459.599108
1787117459.991029
1787117460.388777
1787117460.784500
1787117461.173157
1787117461.559883
1787117461.943228
1787117462.334649
1787117462.713475
1787117463.093749
1787117463.473228
1787117463.856158
1787117464.242903
1787117464.628220
1787117465.007410
1787117465.404319
1787117465.786440
1787117466.173182
1787117466.552425
1787117466.935128
1787117467.318440
1787117467.714138
1787117468.099428
1787117468.496049
1787117468.892681
1787117469.283879
1787117469.682773
1787117470.069072
1787117470.465130
1787117470.850980
1787117471.239817
1787117471.637171
1787117472.028116
1787117472.430210
1787117472.848906
1787117473.283292
1787117473.699821
1787117474.127146
1787117474.567406
1787117474.984643
1787117475.397500
1787117475.840604
1787117476.268882
1787117476.671622
1787117477.163018
1787117477.580948
1787117477.977737
1787117478.365028
1787117478.779784
1787117479.197841
1787117479.598007
1787117479.980843
1787117480.379909
1787117480.778296
1787117481.186493
1787117481.581018
1787117481.979033
1787117482.377006
1787117482.801184
1787117483.218212
1787117483.647927
1787117484.122686
1787117484.548022
1787117484.948967
1787117485.356159
1787117485.761741
1787117486.194538
1787117486.612067
1787117487.026586
1787117487.429773
1787117487.832592
1787117488.238056
1787117488.644549
1787117489.055513
1787117489.460698
1787117489.876601
1787117490.318362
1787117490.729647
1787117491.137749
1787117491.549531
1787117491.957295
1787117492.358464
1787117492.762832
1787117493.168230
1787117493.576238
1787117493.995778
1787117494.402293
1787117494.819641
1787117495.243416
1787117495.692349
1787117496.142364
1787117496.627567
1787117497.118718
1787117497.618615
1787117498.177715
1787117498.761460
1787117499.196410
1787117499.633908
1787117500.076194
1787117500.581252
1787117501.078626
1787117501.626494
1787117502.170278
1787117502.689532
1787117503.186870
1787117503.648287
1787117504.129095
1787117504.608071
1787117505.088729
1787117505.566746
1787117506.042753
1787117506.503341
1787117507.004207
1787117507.484100
1787117507.980325
1787117508.482807
1787117508.977500
1787117509.575669
1787117510.125339
1787117510.629707
1787117511.109613
1787117511.595571
1787117512.085448
1787117512.570463
1787117513.027957
1787117513.471615
1787117513.907186
1787117514.321059
1787117514.727522
1787117515.144982
1787117515.581361
1787117516.009583
1787117516.444951
1787117516.856260
1787117517.270039
1787117517.685862
1787117518.107043
1787117518.525095
1787117518.952938
1787117519.377926
1787117519.795448
1787117520.236999
1787117520.661106
1787117521.088524
1787117521.511862
1787117521.947172
1787117522.370975
1787117522.785799
1787117523.207962
1787117523.648567
1787117524.076279
1787117524.511839
1787117524.955342
1787117525.399676
1787117525.829973
1787117526.255023
1787117526.683951
1787117527.104085
1787117527.523309
1787117527.946443
1787117528.375514
1787117528.790863
1787117529.219487
1787117529.635434
1787117530.061586
1787117530.497693
1787117530.940057
1787117531.504120
1787117532.062994
1787117532.564118
1787117533.090382
1787117533.582664
1787117534.068760
1787117534.546537
1787117535.028252
1787117535.511255
1787117536.002043
1787117536.488118
1787117536.961591
1787117537.445719
1787117537.916509
1787117538.397660
1787117538.866336
1787117539.398552
1787117539.885948
1787117540.385511
1787117540.880058
1787117541.372894
1787117541.904721
1787117542.394314
1787117542.893003
1787117543.408166
1787117543.882965
1787117544.372577
1787117544.840167
1787117545.309209
1787117545.807633
1787117546.311287
1787117546.796483
1787117547.286169
1787117547.820158
1787117548.317098
1787117548.838639
1787117549.363772
1787117549.880872
1787117550.426519
1787117550.974821
1787117551.462894
1787117551.961443
1787117552.494640
1787117553.037165
1787117553.547631
1787117554.016922
1787117554.493926
1787117554.991726
1787117555.504342
1787117556.033958
1787117556.561673
1787117557.063809
1787117557.538997
1787117558.002371
1787117558.477347
1787117558.947615
1787117559.418792
1787117559.882900
1787117560.330735
1787117560.763056
1787117561.189491
1787117561.617912
1787117562.046286
1787117562.492643
1787117562.917740
1787117563.336828
1787117563.757475
1787117564.222165
1787117564.676801
1787117565.124784
1787117565.619696
1787117566.090790
1787117566.570818
1787117567.027262
1787117567.488035
1787117567.921953
1787117568.339555
1787117568.772912
1787117569.204123
1787117569.617699
1787117570.055021
1787117570.479437
1787117570.911434
1787117571.343420
1787117571.763858
1787117572.190485
1787117572.626482
1787117573.055191
1787117573.484451
1787117573.923953
1787117574.347847
1787117574.799021
1787117575.222568
1787117575.639552
1787117576.061938
1787117576.478024
1787117576.923029
1787117577.334460
1787117577.744131
1787117578.167083
1787117578.581836
1787117578.989331
1787117579.394185
1787117579.815584
1787117580.222620
1787117580.632612
1787117581.040882
1787117581.457046
1787117581.882303
1787117582.298165
1787117582.706355
1787117583.119676
1787117583.528683
1787117583.943225
1787117584.346659
1787117584.747655
1787117585.152426
1787117585.562147
1787117585.966077
1787117586.365047
1787117586.768733
1787117587.170557
1787117587.597658
1787117588.126814
1787117588.563095
1787117588.986284
1787117589.394571
1787117589.799545
1787117590.197471
1787117590.609398
1787117591.021010
1787117591.439837
1787117591.846649
1787117592.269331
1787117592.688943
1787117593.131114
1787117593.565127
1787117593.986814
1787117594.408329
1787117594.812063
1787117595.216000
1787117595.616791
1787117596.021840
1787117596.436220
1787117596.848327
1787117597.260537
1787117597.665795
1787117598.081123
1787117598.510617
1787117598.940526
1787117599.366844
1787117599.787148
1787117600.210178
1787117600.623012
1787117601.049755
1787117601.463679
1787117601.872037
1787117602.274558
1787117602.680348
1787117603.099153
1787117603.512050
1787117603.929453
1787117604.363235
1787117604.785017
1787117605.218695
1787117605.649461
1787117606.074217
1787117606.494972
1787117606.921536
1787117607.341843
1787117607.765911
1787117608.185446
1787117608.608506
1787117609.025872
1787117609.471230
1787117609.912917
1787117610.317116
1787117610.732820
1787117611.156580
1787117611.567498
1787117611.997927
1787117612.426180
1787117612.854001
1787117613.265761
1787117613.670727
1787117614.090904
1787117614.512212
1787117614.957186
1787117615.370051
1787117615.780016
1787117616.185983
1787117616.596180
1787117617.023723
1787117617.427298
1787117617.838023
1787117618.248661
1787117618.660899
1787117619.074424
1787117619.480359
1787117619.904030
1787117620.327889
1787117620.733521
1787117621.154439
1787117621.565017
1787117621.992635
1787117622.401290
1787117622.822715
1787117623.243340
1787117623.657515
1787117624.090152
1787117624.512357
1787117624.921649
1787117625.331192
1787117625.760406
1787117626.182367
1787117626.598441
1787117627.024332
1787117627.426847
1787117627.844345
1787117628.263662
1787117628.691932
1787117629.092021
1787117629.494413
1787117629.915648
1787117630.317509
1787117630.720192
1787117631.122740
1787117631.519326
1787117631.928238
1787117632.355613
1787117632.778518
1787117633.194434
1787117633.614353
1787117634.044794
1787117634.480012
1787117634.902102
1787117635.338573
1787117635.773966
1787117636.204709
1787117636.627359
1787117637.044341
1787117637.469341
1787117637.910325
1787117638.353786
1787117638.785666
1787117639.199535
1787117639.605843
1787117640.004605
1787117640.426382
1787117640.844906
1787117641.257054
1787117641.678330
1787117642.099716
1787117642.518311
1787117642.948671
1787117643.360171
1787117643.782753
1787117644.189535
1787117644.604143
1787117645.012485
1787117645.429332
1787117645.844270
1787117646.261935
1787117646.677553
1787117647.092124
1787117647.499590
1787117647.916075
1787117648.335288
1787117648.744648
1787117649.166904
1787117649.567329
1787117649.982846
1787117650.390653
1787117650.799351
1787117651.211521
1787117651.624468
1787117652.035774
1787117652.443982
1787117652.860069
1787117653.263494
1787117653.673507
1787117654.094647
1787117654.508725
1787117654.932425
1787117655.375453
1787117655.796199
1787117656.206492
1787117656.603525
1787117657.024667
1787117657.435635
1787117657.838516
1787117658.227223
1787117658.627709
1787117659.016501
1787117659.412035
1787117659.810157
1787117660.201730
1787117660.594364
1787117660.990291
1787117661.380152
1787117661.771551
1787117662.159587
1787117662.546173
1787117662.945975
1787117663.344154
1787117663.742717
1787117664.131682
1787117664.527077
1787117664.915473
1787117665.299791
1787117665.700006
1787117666.095505
1787117666.494409
1787117666.883870
1787117667.269096
1787117667.660920
1787117668.053104
1787117668.440929
1787117668.829622
1787117669.213394
1787117669.607102
1787117669.991864
1787117670.379342
1787117670.765967
1787117671.154345
1787117671.543840
1787117671.934106
1787117672.313387
1787117672.694352
1787117673.084306
1787117673.477469
1787117673.868784
1787117674.250090
1787117674.636629
1787117675.025056
1787117675.408454
1787117675.812445
1787117676.247999
1787117676.675802
1787117677.136173
1787117677.565854
1787117678.036834
1787117678.468845
1787117678.872725
1787117679.311125
1787117679.722917
1787117680.132413
1787117680.530528
1787117680.933855
1787117681.335685
1787117681.782195
1787117682.198692
1787117682.605792
1787117683.014326
1787117683.421440
1787117683.831137
1787117684.231918
1787117684.635525
1787117685.035331
1787117685.427276
1787117685.823038
1787117686.219749
1787117686.618109
1787117687.017943
1787117687.416583
1787117687.826469
1787117688.222189
1787117688.621345
1787117689.026806
1787117689.433373
1787117689.842816
1787117690.242297
1787117690.642809
1787117691.045715
1787117691.452964
1787117691.879557
1787117692.281112
