1787113709.460762
1787113709.467344
1787113709.473288
1787113709.479982
1787113709.486596
1787113709.493305
1787113709.499946
1787113709.506832
1787113709.513425
1787113709.519992
1787113709.526496
1787113709.533165
1787113709.539803
1787113709.546851
1787113709.553450
1787113709.560063
1787113709.566651
1787113709.573777
1787113709.580343
1787113709.586941
1787113709.593738
1787113709.600449
1787113709.607149
1787113709.613873
1787113709.620404
1787113709.627088
1787113709.633661
1787113709.640488
1787113709.646927
1787113709.653926
1787113709.660375
1787113709.666943
1787113709.673426
1787113709.679968
1787113709.686449
1787113709.693403
1787113709.700054
1787113709.706642
1787113709.713226
1787113709.719895
1787113709.726445
1787113709.732973
1787113709.739636
1787113709.746192
1787113709.752845
1787113709.759773
1787113709.766370
1787113709.772957
1787113709.779564
1787113709.786122
1787113709.792716
1787113709.799533
1787113709.806148
1787113709.812777
1787113709.819508
1787113709.826236
1787113709.832852
1787113709.840158
1787113709.846862
1787113709.853738
1787113709.860404
1787113709.867363
1787113709.874098
1787113709.880756
1787113709.887470
1787113709.894148
1787113709.900839
1787113709.907775
1787113709.914439
1787113709.921112
1787113709.927790
1787113709.934583
1787113709.941128
1787113709.947855
1787113709.954550
1787113709.961463
1787113709.968247
1787113709.976064
1787113709.983254
1787113709.990419
1787113709.997631
1787113710.004674
1787113710.011710
1787113710.018923
1787113710.025679
1787113710.032477
1787113710.039221
1787113710.045866
1787113710.052545
1787113710.059392
1787113710.066473
1787113710.073561
1787113710.080603
1787113710.087329
1787113710.094169
1787113710.101017
1787113710.107960
1787113710.114903
1787113710.121601
1787113710.128371
1787113710.135162
1787113710.141983
1787113710.148772
1787113710.155432
1787113710.162106
1787113710.168900
1787113710.175752
1787113710.182582
1787113710.189312
1787113710.196457
1787113710.203175
1787113710.209857
1787113710.216581
1787113710.223365
1787113710.229984
1787113710.237003
1787113710.243727
1787113710.250743
1787113710.257596
1787113710.264229
1787113710.270843
1787113710.277640
1787113710.284458
1787113710.291084
1787113710.297935
1787113710.304779
1787113710.311693
1787113710.318553
1787113710.325215
1787113710.332041
1787113710.338769
1787113710.345545
1787113710.352267
1787113710.359415
1787113710.366245
1787113710.373326
1787113710.380301
1787113710.387148
1787113710.394058
1787113710.400923
1787113710.407685
1787113710.414554
1787113710.421152
1787113710.427918
1787113710.434736
1787113710.441618
1787113710.448381
1787113710.455083
1787113710.461939
1787113710.468667
1787113710.475449
1787113710.482261
1787113710.488889
1787113710.495708
1787113710.502438
1787113710.509596
1787113710.516501
1787113710.523416
1787113710.530164
1787113710.536940
1787113710.543645
1787113710.550462
1787113710.557219
1787113710.564027
1787113710.570917
1787113710.577793
1787113710.584513
1787113710.591239
1787113710.598149
1787113710.605072
1787113710.611893
1787113710.618968
1787113710.625533
1787113710.632288
1787113710.639160
1787113710.646053
1787113710.652856
1787113710.659698
1787113710.666387
1787113710.673176
1787113710.679919
1787113710.686884
1787113710.693682
1787113710.700579
1787113710.707230
1787113710.714074
1787113710.720788
1787113710.727962
1787113710.734899
1787113710.741624
1787113710.748246
1787113710.755211
1787113710.761995
1787113710.769147
1787113710.776259
1787113710.783123
1787113710.789909
1787113710.796944
1787113710.803775
1787113710.810504
1787113710.817302
1787113710.824087
1787113710.830788
1787113710.837576
1787113710.844395
1787113710.851190
1787113710.857976
1787113710.864978
1787113710.871801
1787113710.878881
1787113710.885696
1787113710.892419
1787113710.899348
1787113710.906414
1787113710.913145
1787113710.919973
1787113710.926677
1787113710.933581
1787113710.940349
1787113710.947305
1787113710.954139
1787113710.961027
1787113710.967778
1787113710.974874
1787113710.981512
1787113710.988274
1787113710.995043
1787113711.001669
1787113711.008456
1787113711.015262
1787113711.022227
1787113711.029041
1787113711.036212
1787113711.043047
1787113711.049844
1787113711.056839
1787113711.063717
1787113711.070508
1787113711.077416
1787113711.084178
1787113711.091061
1787113711.098092
1787113711.104940
1787113711.112095
1787113711.119064
1787113711.125777
1787113711.132662
1787113711.139835
1787113711.147609
1787113711.154665
1787113711.161438
1787113711.168183
1787113711.174868
1787113711.181798
1787113711.188579
1787113711.195339
1787113711.202236
1787113711.209102
1787113711.215940
1787113711.223140
1787113711.229911
1787113711.237018
1787113711.243896
1787113711.250753
1787113711.257507
1787113711.264295
1787113711.270983
1787113711.278146
1787113711.285041
1787113711.291863
1787113711.298900
1787113711.305830
1787113711.312716
1787113711.319812
1787113711.326771
1787113711.333660
1787113711.340534
1787113711.347534
1787113711.354376
1787113711.361053
1787113711.367889
1787113711.374805
1787113711.381641
1787113711.388881
1787113711.395733
1787113711.402577
1787113711.409491
1787113711.416442
1787113711.423378
1787113711.430228
1787113711.437201
1787113711.444315
1787113711.451171
1787113711.458230
1787113711.465005
1787113711.471911
1787113711.478939
1787113711.485699
1787113711.492424
1787113711.500075
1787113711.507154
1787113711.515107
1787113711.522879
1787113711.530777
1787113711.539054
1787113711.546445
1787113711.554028
1787113711.561719
1787113711.568778
1787113711.576107
1787113711.583344
1787113711.590176
1787113711.597429
1787113711.604367
1787113711.611348
1787113711.618526
1787113711.625877
1787113711.632769
1787113711.640042
1787113711.647051
1787113711.654043
1787113711.661132
1787113711.668054
1787113711.675208
1787113711.682181
1787113711.689389
1787113711.696496
1787113711.703766
1787113711.710601
1787113711.717780
1787113711.724891
1787113711.731950
1787113711.738897
1787113711.745817
1787113711.752870
1787113711.759954
1787113711.766867
1787113711.774120
1787113711.781227
1787113711.788366
1787113711.795421
1787113711.802344
1787113711.809161
1787113711.816253
1787113711.823204
1787113711.830236
1787113711.837202
1787113711.844157
1787113711.851054
1787113711.858164
1787113711.865017
1787113711.871822
1787113711.878691
1787113711.885381
1787113711.892591
1787113711.899409
1787113711.906436
1787113711.913862
1787113711.921274
1787113711.928330
1787113711.935436
1787113711.942634
1787113711.949849
1787113711.957011
1787113711.964191
1787113711.971463
1787113711.978751
1787113711.986123
1787113711.993397
1787113712.000502
1787113712.007603
1787113712.014686
1787113712.021793
1787113712.028963
1787113712.036217
1787113712.043496
1787113712.050518
1787113712.057962
1787113712.065147
1787113712.072114
1787113712.079155
1787113712.086260
1787113712.093222
1787113712.100189
1787113712.107683
1787113712.115973
1787113712.124180
1787113712.134689
1787113712.144347
1787113712.154215
1787113712.162453
1787113712.172667
1787113712.181421
1787113712.193107
1787113712.205133
1787113712.215230
1787113712.224046
1787113712.232265
1787113712.239471
1787113712.246519
1787113712.253883
1787113712.260915
1787113712.268148
1787113712.275856
1787113712.283997
1787113712.291862
1787113712.299672
1787113712.307577
1787113712.315367
1787113712.322860
1787113712.330239
1787113712.338143
1787113712.345655
1787113712.353111
1787113712.360864
1787113712.368352
1787113712.375992
1787113712.383471
1787113712.390711
1787113712.398093
1787113712.405317
1787113712.412482
1787113712.419621
1787113712.426957
1787113712.433971
1787113712.441067
1787113712.447987
1787113712.455271
1787113712.462416
1787113712.469533
1787113712.476626
1787113712.484006
1787113712.491067
1787113712.498006
1787113712.505071
1787113712.512050
1787113712.519086
1787113712.526017
1787113712.533005
1787113712.539953
1787113712.546867
1787113712.553813
1787113712.560790
1787113712.567671
1787113712.574730
1787113712.581763
1787113712.588740
1787113712.595628
1787113712.602602
1787113712.609399
1787113712.616455
1787113712.623430
1787113712.630526
1787113712.637507
1787113712.644656
1787113712.651677
1787113712.659226
1787113712.666529
1787113712.673742
1787113712.680772
1787113712.688147
1787113712.695258
1787113712.702528
1787113712.709410
1787113712.716697
1787113712.723806
1787113712.731032
1787113712.738115
1787113712.745346
1787113712.752420
1787113712.759583
1787113712.766492
1787113712.773556
1787113712.780666
1787113712.787863
1787113712.795141
1787113712.802325
1787113712.809480
1787113712.816619
1787113712.823661
1787113712.830956
1787113712.838067
1787113712.845251
1787113712.852433
1787113712.859605
1787113712.866902
1787113712.874052
1787113712.881116
1787113712.888245
1787113712.895570
1787113712.902768
1787113712.909923
1787113712.917396
1787113712.924654
1787113712.931685
1787113712.938649
1787113712.945824
1787113712.953074
1787113712.960147
1787113712.967128
1787113712.974154
1787113712.981185
1787113712.988183
1787113712.995158
1787113713.002036
1787113713.009048
1787113713.016148
1787113713.023071
1787113713.029947
1787113713.036944
1787113713.043967
1787113713.050815
1787113713.058088
1787113713.065266
1787113713.072355
1787113713.079409
1787113713.086368
1787113713.093264
1787113713.100233
1787113713.107292
1787113713.114706
1787113713.121626
1787113713.128661
1787113713.135654
1787113713.142778
1787113713.149766
1787113713.156872
1787113713.163893
1787113713.171388
1787113713.178370
1787113713.185437
1787113713.192413
1787113713.199696
1787113713.206881
1787113713.214044
1787113713.221249
1787113713.228377
1787113713.235415
1787113713.242327
1787113713.249282
1787113713.256442
1787113713.263501
1787113713.270583
1787113713.277584
1787113713.284529
1787113713.291596
1787113713.298646
1787113713.305659
1787113713.312817
1787113713.319842
1787113713.326938
1787113713.334101
1787113713.341374
1787113713.348485
1787113713.355539
1787113713.362527
1787113713.369539
1787113713.376799
1787113713.383952
1787113713.391029
1787113713.398157
1787113713.405382
1787113713.412611
1787113713.419770
1787113713.426924
1787113713.434318
1787113713.441653
1787113713.449066
1787113713.456306
1787113713.463570
1787113713.470806
1787113713.477856
1787113713.485215
1787113713.492352
1787113713.499634
1787113713.506785
1787113713.513861
1787113713.521094
1787113713.528319
1787113713.535561
1787113713.542756
1787113713.549932
1787113713.557355
1787113713.564496
1787113713.571710
1787113713.578846
1787113713.586201
1787113713.593409
1787113713.600596
1787113713.607731
1787113713.614983
1787113713.622175
1787113713.629471
1787113713.636619
1787113713.643764
1787113713.651061
1787113713.658450
1787113713.665578
1787113713.672790
1787113713.679947
1787113713.687425
