1787113820.272549
1787113820.299939
1787113820.326556
1787113820.353182
1787113820.379262
1787113820.405957
1787113820.432186
1787113820.457979
1787113820.483788
1787113820.510007
1787113820.536902
1787113820.564982
1787113820.591738
1787113820.618512
1787113820.647137
1787113820.674801
1787113820.703645
1787113820.731219
1787113820.758213
1787113820.785645
1787113820.812946
1787113820.839735
1787113820.866305
1787113820.893283
1787113820.920611
1787113820.947158
1787113820.974440
1787113821.001427
1787113821.028970
1787113821.056027
1787113821.083141
1787113821.110038
1787113821.136498
1787113821.163215
1787113821.190225
1787113821.216752
1787113821.243041
1787113821.269652
1787113821.296791
1787113821.322882
1787113821.349200
1787113821.376228
1787113821.402715
1787113821.429310
1787113821.456056
1787113821.482535
1787113821.509466
1787113821.536945
1787113821.564406
1787113821.590665
1787113821.616884
1787113821.644250
1787113821.670177
1787113821.696979
1787113821.723254
1787113821.749277
1787113821.775583
1787113821.802042
1787113821.828590
1787113821.854875
1787113821.881392
1787113821.907973
1787113821.934558
1787113821.960490
1787113821.986675
1787113822.012910
1787113822.038878
1787113822.065532
1787113822.091987
1787113822.119045
1787113822.145384
1787113822.171248
1787113822.197476
1787113822.224246
1787113822.250201
1787113822.276227
1787113822.302309
1787113822.328897
1787113822.355297
1787113822.381847
1787113822.408231
1787113822.435332
1787113822.461175
1787113822.487254
1787113822.514023
1787113822.539657
1787113822.566418
1787113822.592541
1787113822.618478
1787113822.644627
1787113822.671171
1787113822.697549
1787113822.723741
1787113822.749393
1787113822.776503
1787113822.802479
1787113822.829475
1787113822.856700
1787113822.883754
1787113822.910600
1787113822.937414
1787113822.965059
1787113822.990992
1787113823.018308
1787113823.044222
1787113823.070772
1787113823.097583
1787113823.124764
1787113823.151434
1787113823.178544
1787113823.204275
1787113823.230579
1787113823.257601
1787113823.284552
1787113823.312527
1787113823.338047
1787113823.366196
1787113823.393243
1787113823.419180
1787113823.445373
1787113823.472567
1787113823.499823
1787113823.528216
1787113823.554385
1787113823.581445
1787113823.607412
1787113823.635445
1787113823.662886
1787113823.689505
1787113823.715794
1787113823.742360
1787113823.768401
1787113823.794564
1787113823.820454
1787113823.846664
1787113823.873351
1787113823.899766
1787113823.927606
1787113823.954041
1787113823.981529
1787113824.008305
1787113824.034359
1787113824.060845
1787113824.087192
1787113824.113522
1787113824.139538
1787113824.167531
1787113824.194004
1787113824.220572
1787113824.247014
1787113824.273878
1787113824.300638
1787113824.326975
1787113824.353346
1787113824.379840
1787113824.406220
1787113824.432400
1787113824.458400
1787113824.485279
1787113824.513167
1787113824.539842
1787113824.566784
1787113824.593521
1787113824.620180
1787113824.646967
1787113824.674068
1787113824.701360
1787113824.728154
1787113824.755105
1787113824.781905
1787113824.808985
1787113824.836382
1787113824.863443
1787113824.890946
1787113824.918094
1787113824.945481
1787113824.973661
1787113825.002550
1787113825.029620
1787113825.057443
1787113825.084456
1787113825.111778
1787113825.139736
1787113825.167639
1787113825.195119
1787113825.222707
1787113825.250424
1787113825.277213
1787113825.305280
1787113825.332288
1787113825.359728
1787113825.387760
1787113825.414927
1787113825.442348
1787113825.469856
1787113825.497585
1787113825.524965
1787113825.552913
1787113825.581595
1787113825.608713
1787113825.636251
1787113825.663855
1787113825.691383
1787113825.719011
1787113825.746505
1787113825.774862
1787113825.801972
1787113825.829177
1787113825.856419
1787113825.883939
1787113825.911173
1787113825.938254
1787113825.966938
1787113825.995801
1787113826.023597
1787113826.051299
1787113826.079341
1787113826.107282
1787113826.135174
1787113826.163297
1787113826.191120
1787113826.219858
1787113826.247385
1787113826.275339
1787113826.302869
1787113826.330937
1787113826.358529
1787113826.385761
1787113826.413250
1787113826.440549
1787113826.468671
1787113826.496206
1787113826.523845
1787113826.551603
1787113826.578908
1787113826.605933
1787113826.633842
1787113826.661519
1787113826.688714
1787113826.716408
1787113826.744251
1787113826.772687
1787113826.800754
1787113826.828021
1787113826.855802
1787113826.883364
1787113826.911245
1787113826.938653
1787113826.965833
1787113826.993867
1787113827.021737
1787113827.049755
1787113827.077061
1787113827.104626
1787113827.131999
1787113827.159330
1787113827.187188
1787113827.215059
1787113827.243088
1787113827.270883
1787113827.298436
1787113827.326771
1787113827.355583
1787113827.383782
1787113827.411453
1787113827.439519
1787113827.467187
1787113827.494789
1787113827.523302
1787113827.550612
1787113827.578560
1787113827.606483
1787113827.634262
1787113827.661860
1787113827.689267
1787113827.716788
1787113827.744437
1787113827.772383
1787113827.800166
1787113827.827673
1787113827.855463
1787113827.883687
1787113827.911285
1787113827.939248
1787113827.966699
1787113827.994423
1787113828.022603
1787113828.050799
1787113828.078662
1787113828.106514
1787113828.133985
1787113828.162418
1787113828.190068
1787113828.217733
1787113828.245762
1787113828.273107
1787113828.300758
1787113828.329082
1787113828.356977
1787113828.384896
1787113828.413188
1787113828.441415
1787113828.469524
1787113828.497690
1787113828.525712
1787113828.554038
1787113828.582701
1787113828.611265
1787113828.639164
1787113828.667078
1787113828.694848
1787113828.722730
1787113828.750646
1787113828.778902
1787113828.806835
1787113828.835331
1787113828.863541
1787113828.891567
1787113828.919496
1787113828.947620
1787113828.976087
1787113829.004637
1787113829.033367
1787113829.061908
1787113829.089948
1787113829.118627
1787113829.146968
1787113829.175212
1787113829.203640
1787113829.231813
1787113829.260230
1787113829.288066
1787113829.316646
1787113829.345076
1787113829.373290
1787113829.401555
1787113829.429538
1787113829.458025
1787113829.486677
1787113829.514451
1787113829.543224
1787113829.572173
1787113829.601221
1787113829.629054
1787113829.657295
1787113829.686017
1787113829.714093
1787113829.742162
1787113829.771129
1787113829.799489
1787113829.827531
1787113829.856414
1787113829.884934
1787113829.913614
1787113829.941931
1787113829.970259
1787113829.998306
1787113830.026631
1787113830.055538
1787113830.084154
1787113830.112779
1787113830.141201
1787113830.169280
1787113830.197511
1787113830.226036
1787113830.254672
1787113830.282838
1787113830.311147
1787113830.339667
1787113830.368459
1787113830.397887
1787113830.426680
1787113830.456511
1787113830.484554
1787113830.513209
1787113830.543042
1787113830.575173
1787113830.606455
1787113830.637342
1787113830.667882
1787113830.699745
1787113830.731181
1787113830.763823
1787113830.796926
1787113830.829136
1787113830.860390
1787113830.890587
1787113830.922300
1787113830.952348
1787113830.983439
1787113831.012965
1787113831.042439
1787113831.073694
1787113831.104163
1787113831.134995
1787113831.166100
1787113831.197263
1787113831.229533
1787113831.260532
1787113831.290674
1787113831.321368
1787113831.351757
1787113831.383219
1787113831.415900
1787113831.447147
1787113831.488302
1787113831.528362
1787113831.561558
1787113831.592707
1787113831.623448
1787113831.654160
1787113831.684944
1787113831.715722
1787113831.747042
1787113831.777585
1787113831.807959
1787113831.838233
1787113831.869115
1787113831.899777
1787113831.930480
1787113831.961756
1787113831.992625
1787113832.022693
1787113832.053436
1787113832.084135
1787113832.114794
1787113832.144884
1787113832.175918
1787113832.206620
1787113832.236621
1787113832.267140
1787113832.297242
1787113832.327312
1787113832.357967
1787113832.389114
1787113832.419962
1787113832.451239
1787113832.482415
1787113832.513400
1787113832.543897
1787113832.574651
1787113832.604986
1787113832.636516
1787113832.667505
1787113832.697968
1787113832.729740
1787113832.761389
1787113832.792158
1787113832.823523
1787113832.854658
1787113832.886032
1787113832.916994
1787113832.947176
1787113832.978188
1787113833.008235
1787113833.039283
1787113833.070080
1787113833.100828
1787113833.131491
1787113833.161584
1787113833.192005
1787113833.222297
1787113833.252297
1787113833.282487
1787113833.313252
1787113833.343629
1787113833.374719
1787113833.405113
1787113833.435286
1787113833.466124
1787113833.496889
1787113833.527798
1787113833.558690
1787113833.589000
1787113833.619384
1787113833.649829
1787113833.680135
1787113833.710607
1787113833.741498
1787113833.773878
1787113833.804814
1787113833.835193
1787113833.866025
1787113833.897301
1787113833.927895
1787113833.958819
1787113833.989677
1787113834.031066
1787113834.066067
1787113834.100716
1787113834.132081
1787113834.163807
1787113834.194140
1787113834.224562
1787113834.255770
1787113834.287525
1787113834.318317
1787113834.349650
1787113834.380554
1787113834.411502
1787113834.442613
1787113834.472954
1787113834.503742
1787113834.534231
1787113834.564600
1787113834.595445
1787113834.626559
1787113834.657225
1787113834.688303
1787113834.718889
1787113834.749632
1787113834.780360
1787113834.813236
1787113834.845427
1787113834.877476
1787113834.909497
1787113834.941674
1787113834.973456
1787113835.004668
1787113835.036806
1787113835.068198
1787113835.100198
1787113835.131198
1787113835.162308
1787113835.192676
1787113835.223721
1787113835.254319
1787113835.285460
1787113835.316215
1787113835.347104
1787113835.378258
1787113835.409066
1787113835.440427
1787113835.470786
1787113835.501303
1787113835.532137
1787113835.564065
1787113835.594997
1787113835.626495
1787113835.658026
1787113835.688783
1787113835.720087
1787113835.751184
1787113835.782925
1787113835.814009
1787113835.845866
1787113835.878271
1787113835.910227
1787113835.941136
1787113835.972035
1787113836.004820
1787113836.036767
1787113836.068925
1787113836.100479
1787113836.131758
1787113836.163851
1787113836.194897
1787113836.226837
1787113836.257674
1787113836.289043
1787113836.320503
1787113836.351661
1787113836.382945
1787113836.413939
1787113836.444943
1787113836.476805
1787113836.507807
1787113836.540548
1787113836.571689
1787113836.603543
1787113836.634758
1787113836.666178
1787113836.697667
1787113836.729798
1787113836.761412
1787113836.792266
1787113836.823970
1787113836.865777
1787113836.906120
1787113836.938436
1787113836.969755
1787113837.001577
1787113837.033685
1787113837.065566
1787113837.096198
1787113837.127358
1787113837.158149
1787113837.189817
1787113837.220564
1787113837.251371
1787113837.282501
1787113837.313266
1787113837.344688
1787113837.375418
1787113837.406983
1787113837.438420
1787113837.469719
1787113837.500923
1787113837.533505
1787113837.565593
1787113837.598728
