1787114092.989278
1787114093.103777
1787114093.238451
1787114093.354863
1787114093.470859
1787114093.587478
1787114093.704318
1787114093.822366
1787114093.936907
1787114094.050767
1787114094.178978
1787114094.294759
1787114094.409541
1787114094.524524
1787114094.638527
1787114094.757977
1787114094.872919
1787114094.988863
1787114095.111257
1787114095.235514
1787114095.358266
1787114095.482587
1787114095.603091
1787114095.720005
1787114095.836718
1787114095.952996
1787114096.069878
1787114096.185022
1787114096.316717
1787114096.436784
1787114096.552212
1787114096.695619
1787114096.813974
1787114096.937849
1787114097.052498
1787114097.171205
1787114097.288743
1787114097.407117
1787114097.527614
1787114097.651561
1787114097.769685
1787114097.887430
1787114098.005781
1787114098.123455
1787114098.242194
1787114098.361248
1787114098.505924
1787114098.623709
1787114098.742429
1787114098.864719
1787114098.988305
1787114099.109210
1787114099.228126
1787114099.347210
1787114099.468164
1787114099.586863
1787114099.708435
1787114099.829794
1787114099.950148
1787114100.071384
1787114100.212546
1787114100.335314
1787114100.455429
1787114100.591979
1787114100.720716
1787114100.842970
1787114100.966259
1787114101.088549
1787114101.210932
1787114101.334690
1787114101.458831
1787114101.581800
1787114101.705711
1787114101.832749
1787114101.958561
1787114102.083549
1787114102.207703
1787114102.339432
1787114102.464333
1787114102.589596
1787114102.719404
1787114102.851032
1787114102.981551
1787114103.113220
1787114103.245972
1787114103.371801
1787114103.497442
1787114103.628281
1787114103.777422
1787114103.908954
1787114104.040341
1787114104.167113
1787114104.295578
1787114104.427100
1787114104.562941
1787114104.697449
1787114104.825662
1787114104.953537
1787114105.079466
1787114105.203413
1787114105.344333
1787114105.495317
1787114105.645378
1787114105.786187
1787114105.923482
1787114106.064766
1787114106.201137
1787114106.340525
1787114106.492437
1787114106.640975
1787114106.771070
1787114106.900515
1787114107.031665
1787114107.163204
1787114107.290240
1787114107.416111
1787114107.544757
1787114107.674441
1787114107.802834
1787114107.933003
1787114108.067148
1787114108.197225
1787114108.323659
1787114108.458530
1787114108.590828
1787114108.718153
1787114108.847707
1787114108.983283
1787114109.113522
1787114109.247335
1787114109.377397
1787114109.507242
1787114109.636670
1787114109.769593
1787114109.900769
1787114110.034141
1787114110.165959
1787114110.300914
1787114110.437231
1787114110.590519
1787114110.729010
1787114110.864501
1787114110.999305
1787114111.134347
1787114111.269397
1787114111.404210
1787114111.539863
1787114111.675393
1787114111.803955
1787114111.934729
1787114112.066762
1787114112.202363
1787114112.331347
1787114112.463259
1787114112.591954
1787114112.722633
1787114112.878656
1787114113.016024
1787114113.153604
1787114113.287730
1787114113.427552
1787114113.565037
1787114113.699207
1787114113.864045
1787114114.010653
1787114114.159966
1787114114.307350
1787114114.451570
1787114114.602305
1787114114.748600
1787114114.896082
1787114115.041484
1787114115.189399
1787114115.338859
1787114115.482026
1787114115.622854
1787114115.795138
1787114115.950571
1787114116.103744
1787114116.260251
1787114116.416924
1787114116.571155
1787114116.719761
1787114116.896021
1787114117.037302
1787114117.180901
1787114117.327975
1787114117.475404
1787114117.619145
1787114117.760167
1787114117.905773
1787114118.053249
1787114118.194652
1787114118.337477
1787114118.494343
1787114118.645868
1787114118.791245
1787114118.930209
1787114119.071607
1787114119.210634
1787114119.348467
1787114119.486098
1787114119.622675
1787114119.757493
1787114119.893125
1787114120.029113
1787114120.166819
1787114120.307714
1787114120.448378
1787114120.590802
1787114120.734236
1787114120.874856
1787114121.013049
1787114121.152865
1787114121.290457
1787114121.429460
1787114121.570949
1787114121.709581
1787114121.846561
1787114121.985742
1787114122.123739
1787114122.260453
1787114122.400098
1787114122.544438
1787114122.685603
1787114122.822415
1787114122.961508
1787114123.098821
1787114123.237099
1787114123.375039
1787114123.511285
1787114123.647131
1787114123.783092
1787114123.921474
1787114124.057799
1787114124.196381
1787114124.333995
1787114124.472113
1787114124.610022
1787114124.748035
1787114124.884745
1787114125.047287
1787114125.187476
1787114125.326948
1787114125.466324
1787114125.612635
1787114125.778769
1787114125.921227
1787114126.062471
1787114126.204054
1787114126.347604
1787114126.491163
1787114126.636243
1787114126.779717
1787114126.920382
1787114127.063132
1787114127.204374
1787114127.346555
1787114127.486981
1787114127.627390
1787114127.768352
1787114127.908451
1787114128.050547
1787114128.192944
1787114128.332337
1787114128.473382
1787114128.614551
1787114128.756266
1787114128.895495
1787114129.038347
1787114129.177570
1787114129.318949
1787114129.460160
1787114129.600916
1787114129.743226
1787114129.884578
1787114130.027672
1787114130.172642
1787114130.313884
1787114130.459233
1787114130.601230
1787114130.744795
1787114130.889651
1787114131.033662
1787114131.176158
1787114131.315970
1787114131.458887
1787114131.600053
1787114131.741515
1787114131.885789
1787114132.028833
1787114132.173609
1787114132.315774
1787114132.460946
1787114132.606511
1787114132.749431
1787114132.889457
1787114133.032149
1787114133.173841
1787114133.314493
1787114133.455733
1787114133.597632
1787114133.743454
1787114133.882574
1787114134.024235
1787114134.175987
1787114134.329537
1787114134.473436
1787114134.615619
1787114134.759052
1787114134.900497
1787114135.042641
1787114135.185718
1787114135.328844
1787114135.471145
1787114135.614630
1787114135.755886
1787114135.899805
1787114136.044174
1787114136.188264
1787114136.329110
1787114136.472893
1787114136.615030
1787114136.760966
1787114136.904886
1787114137.049377
1787114137.194845
1787114137.339171
1787114137.480506
1787114137.623274
1787114137.769509
1787114137.912349
1787114138.057599
1787114138.200433
1787114138.348912
1787114138.496056
1787114138.644565
1787114138.790637
1787114138.940916
1787114139.089444
1787114139.236313
1787114139.381140
1787114139.528876
1787114139.672606
1787114139.819688
1787114139.965738
1787114140.110564
1787114140.255588
1787114140.399623
1787114140.549711
1787114140.695833
1787114140.842265
1787114140.989855
1787114141.136528
1787114141.285468
1787114141.432766
1787114141.578836
1787114141.729698
1787114141.876160
1787114142.023584
1787114142.169247
1787114142.315560
1787114142.461609
1787114142.611484
1787114142.757560
1787114142.904335
1787114143.047371
1787114143.195255
1787114143.339121
1787114143.482794
1787114143.627591
1787114143.771401
1787114143.914991
1787114144.059210
1787114144.204720
1787114144.349434
1787114144.491798
1787114144.635352
1787114144.777623
1787114144.919808
1787114145.062784
1787114145.206314
1787114145.349890
1787114145.496662
1787114145.641769
1787114145.790320
1787114145.933928
1787114146.077356
1787114146.220655
1787114146.366539
1787114146.506406
1787114146.650985
1787114146.792933
1787114146.937895
1787114147.082422
1787114147.229649
1787114147.400124
1787114147.543661
1787114147.690869
1787114147.836492
1787114147.985673
1787114148.132804
1787114148.278572
1787114148.428299
1787114148.577417
1787114148.727185
1787114148.880970
1787114149.031863
1787114149.181819
1787114149.334168
1787114149.487041
1787114149.636933
1787114149.785097
1787114149.934302
1787114150.084872
1787114150.234032
1787114150.384138
1787114150.533310
1787114150.686674
1787114150.837890
1787114150.987913
1787114151.141254
1787114151.288928
1787114151.438463
1787114151.588842
1787114151.741065
1787114151.894830
1787114152.045039
1787114152.192198
1787114152.346724
1787114152.499820
1787114152.656130
1787114152.808295
1787114152.956722
1787114153.107190
1787114153.258642
1787114153.412871
1787114153.563646
1787114153.712256
1787114153.865242
1787114154.013047
1787114154.166896
1787114154.319283
1787114154.469663
1787114154.622214
1787114154.774029
1787114154.927420
1787114155.080439
1787114155.232464
1787114155.381910
1787114155.535505
1787114155.689491
1787114155.845348
1787114155.998836
1787114156.151517
1787114156.302717
1787114156.456735
1787114156.604376
1787114156.756701
1787114156.910360
1787114157.063701
1787114157.214589
1787114157.368116
1787114157.516042
1787114157.666746
1787114157.816532
1787114157.969869
1787114158.121629
1787114158.273097
1787114158.424513
1787114158.577204
1787114158.730474
1787114158.882193
1787114159.032863
1787114159.185253
1787114159.336169
1787114159.488163
1787114159.641768
1787114159.795613
1787114159.947541
1787114160.102597
1787114160.256904
1787114160.411946
1787114160.563491
1787114160.716988
1787114160.869027
1787114161.022521
1787114161.177674
1787114161.331348
1787114161.484606
1787114161.637410
1787114161.789218
1787114161.943660
1787114162.101198
1787114162.281832
1787114162.436314
1787114162.592250
1787114162.753515
1787114162.909494
1787114163.066622
1787114163.221322
1787114163.375248
1787114163.531895
1787114163.677032
1787114163.821190
1787114163.961902
1787114164.104262
1787114164.246502
1787114164.389843
1787114164.530627
1787114164.671342
1787114164.815912
1787114164.958518
1787114165.096616
1787114165.230554
1787114165.364923
1787114165.500006
1787114165.636013
1787114165.771718
1787114165.911042
1787114166.046482
1787114166.182141
1787114166.316050
1787114166.451271
1787114166.586269
1787114166.720825
1787114166.855630
1787114166.991482
1787114167.125477
1787114167.258425
1787114167.393439
1787114167.527881
1787114167.662224
1787114167.795307
1787114167.929155
1787114168.064022
1787114168.198339
1787114168.330800
1787114168.465573
1787114168.601799
1787114168.734362
1787114168.868212
1787114169.001285
1787114169.136028
1787114169.272289
1787114169.406036
1787114169.539260
1787114169.672605
1787114169.805330
1787114169.939501
1787114170.074282
1787114170.206759
1787114170.340139
1787114170.504367
1787114170.639974
1787114170.773977
1787114170.908074
1787114171.043283
1787114171.177311
1787114171.311957
1787114171.446095
1787114171.578339
1787114171.713261
1787114171.847473
1787114171.982323
1787114172.118563
1787114172.253089
1787114172.386339
1787114172.522160
1787114172.656947
1787114172.811650
1787114172.945919
1787114173.080370
1787114173.213279
1787114173.345842
1787114173.480472
1787114173.615750
1787114173.750036
1787114173.881325
1787114174.016505
1787114174.150245
1787114174.286491
1787114174.421053
1787114174.556204
1787114174.713605
1787114174.850967
1787114174.984439
1787114175.118805
1787114175.253021
1787114175.386325
1787114175.522007
1787114175.656119
1787114175.791382
1787114175.925869
1787114176.063642
1787114176.196510
1787114176.330693
1787114176.464376
1787114176.599382
1787114176.734990
1787114176.869085
