1787116118.159191
1787116118.327601
1787116118.491967
1787116118.655120
1787116118.819338
1787116118.994378
1787116119.168071
1787116119.345099
1787116119.527042
1787116119.703318
1787116119.883187
1787116120.067663
1787116120.271667
1787116120.449356
1787116120.627170
1787116120.805289
1787116120.984496
1787116121.164257
1787116121.343417
1787116121.521316
1787116121.698384
1787116121.879906
1787116122.057211
1787116122.238380
1787116122.432122
1787116122.608970
1787116122.784356
1787116122.964318
1787116123.145403
1787116123.323640
1787116123.504879
1787116123.684988
1787116123.869494
1787116124.048386
1787116124.225130
1787116124.404387
1787116124.600855
1787116124.783293
1787116124.966332
1787116125.144676
1787116125.326737
1787116125.504155
1787116125.684573
1787116125.870277
1787116126.054092
1787116126.234519
1787116126.415239
1787116126.604555
1787116126.801816
1787116126.987689
1787116127.172662
1787116127.355596
1787116127.540594
1787116127.726238
1787116127.911653
1787116128.093637
1787116128.277038
1787116128.461360
1787116128.649668
1787116128.854712
1787116129.051468
1787116129.243250
1787116129.429361
1787116129.615365
1787116129.801028
1787116129.987744
1787116130.174318
1787116130.360648
1787116130.547572
1787116130.733353
1787116130.922757
1787116131.124417
1787116131.312044
1787116131.500845
1787116131.689344
1787116131.882125
1787116132.077023
1787116132.271115
1787116132.465529
1787116132.658493
1787116132.853690
1787116133.045150
1787116133.251511
1787116133.445948
1787116133.638003
1787116133.836080
1787116134.030322
1787116134.225939
1787116134.419925
1787116134.617741
1787116134.809746
1787116135.004851
1787116135.212116
1787116135.409623
1787116135.606936
1787116135.803313
1787116136.003494
1787116136.196150
1787116136.389875
1787116136.588300
1787116136.782584
1787116136.993784
1787116137.185220
1787116137.390313
1787116137.577716
1787116137.765947
1787116137.957045
1787116138.147815
1787116138.340715
1787116138.531361
1787116138.723609
1787116138.919729
1787116139.109116
1787116139.298584
1787116139.490573
1787116139.682040
1787116139.875132
1787116140.067037
1787116140.255600
1787116140.443709
1787116140.632334
1787116140.821807
1787116141.016561
1787116141.210001
1787116141.402100
1787116141.592273
1787116141.788277
1787116141.980629
1787116142.174023
1787116142.364324
1787116142.563187
1787116142.763983
1787116142.967453
1787116143.172270
1787116143.382128
1787116143.581712
1787116143.777752
1787116143.977660
1787116144.171881
1787116144.366119
1787116144.593787
1787116144.797257
1787116144.999614
1787116145.202718
1787116145.426246
1787116145.635715
1787116145.845601
1787116146.064667
1787116146.274478
1787116146.486126
1787116146.697844
1787116146.908327
1787116147.117950
1787116147.325046
1787116147.532044
1787116147.735544
1787116147.948201
1787116148.159254
1787116148.369631
1787116148.580553
1787116148.795390
1787116149.006921
1787116149.216802
1787116149.421048
1787116149.647189
1787116149.852234
1787116150.066592
1787116150.275721
1787116150.489150
1787116150.699677
1787116150.914276
1787116151.127736
1787116151.330724
1787116151.533491
1787116151.741205
1787116151.943250
1787116152.148346
1787116152.348529
1787116152.550519
1787116152.766666
1787116152.993657
1787116153.211298
1787116153.429684
1787116153.642572
1787116153.910522
1787116154.150751
1787116154.386620
1787116154.623518
1787116154.856795
1787116155.089474
1787116155.318846
1787116155.550632
1787116155.778166
1787116156.013863
1787116156.250689
1787116156.482096
1787116156.712245
1787116156.947671
1787116157.177792
1787116157.407613
1787116157.638381
1787116157.873820
1787116158.107763
1787116158.344959
1787116158.579876
1787116158.812203
1787116159.042630
1787116159.276006
1787116159.517551
1787116159.750324
1787116159.982981
1787116160.207311
1787116160.442479
1787116160.674760
1787116160.906687
1787116161.144081
1787116161.373323
1787116161.599183
1787116161.850324
1787116162.122796
1787116162.375831
1787116162.645335
1787116162.912264
1787116163.180059
1787116163.444155
1787116163.720778
1787116163.993410
1787116164.257733
1787116164.503842
1787116164.782372
1787116165.043463
1787116165.311347
1787116165.572886
1787116165.835126
1787116166.101184
1787116166.364299
1787116166.628517
1787116166.895297
1787116167.158049
1787116167.417329
1787116167.679048
1787116167.946895
1787116168.185476
1787116168.410541
1787116168.654612
1787116168.915002
1787116169.172066
1787116169.401317
1787116169.657147
1787116169.922061
1787116170.176924
1787116170.431563
1787116170.687059
1787116170.949398
1787116171.187570
1787116171.445168
1787116171.697249
1787116171.952560
1787116172.203841
1787116172.466535
1787116172.719287
1787116172.957960
1787116173.212570
1787116173.463543
1787116173.713811
1787116173.960382
1787116174.198521
1787116174.462186
1787116174.715343
1787116174.970212
1787116175.210823
1787116175.462252
1787116175.698214
1787116175.955590
1787116176.207525
1787116176.442713
1787116176.676253
1787116176.916501
1787116177.169897
1787116177.424623
1787116177.673570
1787116177.949400
1787116178.201946
1787116178.450644
1787116178.696684
1787116178.955941
1787116179.207869
1787116179.465404
1787116179.721270
1787116179.975630
1787116180.227705
1787116180.476156
1787116180.729748
1787116180.979661
1787116181.232086
1787116181.481130
1787116181.732811
1787116181.981641
1787116182.231550
1787116182.476887
1787116182.721815
1787116182.966714
1787116183.211616
1787116183.456719
1787116183.705971
1787116183.949138
1787116184.196628
1787116184.436051
1787116184.671794
1787116184.906086
1787116185.154420
1787116185.398465
1787116185.643216
1787116185.888120
1787116186.134756
1787116186.377446
1787116186.623330
1787116186.869558
1787116187.113653
1787116187.356709
1787116187.590734
1787116187.836702
1787116188.083607
1787116188.324830
1787116188.574645
1787116188.824359
1787116189.073228
1787116189.322932
1787116189.575960
1787116189.824406
1787116190.075280
1787116190.323049
1787116190.571775
1787116190.813303
1787116191.062606
1787116191.302251
1787116191.536634
1787116191.779406
1787116192.016547
1787116192.253600
1787116192.485614
1787116192.737874
1787116192.976935
1787116193.225401
1787116193.470562
1787116193.711934
1787116193.960762
1787116194.205091
1787116194.448789
1787116194.689144
1787116194.940766
1787116195.192190
1787116195.434089
1787116195.684546
1787116195.930032
1787116196.176286
1787116196.418472
1787116196.665060
1787116196.908257
1787116197.154286
1787116197.401624
1787116197.638472
1787116197.886416
1787116198.124601
1787116198.373536
1787116198.616435
1787116198.864268
1787116199.110990
1787116199.355314
1787116199.597594
1787116199.844228
1787116200.092339
1787116200.335804
1787116200.594655
1787116200.844497
1787116201.089098
1787116201.333692
1787116201.585877
1787116201.830886
1787116202.095871
1787116202.344712
1787116202.700450
1787116202.955028
1787116203.223001
1787116203.470726
1787116203.731805
1787116203.998439
1787116204.275817
1787116204.551056
1787116204.819990
1787116205.068203
1787116205.319772
1787116205.570999
1787116205.861370
1787116206.125832
1787116206.414016
1787116206.706377
1787116206.976502
1787116207.237570
1787116207.492332
1787116207.740496
1787116208.029629
1787116208.262570
1787116208.516878
1787116208.763325
1787116209.021706
1787116209.261810
1787116209.515142
1787116209.751592
1787116210.008467
1787116210.269603
1787116210.504148
1787116210.751455
1787116210.993178
1787116211.252327
1787116211.503675
1787116211.793758
1787116212.029559
1787116212.278111
1787116212.540612
1787116212.772420
1787116213.009892
1787116213.298348
1787116213.579973
1787116213.831326
1787116214.094359
1787116225.327918
1787116225.575941
1787116225.827421
1787116226.080404
1787116226.302470
1787116226.552964
1787116226.770746
1787116226.988331
1787116227.204209
1787116227.429451
1787116227.644088
1787116227.879007
1787116228.093640
1787116228.328916
1787116228.537817
1787116228.750372
1787116228.986285
1787116229.199988
1787116229.413699
1787116229.627817
1787116229.840932
1787116230.055989
1787116230.268479
1787116230.481076
1787116230.699210
1787116230.914674
1787116231.132460
1787116231.342492
1787116231.546426
1787116231.749111
1787116231.993868
1787116232.222730
1787116232.449415
1787116232.674655
1787116232.903527
1787116233.140652
1787116233.368084
1787116233.590559
1787116233.792912
1787116233.994243
1787116234.198504
1787116234.404071
1787116234.610683
1787116234.813946
1787116235.021003
1787116235.222581
1787116235.423545
1787116235.628102
1787116235.840994
1787116236.049687
1787116236.260970
1787116236.470645
1787116236.676798
1787116236.884613
1787116237.089916
1787116237.508097
1787116237.701871
1787116237.908656
1787116238.103938
1787116238.298119
1787116238.495308
1787116238.689670
1787116238.891129
1787116239.084528
1787116239.277202
1787116239.469930
1787116239.662684
1787116239.854435
1787116240.047212
1787116240.243325
1787116240.436431
1787116240.632445
1787116240.829179
1787116241.023100
1787116241.213909
1787116241.407812
1787116241.598581
1787116241.798842
1787116242.005378
1787116242.201556
1787116242.410138
1787116242.609113
1787116242.808588
1787116243.007959
1787116243.207333
1787116243.402722
1787116243.602551
1787116243.804873
1787116244.001627
1787116244.198902
1787116244.407619
1787116244.619493
1787116244.814846
1787116245.012422
1787116245.207842
1787116245.401504
1787116245.600807
1787116245.792398
1787116245.987604
1787116246.186602
1787116246.379405
1787116246.571940
1787116246.768678
1787116246.963571
1787116247.164813
1787116247.360666
1787116247.557637
1787116247.757411
1787116247.953512
1787116248.153911
1787116248.348044
1787116248.543155
1787116248.744172
1787116248.943487
1787116249.142986
1787116249.343677
1787116249.542184
1787116249.739167
1787116249.942488
1787116250.144026
1787116250.341317
1787116250.544149
1787116250.745206
1787116250.945645
1787116251.147110
1787116251.346922
1787116251.543020
1787116251.741331
1787116251.939635
1787116252.140571
1787116252.340577
1787116252.535573
1787116252.737915
1787116252.940919
1787116253.144596
1787116253.349686
1787116253.550999
1787116253.750123
1787116253.945463
1787116254.143030
1787116254.342386
1787116254.548381
1787116254.752665
1787116254.946423
1787116255.142340
1787116255.337444
1787116255.549556
1787116255.748503
1787116255.947181
1787116256.150705
1787116256.346976
1787116256.558208
1787116256.754868
1787116256.948894
1787116257.143736
1787116257.337605
1787116257.534305
1787116257.738576
1787116257.941180
1787116258.150844
1787116258.352121
1787116258.547269
1787116258.742883
1787116258.940359
1787116259.143002
1787116259.340939
1787116259.536437
1787116259.736727
1787116259.937421
1787116260.139936
1787116260.341970
1787116260.539020
1787116260.734327
1787116260.933120
1787116261.129546
