1787113842.241069
1787113842.298454
1787113842.355265
1787113842.411556
1787113842.469815
1787113842.528735
1787113842.589050
1787113842.647745
1787113842.705867
1787113842.764262
1787113842.822021
1787113842.879893
1787113842.937310
1787113842.995393
1787113843.053497
1787113843.113295
1787113843.171870
1787113843.230322
1787113843.289159
1787113843.347087
1787113843.405772
1787113843.465405
1787113843.527833
1787113843.590361
1787113843.652940
1787113843.714017
1787113843.776023
1787113843.837530
1787113843.898982
1787113843.960854
1787113844.023019
1787113844.085191
1787113844.147763
1787113844.209416
1787113844.271975
1787113844.334920
1787113844.396219
1787113844.458306
1787113844.520499
1787113844.582528
1787113844.645319
1787113844.707945
1787113844.769774
1787113844.832406
1787113844.895403
1787113844.958440
1787113845.032279
1787113845.099579
1787113845.162246
1787113845.224823
1787113845.286930
1787113845.350617
1787113845.413388
1787113845.476163
1787113845.539052
1787113845.601980
1787113845.665043
1787113845.728588
1787113845.792521
1787113845.856812
1787113845.920445
1787113845.983910
1787113846.047129
1787113846.110916
1787113846.173793
1787113846.237001
1787113846.299906
1787113846.364409
1787113846.428012
1787113846.492397
1787113846.555918
1787113846.619699
1787113846.683887
1787113846.749157
1787113846.813034
1787113846.877249
1787113846.940548
1787113847.004312
1787113847.069928
1787113847.135012
1787113847.198483
1787113847.262729
1787113847.328219
1787113847.392903
1787113847.457758
1787113847.521904
1787113847.587768
1787113847.652170
1787113847.716629
1787113847.781882
1787113847.848407
1787113847.912258
1787113847.976022
1787113848.040897
1787113848.104750
1787113848.169349
1787113848.248804
1787113848.317303
1787113848.382004
1787113848.446171
1787113848.510783
1787113848.575440
1787113848.640985
1787113848.704994
1787113848.769345
1787113848.833669
1787113848.898740
1787113848.964991
1787113849.031200
1787113849.098504
1787113849.164772
1787113849.229310
1787113849.295479
1787113849.360128
1787113849.427576
1787113849.491274
1787113849.557477
1787113849.622900
1787113849.689903
1787113849.754769
1787113849.819897
1787113849.885860
1787113849.952063
1787113850.017255
1787113850.083879
1787113850.148771
1787113850.215361
1787113850.281363
1787113850.347364
1787113850.412981
1787113850.478440
1787113850.547167
1787113850.617901
1787113850.685126
1787113850.753394
1787113850.824086
1787113850.894209
1787113850.959611
1787113851.025411
1787113851.093988
1787113851.160623
1787113851.237000
1787113851.313325
1787113851.380938
1787113851.447646
1787113851.516345
1787113851.584198
1787113851.652318
1787113851.719178
1787113851.787306
1787113851.853812
1787113851.920752
1787113851.987045
1787113852.054242
1787113852.120754
1787113852.188287
1787113852.255306
1787113852.322960
1787113852.390292
1787113852.457190
1787113852.524657
1787113852.592294
1787113852.660959
1787113852.729470
1787113852.800479
1787113852.874370
1787113852.942668
1787113853.011864
1787113853.080847
1787113853.150783
1787113853.221268
1787113853.289923
1787113853.358740
1787113853.428169
1787113853.496484
1787113853.565110
1787113853.639670
1787113853.710585
1787113853.785481
1787113853.857823
1787113853.928130
1787113853.999708
1787113854.069707
1787113854.139127
1787113854.208705
1787113854.279150
1787113854.349819
1787113854.438936
1787113854.512214
1787113854.585351
1787113854.656950
1787113854.727887
1787113854.801551
1787113854.872120
1787113854.943537
1787113855.016359
1787113855.087278
1787113855.158556
1787113855.229685
1787113855.301258
1787113855.374857
1787113855.454461
1787113855.537193
1787113855.615757
1787113855.698266
1787113855.777689
1787113855.857296
1787113855.931209
1787113856.004445
1787113856.081831
1787113856.161941
1787113856.249006
1787113856.337378
1787113856.421205
1787113856.501336
1787113856.583938
1787113856.664637
1787113856.744022
1787113856.822063
1787113856.899629
1787113856.972558
1787113857.047697
1787113857.123637
1787113857.202138
1787113857.278572
1787113857.353590
1787113857.428822
1787113857.517510
1787113857.596299
1787113857.673779
1787113857.750619
1787113857.823525
1787113857.899280
1787113857.974937
1787113858.049776
1787113858.123045
1787113858.197006
1787113858.272648
1787113858.346671
1787113858.420352
1787113858.495030
1787113858.569580
1787113858.644051
1787113858.718876
1787113858.794729
1787113858.869956
1787113858.944862
1787113859.020943
1787113859.097797
1787113859.175548
1787113859.253225
1787113859.332298
1787113859.409858
1787113859.486605
1787113859.562784
1787113859.640695
1787113859.716255
1787113859.793660
1787113859.868967
1787113859.946824
1787113860.021933
1787113860.099478
1787113860.177083
1787113860.253609
1787113860.330209
1787113860.418539
1787113860.499588
1787113860.576711
1787113860.651156
1787113860.725574
1787113860.802569
1787113860.879745
1787113860.957963
1787113861.031407
1787113861.106633
1787113861.181603
1787113861.257345
1787113861.335917
1787113861.410640
1787113861.483493
1787113861.561443
1787113861.637486
1787113861.710871
1787113861.788132
1787113861.867117
1787113861.945648
1787113862.029154
1787113862.107144
1787113862.181537
1787113862.259275
1787113862.335176
1787113862.413097
1787113862.503795
1787113862.598721
1787113862.684819
1787113862.782799
1787113862.872940
1787113862.950177
1787113863.027948
1787113863.105109
1787113863.182839
1787113863.260158
1787113863.356501
1787113863.454321
1787113863.547816
1787113863.630832
1787113863.741526
1787113863.834763
1787113863.926490
1787113864.023221
1787113864.101220
1787113864.179303
1787113864.257418
1787113864.353498
1787113864.454545
1787113864.551965
1787113864.644747
1787113864.741992
1787113864.840174
1787113864.935672
1787113865.024624
1787113865.117898
1787113865.210256
1787113865.304552
1787113865.395455
1787113865.483306
1787113865.574319
1787113865.661445
1787113865.746053
1787113865.835233
1787113865.925918
1787113866.015348
1787113866.104541
1787113866.192478
1787113866.283164
1787113866.372218
1787113866.462867
1787113866.548013
1787113866.633786
1787113866.725496
1787113866.826049
1787113866.924144
1787113867.015150
1787113867.103387
1787113867.188553
1787113867.282743
1787113867.370563
1787113867.462662
1787113867.548890
1787113867.640322
1787113867.728490
1787113867.822100
1787113867.908058
1787113867.994625
1787113868.081210
1787113868.172472
1787113868.265054
1787113868.353309
1787113868.437204
1787113868.528072
1787113868.620727
1787113868.710553
1787113868.795174
1787113868.885149
1787113868.972050
1787113869.069121
1787113869.157891
1787113869.244228
1787113869.333409
1787113869.421662
1787113869.507662
1787113869.595536
1787113869.682324
1787113869.784482
1787113869.874932
1787113869.957133
1787113870.039441
1787113870.129245
1787113870.211512
1787113870.301122
1787113870.384699
1787113870.475241
1787113870.560481
1787113870.642849
1787113870.725929
1787113870.805795
1787113870.885515
1787113870.965060
1787113871.045637
1787113871.126241
1787113871.208645
1787113871.284425
1787113871.363281
1787113871.456069
1787113871.543182
1787113871.629922
1787113871.721905
1787113871.808677
1787113871.896099
1787113871.984852
1787113872.070105
1787113872.159969
1787113872.248191
1787113872.337872
1787113872.426374
1787113872.512311
1787113872.598222
1787113872.683736
1787113872.773156
1787113872.866284
1787113872.956083
1787113873.045549
1787113873.131136
1787113873.222207
1787113873.307640
1787113873.393230
1787113873.476918
1787113873.559515
1787113873.642880
1787113873.725792
1787113873.808676
1787113873.892442
1787113873.982289
1787113874.087065
1787113874.176354
1787113874.264529
1787113874.353606
1787113874.441136
1787113874.534764
1787113874.624729
1787113874.710913
1787113874.797165
1787113874.876556
1787113874.956298
1787113875.036849
1787113875.118334
1787113875.201863
1787113875.282868
1787113875.364253
1787113875.446854
1787113875.533447
1787113875.613379
1787113875.692776
1787113875.777695
1787113875.862678
1787113875.945273
1787113876.028580
1787113876.119960
1787113876.207228
1787113876.289860
1787113876.372629
1787113876.457799
1787113876.545146
1787113876.629363
1787113876.716959
1787113876.801830
1787113876.887606
1787113876.969637
1787113877.055777
1787113877.143822
1787113877.231260
1787113877.318285
1787113877.405086
1787113877.488724
1787113877.571918
1787113877.659645
1787113877.748433
1787113877.836524
1787113877.919129
1787113878.005818
1787113878.089490
1787113878.178191
1787113878.268909
1787113878.358330
1787113878.448765
1787113878.534015
1787113878.617504
1787113878.706616
1787113878.796738
1787113878.880761
1787113878.964396
1787113879.047545
1787113879.132252
1787113879.215301
1787113879.302387
1787113879.387616
1787113879.477912
1787113879.564786
1787113879.655172
1787113879.746328
1787113879.838435
1787113879.929019
1787113880.018642
1787113880.111676
1787113880.200402
1787113880.298101
1787113880.387095
1787113880.482742
1787113880.576018
1787113880.666559
1787113880.759187
1787113880.846931
1787113880.939822
1787113881.027684
1787113881.116221
1787113881.203184
1787113881.296392
1787113881.391017
1787113881.476342
1787113881.566569
1787113881.655783
1787113881.750674
1787113881.841129
1787113881.934586
1787113882.027128
1787113882.122357
1787113882.215595
1787113882.309807
1787113882.402270
1787113882.493880
1787113882.586499
1787113882.670619
1787113882.764998
1787113882.863643
1787113882.957446
1787113883.050388
1787113883.144954
1787113883.232101
1787113883.326608
1787113883.419539
1787113883.497971
1787113883.575937
1787113883.657413
1787113883.737475
1787113883.818097
1787113883.895408
1787113883.974617
1787113884.055398
1787113884.136642
1787113884.215658
1787113884.296703
1787113884.373658
1787113884.452711
1787113884.533261
1787113884.614623
1787113884.691810
1787113884.770506
1787113884.847886
1787113884.926321
1787113885.005950
1787113885.083173
1787113885.164754
1787113885.249396
1787113885.329888
1787113885.409728
1787113885.489807
1787113885.568831
1787113885.649398
1787113885.726366
1787113885.802203
1787113885.879836
1787113885.953044
1787113886.031318
1787113886.109174
1787113886.186519
1787113886.264662
1787113886.344141
1787113886.423720
1787113886.498771
1787113886.578914
1787113886.656565
1787113886.736957
1787113886.818111
1787113886.897233
1787113886.977274
1787113887.054553
1787113887.127682
1787113887.206329
1787113887.283705
1787113887.364672
1787113887.453089
1787113887.536552
1787113887.616009
1787113887.696135
1787113887.777679
1787113887.857775
1787113887.936957
1787113888.016961
1787113888.097371
1787113888.177305
1787113888.261302
1787113888.338495
1787113888.418154
1787113888.495719
1787113888.575328
1787113888.652619
1787113888.732327
1787113888.808723
1787113888.885780
1787113888.962649
1787113889.041111
