1787113748.624297
1787113748.639434
1787113748.654128
1787113748.668858
1787113748.683542
1787113748.698301
1787113748.713549
1787113748.728258
1787113748.743309
1787113748.758408
1787113748.773474
1787113748.787726
1787113748.802307
1787113748.817176
1787113748.831677
1787113748.846576
1787113748.861454
1787113748.876342
1787113748.891479
1787113748.906543
1787113748.921573
1787113748.936434
1787113748.951268
1787113748.966637
1787113748.981218
1787113748.995769
1787113749.010470
1787113749.025698
1787113749.040831
1787113749.056199
1787113749.071596
1787113749.086544
1787113749.101232
1787113749.116644
1787113749.131650
1787113749.146826
1787113749.161836
1787113749.176836
1787113749.191844
1787113749.207037
1787113749.222214
1787113749.237389
1787113749.252992
1787113749.268054
1787113749.283921
1787113749.299898
1787113749.315499
1787113749.330547
1787113749.346162
1787113749.361383
1787113749.376633
1787113749.391843
1787113749.407149
1787113749.422020
1787113749.437257
1787113749.452427
1787113749.467013
1787113749.482308
1787113749.497401
1787113749.512537
1787113749.527503
1787113749.542538
1787113749.557701
1787113749.572451
1787113749.587129
1787113749.602405
1787113749.617472
1787113749.632782
1787113749.647727
1787113749.662691
1787113749.677532
1787113749.692791
1787113749.707577
1787113749.722416
1787113749.737899
1787113749.753018
1787113749.767933
1787113749.782696
1787113749.797922
1787113749.812973
1787113749.828059
1787113749.843613
1787113749.858913
1787113749.874113
1787113749.889352
1787113749.904620
1787113749.920451
1787113749.935946
1787113749.951550
1787113749.967195
1787113749.982718
1787113749.998022
1787113750.013211
1787113750.028868
1787113750.044592
1787113750.059922
1787113750.075288
1787113750.090984
1787113750.106073
1787113750.121426
1787113750.136672
1787113750.151809
1787113750.167183
1787113750.182061
1787113750.197595
1787113750.213690
1787113750.230001
1787113750.246416
1787113750.262084
1787113750.277950
1787113750.293312
1787113750.308585
1787113750.323896
1787113750.338813
1787113750.353820
1787113750.369509
1787113750.384702
1787113750.400687
1787113750.416580
1787113750.431952
1787113750.447066
1787113750.461917
1787113750.477599
1787113750.493229
1787113750.509064
1787113750.524361
1787113750.539823
1787113750.555220
1787113750.570759
1787113750.586303
1787113750.601750
1787113750.617209
1787113750.632593
1787113750.647862
1787113750.663727
1787113750.679552
1787113750.694938
1787113750.710473
1787113750.726278
1787113750.742105
1787113750.758070
1787113750.774699
1787113750.790213
1787113750.805510
1787113750.820890
1787113750.836655
1787113750.851861
1787113750.867399
1787113750.882752
1787113750.898287
1787113750.913904
1787113750.929747
1787113750.945261
1787113750.960519
1787113750.976239
1787113750.991396
1787113751.007397
1787113751.023049
1787113751.038713
1787113751.054343
1787113751.069882
1787113751.085273
1787113751.101511
1787113751.116970
1787113751.132861
1787113751.148718
1787113751.164748
1787113751.180425
1787113751.196960
1787113751.212376
1787113751.228448
1787113751.244226
1787113751.259938
1787113751.275791
1787113751.291703
1787113751.307592
1787113751.323484
1787113751.339209
1787113751.355198
1787113751.370754
1787113751.386306
1787113751.402421
1787113751.418720
1787113751.434677
1787113751.450692
1787113751.466642
1787113751.482482
1787113751.499335
1787113751.515543
1787113751.531055
1787113751.546820
1787113751.562918
1787113751.578734
1787113751.594483
1787113751.612103
1787113751.628043
1787113751.644049
1787113751.659724
1787113751.675850
1787113751.691842
1787113751.708146
1787113751.724243
1787113751.739881
1787113751.756113
1787113751.772074
1787113751.788205
1787113751.804358
1787113751.820094
1787113751.836176
1787113751.851792
1787113751.867836
1787113751.884136
1787113751.900122
1787113751.915920
1787113751.932265
1787113751.948043
1787113751.964128
1787113751.980141
1787113751.996819
1787113752.013440
1787113752.029809
1787113752.046435
1787113752.063969
1787113752.080130
1787113752.096393
1787113752.112882
1787113752.128809
1787113752.145236
1787113752.161568
1787113752.178097
1787113752.194697
1787113752.211084
1787113752.226796
1787113752.242620
1787113752.259077
1787113752.275447
1787113752.291744
1787113752.307876
1787113752.324208
1787113752.340456
1787113752.356930
1787113752.373197
1787113752.389122
1787113752.405347
1787113752.421225
1787113752.437625
1787113752.453955
1787113752.470383
1787113752.486595
1787113752.503945
1787113752.520166
1787113752.536495
1787113752.553166
1787113752.568992
1787113752.585415
1787113752.602224
1787113752.618788
1787113752.635344
1787113752.651809
1787113752.668280
1787113752.684123
1787113752.699887
1787113752.716174
1787113752.732169
1787113752.747983
1787113752.767022
1787113752.783321
1787113752.800194
1787113752.816819
1787113752.833327
1787113752.849248
1787113752.865409
1787113752.881630
1787113752.897415
1787113752.913392
1787113752.929966
1787113752.945889
1787113752.962560
1787113752.978526
1787113752.995049
1787113753.010915
1787113753.027310
1787113753.043925
1787113753.060765
1787113753.077487
1787113753.093916
1787113753.110682
1787113753.127258
1787113753.143372
1787113753.159400
1787113753.175731
1787113753.191874
1787113753.208143
1787113753.224979
1787113753.240939
1787113753.257062
1787113753.273402
1787113753.289978
1787113753.305827
1787113753.322600
1787113753.338756
1787113753.355757
1787113753.372463
1787113753.388550
1787113753.404690
1787113753.420812
1787113753.437827
1787113753.454057
1787113753.470418
1787113753.486755
1787113753.503075
1787113753.519892
1787113753.536294
1787113753.552543
1787113753.568905
1787113753.584974
1787113753.601792
1787113753.618378
1787113753.634664
1787113753.650854
1787113753.667386
1787113753.683532
1787113753.700200
1787113753.716491
1787113753.732402
1787113753.748368
1787113753.764612
1787113753.781441
1787113753.799631
1787113753.816308
1787113753.832630
1787113753.849257
1787113753.865872
1787113753.883325
1787113753.899649
1787113753.916295
1787113753.932740
1787113753.949861
1787113753.966123
1787113753.982819
1787113753.999536
1787113754.016428
1787113754.032631
1787113754.049135
1787113754.065783
1787113754.082967
1787113754.099000
1787113754.115622
1787113754.132277
1787113754.148614
1787113754.165463
1787113754.181587
1787113754.198755
1787113754.214936
1787113754.231156
1787113754.247463
1787113754.263479
1787113754.279716
1787113754.296307
1787113754.312907
1787113754.329284
1787113754.345515
1787113754.361725
1787113754.378597
1787113754.395236
1787113754.411811
1787113754.428201
1787113754.444396
1787113754.461177
1787113754.477758
1787113754.494424
1787113754.511662
1787113754.528097
1787113754.544157
1787113754.560332
1787113754.577235
1787113754.593703
1787113754.610652
1787113754.626876
1787113754.644257
1787113754.660310
1787113754.676455
1787113754.693570
1787113754.709816
1787113754.726440
1787113754.743095
1787113754.759143
1787113754.775410
1787113754.791965
1787113754.808212
1787113754.824227
1787113754.840268
1787113754.856529
1787113754.873630
1787113754.889358
1787113754.906152
1787113754.922260
1787113754.938979
1787113754.955709
1787113754.971979
1787113754.987995
1787113755.004107
1787113755.020009
1787113755.036343
1787113755.052444
1787113755.069151
1787113755.085534
1787113755.101981
1787113755.118521
1787113755.134547
1787113755.150522
1787113755.167255
1787113755.183789
1787113755.200190
1787113755.216688
1787113755.233578
1787113755.249792
1787113755.266269
1787113755.282548
1787113755.298469
1787113755.314812
1787113755.331285
1787113755.347249
1787113755.363539
1787113755.379948
1787113755.396392
1787113755.412791
1787113755.429367
1787113755.445271
1787113755.462027
1787113755.478367
1787113755.495390
1787113755.512367
1787113755.529006
1787113755.545173
1787113755.561262
1787113755.577725
1787113755.594301
1787113755.610711
1787113755.627323
1787113755.644084
1787113755.660376
1787113755.676680
1787113755.693324
1787113755.709705
1787113755.726108
1787113755.742700
1787113755.759177
1787113755.775459
1787113755.791966
1787113755.808228
1787113755.824302
1787113755.840828
1787113755.857105
1787113755.873166
1787113755.889578
1787113755.906007
1787113755.922264
1787113755.938717
1787113755.955182
1787113755.971196
1787113755.987303
1787113756.003627
1787113756.020103
1787113756.036331
1787113756.053090
1787113756.069360
1787113756.085709
1787113756.101797
1787113756.118506
1787113756.135219
1787113756.151207
1787113756.167576
1787113756.184354
1787113756.200830
1787113756.216992
1787113756.233668
1787113756.250015
1787113756.266324
1787113756.282825
1787113756.298934
1787113756.315559
1787113756.331925
1787113756.348192
1787113756.364190
1787113756.380503
1787113756.396853
1787113756.413440
1787113756.430471
1787113756.447891
1787113756.464654
1787113756.481214
1787113756.497894
1787113756.514732
1787113756.531034
1787113756.547688
1787113756.564379
1787113756.581140
1787113756.597799
1787113756.614791
1787113756.631859
1787113756.648613
1787113756.665055
1787113756.681889
1787113756.698790
1787113756.715296
1787113756.731613
1787113756.748224
1787113756.764727
1787113756.780987
1787113756.797582
1787113756.814550
1787113756.830998
1787113756.848190
1787113756.864893
1787113756.881794
1787113756.898518
1787113756.915407
1787113756.931826
1787113756.948453
1787113756.965367
1787113756.982149
1787113756.998827
1787113757.015388
1787113757.032454
1787113757.049440
1787113757.066232
1787113757.083131
1787113757.099841
1787113757.117600
1787113757.134295
1787113757.151265
1787113757.167817
1787113757.184363
1787113757.201103
1787113757.217832
1787113757.234457
1787113757.251364
1787113757.268200
1787113757.284985
1787113757.301959
1787113757.318670
1787113757.335101
1787113757.351897
1787113757.368938
1787113757.385570
1787113757.402589
1787113757.419462
1787113757.436410
1787113757.452911
1787113757.470217
1787113757.486876
1787113757.504101
1787113757.520741
1787113757.537768
1787113757.554504
1787113757.571265
1787113757.588189
1787113757.604963
1787113757.621662
1787113757.639925
1787113757.658212
1787113757.675901
1787113757.692700
1787113757.709631
1787113757.726691
1787113757.743991
1787113757.760997
1787113757.777886
1787113757.794706
1787113757.811609
1787113757.828209
1787113757.844796
1787113757.861997
1787113757.878963
1787113757.895610
1787113757.913003
1787113757.930304
1787113757.947574
1787113757.964478
1787113757.981481
1787113757.998805
1787113758.015903
1787113758.033076
1787113758.049825
1787113758.066876
1787113758.083945
1787113758.100918
1787113758.117864
1787113758.134840
1787113758.152101
1787113758.169270
1787113758.185977
1787113758.202673
1787113758.219210
1787113758.236412
1787113758.253710
1787113758.269921
1787113758.287341
1787113758.304643
1787113758.321143
