1787113734.612291
1787113734.627440
1787113734.642422
1787113734.657420
1787113734.672618
1787113734.687604
1787113734.702190
1787113734.717504
1787113734.732059
1787113734.746589
1787113734.761923
1787113734.776487
1787113734.791643
1787113734.806563
1787113734.821481
1787113734.836478
1787113734.851606
1787113734.866712
1787113734.881679
1787113734.896566
1787113734.911327
1787113734.926239
1787113734.941246
1787113734.956423
1787113734.971371
1787113734.987070
1787113735.002059
1787113735.017288
1787113735.032526
1787113735.047852
1787113735.063040
1787113735.078176
1787113735.093120
1787113735.108001
1787113735.122944
1787113735.137634
1787113735.152748
1787113735.167816
1787113735.182951
1787113735.198022
1787113735.213193
1787113735.227958
1787113735.243082
1787113735.258291
1787113735.273525
1787113735.288799
1787113735.303979
1787113735.319199
1787113735.333946
1787113735.349256
1787113735.364351
1787113735.379980
1787113735.395340
1787113735.410520
1787113735.425784
1787113735.440769
1787113735.455693
1787113735.471231
1787113735.486474
1787113735.502151
1787113735.517475
1787113735.532548
1787113735.548117
1787113735.563354
1787113735.578424
1787113735.593508
1787113735.608958
1787113735.623839
1787113735.638744
1787113735.653984
1787113735.669189
1787113735.684367
1787113735.699561
1787113735.715047
1787113735.729782
1787113735.744833
1787113735.759958
1787113735.774951
1787113735.790121
1787113735.804989
1787113735.820843
1787113735.835918
1787113735.850977
1787113735.866225
1787113735.881694
1787113735.897101
1787113735.912348
1787113735.927480
1787113735.942727
1787113735.957908
1787113735.973007
1787113735.987679
1787113736.003026
1787113736.018302
1787113736.033830
1787113736.049457
1787113736.064715
1787113736.080026
1787113736.095312
1787113736.110587
1787113736.125808
1787113736.140938
1787113736.155852
1787113736.171029
1787113736.186437
1787113736.201970
1787113736.216954
1787113736.231975
1787113736.247209
1787113736.262212
1787113736.277776
1787113736.292989
1787113736.307966
1787113736.323740
1787113736.339228
1787113736.354723
1787113736.369908
1787113736.385316
1787113736.400853
1787113736.415989
1787113736.431369
1787113736.446533
1787113736.462192
1787113736.478021
1787113736.493292
1787113736.508716
1787113736.523580
1787113736.538914
1787113736.554341
1787113736.569015
1787113736.584857
1787113736.600779
1787113736.616419
1787113736.632537
1787113736.647907
1787113736.662816
1787113736.678088
1787113736.693538
1787113736.709061
1787113736.724543
1787113736.739888
1787113736.755780
1787113736.771222
1787113736.786532
1787113736.802086
1787113736.817987
1787113736.833221
1787113736.848580
1787113736.863902
1787113736.879560
1787113736.894687
1787113736.910453
1787113736.926274
1787113736.941699
1787113736.957522
1787113736.973284
1787113736.988922
1787113737.004959
1787113737.020354
1787113737.036346
1787113737.051868
1787113737.067269
1787113737.082879
1787113737.098461
1787113737.114486
1787113737.130978
1787113737.147038
1787113737.163401
1787113737.179198
1787113737.195247
1787113737.210676
1787113737.226460
1787113737.241933
1787113737.258974
1787113737.274471
1787113737.290384
1787113737.305710
1787113737.321568
1787113737.337476
1787113737.353213
1787113737.369346
1787113737.385633
1787113737.401827
1787113737.418209
1787113737.434059
1787113737.449609
1787113737.465481
1787113737.481551
1787113737.498080
1787113737.514663
1787113737.530728
1787113737.546749
1787113737.562987
1787113737.579387
1787113737.595387
1787113737.611737
1787113737.627865
1787113737.643968
1787113737.659890
1787113737.675887
1787113737.691171
1787113737.706704
1787113737.722560
1787113737.738468
1787113737.754815
1787113737.770652
1787113737.786515
1787113737.802551
1787113737.818338
1787113737.834570
1787113737.850363
1787113737.866236
1787113737.882436
1787113737.898449
1787113737.914835
1787113737.931247
1787113737.947205
1787113737.963050
1787113737.979098
1787113737.995373
1787113738.011462
1787113738.027668
1787113738.044151
1787113738.060258
1787113738.076183
1787113738.091870
1787113738.108094
1787113738.124129
1787113738.140205
1787113738.156356
1787113738.172185
1787113738.189105
1787113738.205157
1787113738.221249
1787113738.237964
1787113738.254241
1787113738.276037
1787113738.298911
1787113738.318669
1787113738.334741
1787113738.350829
1787113738.367115
1787113738.383014
1787113738.399350
1787113738.416089
1787113738.432293
1787113738.448214
1787113738.464204
1787113738.480247
1787113738.496281
1787113738.512146
1787113738.528263
1787113738.544587
1787113738.561078
1787113738.577183
1787113738.593516
1787113738.609954
1787113738.626023
1787113738.642296
1787113738.658370
1787113738.674549
1787113738.690521
1787113738.706903
1787113738.723196
1787113738.739012
1787113738.756728
1787113738.773082
1787113738.788989
1787113738.805018
1787113738.821506
1787113738.838003
1787113738.854460
1787113738.870757
1787113738.887085
1787113738.902790
1787113738.919264
1787113738.935388
1787113738.951621
1787113738.967846
1787113738.984190
1787113739.000317
1787113739.016371
1787113739.032118
1787113739.048074
1787113739.064753
1787113739.081279
1787113739.097371
1787113739.113865
1787113739.129640
1787113739.145947
1787113739.162607
1787113739.178900
1787113739.195290
1787113739.211279
1787113739.227216
1787113739.243546
1787113739.259544
1787113739.276288
1787113739.292235
1787113739.308358
1787113739.324138
1787113739.339975
1787113739.356245
1787113739.372071
1787113739.388130
1787113739.404277
1787113739.421067
1787113739.437340
1787113739.453413
1787113739.469480
1787113739.485896
1787113739.502502
1787113739.519048
1787113739.535104
1787113739.551378
1787113739.567834
1787113739.584160
1787113739.600284
1787113739.617027
1787113739.633358
1787113739.649814
1787113739.666294
1787113739.682694
1787113739.699381
1787113739.716018
1787113739.732642
1787113739.749119
1787113739.765633
1787113739.782247
1787113739.798360
1787113739.814297
1787113739.830814
1787113739.847315
1787113739.863691
1787113739.879979
1787113739.896191
1787113739.912174
1787113739.928350
1787113739.944668
1787113739.961504
1787113739.978397
1787113739.995048
1787113740.011600
1787113740.028255
1787113740.045315
1787113740.062528
1787113740.079705
1787113740.096311
1787113740.113831
1787113740.131778
1787113740.149948
1787113740.169236
1787113740.188133
1787113740.205541
1787113740.222824
1787113740.240134
1787113740.258193
1787113740.275968
1787113740.293179
1787113740.310353
1787113740.327560
1787113740.344687
1787113740.361524
1787113740.378616
1787113740.397211
1787113740.417212
1787113740.435375
1787113740.453808
1787113740.471277
1787113740.488172
1787113740.504746
1787113740.521526
1787113740.538972
1787113740.556286
1787113740.573715
1787113740.590992
1787113740.608183
1787113740.624980
1787113740.642345
1787113740.659602
1787113740.677066
1787113740.694833
1787113740.712007
1787113740.729263
1787113740.746369
1787113740.763911
1787113740.781600
1787113740.799359
1787113740.816582
1787113740.833649
1787113740.850778
1787113740.867728
1787113740.884797
1787113740.901587
1787113740.918532
1787113740.935917
1787113740.953268
1787113740.971098
1787113740.988123
1787113741.005269
1787113741.022624
1787113741.040167
1787113741.057544
1787113741.075269
1787113741.092241
1787113741.109971
1787113741.127206
1787113741.144430
1787113741.162111
1787113741.179148
1787113741.195824
1787113741.212743
1787113741.229362
1787113741.253645
1787113741.277814
1787113741.296854
1787113741.314534
1787113741.332207
1787113741.349495
1787113741.366874
1787113741.385052
1787113741.402294
1787113741.418748
1787113741.435449
1787113741.451628
1787113741.468496
1787113741.488249
1787113741.508510
1787113741.529782
1787113741.550353
1787113741.570062
1787113741.589300
1787113741.607873
1787113741.626212
1787113741.644748
1787113741.663126
1787113741.681164
1787113741.698780
1787113741.716567
1787113741.734165
1787113741.751943
1787113741.771089
1787113741.788574
1787113741.806546
1787113741.823942
1787113741.841041
1787113741.858001
1787113741.875173
1787113741.892109
1787113741.909009
1787113741.925972
1787113741.943267
1787113741.960787
1787113741.978060
1787113741.995145
1787113742.012830
1787113742.029989
1787113742.046694
1787113742.063706
1787113742.080108
1787113742.096524
1787113742.112937
1787113742.129289
1787113742.145948
1787113742.162831
1787113742.179840
1787113742.197117
1787113742.213439
1787113742.230324
1787113742.246445
1787113742.264112
1787113742.281026
1787113742.297640
1787113742.314341
1787113742.331402
1787113742.348442
1787113742.364724
1787113742.381328
1787113742.397826
1787113742.414303
1787113742.431977
1787113742.448695
1787113742.465790
1787113742.482973
1787113742.500264
1787113742.516926
1787113742.534611
1787113742.551922
1787113742.569210
1787113742.585788
1787113742.603151
1787113742.619906
1787113742.636808
1787113742.652842
1787113742.669475
1787113742.686125
1787113742.702902
1787113742.720242
1787113742.736901
1787113742.754077
1787113742.771235
1787113742.788022
1787113742.804954
1787113742.821700
1787113742.838884
1787113742.855967
1787113742.872858
1787113742.889655
1787113742.906154
1787113742.922538
1787113742.938314
1787113742.954339
1787113742.970665
1787113742.987227
1787113743.003142
1787113743.020005
1787113743.036654
1787113743.053075
1787113743.070301
1787113743.087077
1787113743.107646
1787113743.129027
1787113743.148018
1787113743.166636
1787113743.184218
1787113743.202224
1787113743.220802
1787113743.239523
1787113743.258378
1787113743.278751
1787113743.296478
1787113743.314162
1787113743.331861
1787113743.349258
1787113743.366734
1787113743.384076
1787113743.401259
1787113743.418666
1787113743.435807
1787113743.452775
1787113743.469451
1787113743.485879
1787113743.503876
1787113743.521373
1787113743.538971
1787113743.556089
1787113743.573714
1787113743.590305
1787113743.607038
1787113743.623132
1787113743.639486
1787113743.656303
1787113743.672755
1787113743.689443
1787113743.705632
1787113743.722377
1787113743.738899
1787113743.755801
1787113743.772325
1787113743.788632
1787113743.804913
1787113743.821983
1787113743.838648
1787113743.855139
1787113743.871734
1787113743.888437
1787113743.904951
1787113743.921623
1787113743.938308
1787113743.954944
1787113743.972080
1787113743.988702
1787113744.006379
1787113744.023498
1787113744.040255
1787113744.057803
1787113744.075112
1787113744.093206
1787113744.110155
1787113744.127307
1787113744.144042
1787113744.161471
1787113744.178449
1787113744.195624
1787113744.212850
1787113744.229633
1787113744.246013
1787113744.262839
1787113744.279389
1787113744.295694
1787113744.312191
1787113744.328788
1787113744.345257
1787113744.361738
1787113744.378708
1787113744.395314
1787113744.411728
1787113744.428200
1787113744.444954
1787113744.462171
1787113744.478830
