1787116268.213000
1787116268.447911
1787116268.695603
1787116268.940584
1787116269.177947
1787116269.420758
1787116269.663835
1787116269.911687
1787116270.159450
1787116270.408158
1787116270.656957
1787116270.923009
1787116271.172696
1787116271.418990
1787116271.667726
1787116271.937606
1787116272.201517
1787116272.450984
1787116272.700470
1787116272.958638
1787116273.225700
1787116273.475955
1787116273.724266
1787116273.973748
1787116274.230296
1787116274.479843
1787116274.729955
1787116274.982358
1787116275.253704
1787116275.507975
1787116275.759434
1787116276.010353
1787116276.262502
1787116276.516962
1787116276.768111
1787116277.021956
1787116277.274505
1787116277.550138
1787116277.805117
1787116278.077964
1787116278.373804
1787116278.640008
1787116278.913065
1787116279.168389
1787116279.432021
1787116279.702227
1787116279.958636
1787116280.216762
1787116280.470913
1787116280.733734
1787116280.999379
1787116281.249734
1787116281.498626
1787116281.752584
1787116282.005466
1787116282.253313
1787116282.502100
1787116282.751062
1787116283.011928
1787116283.262384
1787116283.511059
1787116283.771832
1787116284.056872
1787116284.310215
1787116284.567962
1787116284.822823
1787116285.078883
1787116285.369584
1787116285.624468
1787116285.878919
1787116286.121320
1787116286.361870
1787116286.603633
1787116286.848002
1787116287.100158
1787116287.344083
1787116287.587753
1787116287.842055
1787116288.086881
1787116288.330485
1787116288.574591
1787116288.820707
1787116289.065241
1787116289.310328
1787116289.556210
1787116289.803031
1787116290.057505
1787116290.313333
1787116290.561491
1787116290.812642
1787116291.064182
1787116291.313568
1787116291.559561
1787116291.806637
1787116292.053445
1787116292.301800
1787116292.551553
1787116292.802564
1787116293.053328
1787116293.309554
1787116293.561038
1787116293.842808
1787116294.098785
1787116294.355560
1787116294.620463
1787116294.891072
1787116295.158098
1787116295.447498
1787116295.722885
1787116295.994781
1787116296.254053
1787116296.520172
1787116296.777761
1787116297.028645
1787116297.279952
1787116297.532965
1787116297.783443
1787116298.033794
1787116298.282942
1787116298.531471
1787116298.788028
1787116299.038246
1787116299.290590
1787116299.545426
1787116299.799830
1787116300.063142
1787116300.320626
1787116300.574331
1787116300.831902
1787116301.088766
1787116301.346634
1787116301.601827
1787116301.860884
1787116302.124064
1787116302.384249
1787116302.650122
1787116302.918006
1787116303.183200
1787116303.445832
1787116303.709467
1787116303.972594
1787116304.242814
1787116304.508349
1787116304.775052
1787116305.045335
1787116305.356870
1787116305.684206
1787116305.995885
1787116306.296499
1787116306.604152
1787116306.898085
1787116307.214096
1787116307.533400
1787116307.849468
1787116308.183221
1787116308.518773
1787116308.836185
1787116309.167250
1787116309.495051
1787116309.839290
1787116310.175811
1787116310.514971
1787116310.883887
1787116311.258156
1787116311.625320
1787116311.983854
1787116312.317849
1787116312.658187
1787116312.997070
1787116313.308763
1787116313.663977
1787116314.003315
1787116314.362476
1787116314.707264
1787116315.055135
1787116315.398618
1787116315.703476
1787116316.043272
1787116316.359809
1787116316.690907
1787116317.023010
1787116317.359892
1787116317.677771
1787116318.015272
1787116318.335432
1787116318.649509
1787116318.998674
1787116319.348662
1787116319.653108
1787116319.997583
1787116320.315899
1787116320.641228
1787116320.966355
1787116321.282717
1787116321.611900
1787116321.931648
1787116322.257391
1787116322.578505
1787116322.908357
1787116323.234820
1787116323.533745
1787116323.843116
1787116324.155616
1787116324.484362
1787116324.828921
1787116325.148593
1787116325.458567
1787116325.773973
1787116326.099861
1787116326.421395
1787116326.747219
1787116327.062804
1787116327.360626
1787116327.663937
1787116327.985494
1787116328.316630
1787116328.646359
1787116328.963821
1787116329.286560
1787116329.589029
1787116329.896990
1787116330.224964
1787116330.551105
1787116330.880341
1787116331.214343
1787116331.549265
1787116331.888481
1787116332.215805
1787116332.524468
1787116332.857996
1787116333.176419
1787116333.492485
1787116333.787593
1787116334.101393
1787116334.425620
1787116334.749076
1787116335.050295
1787116335.361748
1787116335.712000
1787116336.066669
1787116336.405079
1787116336.726597
1787116337.069170
1787116337.395587
1787116337.719080
1787116338.043608
1787116338.361609
1787116338.667063
1787116338.965988
1787116339.285240
1787116339.607881
1787116339.938806
1787116340.277706
1787116340.612327
1787116340.955941
1787116341.312926
1787116341.652364
1787116342.001314
1787116342.338927
1787116342.654612
1787116342.982095
1787116343.315432
1787116343.647187
1787116343.980226
1787116344.307658
1787116344.632096
1787116344.956325
1787116345.283242
1787116345.611562
1787116345.915279
1787116346.247893
1787116346.569707
1787116346.908669
1787116347.244420
1787116347.566728
1787116347.886303
1787116348.208275
1787116348.522838
1787116348.839868
1787116349.153501
1787116349.479534
1787116349.808993
1787116350.106740
1787116350.419016
1787116350.725597
1787116351.028051
1787116351.324834
1787116351.608493
1787116351.893882
1787116352.178938
1787116352.463619
1787116352.749958
1787116353.038594
1787116353.317783
1787116353.599149
1787116353.881785
1787116354.164828
1787116354.444585
1787116354.727248
1787116355.013089
1787116355.301689
1787116355.648853
1787116355.964533
1787116356.320011
1787116356.672604
1787116357.003568
1787116357.373205
1787116357.717801
1787116358.070603
1787116358.390806
1787116358.745024
1787116359.074551
1787116359.393921
1787116359.723652
1787116360.060548
1787116360.399041
1787116360.734645
1787116361.052363
1787116361.385110
1787116361.695865
1787116362.036515
1787116362.363972
1787116362.719484
1787116363.061254
1787116363.399624
1787116363.728085
1787116364.066263
1787116364.418629
1787116364.757561
1787116365.104013
1787116365.450511
1787116365.794460
1787116366.156852
1787116366.494080
1787116366.797224
1787116367.081921
1787116367.363150
1787116367.664588
1787116367.967252
1787116368.271067
1787116368.573815
1787116368.880569
1787116369.199144
1787116369.527366
1787116369.841215
1787116370.159303
1787116370.445515
1787116370.719521
1787116370.989282
1787116371.250276
1787116371.519306
1787116371.781389
1787116372.049497
1787116372.325876
1787116372.597252
1787116372.864290
1787116373.125339
1787116373.388810
1787116373.653772
1787116373.930528
1787116374.207067
1787116374.471890
1787116374.737384
1787116375.003912
1787116375.270814
1787116375.540213
1787116375.815881
1787116376.093630
1787116376.361745
1787116376.629576
1787116376.909694
1787116377.223021
1787116377.502606
1787116377.784092
1787116378.070310
1787116378.358227
1787116378.641913
1787116378.918246
1787116379.195654
1787116379.482808
1787116379.769436
1787116380.060042
1787116380.353742
1787116380.644304
1787116380.928769
1787116381.211806
1787116381.505057
1787116381.793647
1787116382.083764
1787116382.369828
1787116382.650447
1787116382.943217
1787116383.220657
1787116383.506034
1787116383.783588
1787116384.063994
1787116384.339998
1787116384.614671
1787116384.885031
1787116385.159453
1787116385.441553
1787116385.723153
1787116386.000418
1787116386.267015
1787116386.534158
1787116386.802657
1787116387.069582
1787116387.335446
1787116387.602335
1787116387.875355
1787116388.139607
1787116388.409001
1787116388.679606
1787116388.952931
1787116389.222619
1787116389.492209
1787116389.758863
1787116390.027951
1787116390.305650
1787116390.580685
1787116390.852727
1787116391.121142
1787116391.393331
1787116391.675240
1787116391.959802
1787116392.239815
1787116392.507239
1787116392.776450
1787116393.038231
1787116393.299807
1787116393.563605
1787116393.838670
1787116394.105408
1787116394.380008
1787116394.648418
1787116394.917494
1787116395.185212
1787116395.463846
1787116395.738470
1787116396.000565
1787116396.274127
1787116396.558024
1787116396.826865
1787116397.101693
1787116397.371312
1787116397.638988
1787116397.911863
1787116398.181895
1787116398.458607
1787116398.740198
1787116399.012373
1787116399.280472
1787116399.538460
1787116399.798910
1787116400.056490
1787116400.321736
1787116400.586916
1787116400.856827
1787116401.120204
1787116401.386509
1787116401.650639
1787116401.926366
1787116402.205796
1787116402.478324
1787116402.751665
1787116403.028088
1787116403.296515
1787116403.567543
1787116403.838743
1787116404.105069
1787116404.373144
1787116404.637068
1787116404.903790
1787116405.171794
1787116405.434575
1787116405.694528
1787116405.958065
1787116406.218785
1787116406.480749
1787116406.748130
1787116407.013010
1787116407.293634
1787116407.566928
1787116407.838240
1787116408.109519
1787116408.381412
1787116408.642334
1787116408.922674
1787116409.193192
1787116409.480530
1787116409.738236
1787116410.002752
1787116410.267431
1787116410.532717
1787116410.801191
1787116411.076063
1787116411.347397
1787116411.609039
1787116411.876014
1787116412.135048
1787116412.394098
1787116412.665230
1787116412.942472
1787116413.211504
1787116413.474471
1787116413.739618
1787116414.012980
1787116414.288801
1787116414.567600
1787116414.852982
1787116415.128965
1787116415.402085
1787116415.673911
1787116415.941785
1787116416.210633
1787116416.477490
1787116416.740744
1787116417.004693
1787116417.278364
1787116417.550750
1787116417.814179
1787116418.079472
1787116418.342511
1787116418.607283
1787116418.869839
1787116419.129486
1787116419.391097
1787116419.654345
1787116419.916854
1787116420.180828
1787116420.447150
1787116420.718321
1787116420.999812
1787116421.266856
1787116421.528272
1787116421.795612
1787116422.055739
1787116422.322100
1787116422.589247
1787116422.860784
1787116423.126052
1787116423.391979
1787116423.653069
1787116423.917824
1787116424.181056
1787116424.449945
1787116424.716172
1787116424.973423
1787116425.237442
1787116425.500623
1787116425.767043
1787116426.028012
1787116426.286660
1787116426.552352
1787116426.813082
1787116427.075366
1787116427.339232
1787116427.603006
1787116427.878259
1787116428.151250
1787116428.422917
1787116428.688278
1787116428.961892
1787116429.225824
1787116429.490305
1787116429.755569
1787116430.025293
1787116430.292514
1787116430.558630
1787116430.824102
1787116431.091749
1787116431.358543
1787116431.621202
1787116431.888871
1787116432.158115
1787116432.428800
1787116432.692989
1787116432.959319
1787116433.232759
1787116433.506420
1787116433.774060
1787116434.045202
1787116434.312297
1787116434.579537
1787116434.856617
1787116435.122659
1787116435.383168
1787116435.661366
1787116435.932441
1787116436.201284
1787116436.464345
1787116436.730605
1787116437.005869
1787116437.284610
1787116437.604683
1787116437.882616
1787116438.154269
1787116438.425662
1787116438.685100
1787116438.961729
1787116439.222808
