1787117699.919861
1787117700.336463
1787117700.742708
1787117701.167569
1787117701.571505
1787117701.978726
1787117702.391039
1787117702.804757
1787117703.254376
1787117703.670345
1787117704.082850
1787117704.496811
1787117704.910081
1787117705.355730
1787117705.775074
1787117706.190955
1787117706.610457
1787117707.033103
1787117707.467874
1787117707.908166
1787117708.326914
1787117708.742672
1787117709.168718
1787117709.598540
1787117710.036401
1787117710.447633
1787117710.859393
1787117711.276531
1787117711.694622
1787117712.147189
1787117712.560460
1787117712.981820
1787117713.389546
1787117713.807165
1787117714.229539
1787117714.639034
1787117715.053651
1787117715.456070
1787117715.842444
1787117716.238808
1787117716.618234
1787117717.019877
1787117717.411423
1787117717.791844
1787117718.238894
1787117718.641892
1787117719.043869
1787117719.433312
1787117719.821674
1787117720.208338
1787117720.625700
1787117721.039192
1787117721.457357
1787117721.849978
1787117722.237976
1787117722.617947
1787117722.996384
1787117723.375039
1787117723.756360
1787117724.129415
1787117724.500230
1787117724.875564
1787117725.254278
1787117725.640869
1787117726.031096
1787117726.405417
1787117726.791792
1787117727.185283
1787117727.559284
1787117727.937971
1787117728.315496
1787117728.697161
1787117729.072938
1787117729.455415
1787117729.831325
1787117730.208272
1787117730.589271
1787117730.970754
1787117731.362151
1787117731.762357
1787117732.173142
1787117732.579745
1787117732.993394
1787117733.401733
1787117733.809971
1787117734.247338
1787117734.674857
1787117735.080713
1787117735.488507
1787117735.899426
1787117736.295774
1787117736.695891
1787117737.094820
1787117737.502489
1787117737.910306
1787117738.309710
1787117738.707954
1787117739.095017
1787117739.475849
1787117739.868418
1787117740.270433
1787117740.737479
1787117741.165339
1787117741.562633
1787117741.950498
1787117742.334605
1787117742.746358
1787117743.149495
1787117743.537918
1787117743.929148
1787117744.316169
1787117744.727516
1787117745.141061
1787117745.541199
1787117745.950441
1787117746.344522
1787117746.749574
1787117747.152771
1787117747.575543
1787117747.982028
1787117748.388804
1787117748.812918
1787117749.232882
1787117749.671941
1787117750.101438
1787117750.513905
1787117750.926199
1787117751.340965
1787117751.761437
1787117752.180073
1787117752.633817
1787117753.073353
1787117753.513055
1787117753.937312
1787117754.345304
1787117754.747945
1787117755.158334
1787117755.559857
1787117755.969454
1787117756.380742
1787117756.784875
1787117757.188192
1787117757.586249
1787117757.995288
1787117758.395054
1787117758.799054
1787117759.210579
1787117759.610901
1787117760.027516
1787117760.436971
1787117760.839139
1787117761.249315
1787117761.654125
1787117762.054580
1787117762.469916
1787117762.878445
1787117763.294907
1787117763.695382
1787117764.093283
1787117764.485554
1787117764.884542
1787117765.276111
1787117765.671990
1787117766.066740
1787117766.463607
1787117766.859844
1787117767.257341
1787117767.653412
1787117768.055910
1787117768.457297
1787117768.852314
1787117769.248042
1787117769.642843
1787117770.034706
1787117770.432302
1787117770.836245
1787117771.227635
1787117771.621666
1787117772.019321
1787117772.411705
1787117772.817860
1787117773.217822
1787117773.624663
1787117774.034248
1787117774.433727
1787117774.844333
1787117775.246156
1787117775.644207
1787117776.045944
1787117776.446836
1787117776.852975
1787117777.255433
1787117777.654271
1787117778.057106
1787117778.466594
1787117778.863798
1787117779.273705
1787117779.693984
1787117780.087896
1787117780.483088
1787117780.888560
1787117781.283155
1787117781.675432
1787117782.072257
1787117782.466254
1787117782.864402
1787117783.261391
1787117783.663128
1787117784.067431
1787117784.466570
1787117784.868288
1787117785.275122
1787117785.679903
1787117786.091204
1787117786.527770
1787117786.954004
1787117787.383135
1787117787.808805
1787117788.236522
1787117788.656890
1787117789.090231
1787117789.508923
1787117789.926885
1787117790.367574
1787117790.806098
1787117791.245828
1787117791.690264
1787117792.131753
1787117792.577759
1787117793.024955
1787117793.461203
1787117793.898658
1787117794.339654
1787117794.774584
1787117795.215669
1787117795.647069
1787117796.086915
1787117796.524428
1787117796.965533
1787117797.413574
1787117797.846478
1787117798.276951
1787117798.726042
1787117799.170927
1787117799.603539
1787117800.043270
1787117800.477054
1787117800.921402
1787117801.347380
1787117801.786726
1787117802.212873
1787117802.631059
1787117803.058913
1787117803.473884
1787117803.884982
1787117804.295899
1787117804.714051
1787117805.125826
1787117805.545480
1787117805.962545
1787117806.385112
1787117806.805305
1787117807.227722
1787117807.643249
1787117808.063512
1787117808.489028
1787117808.915736
1787117809.332458
1787117809.751895
1787117810.173721
1787117810.584230
1787117811.075476
1787117811.552664
1787117811.970223
1787117812.376439
1787117812.781433
1787117813.188118
1787117813.603035
1787117814.009461
1787117814.408651
1787117814.833272
1787117815.239866
1787117815.642989
1787117816.045571
1787117816.460999
1787117816.878642
1787117817.293561
1787117817.708261
1787117818.129816
1787117818.534575
1787117818.949585
1787117819.387303
1787117819.799339
1787117820.198979
1787117820.611408
1787117821.016261
1787117821.417792
1787117821.835845
1787117822.243930
1787117822.655679
1787117823.066067
1787117823.471139
1787117823.896527
1787117824.302336
1787117824.705886
1787117825.109724
1787117825.521037
1787117825.935774
1787117826.339863
1787117826.746178
1787117827.151260
1787117827.557169
1787117827.978818
1787117828.394475
1787117828.807234
1787117829.207960
1787117829.612569
1787117830.009357
1787117830.407744
1787117830.808781
1787117831.208651
1787117831.614218
1787117832.013086
1787117832.418899
1787117832.832066
1787117833.268665
1787117833.713654
1787117834.148784
1787117834.568336
1787117835.000279
1787117835.431417
1787117835.862683
1787117836.290833
1787117836.721576
1787117837.152929
1787117837.581220
1787117838.030503
1787117838.471592
1787117838.910900
1787117839.338775
1787117839.766000
1787117840.199650
1787117840.622697
1787117841.043341
1787117841.463539
1787117841.891747
1787117842.333465
1787117842.755292
1787117843.177375
1787117843.588280
1787117844.008060
1787117844.419803
1787117844.827133
1787117845.235579
1787117845.645652
1787117846.056763
1787117846.465554
1787117846.873747
1787117847.294144
1787117847.727000
1787117848.158287
1787117848.594199
1787117849.024927
1787117849.463522
1787117849.895696
1787117850.307704
1787117850.732697
1787117851.158360
1787117851.572211
1787117851.991496
1787117852.414155
1787117852.829700
1787117853.243139
1787117853.670553
1787117854.096942
1787117854.544265
1787117854.967845
1787117855.381543
1787117855.792274
1787117856.212838
1787117856.650602
1787117857.067955
1787117857.503632
1787117857.925608
1787117858.364566
1787117858.792529
1787117859.230739
1787117859.676732
1787117860.114196
1787117860.562551
1787117861.012067
1787117861.436363
1787117861.864611
1787117862.281096
1787117862.711563
1787117863.141498
1787117863.577137
1787117864.020752
1787117864.442026
1787117864.876961
1787117865.294647
1787117865.710185
1787117866.140036
1787117866.573067
1787117867.020352
1787117867.488016
1787117867.921969
1787117868.352637
1787117868.780172
1787117869.220651
1787117869.650743
1787117870.087867
1787117870.528719
1787117870.967546
1787117871.417942
1787117871.847710
1787117872.278384
1787117872.710321
1787117873.151101
1787117873.582441
1787117874.040184
1787117874.480685
1787117874.926437
1787117875.364567
1787117875.802815
1787117876.236614
1787117876.669357
1787117877.103257
1787117877.532019
1787117877.967479
1787117878.419225
1787117878.859071
1787117879.284186
1787117879.719482
1787117880.142708
1787117880.576218
1787117881.010182
1787117881.432969
1787117881.859071
1787117882.286634
1787117882.720753
1787117883.146224
1787117883.576072
1787117884.014432
1787117884.436362
1787117884.851744
1787117885.276908
1787117885.703244
1787117886.119422
1787117886.553750
1787117886.977915
1787117887.407154
1787117887.827757
1787117888.249978
1787117888.687580
1787117889.113357
1787117889.556793
1787117889.976693
1787117890.393538
1787117890.825572
1787117891.237987
1787117891.654579
1787117892.058559
1787117892.471928
1787117892.888796
1787117893.296837
1787117893.713009
1787117894.145185
1787117894.552856
1787117894.969579
1787117895.390535
1787117895.815110
1787117896.229102
1787117896.638868
1787117897.043834
1787117897.465195
1787117897.881178
1787117898.293970
1787117898.710927
1787117899.127026
1787117899.533660
1787117899.958432
1787117900.376534
1787117900.784322
1787117901.198683
1787117901.603281
1787117902.013549
1787117902.423461
1787117902.835551
1787117903.243898
1787117903.659519
1787117904.056667
1787117904.463391
1787117904.868556
1787117905.286011
1787117905.697555
1787117906.100914
1787117906.511082
1787117906.922875
1787117907.340060
1787117907.743250
1787117908.161399
1787117908.572311
1787117908.976383
1787117909.377043
1787117909.778419
1787117910.189845
1787117910.594426
1787117911.001858
1787117911.415660
1787117911.817717
1787117912.229668
1787117912.632116
1787117913.036803
1787117913.439193
1787117913.858565
1787117914.271102
1787117914.679573
1787117915.113359
1787117915.516993
1787117915.921368
1787117916.326090
1787117916.736180
1787117917.138571
1787117917.551060
1787117917.950223
1787117918.358206
1787117918.756623
1787117919.156563
1787117919.561924
1787117919.962646
1787117920.365203
1787117920.767588
1787117921.169919
1787117921.566443
1787117921.971236
1787117922.379459
1787117922.783671
1787117923.190467
1787117923.585759
1787117923.991244
1787117924.400303
1787117924.812371
1787117925.218046
1787117925.614090
1787117926.013809
1787117926.408690
1787117926.817343
1787117927.228198
1787117927.626481
1787117928.017379
1787117928.411239
1787117928.802351
1787117929.196090
1787117929.598294
1787117930.008633
1787117930.408085
1787117930.804637
1787117931.197979
1787117931.592091
1787117931.992744
1787117932.403433
1787117932.797073
1787117933.200419
1787117933.589526
1787117933.985000
1787117934.385424
1787117934.792382
1787117935.193990
1787117935.600574
1787117935.991334
1787117936.381486
1787117936.775716
1787117937.164188
1787117937.555830
1787117937.943307
1787117938.343244
1787117938.731310
1787117939.123153
1787117939.518024
1787117939.909183
1787117940.298974
1787117940.685973
1787117941.079661
1787117941.475287
1787117941.872754
1787117942.266102
1787117942.655642
1787117943.049091
1787117943.439088
1787117943.848242
1787117944.246207
1787117944.641177
1787117945.027149
1787117945.414514
1787117945.802900
1787117946.193318
1787117946.582590
1787117946.972903
1787117947.362781
1787117947.745336
