1787117175.037926
1787117175.447590
1787117175.823695
1787117176.198785
1787117176.575703
1787117176.959235
1787117177.339551
1787117177.719540
1787117178.102482
1787117178.479705
1787117178.857634
1787117179.237114
1787117179.614080
1787117180.016290
1787117180.418871
1787117180.826467
1787117181.224502
1787117181.616825
1787117182.018297
1787117182.403564
1787117182.804417
1787117183.188087
1787117183.566359
1787117183.955582
1787117184.331569
1787117184.708339
1787117185.091277
1787117185.478026
1787117185.857528
1787117186.239516
1787117186.623038
1787117186.996514
1787117187.373411
1787117187.749395
1787117188.120843
1787117188.487233
1787117188.856464
1787117189.231278
1787117189.599050
1787117189.967063
1787117190.329207
1787117190.694838
1787117191.059289
1787117191.424802
1787117191.790707
1787117192.170194
1787117192.556384
1787117192.932387
1787117193.303246
1787117193.673486
1787117194.044868
1787117194.424186
1787117194.793373
1787117195.178076
1787117195.552688
1787117195.932391
1787117196.301076
1787117196.676947
1787117197.053071
1787117197.430406
1787117197.799690
1787117198.173943
1787117198.542798
1787117198.920340
1787117199.288187
1787117199.670132
1787117200.050700
1787117200.427284
1787117200.801959
1787117201.176899
1787117201.550627
1787117201.927588
1787117202.306042
1787117202.681453
1787117203.063383
1787117203.439477
1787117203.814071
1787117204.186481
1787117204.569639
1787117204.952650
1787117205.336646
1787117205.729289
1787117206.117872
1787117206.503460
1787117206.886996
1787117207.289767
1787117207.670858
1787117208.064496
1787117208.447944
1787117208.829053
1787117209.218707
1787117209.607367
1787117210.002435
1787117210.383034
1787117210.766541
1787117211.157794
1787117211.561237
1787117211.949275
1787117212.338869
1787117212.733855
1787117213.128844
1787117213.605548
1787117214.049646
1787117214.462628
1787117214.859138
1787117215.244738
1787117215.636234
1787117216.024180
1787117216.418683
1787117216.806975
1787117217.189302
1787117217.581984
1787117217.968032
1787117218.349439
1787117218.739805
1787117219.131460
1787117219.518940
1787117219.933060
1787117220.318040
1787117220.702047
1787117221.089628
1787117221.485114
1787117221.931209
1787117222.354053
1787117222.781957
1787117223.195465
1787117223.632252
1787117224.053172
1787117224.484393
1787117224.903839
1787117225.320120
1787117225.738672
1787117226.159255
1787117226.574249
1787117226.995670
1787117227.435814
1787117227.847723
1787117228.269430
1787117228.687131
1787117229.093121
1787117229.498812
1787117229.914093
1787117230.329894
1787117230.740995
1787117231.213390
1787117231.624794
1787117232.031672
1787117232.440703
1787117232.965858
1787117233.389577
1787117233.951521
1787117234.403652
1787117234.952319
1787117235.494600
1787117236.027361
1787117236.515384
1787117236.985333
1787117237.437010
1787117237.866082
1787117238.312301
1787117238.748746
1787117239.182521
1787117239.609303
1787117240.046375
1787117240.446367
1787117240.846936
1787117241.240947
1787117241.628015
1787117242.077588
1787117242.536973
1787117242.988423
1787117243.458118
1787117243.927884
1787117244.382031
1787117244.848277
1787117245.317776
1787117245.808532
1787117246.307557
1787117246.794702
1787117247.290032
1787117247.694412
1787117248.090064
1787117248.494045
1787117248.916744
1787117249.324892
1787117249.724119
1787117250.147864
1787117250.597991
1787117251.065160
1787117251.584473
1787117252.103533
1787117252.603021
1787117253.096801
1787117253.586194
1787117254.068047
1787117254.540927
1787117255.015233
1787117255.500630
1787117255.990761
1787117256.476725
1787117256.995903
1787117257.484039
1787117257.943841
1787117258.407705
1787117258.857991
1787117259.319417
1787117259.760571
1787117260.199468
1787117260.651248
1787117261.164830
1787117261.649964
1787117262.119820
1787117262.608816
1787117263.103388
1787117263.595190
1787117264.080220
1787117264.577096
1787117265.070108
1787117265.551191
1787117266.024760
1787117266.497317
1787117266.974385
1787117267.451355
1787117267.933330
1787117268.403289
1787117268.880866
1787117269.345813
1787117269.828074
1787117270.310025
1787117270.799635
1787117271.267769
1787117271.755562
1787117272.252391
1787117272.730931
1787117273.202873
1787117273.685673
1787117274.184475
1787117274.682215
1787117275.180754
1787117275.672769
1787117276.179572
1787117276.626531
1787117277.072058
1787117277.500869
1787117277.927976
1787117278.353186
1787117278.788423
1787117279.207932
1787117279.622047
1787117280.027982
1787117280.444594
1787117280.865870
1787117281.280446
1787117281.694339
1787117282.109154
1787117282.528753
1787117282.951719
1787117283.369234
1787117283.781411
1787117284.195827
1787117284.618444
1787117285.070827
1787117285.498547
1787117285.923773
1787117286.349404
1787117286.777207
1787117287.213197
1787117287.644055
1787117288.062633
1787117288.510055
1787117288.935848
1787117289.349520
1787117289.764350
1787117290.173714
1787117290.588238
1787117291.004030
1787117291.420643
1787117291.866197
1787117292.303167
1787117292.753964
1787117293.217989
1787117293.663692
1787117294.117033
1787117294.584463
1787117295.046591
1787117295.518544
1787117295.978465
1787117296.425370
1787117296.877564
1787117297.316106
1787117297.782500
1787117298.257447
1787117298.681333
1787117299.128475
1787117299.613580
1787117300.043570
1787117300.488340
1787117300.932935
1787117301.367677
1787117301.798166
1787117302.224227
1787117302.654178
1787117303.080783
1787117303.506532
1787117303.931278
1787117304.349610
1787117304.773145
1787117305.199702
1787117305.628245
1787117306.045645
1787117306.451668
1787117306.860440
1787117307.271119
1787117307.683480
1787117308.092266
1787117308.498672
1787117308.910884
1787117309.316277
1787117309.715842
1787117310.113382
1787117310.510313
1787117310.913404
1787117311.311233
1787117311.704718
1787117312.130741
1787117312.525241
1787117312.922836
1787117313.317002
1787117313.716102
1787117314.119938
1787117314.520844
1787117314.934969
1787117315.334909
1787117315.733558
1787117316.128787
1787117316.528228
1787117316.932299
1787117317.346565
1787117317.758326
1787117318.183184
1787117318.605806
1787117319.016243
1787117319.425108
1787117319.840234
1787117320.245169
1787117320.659001
1787117321.056484
1787117321.461997
1787117321.891817
1787117322.316840
1787117322.746854
1787117323.152430
1787117323.554298
1787117323.958795
1787117324.362616
1787117324.782468
1787117325.196792
1787117325.598680
1787117326.012287
1787117326.423101
1787117326.852726
1787117327.270843
1787117327.692994
1787117328.115947
1787117328.521183
1787117328.932920
1787117329.341686
1787117329.752859
1787117330.156465
1787117330.565812
1787117330.978683
1787117331.393975
1787117331.800643
1787117332.225495
1787117332.630941
1787117333.043164
1787117333.455054
1787117333.889331
1787117334.296514
1787117334.707956
1787117335.114779
1787117335.540838
1787117335.954115
1787117336.374006
1787117336.783494
1787117337.193872
1787117337.612519
1787117338.039722
1787117338.456415
1787117338.874554
1787117339.293999
1787117339.714689
1787117340.150002
1787117340.569191
1787117341.017295
1787117341.456435
1787117341.895722
1787117342.326755
1787117342.766791
1787117343.201504
1787117343.657319
1787117344.097252
1787117344.536461
1787117344.988316
1787117345.428409
1787117345.873802
1787117346.311427
1787117346.750910
1787117347.187442
1787117347.598053
1787117348.018851
1787117348.434732
1787117348.846912
1787117349.290832
1787117349.722896
1787117350.165356
1787117350.581946
1787117350.999494
1787117351.409668
1787117351.822991
1787117352.239943
1787117352.643693
1787117353.064171
1787117353.472013
1787117353.877002
1787117354.290920
1787117354.711189
1787117355.151740
1787117355.580248
1787117356.020391
1787117356.456084
1787117356.898325
1787117357.346763
1787117357.792915
1787117358.240778
1787117358.700528
1787117359.152032
1787117359.602576
1787117360.055738
1787117360.508127
1787117360.966862
1787117361.405591
1787117361.845129
1787117362.298057
1787117362.763553
1787117363.230727
1787117363.648100
1787117364.067063
1787117364.528231
1787117364.960501
1787117365.380592
1787117365.816751
1787117366.262828
1787117366.710363
1787117367.175191
1787117367.623852
1787117368.083245
1787117368.537509
1787117368.999519
1787117369.464967
1787117369.916802
1787117370.360184
1787117370.800916
1787117371.246352
1787117371.688151
1787117372.107951
1787117372.521385
1787117372.960231
1787117373.402107
1787117373.875158
1787117374.304320
1787117374.754904
1787117375.197083
1787117375.639773
1787117376.084166
1787117376.530709
1787117376.968146
1787117377.398425
1787117377.831156
1787117378.281795
1787117378.740488
1787117379.175764
1787117379.608147
1787117380.041152
1787117380.480525
1787117380.909006
1787117381.340413
1787117381.764052
1787117382.196111
1787117382.649391
1787117383.078634
1787117383.510716
1787117383.958272
1787117384.376720
1787117384.807063
1787117385.235818
1787117385.674669
1787117386.123303
1787117386.564500
1787117387.033505
1787117387.463753
1787117387.900905
1787117388.318670
1787117388.729255
1787117389.147683
1787117389.577221
1787117389.996594
1787117390.417234
1787117390.839408
1787117391.265728
1787117391.683283
1787117392.106816
1787117392.531513
1787117392.951234
1787117393.372128
1787117393.787367
1787117394.209585
1787117394.620687
1787117395.026701
1787117395.441131
1787117395.849458
1787117396.260272
1787117396.663542
1787117397.082702
1787117397.504566
1787117397.930461
1787117398.338567
1787117398.757850
1787117399.164179
1787117399.571445
1787117399.985365
1787117400.406463
1787117400.826645
1787117401.238349
1787117401.651202
1787117402.058187
1787117402.471600
1787117402.883267
1787117403.293010
1787117403.707325
1787117404.121972
1787117404.531912
1787117404.949218
1787117405.351755
1787117405.773455
1787117406.190012
1787117406.608102
1787117407.017957
1787117407.435285
1787117407.851529
1787117408.267041
1787117408.689272
1787117409.103987
1787117409.527314
1787117409.947566
1787117410.376556
1787117410.800507
1787117411.219625
1787117411.642673
1787117412.058827
1787117412.476313
1787117412.910689
1787117413.330804
1787117413.745619
1787117414.158148
1787117414.574544
1787117414.989247
1787117415.412037
1787117415.821301
1787117416.229142
1787117416.646789
1787117417.057302
1787117417.465204
1787117417.892371
1787117418.292163
1787117418.705938
1787117419.122040
1787117419.529824
1787117419.937012
1787117420.350983
1787117420.750246
1787117421.160100
1787117421.573702
1787117421.978859
1787117422.399713
1787117422.811850
1787117423.225735
1787117423.647410
1787117424.053648
1787117424.461879
1787117424.861657
1787117425.265863
1787117425.682058
1787117426.089573
1787117426.487743
1787117426.897671
1787117427.296431
1787117427.705528
1787117428.112063
1787117428.512348
1787117428.911685
