1787113776.478967
1787113776.505960
1787113776.532609
1787113776.558935
1787113776.585450
1787113776.612001
1787113776.638722
1787113776.664684
1787113776.691233
1787113776.717485
1787113776.744497
1787113776.770832
1787113776.797847
1787113776.824849
1787113776.851421
1787113776.878780
1787113776.905304
1787113776.931695
1787113776.958155
1787113776.984910
1787113777.011299
1787113777.037586
1787113777.064770
1787113777.091226
1787113777.118672
1787113777.145843
1787113777.172143
1787113777.199022
1787113777.225155
1787113777.251797
1787113777.279192
1787113777.306191
1787113777.333194
1787113777.360286
1787113777.387567
1787113777.413646
1787113777.440160
1787113777.467200
1787113777.494528
1787113777.521358
1787113777.548422
1787113777.575259
1787113777.602491
1787113777.629263
1787113777.656121
1787113777.682470
1787113777.712841
1787113777.740074
1787113777.766415
1787113777.793278
1787113777.820073
1787113777.847098
1787113777.873450
1787113777.899660
1787113777.926131
1787113777.952918
1787113777.979653
1787113778.006494
1787113778.033506
1787113778.061352
1787113778.088304
1787113778.116012
1787113778.143501
1787113778.170094
1787113778.197167
1787113778.224468
1787113778.251374
1787113778.278687
1787113778.306617
1787113778.333948
1787113778.361508
1787113778.389304
1787113778.416306
1787113778.443231
1787113778.470185
1787113778.496664
1787113778.522657
1787113778.548388
1787113778.574485
1787113778.601694
1787113778.629648
1787113778.657439
1787113778.684895
1787113778.711661
1787113778.739195
1787113778.766271
1787113778.793694
1787113778.820570
1787113778.847324
1787113778.874526
1787113778.900994
1787113778.927724
1787113778.953942
1787113778.981664
1787113779.007915
1787113779.034734
1787113779.062156
1787113779.089174
1787113779.114851
1787113779.141496
1787113779.167619
1787113779.194330
1787113779.221611
1787113779.248815
1787113779.275584
1787113779.301845
1787113779.328802
1787113779.354657
1787113779.382458
1787113779.409635
1787113779.437819
1787113779.464166
1787113779.491455
1787113779.517465
1787113779.545017
1787113779.571017
1787113779.597684
1787113779.623792
1787113779.650054
1787113779.677317
1787113779.706453
1787113779.737375
1787113779.768693
1787113779.797186
1787113779.825814
1787113779.857515
1787113779.886152
1787113779.913200
1787113779.941100
1787113779.969920
1787113779.997895
1787113780.025639
1787113780.055981
1787113780.085556
1787113780.114029
1787113780.141830
1787113780.169066
1787113780.196645
1787113780.224628
1787113780.253195
1787113780.282068
1787113780.312093
1787113780.341966
1787113780.373525
1787113780.407079
1787113780.439396
1787113780.468936
1787113780.498795
1787113780.528283
1787113780.557325
1787113780.587543
1787113780.616575
1787113780.645892
1787113780.674925
1787113780.704090
1787113780.733071
1787113780.763403
1787113780.793718
1787113780.825101
1787113780.864229
1787113780.897251
1787113780.929342
1787113780.958751
1787113780.988539
1787113781.017424
1787113781.046343
1787113781.075986
1787113781.105769
1787113781.134639
1787113781.163506
1787113781.192181
1787113781.221650
1787113781.251209
1787113781.279525
1787113781.307995
1787113781.336292
1787113781.365599
1787113781.394625
1787113781.423887
1787113781.452821
1787113781.481275
1787113781.510495
1787113781.539169
1787113781.568130
1787113781.596417
1787113781.625417
1787113781.653777
1787113781.682127
1787113781.711396
1787113781.740951
1787113781.769643
1787113781.798883
1787113781.827513
1787113781.856832
1787113781.885828
1787113781.914447
1787113781.942690
1787113781.970984
1787113781.999668
1787113782.028818
1787113782.057384
1787113782.086533
1787113782.115453
1787113782.144160
1787113782.172746
1787113782.203472
1787113782.232880
1787113782.262131
1787113782.291656
1787113782.321076
1787113782.349977
1787113782.381106
1787113782.409896
1787113782.439013
1787113782.468556
1787113782.497649
1787113782.526607
1787113782.555400
1787113782.584381
1787113782.613268
1787113782.643376
1787113782.672005
1787113782.700610
1787113782.730544
1787113782.760568
1787113782.791021
1787113782.821539
1787113782.851733
1787113782.881308
1787113782.911530
1787113782.942274
1787113782.972213
1787113783.002159
1787113783.032460
1787113783.063006
1787113783.093534
1787113783.124164
1787113783.154010
1787113783.183724
1787113783.213837
1787113783.243298
1787113783.272618
1787113783.302722
1787113783.332803
1787113783.369661
1787113783.404242
1787113783.437778
1787113783.467346
1787113783.497731
1787113783.527761
1787113783.557945
1787113783.587557
1787113783.617012
1787113783.647275
1787113783.676029
1787113783.705918
1787113783.735523
1787113783.765775
1787113783.795978
1787113783.826175
1787113783.856206
1787113783.886338
1787113783.916382
1787113783.946595
1787113783.977314
1787113784.007486
1787113784.037902
1787113784.068837
1787113784.098912
1787113784.128298
1787113784.158691
1787113784.187942
1787113784.217950
1787113784.246729
1787113784.276124
1787113784.305938
1787113784.334810
1787113784.363917
1787113784.394145
1787113784.423919
1787113784.453488
1787113784.483235
1787113784.512782
1787113784.542600
1787113784.572476
1787113784.601874
1787113784.630960
1787113784.660419
1787113784.689910
1787113784.718733
1787113784.747476
1787113784.777583
1787113784.808138
1787113784.837750
1787113784.866945
1787113784.896712
1787113784.926006
1787113784.954666
1787113784.984081
1787113785.013179
1787113785.041264
1787113785.070108
1787113785.100123
1787113785.127916
1787113785.156568
1787113785.185661
1787113785.213960
1787113785.242447
1787113785.270984
1787113785.298922
1787113785.327363
1787113785.355531
1787113785.383864
1787113785.411883
1787113785.440156
1787113785.468038
1787113785.496498
1787113785.524690
1787113785.553146
1787113785.580997
1787113785.609076
1787113785.637707
1787113785.665960
1787113785.694698
1787113785.722966
1787113785.751531
1787113785.779836
1787113785.808057
1787113785.836545
1787113785.865423
1787113785.893272
1787113785.921897
1787113785.950109
1787113785.979071
1787113786.008309
1787113786.037140
1787113786.065666
1787113786.094509
1787113786.122743
1787113786.151393
1787113786.180629
1787113786.209324
1787113786.237495
1787113786.265786
1787113786.294023
1787113786.322614
1787113786.350955
1787113786.381001
1787113786.410519
1787113786.439079
1787113786.467336
1787113786.495818
1787113786.524658
1787113786.553035
1787113786.581427
1787113786.609796
1787113786.638854
1787113786.666937
1787113786.695708
1787113786.723804
1787113786.752056
1787113786.780643
1787113786.809356
1787113786.838143
1787113786.866259
1787113786.895755
1787113786.924064
1787113786.951911
1787113786.980102
1787113787.008743
1787113787.037293
1787113787.066332
1787113787.095320
1787113787.124018
1787113787.153291
1787113787.182228
1787113787.211234
1787113787.239839
1787113787.268776
1787113787.297817
1787113787.325709
1787113787.353683
1787113787.385232
1787113787.415780
1787113787.445807
1787113787.476137
1787113787.505617
1787113787.535182
1787113787.565301
1787113787.595159
1787113787.624623
1787113787.654622
1787113787.684488
1787113787.714262
1787113787.744124
1787113787.774314
1787113787.806034
1787113787.837178
1787113787.866262
1787113787.895255
1787113787.924920
1787113787.953479
1787113787.982744
1787113788.011189
1787113788.039361
1787113788.067858
1787113788.096824
1787113788.125423
1787113788.154533
1787113788.183769
1787113788.213445
1787113788.241747
1787113788.270639
1787113788.299689
1787113788.328232
1787113788.357611
1787113788.386755
1787113788.416746
1787113788.446550
1787113788.476275
1787113788.505733
1787113788.535418
1787113788.564739
1787113788.594178
1787113788.623723
1787113788.653809
1787113788.682745
1787113788.713421
1787113788.744737
1787113788.776311
1787113788.807274
1787113788.837060
1787113788.869431
1787113788.900047
1787113788.932170
1787113788.964650
1787113788.995841
1787113789.026785
1787113789.058465
1787113789.088923
1787113789.119151
1787113789.150270
1787113789.181057
1787113789.212014
1787113789.241909
1787113789.271736
1787113789.301109
1787113789.332145
1787113789.364411
1787113789.395774
1787113789.426800
1787113789.457651
1787113789.488675
1787113789.519162
1787113789.549614
1787113789.580248
1787113789.610830
1787113789.641024
1787113789.671118
1787113789.701196
1787113789.731764
1787113789.761868
1787113789.791565
1787113789.821092
1787113789.851009
1787113789.880406
1787113789.910184
1787113789.939487
1787113789.969549
1787113789.999336
1787113790.028604
1787113790.058173
1787113790.086677
1787113790.115640
1787113790.144847
1787113790.173599
1787113790.202683
1787113790.232320
1787113790.262286
1787113790.291692
1787113790.321102
1787113790.352731
1787113790.385242
1787113790.416313
1787113790.448222
1787113790.482851
1787113790.514045
1787113790.544746
1787113790.575289
1787113790.604568
1787113790.636003
1787113790.666518
1787113790.697126
1787113790.728314
1787113790.758597
1787113790.789648
1787113790.820257
1787113790.850789
1787113790.882379
1787113790.912409
1787113790.942342
1787113790.972948
1787113791.002992
1787113791.033887
1787113791.065085
1787113791.095547
1787113791.125616
1787113791.155729
1787113791.185904
1787113791.215893
1787113791.248187
1787113791.278759
1787113791.309764
1787113791.341421
1787113791.376247
1787113791.409595
1787113791.442381
1787113791.475200
1787113791.509201
1787113791.544066
1787113791.575889
1787113791.607406
1787113791.642691
1787113791.675706
1787113791.706110
1787113791.736475
1787113791.768190
1787113791.799625
1787113791.830794
1787113791.861506
1787113791.892158
1787113791.924466
1787113791.956611
1787113791.987558
1787113792.019132
1787113792.049478
1787113792.080454
1787113792.111253
1787113792.141549
1787113792.171939
1787113792.202874
1787113792.232474
1787113792.262315
1787113792.291914
1787113792.322080
1787113792.351898
1787113792.385845
1787113792.417937
1787113792.450266
1787113792.482324
1787113792.514043
1787113792.546572
1787113792.578064
1787113792.610477
1787113792.641980
1787113792.674105
1787113792.705855
1787113792.737972
1787113792.769993
1787113792.801634
1787113792.833594
1787113792.865078
1787113792.896541
1787113792.928441
1787113792.960032
1787113792.992039
1787113793.024352
1787113793.057016
1787113793.088957
1787113793.120018
1787113793.153253
1787113793.184880
1787113793.216141
1787113793.247451
1787113793.279203
1787113793.311779
1787113793.343434
1787113793.374019
1787113793.405640
1787113793.437271
1787113793.468349
1787113793.499470
1787113793.533211
1787113793.577316
1787113793.608644
1787113793.640005
1787113793.671884
1787113793.705739
1787113793.740232
1787113793.774375
1787113793.808604
1787113793.841605
1787113793.874779
1787113793.907316
1787113793.939642
1787113793.971727
1787113794.005109
1787113794.037956
1787113794.071224
1787113794.103119
1787113794.134218
