1787116445.515580
1787116445.765195
1787116446.005601
1787116446.247251
1787116446.488057
1787116446.733956
1787116446.984862
1787116447.232154
1787116447.482044
1787116447.748855
1787116448.001151
1787116448.253754
1787116448.503942
1787116448.761085
1787116449.031696
1787116449.293368
1787116449.558482
1787116449.829604
1787116450.094002
1787116450.346185
1787116450.596898
1787116450.846819
1787116451.106057
1787116451.362174
1787116451.615237
1787116451.865944
1787116452.135902
1787116452.391714
1787116452.642680
1787116452.909845
1787116453.162474
1787116453.415537
1787116453.668962
1787116453.925004
1787116454.179498
1787116454.420763
1787116454.664998
1787116454.912051
1787116455.165469
1787116455.417438
1787116455.673932
1787116455.933739
1787116456.192411
1787116456.442484
1787116456.685085
1787116456.933924
1787116457.194909
1787116457.455789
1787116457.714191
1787116457.976902
1787116458.216528
1787116458.457491
1787116458.697984
1787116458.951199
1787116459.206958
1787116459.449501
1787116459.690030
1787116459.931436
1787116460.170022
1787116460.414869
1787116460.653587
1787116460.898332
1787116461.155599
1787116461.396484
1787116461.647982
1787116461.915024
1787116462.169532
1787116462.423789
1787116462.676670
1787116462.936567
1787116463.190137
1787116463.444785
1787116463.698856
1787116463.952496
1787116464.203434
1787116464.456559
1787116464.708797
1787116464.963340
1787116465.219079
1787116465.481580
1787116465.737579
1787116465.988396
1787116466.234721
1787116466.481850
1787116466.729326
1787116466.977465
1787116467.224787
1787116467.477735
1787116467.726294
1787116467.978970
1787116468.225340
1787116468.472672
1787116468.720653
1787116468.970675
1787116469.219080
1787116469.473328
1787116469.725682
1787116469.975430
1787116470.224697
1787116470.474234
1787116470.732169
1787116471.012758
1787116471.270117
1787116471.531999
1787116471.786888
1787116472.041637
1787116472.293664
1787116472.546220
1787116472.803085
1787116473.058053
1787116473.309241
1787116473.559453
1787116473.812139
1787116474.061082
1787116474.313555
1787116474.568671
1787116474.848724
1787116475.109097
1787116475.376367
1787116475.660892
1787116475.925861
1787116476.183649
1787116476.442435
1787116476.700784
1787116476.986030
1787116477.258300
1787116477.527950
1787116477.806536
1787116478.115019
1787116478.415407
1787116478.709413
1787116478.997190
1787116479.272862
1787116479.552706
1787116479.833525
1787116480.115606
1787116480.400909
1787116480.679434
1787116480.964481
1787116481.248564
1787116481.534803
1787116481.826658
1787116482.118316
1787116482.407883
1787116482.707191
1787116483.013789
1787116483.323345
1787116483.621751
1787116483.932590
1787116484.245540
1787116484.569469
1787116484.889295
1787116485.204153
1787116485.514603
1787116485.839376
1787116486.148000
1787116486.449640
1787116486.748518
1787116487.075280
1787116487.377279
1787116487.687413
1787116487.995242
1787116488.306422
1787116488.618342
1787116488.920362
1787116489.227886
1787116489.535731
1787116489.853449
1787116490.179159
1787116490.494179
1787116490.818772
1787116491.122435
1787116491.416012
1787116491.709512
1787116492.005058
1787116492.300806
1787116492.587779
1787116492.877637
1787116493.173128
1787116493.462923
1787116493.744675
1787116494.034222
1787116494.330260
1787116494.616136
1787116494.907264
1787116495.209409
1787116495.506211
1787116495.783761
1787116496.063525
1787116496.360780
1787116496.652615
1787116496.937006
1787116497.221409
1787116497.502187
1787116497.785941
1787116498.065642
1787116498.357430
1787116498.652506
1787116498.940100
1787116499.223788
1787116499.513177
1787116499.801581
1787116500.098181
1787116500.395095
1787116500.690978
1787116500.994128
1787116501.289239
1787116501.581251
1787116501.874207
1787116502.165251
1787116502.458126
1787116502.756170
1787116503.053724
1787116503.348981
1787116503.655013
1787116503.959191
1787116504.265684
1787116504.560591
1787116504.856242
1787116505.154974
1787116505.451135
1787116505.758583
1787116506.058420
1787116506.355094
1787116506.652901
1787116506.945172
1787116507.238511
1787116507.527351
1787116507.815965
1787116508.115366
1787116508.404610
1787116508.695619
1787116508.984189
1787116509.265845
1787116509.556346
1787116509.861741
1787116510.153215
1787116510.442990
1787116510.740058
1787116511.020888
1787116511.308583
1787116511.593167
1787116511.880827
1787116512.178671
1787116512.476027
1787116512.755460
1787116513.049351
1787116513.335622
1787116513.619639
1787116513.894936
1787116514.177089
1787116514.463945
1787116514.751013
1787116515.034109
1787116515.318172
1787116515.602419
1787116515.892357
1787116516.179228
1787116516.459489
1787116516.740433
1787116517.029415
1787116517.319020
1787116517.603371
1787116517.885997
1787116518.172509
1787116518.450066
1787116518.727852
1787116519.002767
1787116519.280799
1787116519.555300
1787116519.833184
1787116520.107247
1787116520.379535
1787116520.665476
1787116520.951282
1787116521.236449
1787116521.516611
1787116521.796778
1787116522.088254
1787116522.367841
1787116522.650985
1787116522.932531
1787116523.214508
1787116523.499667
1787116523.782699
1787116524.068706
1787116524.348672
1787116524.638058
1787116524.923489
1787116525.203779
1787116525.486395
1787116525.768425
1787116526.055976
1787116526.338376
1787116526.627548
1787116526.927556
1787116527.212448
1787116527.494572
1787116527.782768
1787116528.077859
1787116528.368962
1787116528.661968
1787116528.953848
1787116529.250958
1787116529.547222
1787116529.840872
1787116530.123779
1787116530.413820
1787116530.705665
1787116531.042998
1787116531.347736
1787116531.639131
1787116531.966828
1787116532.280059
1787116532.583158
1787116532.878095
1787116533.180238
1787116533.484070
1787116533.774661
1787116534.070519
1787116534.359095
1787116534.651530
1787116534.931490
1787116535.203088
1787116535.490268
1787116535.774089
1787116536.059736
1787116536.351203
1787116536.637460
1787116536.921098
1787116537.207102
1787116537.510521
1787116537.810282
1787116538.116829
1787116538.432108
1787116538.733674
1787116539.037602
1787116539.323309
1787116539.620095
1787116539.905981
1787116540.190490
1787116540.490423
1787116540.782705
1787116541.058216
1787116541.348584
1787116541.641584
1787116541.932334
1787116542.222561
1787116542.513371
1787116542.815962
1787116543.118464
1787116543.406575
1787116543.685843
1787116543.969944
1787116544.263746
1787116544.548045
1787116544.837861
1787116545.126998
1787116545.414813
1787116545.698235
1787116545.982987
1787116546.282285
1787116546.577496
1787116546.866802
1787116547.146208
1787116547.430064
1787116547.709840
1787116547.990525
1787116548.273446
1787116548.560596
1787116548.855102
1787116549.141438
1787116549.425915
1787116549.709739
1787116549.984441
1787116550.258325
1787116550.527237
1787116550.801367
1787116551.075287
1787116551.344229
1787116551.620538
1787116551.899856
1787116552.177136
1787116552.445064
1787116552.720629
1787116553.011845
1787116553.286012
1787116553.554458
1787116553.826080
1787116554.099668
1787116554.373105
1787116554.654797
1787116554.925616
1787116555.191003
1787116555.459324
1787116555.726018
1787116555.998524
1787116556.273542
1787116556.544739
1787116556.818063
1787116557.087860
1787116557.370229
1787116557.646569
1787116557.920180
1787116558.189718
1787116558.459956
1787116558.732205
1787116559.011356
1787116559.282881
1787116559.553673
1787116559.828233
1787116560.098443
1787116560.364853
1787116560.631021
1787116560.897828
1787116561.165427
1787116561.439201
1787116561.718953
1787116561.994854
1787116562.266907
1787116562.543582
1787116562.819688
1787116563.094240
1787116563.370046
1787116563.641456
1787116563.904561
1787116564.178640
1787116564.443362
1787116564.721363
1787116564.992201
1787116565.256808
1787116565.523802
1787116565.805477
1787116566.076675
1787116566.352264
1787116566.633550
1787116566.918166
1787116567.189439
1787116567.467189
1787116567.747095
1787116568.019327
1787116568.299017
1787116568.582331
1787116568.856905
1787116569.134001
1787116569.405596
1787116569.671353
1787116569.944269
1787116570.223593
1787116570.488335
1787116570.764291
1787116571.044348
1787116571.306473
1787116571.572322
1787116571.842963
1787116572.117251
1787116572.382586
1787116572.647131
1787116572.918439
1787116573.182530
1787116573.449018
1787116573.715380
1787116573.991855
1787116574.254638
1787116574.522249
1787116574.788517
1787116575.055288
1787116575.321082
1787116575.587286
1787116575.858820
1787116576.131972
1787116576.406126
1787116576.685254
1787116576.964832
1787116577.240384
1787116577.517082
1787116577.792830
1787116578.058342
1787116578.326996
1787116578.590331
1787116578.869380
1787116579.142221
1787116579.413853
1787116579.684167
1787116579.954328
1787116580.223410
1787116580.487118
1787116580.756783
1787116581.053645
1787116581.320681
1787116581.594063
1787116581.867089
1787116582.133737
1787116582.394467
1787116582.661131
1787116582.926623
1787116583.195850
1787116583.457237
1787116583.725566
1787116584.002486
1787116584.273107
1787116584.548401
1787116584.823598
1787116585.103571
1787116585.374175
1787116585.647438
1787116585.918141
1787116586.190216
1787116586.462847
1787116586.741796
1787116587.015606
1787116587.288120
1787116587.560633
1787116587.834162
1787116588.112942
1787116588.400930
1787116588.677834
1787116588.950769
1787116589.220044
1787116589.503034
1787116589.776367
1787116590.045425
1787116590.314384
1787116590.581157
1787116590.850734
1787116591.121168
1787116591.394491
1787116591.665546
1787116591.937342
1787116592.202002
1787116592.467259
1787116592.735569
1787116593.004254
1787116593.269642
1787116593.535157
1787116593.797206
1787116594.062786
1787116594.325886
1787116594.596252
1787116594.868998
1787116595.135762
1787116595.400941
1787116595.668137
1787116595.939414
1787116596.213080
1787116596.483946
1787116596.759457
1787116597.030481
1787116597.298070
1787116597.575647
1787116597.848835
1787116598.122467
1787116598.392706
1787116598.664455
1787116598.939582
1787116599.215338
1787116599.492024
1787116599.758575
1787116600.044015
1787116600.332542
1787116600.604759
1787116600.873979
1787116601.135222
1787116601.407363
1787116601.678076
1787116601.943207
1787116602.210647
1787116602.476834
1787116602.756769
1787116603.038815
1787116603.306991
1787116603.577679
1787116603.849753
1787116604.117205
1787116604.399220
1787116604.671451
1787116604.944258
1787116605.214338
1787116605.477813
1787116605.750914
1787116606.027565
1787116606.298158
1787116606.566998
1787116606.838001
1787116607.107468
1787116607.376837
1787116607.651217
1787116607.914644
1787116608.180555
1787116608.452427
1787116608.719601
1787116608.999192
1787116609.279728
1787116609.552147
1787116609.817762
1787116610.091381
1787116610.362350
1787116610.639298
1787116610.910568
1787116611.179531
1787116611.453880
