1787115844.559622
1787115844.731235
1787115844.901420
1787115845.077834
1787115845.240099
1787115845.417331
1787115845.583082
1787115845.747826
1787115845.913123
1787115846.080061
1787115846.256593
1787115846.456622
1787115846.627384
1787115846.800494
1787115846.980691
1787115847.177078
1787115847.340405
1787115847.504206
1787115847.669554
1787115847.834818
1787115848.003713
1787115848.172753
1787115848.347463
1787115848.516975
1787115848.679732
1787115848.848322
1787115849.014524
1787115849.182636
1787115849.346879
1787115849.510169
1787115849.673073
1787115849.844923
1787115850.015028
1787115850.181693
1787115850.349610
1787115850.517787
1787115850.690747
1787115850.863016
1787115851.035620
1787115851.206894
1787115851.377079
1787115851.546269
1787115851.721380
1787115851.891915
1787115852.061566
1787115852.229277
1787115852.399884
1787115852.574151
1787115852.747555
1787115852.922412
1787115853.090505
1787115853.259327
1787115853.428091
1787115853.598122
1787115853.770503
1787115853.941422
1787115854.112245
1787115854.285098
1787115854.455720
1787115854.627571
1787115854.799467
1787115854.972370
1787115855.149891
1787115855.322107
1787115855.494161
1787115855.693707
1787115855.878769
1787115856.062301
1787115856.261942
1787115856.451918
1787115856.644822
1787115856.837075
1787115857.048056
1787115857.238283
1787115857.434695
1787115857.622102
1787115857.802872
1787115857.984330
1787115858.172953
1787115858.366442
1787115858.552641
1787115858.736334
1787115858.917039
1787115859.096864
1787115859.275146
1787115859.456606
1787115859.636734
1787115859.835475
1787115860.039764
1787115860.234410
1787115860.440787
1787115860.637708
1787115860.829936
1787115861.024783
1787115861.212405
1787115861.396958
1787115861.583301
1787115861.768497
1787115861.959913
1787115862.159847
1787115862.347673
1787115862.555732
1787115862.753146
1787115862.952446
1787115863.140738
1787115863.347270
1787115863.556315
1787115863.770018
1787115863.963405
1787115864.170287
1787115864.372791
1787115864.571033
1787115864.763863
1787115864.962918
1787115865.156698
1787115865.344223
1787115865.530934
1787115865.714561
1787115865.901813
1787115866.093315
1787115866.306029
1787115866.533156
1787115866.743481
1787115866.940998
1787115867.137953
1787115867.335131
1787115867.528883
1787115867.725699
1787115867.928282
1787115868.163963
1787115868.376834
1787115868.583240
1787115868.776988
1787115868.976433
1787115869.180029
1787115869.400136
1787115869.600945
1787115869.820860
1787115870.044438
1787115870.256875
1787115870.478870
1787115870.690806
1787115870.905503
1787115871.107214
1787115871.318777
1787115871.537646
1787115871.744841
1787115871.957657
1787115872.172398
1787115872.378107
1787115872.589371
1787115872.803445
1787115873.015771
1787115873.231043
1787115873.451465
1787115873.662544
1787115873.924720
1787115874.158747
1787115874.394701
1787115874.630880
1787115874.866472
1787115875.109163
1787115875.345614
1787115875.574541
1787115875.808369
1787115876.036465
1787115876.264028
1787115876.492579
1787115876.715922
1787115876.940995
1787115877.168179
1787115877.397016
1787115877.629870
1787115877.862427
1787115878.082427
1787115878.304665
1787115878.538680
1787115878.771590
1787115879.016333
1787115879.239261
1787115879.466313
1787115879.688327
1787115879.910044
1787115880.130323
1787115880.346072
1787115880.566248
1787115880.790661
1787115881.008408
1787115881.222141
1787115881.445712
1787115881.676182
1787115881.913659
1787115882.140781
1787115882.382031
1787115882.612209
1787115882.841494
1787115883.069313
1787115883.305461
1787115883.533142
1787115883.770276
1787115884.008309
1787115884.246979
1787115884.479017
1787115884.709243
1787115884.941274
1787115885.170981
1787115885.403238
1787115885.630987
1787115885.863700
1787115886.093857
1787115886.316317
1787115886.543606
1787115886.771224
1787115887.000222
1787115887.233518
1787115887.465606
1787115887.695048
1787115887.921618
1787115888.151194
1787115888.386662
1787115888.618838
1787115888.848962
1787115889.085055
1787115889.313221
1787115889.544280
1787115889.791086
1787115890.028891
1787115890.272040
1787115890.517986
1787115890.763800
1787115891.002615
1787115891.247394
1787115891.501729
1787115891.737620
1787115891.972723
1787115892.218484
1787115892.459596
1787115892.710494
1787115892.955395
1787115893.204437
1787115893.464090
1787115893.728856
1787115893.969917
1787115894.218621
1787115894.477237
1787115894.722529
1787115894.958726
1787115895.205484
1787115895.454587
1787115895.685560
1787115895.935714
1787115896.178116
1787115896.417956
1787115896.657802
1787115896.899551
1787115897.143442
1787115897.393666
1787115897.644988
1787115897.888384
1787115898.145062
1787115898.396942
1787115898.648356
1787115898.903483
1787115899.154007
1787115899.403653
1787115899.652654
1787115899.891742
1787115900.152403
1787115900.413532
1787115900.677212
1787115900.950639
1787115901.217885
1787115901.473474
1787115901.733090
1787115901.995722
1787115902.248898
1787115902.515990
1787115902.776397
1787115903.040453
1787115903.298474
1787115903.550497
1787115903.797218
1787115904.046510
1787115904.294744
1787115904.543726
1787115904.795269
1787115905.046578
1787115905.295803
1787115905.551798
1787115905.780938
1787115906.046463
1787115906.309087
1787115906.577373
1787115906.842950
1787115907.107091
1787115907.353328
1787115907.626697
1787115907.865645
1787115908.139608
1787115908.401107
1787115908.663974
1787115908.931758
1787115909.194994
1787115909.446178
1787115909.697543
1787115909.960720
1787115910.222312
1787115910.485881
1787115910.755146
1787115911.021076
1787115911.272350
1787115911.537197
1787115911.779846
1787115912.041141
1787115912.299224
1787115912.534003
1787115912.800266
1787115913.057091
1787115913.317745
1787115913.581192
1787115913.847412
1787115914.110082
1787115914.373071
1787115914.652284
1787115914.917130
1787115915.186405
1787115915.454204
1787115915.720576
1787115916.009789
1787115916.280427
1787115916.544992
1787115916.815901
1787115917.086807
1787115917.351012
1787115917.620352
1787115917.869011
1787115918.120573
1787115918.391951
1787115918.665776
1787115918.942180
1787115919.213316
1787115919.484742
1787115919.726130
1787115919.993905
1787115920.241148
1787115920.486004
1787115920.705836
1787115920.918632
1787115921.135373
1787115921.354741
1787115921.565014
1787115921.773058
1787115921.995040
1787115922.214237
1787115922.424695
1787115922.637383
1787115922.843609
1787115923.061356
1787115923.300895
1787115923.513514
1787115923.733823
1787115923.953497
1787115924.176582
1787115924.400634
1787115924.632135
1787115924.851605
1787115925.063312
1787115925.291669
1787115925.500206
1787115925.725827
1787115925.950246
1787115926.175709
1787115926.403418
1787115926.629913
1787115926.862504
1787115927.083088
1787115927.315625
1787115927.540408
1787115927.748550
1787115927.949783
1787115928.151691
1787115928.370174
1787115928.577418
1787115928.794175
1787115929.001947
1787115929.211772
1787115929.418512
1787115929.627541
1787115929.854141
1787115930.056530
1787115930.260092
1787115930.464934
1787115930.667726
1787115930.874186
1787115931.079017
1787115931.288616
1787115931.489428
1787115931.694595
1787115931.897288
1787115932.098297
1787115932.299978
1787115932.497945
1787115932.702540
1787115932.905339
1787115933.106467
1787115933.309738
1787115933.515383
1787115933.722385
1787115933.926385
1787115934.134938
1787115934.336204
1787115934.539790
1787115934.740948
1787115934.948075
1787115935.204581
1787115935.463368
1787115935.733887
1787115936.007277
1787115936.289287
1787115936.539984
1787115936.812260
1787115937.067819
1787115937.344372
1787115937.595252
1787115937.885678
1787115938.123487
1787115938.398068
1787115938.635122
1787115938.852994
1787115939.062856
1787115939.276947
1787115939.485377
1787115939.711687
1787115939.927001
1787115940.143767
1787115940.351248
1787115940.567888
1787115940.797571
1787115941.008342
1787115941.212323
1787115941.433611
1787115941.645436
1787115941.857957
1787115942.092418
1787115942.294886
1787115942.507640
1787115942.726516
1787115942.936653
1787115943.153646
1787115943.388958
1787115943.609534
1787115943.830745
1787115944.042608
1787115944.264966
1787115944.487157
1787115944.702669
1787115944.940862
1787115945.160935
1787115945.373063
1787115945.603322
1787115945.814577
1787115946.026033
1787115946.259565
1787115946.473348
1787115946.710593
1787115946.928909
1787115947.139591
1787115947.363074
1787115947.588249
1787115947.821539
1787115948.046168
1787115948.258378
1787115948.481204
1787115948.689393
1787115948.927711
1787115949.155339
1787115949.372820
1787115949.605471
1787115949.836153
1787115950.053593
1787115950.266005
1787115950.501630
1787115950.711539
1787115950.924922
1787115951.164724
1787115951.383716
1787115951.619007
1787115951.827496
1787115952.042712
1787115952.246347
1787115952.484247
1787115952.700132
1787115952.925606
1787115953.137552
1787115953.355868
1787115953.572574
1787115953.784723
1787115953.996821
1787115954.205044
1787115954.407089
1787115954.615540
1787115954.816836
1787115955.029463
1787115955.242770
1787115955.451404
1787115955.670223
1787115955.877604
1787115956.081319
1787115956.283619
1787115956.492028
1787115956.694710
1787115956.896951
1787115957.097361
1787115957.299363
1787115957.500865
1787115957.700846
1787115957.906471
1787115958.105056
1787115958.305222
1787115958.506746
1787115958.706977
1787115958.914049
1787115959.116110
1787115959.318359
1787115959.528157
1787115959.756145
1787115960.006879
1787115960.217293
1787115960.436687
1787115960.644830
1787115960.851989
1787115961.065096
1787115961.279517
1787115961.495300
1787115961.709493
1787115961.928995
1787115962.136689
1787115962.346835
1787115962.550460
1787115962.770416
1787115962.987417
1787115963.205048
1787115963.450681
1787115963.663752
1787115963.865773
1787115964.064645
1787115964.272188
1787115964.480513
1787115964.691062
1787115964.905928
1787115965.113079
1787115965.322566
1787115965.522671
1787115965.724184
1787115965.945873
1787115966.166659
1787115966.369669
1787115966.577535
1787115966.785722
1787115967.005862
1787115967.206633
1787115967.409585
1787115967.612666
1787115967.814261
1787115968.018832
1787115968.227368
1787115968.427823
1787115968.629186
1787115968.832479
1787115969.045576
1787115969.243966
1787115969.442681
1787115969.639822
1787115969.841834
1787115970.040599
1787115970.245661
1787115970.452918
1787115970.658961
1787115970.865970
1787115971.069127
1787115971.286931
1787115971.491414
1787115971.693368
1787115971.902483
1787115972.109050
1787115972.305216
1787115972.501443
1787115972.699483
1787115972.914950
1787115973.119584
1787115973.322258
1787115973.518550
1787115973.723510
1787115973.928521
1787115974.127110
1787115974.330210
1787115974.528221
1787115974.729606
1787115974.934786
1787115975.137181
1787115975.356418
