1787113946.140447
1787113946.203844
1787113946.265826
1787113946.329288
1787113946.392475
1787113946.453377
1787113946.516238
1787113946.578207
1787113946.641303
1787113946.704706
1787113946.773218
1787113946.837998
1787113946.903147
1787113946.968428
1787113947.035519
1787113947.102018
1787113947.168332
1787113947.233977
1787113947.300036
1787113947.366343
1787113947.432573
1787113947.517514
1787113947.586768
1787113947.652204
1787113947.718144
1787113947.782781
1787113947.848944
1787113947.914516
1787113947.981529
1787113948.046021
1787113948.112400
1787113948.178971
1787113948.246262
1787113948.313776
1787113948.381669
1787113948.448450
1787113948.517093
1787113948.587073
1787113948.652452
1787113948.717904
1787113948.783573
1787113948.847645
1787113948.911401
1787113948.975723
1787113949.040733
1787113949.106165
1787113949.170750
1787113949.235099
1787113949.299299
1787113949.364151
1787113949.428451
1787113949.492386
1787113949.558853
1787113949.634444
1787113949.700560
1787113949.764831
1787113949.828503
1787113949.895337
1787113949.959872
1787113950.024600
1787113950.091782
1787113950.160147
1787113950.226710
1787113950.294245
1787113950.361224
1787113950.427915
1787113950.495106
1787113950.562590
1787113950.630604
1787113950.697547
1787113950.764989
1787113950.834991
1787113950.913278
1787113950.985751
1787113951.056444
1787113951.126851
1787113951.196342
1787113951.263498
1787113951.333432
1787113951.405970
1787113951.478645
1787113951.544516
1787113951.616696
1787113951.687138
1787113951.759753
1787113951.822514
1787113951.885017
1787113951.947497
1787113952.009030
1787113952.070569
1787113952.133839
1787113952.197455
1787113952.260761
1787113952.324294
1787113952.389708
1787113952.455612
1787113952.520104
1787113952.583258
1787113952.653164
1787113952.728931
1787113952.801904
1787113952.873653
1787113952.944054
1787113953.014968
1787113953.083313
1787113953.153116
1787113953.221555
1787113953.289563
1787113953.354277
1787113953.419350
1787113953.486677
1787113953.549609
1787113953.611117
1787113953.672794
1787113953.735331
1787113953.798814
1787113953.870173
1787113953.935623
1787113953.997943
1787113954.060366
1787113954.126674
1787113954.193042
1787113954.258319
1787113954.323775
1787113954.389856
1787113954.454949
1787113954.522290
1787113954.587551
1787113954.653713
1787113954.721234
1787113954.787650
1787113954.852560
1787113954.917843
1787113954.983467
1787113955.049541
1787113955.114120
1787113955.180288
1787113955.245854
1787113955.312179
1787113955.378443
1787113955.443734
1787113955.509816
1787113955.577053
1787113955.641899
1787113955.707432
1787113955.774877
1787113955.840161
1787113955.905404
1787113956.019477
1787113956.086223
1787113956.152129
1787113956.218191
1787113956.283764
1787113956.350838
1787113956.417659
1787113956.484447
1787113956.551087
1787113956.618765
1787113956.685359
1787113956.758337
1787113956.840683
1787113956.911240
1787113956.979158
1787113957.047871
1787113957.117956
1787113957.190786
1787113957.258995
1787113957.326625
1787113957.394020
1787113957.461221
1787113957.546043
1787113957.613806
1787113957.682339
1787113957.751640
1787113957.822856
1787113957.895743
1787113957.964756
1787113958.098051
1787113958.166430
1787113958.234259
1787113958.303018
1787113958.372147
1787113958.441990
1787113958.511063
1787113958.582878
1787113958.653387
1787113958.724605
1787113958.793450
1787113958.861249
1787113958.935560
1787113959.007150
1787113959.081400
1787113959.157831
1787113959.235341
1787113959.316947
1787113959.393501
1787113959.469977
1787113959.544742
1787113959.620959
1787113959.696356
1787113959.773376
1787113959.850451
1787113959.925858
1787113960.002527
1787113960.080979
1787113960.174614
1787113960.250506
1787113960.329942
1787113960.409746
1787113960.504983
1787113960.588969
1787113960.665612
1787113960.740983
1787113960.819039
1787113960.894499
1787113960.970316
1787113961.048660
1787113961.124712
1787113961.202239
1787113961.279423
1787113961.356857
1787113961.431264
1787113961.508516
1787113961.582122
1787113961.657844
1787113961.730265
1787113961.803299
1787113961.876454
1787113961.955802
1787113962.037450
1787113962.113200
1787113962.188295
1787113962.265287
1787113962.339370
1787113962.414011
1787113962.489468
1787113962.565938
1787113962.642176
1787113962.718178
1787113962.796342
1787113962.871392
1787113962.947965
1787113963.034124
1787113963.117091
1787113963.199782
1787113963.275727
1787113963.353369
1787113963.429303
1787113963.504358
1787113963.581715
1787113963.658092
1787113963.734840
1787113963.815827
1787113963.891906
1787113963.970669
1787113964.082511
1787113964.171544
1787113964.256997
1787113964.338763
1787113964.420557
1787113964.502826
1787113964.588145
1787113964.669523
1787113964.751449
1787113964.847506
1787113964.935612
1787113965.026749
1787113965.119090
1787113965.206636
1787113965.298360
1787113965.387546
1787113965.475680
1787113965.558126
1787113965.644650
1787113965.730042
1787113965.821491
1787113965.905286
1787113965.986733
1787113966.070892
1787113966.155105
1787113966.237994
1787113966.322866
1787113966.404024
1787113966.486507
1787113966.567355
1787113966.653218
1787113966.733267
1787113966.814447
1787113966.898547
1787113966.982241
1787113967.065372
1787113967.146434
1787113967.230672
1787113967.314479
1787113967.399831
1787113967.502778
1787113967.595586
1787113967.680598
1787113967.766483
1787113967.856291
1787113967.944621
1787113968.033183
1787113968.120285
1787113968.206084
1787113968.291310
1787113968.374339
1787113968.456208
1787113968.541579
1787113968.623639
1787113968.706128
1787113968.790338
1787113968.875433
1787113968.962230
1787113969.046159
1787113969.131895
1787113969.214229
1787113969.296471
1787113969.378490
1787113969.460537
1787113969.542447
1787113969.626477
1787113969.709484
1787113969.791748
1787113969.874738
1787113969.956980
1787113970.039556
1787113970.123189
1787113970.206342
1787113970.290053
1787113970.373498
1787113970.459721
1787113970.542974
1787113970.626156
1787113970.710878
1787113970.798459
1787113970.880447
1787113970.964361
1787113971.069381
1787113971.151880
1787113971.234643
1787113971.324449
1787113971.409117
1787113971.493651
1787113971.583265
1787113971.668092
1787113971.750315
1787113971.832950
1787113971.914195
1787113971.998012
1787113972.082612
1787113972.175972
1787113972.264911
1787113972.354820
1787113972.437873
1787113972.519479
1787113972.604237
1787113972.684759
1787113972.764815
1787113972.848774
1787113972.933104
1787113973.021240
1787113973.115405
1787113973.201516
1787113973.281853
1787113973.367078
1787113973.453551
1787113973.536192
1787113973.623969
1787113973.709224
1787113973.790652
1787113973.871655
1787113973.956299
1787113974.036118
1787113974.119199
1787113974.203242
1787113974.284296
1787113974.364866
1787113974.447022
1787113974.529207
1787113974.627564
1787113974.717360
1787113974.802463
1787113974.885199
1787113974.975172
1787113975.061450
1787113975.145103
1787113975.227664
1787113975.311449
1787113975.399628
1787113975.483227
1787113975.569651
1787113975.654268
1787113975.736594
1787113975.819724
1787113975.902631
1787113975.985427
1787113976.073264
1787113976.157941
1787113976.243976
1787113976.325932
1787113976.415329
1787113976.499922
1787113976.581612
1787113976.664124
1787113976.745573
1787113976.836751
1787113976.923971
1787113977.007400
1787113977.089555
1787113977.171230
1787113977.261718
1787113977.342539
1787113977.423840
1787113977.508266
1787113977.591123
1787113977.671321
1787113977.756655
1787113977.842606
1787113977.951924
1787113978.046646
1787113978.138902
1787113978.219430
1787113978.299475
1787113978.389611
1787113978.474032
1787113978.562689
1787113978.643200
1787113978.723508
1787113978.805565
1787113978.890490
1787113978.981492
1787113979.063287
1787113979.145084
1787113979.233371
1787113979.315574
1787113979.399469
1787113979.481627
1787113979.569774
1787113979.652561
1787113979.738462
1787113979.825699
1787113979.905936
1787113979.985606
1787113980.075112
1787113980.152143
1787113980.229404
1787113980.306747
1787113980.384290
1787113980.466630
1787113980.554754
1787113980.634849
1787113980.718667
1787113980.798733
1787113980.878124
1787113980.963543
1787113981.045343
1787113981.128174
1787113981.211607
1787113981.289288
1787113981.369562
1787113981.452055
1787113981.529454
1787113981.623260
1787113981.715664
1787113981.795593
1787113981.881380
1787113981.963813
1787113982.044454
1787113982.124696
1787113982.206134
1787113982.284802
1787113982.361857
1787113982.439351
1787113982.520467
1787113982.607645
1787113982.688370
1787113982.768434
1787113982.849521
1787113982.928211
1787113983.007156
1787113983.087417
1787113983.168619
1787113983.258235
1787113983.350528
1787113983.439086
1787113983.526752
1787113983.613206
1787113983.700247
1787113983.789013
1787113983.871845
1787113983.957080
1787113984.042830
1787113984.127213
1787113984.211408
1787113984.296142
1787113984.379704
1787113984.473214
1787113984.567192
1787113984.653072
1787113984.737431
1787113984.820814
1787113984.905243
1787113984.988570
1787113985.071348
1787113985.159796
1787113985.244469
1787113985.327414
1787113985.408873
1787113985.492291
1787113985.573947
1787113985.656806
1787113985.738899
1787113985.819990
1787113985.903442
1787113985.988218
1787113986.072206
1787113986.155584
1787113986.240349
1787113986.323559
1787113986.405886
1787113986.488747
1787113986.574713
1787113986.656529
1787113986.739195
1787113986.825565
1787113986.907533
1787113986.991597
1787113987.076631
1787113987.160927
1787113987.243986
1787113987.327287
1787113987.411770
1787113987.494440
1787113987.577706
1787113987.661502
1787113987.749006
1787113987.846971
1787113987.950023
1787113988.102982
1787113988.209278
1787113988.314765
1787113988.403078
1787113988.490890
1787113988.579983
1787113988.666251
1787113988.751000
1787113988.836095
1787113988.920675
1787113989.004244
1787113989.092352
1787113989.178000
1787113989.264048
1787113989.353383
1787113989.439835
1787113989.522188
1787113989.603966
1787113989.689641
1787113989.772523
1787113989.854525
1787113989.937654
1787113990.019720
1787113990.103948
1787113990.187795
1787113990.270265
1787113990.355745
1787113990.437672
1787113990.521540
1787113990.604837
1787113990.685492
1787113990.764992
1787113990.843491
1787113990.922530
1787113991.001693
1787113991.080514
1787113991.158799
1787113991.236563
1787113991.314861
1787113991.393317
1787113991.471541
1787113991.549058
1787113991.630002
1787113991.711364
1787113991.792047
1787113991.869366
1787113991.947488
1787113992.025335
1787113992.104170
1787113992.181669
1787113992.258806
1787113992.334882
1787113992.411717
1787113992.488432
1787113992.565585
1787113992.644023
1787113992.721617
1787113992.805677
1787113992.885407
1787113992.966766
1787113993.044350
1787113993.122795
1787113993.199877
