1787114182.016898
1787114182.125905
1787114182.234489
1787114182.341168
1787114182.451889
1787114182.561022
1787114182.674382
1787114182.784827
1787114182.896047
1787114183.003575
1787114183.111724
1787114183.234352
1787114183.343008
1787114183.450580
1787114183.558758
1787114183.666298
1787114183.774472
1787114183.882108
1787114183.989320
1787114184.100166
1787114184.213316
1787114184.326507
1787114184.437701
1787114184.550491
1787114184.662030
1787114184.773249
1787114184.885131
1787114184.998026
1787114185.110477
1787114185.221852
1787114185.346068
1787114185.459964
1787114185.572505
1787114185.685816
1787114185.802026
1787114185.915421
1787114186.029924
1787114186.144454
1787114186.259553
1787114186.372452
1787114186.485341
1787114186.599355
1787114186.712596
1787114186.826156
1787114186.940946
1787114187.053883
1787114187.167137
1787114187.277916
1787114187.389028
1787114187.505690
1787114187.617921
1787114187.731009
1787114187.843576
1787114187.956679
1787114188.070130
1787114188.188636
1787114188.307122
1787114188.428940
1787114188.547929
1787114188.665002
1787114188.783921
1787114188.906584
1787114189.028104
1787114189.147747
1787114189.268726
1787114189.389389
1787114189.510491
1787114189.630551
1787114189.751874
1787114189.871214
1787114189.992464
1787114190.110475
1787114190.227598
1787114190.343768
1787114190.460657
1787114190.577764
1787114190.694480
1787114190.812583
1787114190.929733
1787114191.048576
1787114191.168018
1787114191.286814
1787114191.403435
1787114191.521939
1787114191.640828
1787114191.760264
1787114191.878791
1787114191.997624
1787114192.116774
1787114192.236101
1787114192.355580
1787114192.474805
1787114192.594360
1787114192.714278
1787114192.836661
1787114192.959030
1787114193.080611
1787114193.200516
1787114193.322279
1787114193.442747
1787114193.564750
1787114193.690243
1787114193.814044
1787114193.936315
1787114194.057805
1787114194.180263
1787114194.300801
1787114194.423942
1787114194.546220
1787114194.669577
1787114194.795361
1787114194.919376
1787114195.041920
1787114195.164377
1787114195.287685
1787114195.410842
1787114195.538147
1787114195.663052
1787114195.787872
1787114195.912617
1787114196.036064
1787114196.161201
1787114196.286132
1787114196.409901
1787114196.532888
1787114196.656106
1787114196.778831
1787114196.901094
1787114197.022467
1787114197.146194
1787114197.268688
1787114197.400359
1787114197.525230
1787114197.653864
1787114197.781214
1787114197.911193
1787114198.038665
1787114198.168112
1787114198.296814
1787114198.433118
1787114198.563684
1787114198.692132
1787114198.820854
1787114198.947708
1787114199.080102
1787114199.208898
1787114199.337416
1787114199.485922
1787114199.633599
1787114199.779366
1787114199.922145
1787114200.062684
1787114200.212187
1787114200.356252
1787114200.500000
1787114200.645704
1787114200.800796
1787114200.944259
1787114201.090322
1787114201.256383
1787114201.405084
1787114201.549258
1787114201.699240
1787114201.849954
1787114202.000676
1787114202.149138
1787114202.297369
1787114202.444262
1787114202.602081
1787114202.762434
1787114202.930372
1787114203.090807
1787114203.259391
1787114203.418093
1787114203.572608
1787114203.741237
1787114203.903641
1787114204.066154
1787114204.227374
1787114204.385446
1787114204.541905
1787114204.703214
1787114204.861750
1787114205.016937
1787114205.175719
1787114205.332988
1787114205.491273
1787114205.646502
1787114205.804188
1787114205.976180
1787114206.143989
1787114206.302013
1787114206.460491
1787114206.625077
1787114206.800139
1787114207.005359
1787114207.172459
1787114207.335608
1787114207.507543
1787114207.675015
1787114207.838756
1787114207.999798
1787114208.163275
1787114208.322325
1787114208.494822
1787114208.669616
1787114208.842267
1787114209.003938
1787114209.180011
1787114209.345586
1787114209.515522
1787114209.676776
1787114209.837576
1787114210.004874
1787114210.172548
1787114210.334699
1787114210.499682
1787114210.654795
1787114210.808242
1787114210.959211
1787114211.110288
1787114211.256322
1787114211.402073
1787114211.546992
1787114211.695672
1787114211.848232
1787114211.997597
1787114212.145540
1787114212.299655
1787114212.456231
1787114212.609115
1787114212.758070
1787114212.905166
1787114213.051799
1787114213.195485
1787114213.337669
1787114213.483527
1787114213.625217
1787114213.768646
1787114213.914840
1787114214.058147
1787114214.201787
1787114214.344866
1787114214.488660
1787114214.631182
1787114214.777216
1787114214.919385
1787114215.062787
1787114215.205211
1787114215.351766
1787114215.494373
1787114215.635275
1787114215.777656
1787114215.919015
1787114216.062068
1787114216.202542
1787114216.345600
1787114216.487745
1787114216.629829
1787114216.770929
1787114216.912496
1787114217.056741
1787114217.201173
1787114217.350219
1787114217.490681
1787114217.634495
1787114217.778350
1787114217.919147
1787114218.059865
1787114218.203061
1787114218.344854
1787114218.488223
1787114218.629243
1787114218.772145
1787114218.916945
1787114219.062726
1787114219.205110
1787114219.346514
1787114219.489135
1787114219.632481
1787114219.776507
1787114219.920489
1787114220.066607
1787114220.208651
1787114220.349479
1787114220.489015
1787114220.631037
1787114220.770598
1787114220.914468
1787114221.055877
1787114221.198042
1787114221.337478
1787114221.474150
1787114221.615051
1787114221.759774
1787114221.899514
1787114222.037211
1787114222.178768
1787114222.318314
1787114222.493975
1787114222.666634
1787114222.841685
1787114223.015498
1787114223.188078
1787114223.357805
1787114223.526338
1787114223.698832
1787114223.870908
1787114224.040845
1787114224.211741
1787114224.397757
1787114224.582872
1787114224.764969
1787114224.946342
1787114225.123863
1787114225.298072
1787114225.472886
1787114225.655029
1787114225.838296
1787114226.022487
1787114226.201561
1787114226.384392
1787114226.562614
1787114226.738253
1787114226.914115
1787114227.085053
1787114227.257724
1787114227.436134
1787114227.609557
1787114227.781516
1787114227.975260
1787114228.161464
1787114228.340709
1787114228.516999
1787114228.687683
1787114228.859782
1787114229.029584
1787114229.198697
1787114229.367780
1787114229.545110
1787114229.714608
1787114229.881508
1787114230.047979
1787114230.214324
1787114230.383324
1787114230.549864
1787114230.716186
1787114230.881928
1787114231.045997
1787114231.210912
1787114231.376371
1787114231.541903
1787114231.706358
1787114231.873632
1787114232.039732
1787114232.204777
1787114232.369169
1787114232.532054
1787114232.702183
1787114232.876481
1787114233.044110
1787114233.208029
1787114233.370331
1787114233.531070
1787114233.689332
1787114233.851459
1787114234.012322
1787114234.166932
1787114234.322829
1787114234.477731
1787114234.631557
1787114234.786284
1787114234.940697
1787114235.097310
1787114235.253236
1787114235.407157
1787114235.563774
1787114235.716717
1787114235.871116
1787114236.024487
1787114236.179626
1787114236.332043
1787114236.491731
1787114236.648282
1787114236.804209
1787114236.961962
1787114237.111984
1787114237.267164
1787114237.423888
1787114237.572128
1787114237.725501
1787114237.872515
1787114238.028871
1787114238.175536
1787114238.329859
1787114238.479668
1787114238.629867
1787114238.784549
1787114238.943027
1787114239.100723
1787114239.267972
1787114239.424128
1787114239.581043
1787114239.739712
1787114239.897611
1787114240.055902
1787114240.214646
1787114240.369459
1787114240.527181
1787114240.685690
1787114240.845266
1787114241.004831
1787114241.165767
1787114241.323653
1787114241.482882
1787114241.641851
1787114241.801778
1787114241.960809
1787114242.114379
1787114242.268199
1787114242.424810
1787114242.587778
1787114242.747832
1787114242.900896
1787114243.061294
1787114243.217646
1787114243.366689
1787114243.525160
1787114243.684278
1787114243.850513
1787114244.008758
1787114244.163155
1787114244.317102
1787114244.466668
1787114244.626680
1787114244.788653
1787114244.971722
1787114245.149617
1787114245.339978
1787114245.506284
1787114245.684768
1787114245.877086
1787114246.043098
1787114246.203563
1787114246.358578
1787114246.518249
1787114246.683497
1787114246.863101
1787114247.061863
1787114247.234218
1787114247.394706
1787114247.556934
1787114247.720254
1787114247.881520
1787114248.043648
1787114248.204753
1787114248.370510
1787114248.529931
1787114248.694258
1787114248.857883
1787114249.020623
1787114249.183839
1787114249.345451
1787114249.505552
1787114249.663276
1787114249.820260
1787114249.975906
1787114250.133173
1787114250.290864
1787114250.448992
1787114250.606995
1787114250.767823
1787114250.928966
1787114251.091568
1787114251.250189
1787114251.409073
1787114251.567101
1787114251.725563
1787114251.885101
1787114252.053032
1787114252.215681
1787114252.375973
1787114252.536333
1787114252.697572
1787114252.864767
1787114253.003169
1787114253.141411
1787114253.276481
1787114253.410934
1787114253.546538
1787114253.682986
1787114253.818723
1787114253.951923
1787114254.085649
1787114254.220152
1787114254.353134
1787114254.490181
1787114254.623385
1787114254.758424
1787114254.892742
1787114255.027361
1787114255.160678
1787114255.294105
1787114255.428647
1787114255.563987
1787114255.701874
1787114255.837921
1787114255.973586
1787114256.107513
1787114256.242721
1787114256.378610
1787114256.517243
1787114256.653305
1787114256.788258
1787114256.923152
1787114257.058020
1787114257.197841
1787114257.333716
1787114257.470125
1787114257.607099
1787114257.763929
1787114257.899459
1787114258.035976
1787114258.172008
1787114258.311855
1787114258.449190
1787114258.586896
1787114258.726291
1787114258.862471
1787114259.002479
1787114259.140639
1787114259.277651
1787114259.414035
1787114259.553695
1787114259.691769
1787114259.830559
1787114259.969623
1787114260.104578
1787114260.238766
1787114260.373951
1787114260.509639
1787114260.646003
1787114260.790069
1787114260.927862
1787114261.064069
1787114261.203762
1787114261.340953
1787114261.481609
1787114261.620707
1787114261.759804
1787114261.897450
1787114262.037007
1787114262.174917
1787114262.313990
1787114262.452255
1787114262.591382
1787114262.730504
1787114262.871957
1787114263.012449
1787114263.150325
1787114263.292957
1787114263.434443
1787114263.571379
1787114263.709320
1787114263.845980
1787114263.984773
1787114264.121746
1787114264.259751
1787114264.396543
1787114264.539140
1787114264.678719
1787114264.819894
1787114264.957232
1787114265.093856
1787114265.228909
1787114265.366646
1787114265.506765
1787114265.647230
1787114265.784121
1787114265.922235
1787114266.057950
1787114266.193827
1787114266.333095
1787114266.468745
1787114266.604959
1787114266.749651
1787114266.886859
1787114267.025810
1787114267.164208
1787114267.300445
1787114267.440847
1787114267.576423
1787114267.721510
1787114267.863464
1787114268.001790
1787114268.139614
1787114268.283364
1787114268.421783
1787114268.560462
1787114268.698618
1787114268.834642
