1787113893.756194
1787113893.815777
1787113893.878747
1787113893.942401
1787113894.006797
1787113894.071353
1787113894.133626
1787113894.196161
1787113894.260439
1787113894.327633
1787113894.393592
1787113894.459381
1787113894.522254
1787113894.584244
1787113894.645586
1787113894.708383
1787113894.770963
1787113894.834197
1787113894.897112
1787113894.960204
1787113895.022265
1787113895.087368
1787113895.151786
1787113895.215285
1787113895.282703
1787113895.357542
1787113895.440138
1787113895.506859
1787113895.571807
1787113895.637733
1787113895.702036
1787113895.767589
1787113895.831556
1787113895.896156
1787113895.959302
1787113896.023789
1787113896.090756
1787113896.156252
1787113896.223843
1787113896.292359
1787113896.361337
1787113896.430582
1787113896.498350
1787113896.565150
1787113896.631638
1787113896.699154
1787113896.765597
1787113896.834471
1787113896.902427
1787113896.970331
1787113897.036123
1787113897.099680
1787113897.164414
1787113897.227454
1787113897.291961
1787113897.355582
1787113897.423276
1787113897.492129
1787113897.551833
1787113897.611280
1787113897.671802
1787113897.733444
1787113897.794141
1787113897.855299
1787113897.915393
1787113897.975951
1787113898.036318
1787113898.098307
1787113898.163244
1787113898.232201
1787113898.297353
1787113898.360891
1787113898.424816
1787113898.489159
1787113898.554543
1787113898.620626
1787113898.686318
1787113898.754124
1787113898.824102
1787113898.892508
1787113898.958647
1787113899.025923
1787113899.095220
1787113899.163274
1787113899.230577
1787113899.295406
1787113899.359919
1787113899.424233
1787113899.488781
1787113899.574005
1787113899.640359
1787113899.715923
1787113899.787451
1787113899.852591
1787113899.916938
1787113899.982001
1787113900.047164
1787113900.114096
1787113900.181688
1787113900.249365
1787113900.317881
1787113900.387857
1787113900.455468
1787113900.522941
1787113900.591341
1787113900.660213
1787113900.727606
1787113900.798594
1787113900.871777
1787113900.948335
1787113901.015173
1787113901.083851
1787113901.158168
1787113901.228994
1787113901.298932
1787113901.371055
1787113901.440719
1787113901.508900
1787113901.577471
1787113901.653908
1787113901.731155
1787113901.800116
1787113901.869580
1787113901.938186
1787113902.007389
1787113902.076125
1787113902.145287
1787113902.212130
1787113902.278463
1787113902.343296
1787113902.407626
1787113902.472094
1787113902.536746
1787113902.601079
1787113902.666842
1787113902.731308
1787113902.796861
1787113902.864170
1787113902.930348
1787113902.995464
1787113903.061960
1787113903.128506
1787113903.196125
1787113903.262527
1787113903.330667
1787113903.398488
1787113903.465438
1787113903.532900
1787113903.601078
1787113903.669551
1787113903.737346
1787113903.870400
1787113903.937974
1787113904.011439
1787113904.078776
1787113904.146218
1787113904.213498
1787113904.280890
1787113904.347722
1787113904.416360
1787113904.483085
1787113904.550880
1787113904.621217
1787113904.693678
1787113904.766207
1787113904.842820
1787113904.918700
1787113904.991729
1787113905.065225
1787113905.137544
1787113905.212059
1787113905.284216
1787113905.357375
1787113905.431196
1787113905.503391
1787113905.575700
1787113905.649536
1787113905.731493
1787113905.809962
1787113905.887892
1787113906.017593
1787113906.093782
1787113906.172454
1787113906.248760
1787113906.322713
1787113906.397598
1787113906.475363
1787113906.550704
1787113906.625443
1787113906.701118
1787113906.777934
1787113906.852238
1787113906.926965
1787113907.001895
1787113907.076205
1787113907.149750
1787113907.224091
1787113907.298024
1787113907.372596
1787113907.446781
1787113907.521466
1787113907.596351
1787113907.670318
1787113907.742203
1787113907.813221
1787113907.884907
1787113907.957961
1787113908.091176
1787113908.170564
1787113908.246779
1787113908.323041
1787113908.399549
1787113908.474124
1787113908.549470
1787113908.624567
1787113908.700490
1787113908.775975
1787113908.851274
1787113908.926554
1787113909.014807
1787113909.099581
1787113909.187786
1787113909.273034
1787113909.352530
1787113909.430744
1787113909.511914
1787113909.591091
1787113909.672484
1787113909.754480
1787113909.834198
1787113909.916133
1787113909.993721
1787113910.072845
1787113910.152299
1787113910.229119
1787113910.306672
1787113910.382671
1787113910.459304
1787113910.538523
1787113910.614696
1787113910.694530
1787113910.776369
1787113910.878232
1787113910.976369
1787113911.069108
1787113911.158440
1787113911.253948
1787113911.346505
1787113911.434123
1787113911.523094
1787113911.608707
1787113911.694966
1787113911.779706
1787113911.864540
1787113911.950520
1787113912.036654
1787113912.126965
1787113912.217791
1787113912.308082
1787113912.396082
1787113912.485124
1787113912.573561
1787113912.663521
1787113912.749813
1787113912.839857
1787113912.920889
1787113913.006904
1787113913.093618
1787113913.174742
1787113913.260547
1787113913.347600
1787113913.435160
1787113913.516657
1787113913.601804
1787113913.691258
1787113913.775750
1787113913.863208
1787113913.944579
1787113914.031822
1787113914.116776
1787113914.203475
1787113914.288978
1787113914.368459
1787113914.455133
1787113914.538154
1787113914.621171
1787113914.704477
1787113914.784967
1787113914.868723
1787113914.950573
1787113915.033350
1787113915.114931
1787113915.198441
1787113915.283388
1787113915.370216
1787113915.458803
1787113915.545429
1787113915.637871
1787113915.724089
1787113915.808223
1787113915.893941
1787113915.979973
1787113916.069355
1787113916.160556
1787113916.249487
1787113916.335292
1787113916.421216
1787113916.506904
1787113916.593692
1787113916.676287
1787113916.763280
1787113916.873909
1787113916.966067
1787113917.053154
1787113917.144738
1787113917.231616
1787113917.317600
1787113917.402062
1787113917.487293
1787113917.573928
1787113917.662798
1787113917.750869
1787113917.833232
1787113917.916561
1787113918.004230
1787113918.092076
1787113918.179807
1787113918.264453
1787113918.351831
1787113918.440410
1787113918.526547
1787113918.613645
1787113918.702771
1787113918.790359
1787113918.873303
1787113918.962457
1787113919.050917
1787113919.135527
1787113919.223497
1787113919.309673
1787113919.389726
1787113919.475133
1787113919.560849
1787113919.647271
1787113919.735952
1787113919.824694
1787113919.910619
1787113919.995743
1787113920.085182
1787113920.176261
1787113920.261950
1787113920.359824
1787113920.446113
1787113920.532217
1787113920.615019
1787113920.700096
1787113920.785937
1787113920.871484
1787113920.959873
1787113921.049237
1787113921.135602
1787113921.224617
1787113921.316712
1787113921.404127
1787113921.495377
1787113921.581982
1787113921.669742
1787113921.757536
1787113921.849516
1787113921.938150
1787113922.026836
1787113922.115593
1787113922.198551
1787113922.288242
1787113922.370894
1787113922.458000
1787113922.544307
1787113922.631639
1787113922.717446
1787113922.819039
1787113922.901695
1787113922.986537
1787113923.073634
1787113923.159493
1787113923.250506
1787113923.336051
1787113923.419662
1787113923.500897
1787113923.587485
1787113923.673729
1787113923.758686
1787113923.843636
1787113923.926707
1787113924.013272
1787113924.094880
1787113924.173903
1787113924.258582
1787113924.345414
1787113924.430586
1787113924.512992
1787113924.599267
1787113924.684035
1787113924.769987
1787113924.855335
1787113924.939884
1787113925.024511
1787113925.109559
1787113925.189456
1787113925.274650
1787113925.359991
1787113925.442315
1787113925.527757
1787113925.612656
1787113925.695519
1787113925.781816
1787113925.867485
1787113925.955205
1787113926.041811
1787113926.126802
1787113926.211224
1787113926.295325
1787113926.382467
1787113926.464041
1787113926.547614
1787113926.634209
1787113926.717984
1787113926.801534
1787113926.886577
1787113926.970780
1787113927.051783
1787113927.132875
1787113927.215785
1787113927.297534
1787113927.379772
1787113927.464232
1787113927.545865
1787113927.626603
1787113927.710581
1787113927.793914
1787113927.877380
1787113927.956195
1787113928.040162
1787113928.122382
1787113928.206303
1787113928.287737
1787113928.369388
1787113928.454304
1787113928.539076
1787113928.624264
1787113928.708231
1787113928.791491
1787113928.875844
1787113928.959913
1787113929.042381
1787113929.124516
1787113929.209057
1787113929.291375
1787113929.374340
1787113929.457701
1787113929.540182
1787113929.623615
1787113929.707442
1787113929.793215
1787113929.876923
1787113929.955317
1787113930.040367
1787113930.122910
1787113930.203734
1787113930.287854
1787113930.367149
1787113930.451241
1787113930.532283
1787113930.615022
1787113930.697345
1787113930.780193
1787113930.859788
1787113930.941468
1787113931.024883
1787113931.104667
1787113931.184284
1787113931.263577
1787113931.348361
1787113931.433714
1787113931.514993
1787113931.597820
1787113931.680569
1787113931.761467
1787113931.840828
1787113931.923635
1787113932.004692
1787113932.087082
1787113932.169508
1787113932.250023
1787113932.331131
1787113932.412321
1787113932.496057
1787113932.583754
1787113932.665276
1787113932.746826
1787113932.837209
1787113932.921905
1787113933.006086
1787113933.099590
1787113933.187082
1787113933.273478
1787113933.362821
1787113933.448688
1787113933.533485
1787113933.617359
1787113933.699558
1787113933.784511
1787113933.865052
1787113933.946659
1787113934.027835
1787113934.112169
1787113934.192724
1787113934.275027
1787113934.357687
1787113934.441278
1787113934.524175
1787113934.606076
1787113934.688262
1787113934.769423
1787113934.849409
1787113934.929378
1787113935.010293
1787113935.092248
1787113935.174378
1787113935.254385
1787113935.335399
1787113935.416374
1787113935.498057
1787113935.580219
1787113935.663360
1787113935.745329
1787113935.826124
1787113935.907008
1787113935.986604
1787113936.068008
1787113936.149280
1787113936.229982
1787113936.311409
1787113936.393643
1787113936.475380
1787113936.556162
1787113936.639823
1787113936.723208
1787113936.805342
1787113936.889296
1787113936.973406
1787113937.055692
1787113937.140910
1787113937.222128
1787113937.307212
1787113937.387912
1787113937.468735
1787113937.548563
1787113937.630032
1787113937.712527
1787113937.795751
1787113937.876157
1787113937.958536
1787113938.042016
1787113938.125824
1787113938.208580
1787113938.291456
1787113938.374938
1787113938.458331
1787113938.542253
1787113938.627472
1787113938.712759
1787113938.796180
1787113938.880368
1787113938.963058
1787113939.047574
1787113939.131541
1787113939.216293
1787113939.298162
1787113939.381025
1787113939.462160
1787113939.544197
1787113939.625000
1787113939.705734
1787113939.785324
1787113939.865774
1787113939.946439
1787113940.027179
1787113940.110926
1787113940.195657
1787113940.279100
1787113940.363392
1787113940.445379
1787113940.529046
1787113940.613334
1787113940.694294
1787113940.780136
1787113940.861699
1787113940.949089
1787113941.032933
1787113941.118094
1787113941.200811
