1787113762.429369
1787113762.444559
1787113762.459560
1787113762.474295
1787113762.489096
1787113762.503548
1787113762.517803
1787113762.532047
1787113762.547056
1787113762.561941
1787113762.576667
1787113762.591352
1787113762.606335
1787113762.621442
1787113762.636579
1787113762.651533
1787113762.666464
1787113762.681117
1787113762.695876
1787113762.710236
1787113762.725290
1787113762.740229
1787113762.755394
1787113762.770971
1787113762.786322
1787113762.801706
1787113762.816823
1787113762.832158
1787113762.847698
1787113762.863486
1787113762.879012
1787113762.895083
1787113762.910775
1787113762.926869
1787113762.942921
1787113762.959503
1787113762.974463
1787113762.990135
1787113763.005963
1787113763.021566
1787113763.036665
1787113763.051482
1787113763.066873
1787113763.082614
1787113763.098089
1787113763.113574
1787113763.129053
1787113763.144571
1787113763.159928
1787113763.175485
1787113763.192134
1787113763.207877
1787113763.222969
1787113763.237904
1787113763.252373
1787113763.267295
1787113763.282724
1787113763.297992
1787113763.313122
1787113763.328383
1787113763.343072
1787113763.358305
1787113763.373362
1787113763.388480
1787113763.403771
1787113763.418455
1787113763.433501
1787113763.448431
1787113763.463693
1787113763.478523
1787113763.493562
1787113763.508646
1787113763.523797
1787113763.538735
1787113763.553752
1787113763.569176
1787113763.584335
1787113763.599640
1787113763.614948
1787113763.629633
1787113763.644976
1787113763.659949
1787113763.675107
1787113763.690369
1787113763.705428
1787113763.720642
1787113763.735885
1787113763.751259
1787113763.766438
1787113763.781778
1787113763.797444
1787113763.812249
1787113763.827583
1787113763.842843
1787113763.858121
1787113763.873424
1787113763.888377
1787113763.903574
1787113763.918924
1787113763.934337
1787113763.950040
1787113763.965303
1787113763.981181
1787113763.996490
1787113764.011877
1787113764.027128
1787113764.042214
1787113764.058307
1787113764.073817
1787113764.089577
1787113764.105333
1787113764.120315
1787113764.135675
1787113764.150942
1787113764.166502
1787113764.182385
1787113764.197745
1787113764.213188
1787113764.228788
1787113764.244198
1787113764.259542
1787113764.275081
1787113764.290621
1787113764.306437
1787113764.324025
1787113764.339566
1787113764.354968
1787113764.370439
1787113764.386050
1787113764.401647
1787113764.417210
1787113764.432429
1787113764.447857
1787113764.463289
1787113764.479042
1787113764.493948
1787113764.509085
1787113764.524492
1787113764.539537
1787113764.554786
1787113764.570144
1787113764.585859
1787113764.601114
1787113764.616774
1787113764.632606
1787113764.647607
1787113764.663154
1787113764.678944
1787113764.694781
1787113764.710339
1787113764.725399
1787113764.740929
1787113764.757487
1787113764.773048
1787113764.788780
1787113764.804732
1787113764.820729
1787113764.836700
1787113764.852236
1787113764.868838
1787113764.884865
1787113764.900730
1787113764.916754
1787113764.933008
1787113764.949787
1787113764.965591
1787113764.981447
1787113764.997272
1787113765.013428
1787113765.029471
1787113765.045505
1787113765.061621
1787113765.077899
1787113765.093727
1787113765.109787
1787113765.126245
1787113765.142162
1787113765.158107
1787113765.173738
1787113765.189527
1787113765.205492
1787113765.221767
1787113765.237694
1787113765.253723
1787113765.269797
1787113765.285820
1787113765.301695
1787113765.317947
1787113765.333698
1787113765.349487
1787113765.365420
1787113765.381381
1787113765.397872
1787113765.414292
1787113765.430174
1787113765.446096
1787113765.462176
1787113765.478668
1787113765.494844
1787113765.511043
1787113765.527223
1787113765.543407
1787113765.559333
1787113765.575395
1787113765.591502
1787113765.607467
1787113765.623161
1787113765.639451
1787113765.655876
1787113765.672122
1787113765.688310
1787113765.704058
1787113765.720068
1787113765.736104
1787113765.751730
1787113765.767932
1787113765.784092
1787113765.800194
1787113765.816279
1787113765.833131
1787113765.848908
1787113765.864969
1787113765.880746
1787113765.897310
1787113765.913498
1787113765.929392
1787113765.945779
1787113765.961350
1787113765.977644
1787113765.993629
1787113766.010091
1787113766.026450
1787113766.042782
1787113766.059359
1787113766.075879
1787113766.091936
1787113766.107686
1787113766.123316
1787113766.139416
1787113766.155871
1787113766.172023
1787113766.188002
1787113766.204246
1787113766.220677
1787113766.236955
1787113766.253353
1787113766.269424
1787113766.286003
1787113766.302546
1787113766.318807
1787113766.335025
1787113766.351086
1787113766.366933
1787113766.383419
1787113766.400088
1787113766.416070
1787113766.432149
1787113766.447726
1787113766.464140
1787113766.480184
1787113766.496405
1787113766.512712
1787113766.529246
1787113766.545363
1787113766.561280
1787113766.577883
1787113766.593992
1787113766.609928
1787113766.625719
1787113766.641739
1787113766.657703
1787113766.673901
1787113766.689842
1787113766.706169
1787113766.722633
1787113766.739102
1787113766.755883
1787113766.771927
1787113766.788224
1787113766.804751
1787113766.821254
1787113766.837909
1787113766.854139
1787113766.869958
1787113766.886208
1787113766.902551
1787113766.919103
1787113766.935722
1787113766.951817
1787113766.968173
1787113766.983850
1787113767.000204
1787113767.016458
1787113767.032445
1787113767.048783
1787113767.065336
1787113767.081913
1787113767.098351
1787113767.114529
1787113767.130509
1787113767.146777
1787113767.162833
1787113767.178673
1787113767.195183
1787113767.211187
1787113767.227407
1787113767.243741
1787113767.260151
1787113767.276950
1787113767.292953
1787113767.309494
1787113767.325427
1787113767.342041
1787113767.358164
1787113767.374465
1787113767.390885
1787113767.407274
1787113767.423541
1787113767.439868
1787113767.455878
1787113767.471846
1787113767.488009
1787113767.504146
1787113767.520341
1787113767.536891
1787113767.553533
1787113767.569729
1787113767.586111
1787113767.602597
1787113767.619083
1787113767.635651
1787113767.651430
1787113767.667526
1787113767.683772
1787113767.699696
1787113767.715855
1787113767.732419
1787113767.749118
1787113767.765423
1787113767.782124
1787113767.798330
1787113767.815249
1787113767.831450
1787113767.848040
1787113767.864176
1787113767.880629
1787113767.897222
1787113767.913788
1787113767.930257
1787113767.946464
1787113767.963133
1787113767.979330
1787113767.995871
1787113768.011904
1787113768.028001
1787113768.044332
1787113768.061228
1787113768.077879
1787113768.094658
1787113768.111141
1787113768.127685
1787113768.144234
1787113768.160111
1787113768.176665
1787113768.192953
1787113768.208902
1787113768.225444
1787113768.241259
1787113768.257515
1787113768.274013
1787113768.290301
1787113768.306886
1787113768.323319
1787113768.340096
1787113768.356824
1787113768.373178
1787113768.389354
1787113768.405838
1787113768.422042
1787113768.437990
1787113768.454220
1787113768.470527
1787113768.486852
1787113768.503773
1787113768.520170
1787113768.536260
1787113768.552482
1787113768.568846
1787113768.584822
1787113768.601442
1787113768.618502
1787113768.635244
1787113768.651784
1787113768.668345
1787113768.685098
1787113768.701738
1787113768.718097
1787113768.734727
1787113768.751446
1787113768.768329
1787113768.785585
1787113768.802539
1787113768.819211
1787113768.836428
1787113768.853545
1787113768.870494
1787113768.887053
1787113768.903856
1787113768.920882
1787113768.937777
1787113768.954737
1787113768.971353
1787113768.987790
1787113769.004479
1787113769.021168
1787113769.038070
1787113769.054776
1787113769.071399
1787113769.088155
1787113769.104957
1787113769.122194
1787113769.139108
1787113769.155590
1787113769.171967
1787113769.188830
1787113769.205048
1787113769.221794
1787113769.238661
1787113769.254961
1787113769.271937
1787113769.288245
1787113769.304810
1787113769.321474
1787113769.338290
1787113769.354891
1787113769.371301
1787113769.388036
1787113769.404667
1787113769.421117
1787113769.438037
1787113769.454666
1787113769.471007
1787113769.487596
1787113769.504141
1787113769.520841
1787113769.537395
1787113769.554059
1787113769.570916
1787113769.587659
1787113769.604666
1787113769.621548
1787113769.638386
1787113769.655440
1787113769.672376
1787113769.688866
1787113769.705359
1787113769.721792
1787113769.738626
1787113769.755139
1787113769.771905
1787113769.788279
1787113769.804456
1787113769.820612
1787113769.837264
1787113769.853552
1787113769.870177
1787113769.886436
1787113769.903007
1787113769.919497
1787113769.935702
1787113769.952153
1787113769.968416
1787113769.984969
1787113770.001384
1787113770.018222
1787113770.034781
1787113770.051329
1787113770.067736
1787113770.084229
1787113770.100268
1787113770.116520
1787113770.133060
1787113770.149863
1787113770.166457
1787113770.182708
1787113770.199259
1787113770.215489
1787113770.232177
1787113770.248391
1787113770.265802
1787113770.283036
1787113770.300469
1787113770.317718
1787113770.336672
1787113770.354301
1787113770.371425
1787113770.388257
1787113770.404802
1787113770.421125
1787113770.438436
1787113770.454588
1787113770.471630
1787113770.488579
1787113770.505599
1787113770.521962
1787113770.538635
1787113770.555217
1787113770.571437
1787113770.588359
1787113770.605211
1787113770.621686
1787113770.638476
1787113770.654776
1787113770.671242
1787113770.688350
1787113770.704678
1787113770.721213
1787113770.737658
1787113770.754335
1787113770.771518
1787113770.788165
1787113770.804524
1787113770.821281
1787113770.838035
1787113770.854866
1787113770.871512
1787113770.888269
1787113770.904553
1787113770.921369
1787113770.938061
1787113770.954806
1787113770.971429
1787113770.988150
1787113771.004904
1787113771.022137
1787113771.038517
1787113771.055140
1787113771.071715
1787113771.087981
1787113771.105068
1787113771.121487
1787113771.137815
1787113771.154892
1787113771.171176
1787113771.187905
1787113771.204110
1787113771.220520
1787113771.237213
1787113771.253663
1787113771.270533
1787113771.287367
1787113771.303861
1787113771.321088
1787113771.337702
1787113771.354420
1787113771.370616
1787113771.387260
1787113771.404110
1787113771.420821
1787113771.437231
1787113771.453666
1787113771.470722
1787113771.487115
1787113771.503545
1787113771.520668
1787113771.537263
1787113771.553535
1787113771.569869
1787113771.586624
1787113771.603378
1787113771.619994
1787113771.636199
1787113771.652591
1787113771.669596
1787113771.686107
1787113771.702735
1787113771.719481
1787113771.736377
1787113771.752856
1787113771.770084
1787113771.787011
1787113771.803432
1787113771.820293
1787113771.836863
1787113771.854242
1787113771.870838
1787113771.887527
1787113771.904302
1787113771.921079
1787113771.938216
1787113771.955126
1787113771.971571
1787113771.988575
1787113772.005171
1787113772.021482
1787113772.038422
1787113772.055293
1787113772.072669
1787113772.089175
1787113772.106035
1787113772.122739
