1787113717.949744
1787113717.955826
1787113717.961929
1787113717.968608
1787113717.975429
1787113717.982246
1787113717.988785
1787113717.995899
1787113718.002425
1787113718.009034
1787113718.015818
1787113718.022896
1787113718.029403
1787113718.036050
1787113718.042654
1787113718.049561
1787113718.056294
1787113718.063087
1787113718.069871
1787113718.076434
1787113718.083086
1787113718.089769
1787113718.096284
1787113718.103083
1787113718.109706
1787113718.116791
1787113718.123441
1787113718.130151
1787113718.136845
1787113718.143747
1787113718.150363
1787113718.157123
1787113718.163722
1787113718.170558
1787113718.177442
1787113718.184170
1787113718.191006
1787113718.197673
1787113718.204291
1787113718.210959
1787113718.217769
1787113718.224908
1787113718.231599
1787113718.238446
1787113718.245141
1787113718.251850
1787113718.258524
1787113718.265300
1787113718.271905
1787113718.278596
1787113718.285323
1787113718.291929
1787113718.298655
1787113718.305438
1787113718.312210
1787113718.318899
1787113718.325706
1787113718.332431
1787113718.339134
1787113718.345946
1787113718.352628
1787113718.359683
1787113718.366409
1787113718.373109
1787113718.379812
1787113718.386677
1787113718.393366
1787113718.400038
1787113718.406774
1787113718.413900
1787113718.420645
1787113718.427423
1787113718.434097
1787113718.440928
1787113718.447613
1787113718.454336
1787113718.461037
1787113718.468035
1787113718.474770
1787113718.481993
1787113718.488759
1787113718.495631
1787113718.502451
1787113718.509258
1787113718.515962
1787113718.523062
1787113718.529871
1787113718.536581
1787113718.543362
1787113718.550055
1787113718.556949
1787113718.563687
1787113718.570318
1787113718.577264
1787113718.584018
1787113718.590809
1787113718.597486
1787113718.604261
1787113718.611048
1787113718.618066
1787113718.625041
1787113718.631798
1787113718.638605
1787113718.645314
1787113718.652090
1787113718.658936
1787113718.665653
1787113718.672344
1787113718.679254
1787113718.686188
1787113718.692858
1787113718.699698
1787113718.706426
1787113718.713154
1787113718.719933
1787113718.726790
1787113718.733486
1787113718.740236
1787113718.746970
1787113718.753706
1787113718.760612
1787113718.767497
1787113718.774293
1787113718.781036
1787113718.787753
1787113718.795097
1787113718.801788
1787113718.809270
1787113718.816193
1787113718.822974
1787113718.829752
1787113718.836712
1787113718.843393
1787113718.850094
1787113718.856847
1787113718.863698
1787113718.870477
1787113718.877342
1787113718.884203
1787113718.891279
1787113718.897960
1787113718.904764
1787113718.911506
1787113718.918257
1787113718.925131
1787113718.931828
1787113718.938595
1787113718.945276
1787113718.951973
1787113718.958735
1787113718.965501
1787113718.972331
1787113718.979170
1787113718.986028
1787113718.992879
1787113718.999807
1787113719.006541
1787113719.013405
1787113719.020377
1787113719.027274
1787113719.033968
1787113719.040765
1787113719.047466
1787113719.054239
1787113719.061055
1787113719.067804
1787113719.074588
1787113719.081327
1787113719.088037
1787113719.094917
1787113719.101844
1787113719.108555
1787113719.115205
1787113719.122045
1787113719.128921
1787113719.135813
1787113719.142451
1787113719.149049
1787113719.155776
1787113719.162943
1787113719.169733
1787113719.176455
1787113719.183214
1787113719.190061
1787113719.196847
1787113719.204002
1787113719.211008
1787113719.217884
1787113719.224791
1787113719.231489
1787113719.238223
1787113719.244991
1787113719.251662
1787113719.258409
1787113719.265076
1787113719.271734
1787113719.278531
1787113719.285272
1787113719.292092
1787113719.298938
1787113719.305706
1787113719.312528
1787113719.319148
1787113719.325899
1787113719.332636
1787113719.339613
1787113719.346344
1787113719.353196
1787113719.360064
1787113719.366937
1787113719.373755
1787113719.380547
1787113719.387372
1787113719.394249
1787113719.400991
1787113719.407703
1787113719.414482
1787113719.421264
1787113719.427942
1787113719.434724
1787113719.441402
1787113719.448246
1787113719.455147
1787113719.462113
1787113719.468866
1787113719.475697
1787113719.482412
1787113719.489155
1787113719.495985
1787113719.502838
1787113719.509420
1787113719.516238
1787113719.523111
1787113719.529885
1787113719.536810
1787113719.543468
1787113719.550179
1787113719.557032
1787113719.563749
1787113719.570546
1787113719.577294
1787113719.584297
1787113719.591011
1787113719.597902
1787113719.604664
1787113719.611565
1787113719.618780
1787113719.625688
1787113719.632417
1787113719.639125
1787113719.646071
1787113719.654557
1787113719.661476
1787113719.668219
1787113719.674985
1787113719.681844
1787113719.688802
1787113719.695590
1787113719.702410
1787113719.709239
1787113719.716010
1787113719.722786
1787113719.729604
1787113719.736434
1787113719.743180
1787113719.749906
1787113719.756638
1787113719.763500
1787113719.770413
1787113719.777269
1787113719.784146
1787113719.791015
1787113719.797791
1787113719.805082
1787113719.811849
1787113719.818884
1787113719.825809
1787113719.832619
1787113719.839313
1787113719.846113
1787113719.852785
1787113719.859676
1787113719.866490
1787113719.873414
1787113719.880366
1787113719.887088
1787113719.893898
1787113719.900918
1787113719.907937
1787113719.914907
1787113719.921679
1787113719.928561
1787113719.935462
1787113719.942272
1787113719.949020
1787113719.955869
1787113719.962702
1787113719.969505
1787113719.976319
1787113719.983282
1787113719.990133
1787113719.997033
1787113720.003693
1787113720.010790
1787113720.017646
1787113720.024447
1787113720.031594
1787113720.038787
1787113720.045838
1787113720.053080
1787113720.060495
1787113720.067719
1787113720.074949
1787113720.081712
1787113720.088798
1787113720.095739
1787113720.102588
1787113720.109308
1787113720.116141
1787113720.122964
1787113720.129914
1787113720.136750
1787113720.143617
1787113720.150510
1787113720.157442
1787113720.164371
1787113720.171306
1787113720.178303
1787113720.185083
1787113720.191984
1787113720.198986
1787113720.205872
1787113720.212739
1787113720.219781
1787113720.226654
1787113720.233654
1787113720.240513
1787113720.247524
1787113720.254467
1787113720.261475
1787113720.268327
1787113720.275313
1787113720.282076
1787113720.288954
1787113720.295875
1787113720.302758
1787113720.309548
1787113720.316499
1787113720.323319
1787113720.330258
1787113720.337135
1787113720.344144
1787113720.351140
1787113720.358093
1787113720.365097
1787113720.372244
1787113720.379329
1787113720.386441
1787113720.393356
1787113720.400514
1787113720.407488
1787113720.414756
1787113720.421999
1787113720.428996
1787113720.436488
1787113720.444034
1787113720.451106
1787113720.458151
1787113720.465301
1787113720.472254
1787113720.479395
1787113720.486353
1787113720.493412
1787113720.500385
1787113720.507372
1787113720.514600
1787113720.521710
1787113720.528688
1787113720.535913
1787113720.542958
1787113720.549762
1787113720.556861
1787113720.563855
1787113720.570905
1787113720.578129
1787113720.585229
1787113720.592340
1787113720.599334
1787113720.606462
1787113720.613510
1787113720.620566
1787113720.627505
1787113720.634789
1787113720.641793
1787113720.648719
1787113720.655614
1787113720.662528
1787113720.669602
1787113720.676587
1787113720.683684
1787113720.690522
1787113720.697724
1787113720.704947
1787113720.711980
1787113720.719178
1787113720.726368
1787113720.733576
1787113720.741044
1787113720.748307
1787113720.755242
1787113720.762121
1787113720.769100
1787113720.776199
1787113720.783265
1787113720.790077
1787113720.797099
1787113720.804079
1787113720.811010
1787113720.817970
1787113720.825010
1787113720.832127
1787113720.839151
1787113720.846113
1787113720.853130
1787113720.860334
1787113720.867237
1787113720.874301
1787113720.881393
1787113720.888599
1787113720.895738
1787113720.902975
1787113720.910228
1787113720.917368
1787113720.924575
1787113720.931697
1787113720.938965
1787113720.946017
1787113720.953131
1787113720.960218
1787113720.967407
1787113720.974545
1787113720.981775
1787113720.988786
1787113720.995974
1787113721.002973
1787113721.010114
1787113721.017218
1787113721.024434
1787113721.031506
1787113721.038663
1787113721.045885
1787113721.052940
1787113721.060108
1787113721.067163
1787113721.074165
1787113721.081289
1787113721.088285
1787113721.095297
1787113721.102455
1787113721.109524
1787113721.116537
1787113721.123574
1787113721.130499
1787113721.137638
1787113721.144611
1787113721.151596
1787113721.158814
1787113721.165985
1787113721.172907
1787113721.180032
1787113721.187231
1787113721.194283
1787113721.201241
1787113721.208303
1787113721.215373
1787113721.222515
1787113721.229436
1787113721.236467
1787113721.243376
1787113721.250469
1787113721.257525
1787113721.264587
1787113721.271563
1787113721.278565
1787113721.285512
1787113721.292413
1787113721.299358
1787113721.306452
1787113721.313538
1787113721.320540
1787113721.327499
1787113721.334607
1787113721.341447
1787113721.348493
1787113721.355539
1787113721.362584
1787113721.369687
1787113721.376709
1787113721.383747
1787113721.390759
1787113721.397769
1787113721.404774
1787113721.411708
1787113721.419042
1787113721.426024
1787113721.433094
1787113721.440209
1787113721.447410
1787113721.454439
1787113721.461484
1787113721.468360
1787113721.475457
1787113721.482373
1787113721.489517
1787113721.496643
1787113721.503578
1787113721.510477
1787113721.517786
1787113721.524909
1787113721.532272
1787113721.539455
1787113721.546623
1787113721.553675
1787113721.560820
1787113721.567876
1787113721.574984
1787113721.582135
1787113721.589320
1787113721.596355
1787113721.603496
1787113721.610454
1787113721.617722
1787113721.624918
1787113721.631919
1787113721.638939
1787113721.646116
1787113721.653193
1787113721.660391
1787113721.667371
1787113721.674496
1787113721.681493
1787113721.688800
1787113721.696187
1787113721.703293
1787113721.710542
1787113721.717622
1787113721.724768
1787113721.731964
1787113721.739070
1787113721.746143
1787113721.753130
1787113721.760430
1787113721.767652
1787113721.774751
1787113721.781733
1787113721.788865
1787113721.795827
1787113721.802860
1787113721.809898
1787113721.817227
1787113721.824481
1787113721.831429
1787113721.841008
1787113721.852975
1787113721.864250
1787113721.872209
1787113721.881218
1787113721.888412
1787113721.895533
1787113721.902712
1787113721.909759
1787113721.916982
1787113721.924295
1787113721.931264
1787113721.938468
1787113721.945679
1787113721.952854
1787113721.959931
1787113721.967092
1787113721.974221
1787113721.981477
1787113721.988587
1787113721.995745
1787113722.002853
1787113722.010121
1787113722.017315
1787113722.024397
1787113722.031484
1787113722.038618
1787113722.045759
1787113722.052828
1787113722.060324
1787113722.067410
1787113722.074659
1787113722.081730
1787113722.088771
1787113722.095836
1787113722.102967
1787113722.110137
1787113722.117418
1787113722.124658
