1787120122.323137
1787120122.802103
1787120123.274302
1787120123.741007
1787120124.209097
1787120124.692497
1787120125.157585
1787120125.627049
1787120126.082889
1787120126.542450
1787120127.082693
1787120127.664645
1787120128.133211
1787120128.596273
1787120129.066367
1787120129.536730
1787120130.105664
1787120130.600592
1787120131.190263
1787120131.698191
1787120132.274130
1787120132.780806
1787120133.310704
1787120133.877203
1787120134.474816
1787120135.018838
1787120135.628741
1787120136.244195
1787120136.776316
1787120137.372923
1787120138.005861
1787120138.634044
1787120139.245426
1787120139.808143
1787120140.360277
1787120140.955823
1787120141.497269
1787120142.069190
1787120142.630806
1787120143.199617
1787120143.844810
1787120144.586557
1787120145.166988
1787120145.748518
1787120146.302865
1787120146.901024
1787120147.522878
1787120148.105765
1787120148.681466
1787120149.282049
1787120149.964409
1787120150.664279
1787120151.262954
1787120151.844206
1787120152.433564
1787120153.020988
1787120153.603498
1787120154.208837
1787120154.828359
1787120155.433591
1787120156.123909
1787120156.822582
1787120157.470906
1787120158.072311
1787120158.685379
1787120159.293582
1787120159.896847
1787120160.484787
1787120161.071028
1787120161.676548
1787120162.444925
1787120163.182989
1787120163.793187
1787120164.398493
1787120164.998585
1787120165.606376
1787120166.212221
1787120166.805564
1787120167.408736
1787120168.021058
1787120168.836192
1787120169.598719
1787120170.228108
1787120170.836136
1787120171.450333
1787120172.088991
1787120172.717180
1787120173.355895
1787120174.017757
1787120174.691035
1787120175.456558
1787120176.205881
1787120176.834138
1787120177.438246
1787120178.055540
1787120178.677801
1787120179.294055
1787120179.915333
1787120180.530076
1787120181.139099
1787120181.922662
1787120182.819671
1787120183.496569
1787120184.119212
1787120184.729048
1787120185.340748
1787120185.940871
1787120186.542777
1787120187.143846
1787120187.755339
1787120188.475309
1787120189.180596
1787120189.788021
1787120190.370622
1787120190.951376
1787120191.551312
1787120192.137077
1787120192.714380
1787120193.294237
1787120193.881321
1787120194.577943
1787120195.258494
1787120195.863985
1787120196.447183
1787120197.044033
1787120197.630030
1787120198.211966
1787120198.797657
1787120199.378519
1787120199.946024
1787120200.640688
1787120201.315649
1787120201.903193
1787120202.502707
1787120203.094378
1787120203.671738
1787120204.243842
1787120204.833695
1787120205.405752
1787120205.983745
1787120206.679010
1787120207.330342
1787120207.923058
1787120208.488105
1787120209.043763
1787120209.617062
1787120210.197923
1787120210.775722
1787120211.344451
1787120211.922690
1787120212.600194
1787120213.256023
1787120213.850118
1787120214.428675
1787120214.992290
1787120215.542766
1787120216.118114
1787120216.694678
1787120217.272607
1787120217.827672
1787120218.490892
1787120219.133188
1787120219.708730
1787120220.294541
1787120220.868850
1787120221.437801
1787120222.018761
1787120222.572708
1787120223.160793
1787120223.735759
1787120224.409957
1787120225.070073
1787120225.666362
1787120226.246672
1787120226.841561
1787120227.408464
1787120228.002747
1787120228.590058
1787120229.159664
1787120229.726423
1787120230.391230
1787120231.058686
1787120231.662925
1787120232.230552
1787120232.803513
1787120233.371169
1787120233.942867
1787120234.514596
1787120235.088422
1787120235.662887
1787120236.326174
1787120236.965801
1787120237.550462
1787120238.121819
1787120238.673782
1787120239.253464
1787120239.817901
1787120240.379035
1787120240.947749
1787120241.496037
1787120242.152671
1787120242.780063
1787120243.349861
1787120243.918447
1787120244.484752
1787120245.053181
1787120245.612103
1787120246.184752
1787120246.755164
1787120247.322140
1787120248.017663
1787120248.662754
1787120249.260398
1787120249.825930
1787120250.388067
1787120250.959696
1787120251.522285
1787120252.104601
1787120252.663020
1787120253.229167
1787120253.900007
1787120254.543494
1787120255.128009
1787120255.704901
1787120256.269753
1787120256.863627
1787120257.449130
1787120258.027718
1787120258.601501
1787120259.179863
1787120259.841908
1787120260.484946
1787120261.061473
1787120261.652640
1787120262.218597
1787120262.783086
1787120263.336949
1787120263.903735
1787120264.472116
1787120265.021612
1787120265.668159
1787120266.306177
1787120266.890738
1787120267.459191
1787120268.034776
1787120268.597380
1787120269.172362
1787120269.746309
1787120270.321997
1787120270.890182
1787120271.539144
1787120272.174917
1787120272.746248
1787120273.310627
1787120273.897382
1787120274.478022
1787120275.058808
1787120275.607551
1787120276.190314
1787120276.769292
1787120277.423804
1787120278.060292
1787120278.612571
1787120279.164138
1787120279.716768
1787120280.269948
1787120280.828169
1787120281.381457
1787120281.933331
1787120282.494879
1787120283.144094
1787120283.779039
1787120284.360479
1787120284.911751
1787120285.465175
1787120286.009082
1787120286.559683
1787120287.099998
1787120287.648242
1787120288.208892
1787120288.838511
1787120289.447049
1787120290.005212
1787120290.578186
1787120291.158610
1787120291.740025
1787120292.349606
1787120292.952928
1787120293.525427
1787120294.118213
1787120294.785110
1787120295.401757
1787120295.973885
1787120296.533224
1787120297.083508
1787120297.642328
1787120298.189748
1787120298.733715
1787120299.290529
1787120299.843964
1787120300.479243
1787120301.084108
1787120301.650665
1787120302.204000
1787120302.747513
1787120303.304154
1787120303.860379
1787120304.427121
1787120304.988963
1787120305.552892
1787120306.203468
1787120306.820720
1787120307.399294
1787120307.960911
1787120308.511537
1787120309.072578
1787120309.626788
1787120310.172283
1787120310.724653
1787120311.259770
1787120311.887541
1787120312.497523
1787120313.051197
1787120313.598264
1787120314.144051
1787120314.687402
1787120315.227034
1787120315.764952
1787120316.306314
1787120316.840728
1787120317.479026
1787120318.094898
1787120318.662358
1787120319.216600
1787120319.773267
1787120320.348973
1787120320.901114
1787120321.439730
1787120321.970291
1787120322.509518
1787120323.134350
1787120323.737850
1787120324.279587
1787120324.824847
1787120325.353662
1787120325.899797
1787120326.454264
1787120327.011989
1787120327.556002
1787120328.100654
1787120328.731312
1787120329.345256
1787120329.895024
1787120330.436688
1787120330.982699
1787120331.514429
1787120332.045278
1787120332.598968
1787120333.133885
1787120333.661842
1787120334.276503
1787120334.903043
1787120335.470108
1787120336.021964
1787120336.577997
1787120337.126698
1787120337.671221
1787120338.208904
1787120338.745554
1787120339.277744
1787120339.892512
1787120340.492173
1787120341.042495
1787120341.584299
1787120342.131705
1787120342.668831
1787120343.207409
1787120343.752414
1787120344.284447
1787120344.836216
1787120345.445902
1787120346.058158
1787120346.606556
1787120347.146853
1787120347.679971
1787120348.216791
1787120348.768058
1787120349.304103
1787120349.826165
1787120350.361987
1787120350.974344
1787120351.571677
1787120352.122747
1787120352.647045
1787120353.204184
1787120353.742867
1787120354.271323
1787120354.808082
1787120355.346098
1787120355.885826
1787120356.495370
1787120357.087743
1787120357.627060
1787120358.170437
1787120358.714185
1787120359.246768
1787120359.785733
1787120360.318063
1787120360.853541
1787120361.382313
1787120361.989788
1787120362.590462
1787120363.150486
1787120363.689570
1787120364.223091
1787120364.758520
1787120365.290379
1787120365.824312
1787120366.371622
1787120366.896960
1787120367.508543
1787120368.105004
1787120368.649416
1787120369.192972
1787120369.718880
1787120370.256793
1787120370.796394
1787120371.344340
1787120371.890960
1787120372.443772
1787120373.055170
1787120373.652619
1787120374.197812
1787120374.740053
1787120375.274756
1787120375.807689
1787120376.336142
1787120376.881831
1787120377.403137
1787120377.949134
1787120378.567625
1787120379.188752
1787120379.739968
1787120380.285870
1787120380.841981
1787120381.383498
1787120381.916404
1787120382.450304
1787120383.014652
1787120383.574769
1787120384.199664
1787120384.784575
1787120385.346609
1787120385.896576
1787120386.457754
1787120387.014488
1787120387.549439
1787120388.103395
1787120388.672875
1787120389.228113
1787120389.855195
1787120390.467912
1787120391.025934
1787120391.581837
1787120392.143358
1787120392.686928
1787120393.239562
1787120393.781682
1787120394.326868
1787120394.890098
1787120395.518989
1787120396.125328
1787120396.687500
1787120397.233982
1787120397.797218
1787120398.334943
1787120398.889779
1787120399.446257
1787120400.008817
1787120400.561396
1787120401.193302
1787120401.803138
1787120402.371814
1787120402.928416
1787120403.477063
1787120404.026218
1787120404.562618
1787120405.094168
1787120405.649281
1787120406.223079
1787120406.854372
1787120407.462044
1787120408.019150
1787120408.560426
1787120409.114480
1787120409.664107
1787120410.231923
1787120410.794698
1787120411.354814
1787120411.904022
1787120412.546059
1787120413.161496
1787120413.732043
1787120414.306017
1787120414.870557
1787120415.490139
1787120416.088275
1787120416.655006
1787120417.241792
1787120417.809084
1787120418.442876
1787120419.059946
1787120419.627117
1787120420.197309
1787120420.764822
1787120421.305149
1787120421.861189
1787120422.410130
1787120422.988276
1787120423.556550
1787120424.190317
1787120424.821505
1787120425.385844
1787120425.930894
1787120426.484987
1787120427.055047
1787120427.613325
1787120428.167491
1787120428.728328
1787120429.274107
1787120429.891624
1787120430.505571
1787120431.059472
1787120431.601981
1787120432.142429
1787120432.680967
1787120433.217705
1787120433.750315
1787120434.294618
1787120434.823913
1787120435.446729
1787120436.046064
1787120436.594691
1787120437.128778
1787120437.665168
1787120438.198469
1787120438.721009
1787120439.267612
1787120439.811524
1787120440.348709
1787120440.967203
1787120441.555124
1787120442.088961
1787120442.620889
1787120443.160244
1787120443.694684
1787120444.233429
1787120444.763394
1787120445.283873
1787120445.816535
1787120446.408160
1787120447.012143
1787120447.546808
1787120448.108938
1787120448.643714
1787120449.175063
1787120449.715563
1787120450.245258
1787120450.788728
1787120451.333166
1787120451.943903
1787120452.545953
1787120453.091168
1787120453.631301
1787120454.171056
1787120454.713157
1787120455.250989
1787120455.794010
1787120456.332565
1787120456.876363
1787120457.493975
1787120458.074442
1787120458.624709
1787120459.154484
1787120459.695091
1787120460.237204
1787120460.772883
1787120461.311005
1787120461.852646
1787120462.387180
1787120463.002907
1787120463.593592
1787120464.151190
1787120464.692594
1787120465.221177
1787120465.766920
1787120466.295874
1787120466.843985
1787120467.361469
1787120467.892408
1787120468.499778
