0
1
0.0333333
1
0.0666667
1
0.1
1
0.133333
1
0.166667
1
0.2
1
0.233333
1
0.266667
1
0.3
1
0.333333
1
0.366667
1
0.4
1
0.433333
1
0.466667
1
0.5
1
0.533333
1
0.566667
1
0.6
1
0.633333
1
0.666667
1
0.7
1
0.733333
1
0.766667
1
0.8
1
0.833333
1
0.866667
1
0.9
1
0.933333
1
0.966667
1
1
1
1.03333
1
1.06667
1
1.1
1
1.13333
1
1.16667
1
1.2
1
1.23333
1
1.26667
1
1.3
1
1.33333
1
1.36667
1
1.4
1
1.43333
1
1.46667
1
1.5
1
1.53333
1
1.56667
1
1.6
1
1.63333
1
1.66667
1
1.7
1
1.73333
1
1.76667
1
1.8
1
1.83333
1
1.86667
1
1.9
1
1.93333
1
1.96667
1
2
1
2.03333
1
2.06667
1
2.1
1
2.13333
1
2.16667
1
2.2
1
2.23333
1
2.26667
1
2.3
1
2.33333
1
2.36667
1
2.4
1
2.43333
1
2.46667
1
2.5
1
2.53333
1
2.56667
1
2.6
1
2.63333
1
2.66667
1
2.7
1
2.73333
1
2.76667
1
2.8
1
2.83333
1
2.86667
1
2.9
1
2.93333
1
2.96667
1
3
1
3.03333
1
3.06667
1
3.1
1
3.13333
1
3.16667
1
3.2
1
3.23333
1
3.26667
1
3.3
1
3.33333
1
3.36667
1
3.4
1
3.43333
1
3.46667
1
3.5
1
3.53333
1
3.56667
1
3.6
1
3.63333
1
3.66667
1
3.7
1
3.73333
1
3.76667
1
3.8
1
3.83333
1
3.86667
1
3.9
1
3.93333
1
3.96667
1
4
1
4.03333
1
4.06667
1
4.1
1
4.13333
1
4.16667
1
4.2
1
4.23333
1
4.26667
1
4.3
1
4.33333
1
4.36667
1
4.4
1
4.43333
1
4.46667
1
4.5
1
4.53333
1
4.56667
1
4.6
1
4.63333
1
4.66667
1
4.7
1
4.73333
1
4.76667
1
4.8
1
4.83333
1
4.86667
1
4.9
2
4.93333
2
4.96667
3
5
5
5.03333
5
5.06667
6
5.1
6
5.13333
6
5.16667
6
5.2
6
5.23333
6
5.26667
6
5.3
6
5.33333
6
5.36667
6
5.4
6
5.43333
6
5.46667
6
5.5
6
5.53333
6
5.56667
6
5.6
7
5.63333
7
5.66667
9
5.7
9
5.73333
9
5.76667
9
5.8
9
5.83333
10
5.86667
10
5.9
11
5.93333
12
5.96667
13
6
14
6.03333
15
6.06667
17
6.1
20
6.13333
23
6.16667
25
6.2
28
6.23333
32
6.26667
32
6.3
33
6.33333
35
6.36667
37
6.4
38
6.43333
38
6.46667
39
6.5
43
6.53333
47
6.56667
47
6.6
49
6.63333
50
6.66667
53
6.7
53
6.73333
56
6.76667
56
6.8
57
6.83333
57
6.86667
59
6.9
63
6.93333
64
6.96667
67
7
67
7.03333
67
7.06667
69
7.1
69
7.13333
70
7.16667
73
7.2
77
7.23333
80
7.26667
81
7.3
81
7.33333
82
7.36667
82
7.4
83
7.43333
87
7.46667
89
7.5
91
7.53333
93
7.56667
95
7.6
95
7.63333
98
7.66667
100
7.7
103
7.73333
104
7.76667
104
7.8
106
7.83333
107
7.86667
108
7.9
108
7.93333
108
7.96667
109
8
111
8.03333
111
8.06667
113
8.1
113
8.13333
114
8.16667
114
8.2
114
8.23333
119
8.26667
119
8.3
119
8.33333
121
8.36667
121
8.4
121
8.43333
123
8.46667
123
8.5
124
8.53333
124
8.56667
124
8.6
126
8.63333
127
8.66667
130
8.7
130
8.73333
131
8.76667
131
8.8
132
8.83333
133
8.86667
133
8.9
133
8.93333
134
8.96667
139
9
140
9.03333
141
9.06667
141
9.1
141
9.13333
142
9.16667
143
9.2
145
9.23333
145
9.26667
145
9.3
147
9.33333
147
9.36667
149
9.4
149
9.43333
149
9.46667
150
9.5
153
9.53333
154
9.56667
154
9.6
156
9.63333
156
9.66667
157
9.7
158
9.73333
159
9.76667
161
9.8
162
9.83333
164
9.86667
165
9.9
165
9.93333
166
9.96667
167
10
167
10.0333
167
10.0667
168
10.1
170
10.1333
171
10.1667
173
10.2
173
10.2333
174
10.2667
176
10.3
177
10.3333
178
10.3667
182
10.4
183
10.4333
183
10.4667
183
10.5
183
10.5333
184
10.5667
186
10.6
188
10.6333
191
10.6667
192
10.7
193
10.7333
193
10.7667
193
10.8
193
10.8333
194
10.8667
194
10.9
196
10.9333
198
10.9667
198
11
200
11.0333
200
11.0667
202
11.1
202
11.1333
202
11.1667
202
11.2
203
11.2333
203
11.2667
205
11.3
206
11.3333
208
11.3667
208
11.4
208
11.4333
208
11.4667
208
11.5
209
11.5333
209
11.5667
209
11.6
210
11.6333
212
11.6667
213
11.7
213
11.7333
214
11.7667
215
11.8
215
11.8333
215
11.8667
215
11.9
215
11.9333
215
11.9667
217
12
220
12.0333
221
12.0667
221
12.1
223
12.1333
225
12.1667
226
12.2
226
12.2333
228
12.2667
228
12.3
229
12.3333
230
12.3667
230
12.4
230
12.4333
231
12.4667
232
12.5
233
12.5333
233
12.5667
233
12.6
233
12.6333
234
12.6667
235
12.7
236
12.7333
236
12.7667
236
12.8
239
12.8333
240
12.8667
240
12.9
242
12.9333
245
12.9667
245
13
245
13.0333
246
13.0667
246
13.1
246
13.1333
246
13.1667
248
13.2
249
13.2333
250
13.2667
250
13.3
250
13.3333
250
13.3667
251
13.4
252
13.4333
253
13.4667
254
13.5
254
13.5333
256
13.5667
258
13.6
258
13.6333
258
13.6667
261
13.7
261
13.7333
263
13.7667
263
13.8
264
13.8333
265
13.8667
265
13.9
265
13.9333
265
13.9667
266
14
266
14.0333
267
14.0667
267
14.1
267
14.1333
267
14.1667
268
14.2
268
14.2333
269
14.2667
269
14.3
269
14.3333
270
14.3667
270
14.4
270
14.4333
270
14.4667
271
14.5
271
14.5333
271
14.5667
271
14.6
271
14.6333
272
14.6667
274
14.7
274
14.7333
274
14.7667
275
14.8
275
14.8333
275
14.8667
276
14.9
277
14.9333
277
14.9667
277
15
277
15.0333
277
15.0667
277
15.1
278
15.1333
278
15.1667
278
15.2
278
15.2333
278
15.2667
278
15.3
280
15.3333
280
15.3667
282
15.4
282
15.4333
282
15.4667
282
15.5
283
15.5333
283
15.5667
284
15.6
284
15.6333
284
15.6667
284
15.7
284
15.7333
284
15.7667
284
15.8
284
15.8333
286
15.8667
287
15.9
289
15.9333
290
15.9667
290
16
290
16.0333
290
16.0667
291
16.1
291
16.1333
291
16.1667
291
16.2
291
16.2333
292
16.2667
292
16.3
293
16.3333
293
16.3667
293
16.4
293
16.4333
294
16.4667
295
16.5
295
16.5333
295
16.5667
296
16.6
297
16.6333
298
16.6667
298
16.7
298
16.7333
298
16.7667
298
16.8
298
16.8333
298
16.8667
299
16.9
300
16.9333
300
16.9667
300
17
300
17.0333
300
17.0667
300
17.1
300
17.1333
300
17.1667
301
17.2
301
17.2333
301
17.2667
301
17.3
301
17.3333
302
17.3667
302
17.4
303
17.4333
304
17.4667
304
17.5
304
17.5333
305
17.5667
306
17.6
306
17.6333
306
17.6667
306
17.7
306
17.7333
306
17.7667
307
17.8
307
17.8333
307
17.8667
307
17.9
307
17.9333
308
17.9667
308
18
309
18.0333
309
18.0667
309
18.1
309
18.1333
309
18.1667
310
18.2
313
18.2333
313
18.2667
314
18.3
315
18.3333
316
18.3667
316
18.4
316
18.4333
316
18.4667
316
18.5
316
18.5333
316
18.5667
317
18.6
318
18.6333
318
18.6667
318
18.7
319
18.7333
320
18.7667
321
18.8
321
18.8333
321
18.8667
323
18.9
324
18.9333
325
18.9667
326
19
329
19.0333
329
19.0667
332
19.1
333
19.1333
333
19.1667
336
19.2
336
19.2333
336
19.2667
336
19.3
340
19.3333
341
19.3667
341
19.4
342
19.4333
342
19.4667
343
19.5
343
19.5333
345
19.5667
348
19.6
348
19.6333
349
19.6667
349
19.7
349
19.7333
349
19.7667
350
19.8
351
19.8333
352
19.8667
352
19.9
353
19.9333
355
19.9667
356
20
356
