0
1
0.0333333
1
0.0666667
1
0.1
1
0.133333
1
0.166667
1
0.2
1
0.233333
1
0.266667
1
0.3
1
0.333333
1
0.366667
1
0.4
1
0.433333
1
0.466667
1
0.5
1
0.533333
1
0.566667
1
0.6
1
0.633333
1
0.666667
1
0.7
1
0.733333
1
0.766667
1
0.8
1
0.833333
1
0.866667
1
0.9
1
0.933333
1
0.966667
1
1
1
1.03333
1
1.06667
1
1.1
1
1.13333
1
1.16667
1
1.2
1
1.23333
1
1.26667
1
1.3
1
1.33333
1
1.36667
1
1.4
1
1.43333
1
1.46667
1
1.5
1
1.53333
1
1.56667
1
1.6
1
1.63333
1
1.66667
1
1.7
1
1.73333
1
1.76667
1
1.8
1
1.83333
1
1.86667
1
1.9
1
1.93333
1
1.96667
1
2
1
2.03333
1
2.06667
1
2.1
1
2.13333
1
2.16667
1
2.2
1
2.23333
1
2.26667
1
2.3
1
2.33333
1
2.36667
1
2.4
1
2.43333
1
2.46667
1
2.5
1
2.53333
1
2.56667
1
2.6
1
2.63333
1
2.66667
1
2.7
1
2.73333
1
2.76667
1
2.8
1
2.83333
1
2.86667
1
2.9
1
2.93333
1
2.96667
1
3
1
3.03333
1
3.06667
1
3.1
1
3.13333
1
3.16667
1
3.2
1
3.23333
1
3.26667
1
3.3
1
3.33333
1
3.36667
11755
3.4
13098
3.43333
14152
3.46667
15225
3.5
16254
3.53333
17325
3.56667
18397
3.6
19363
3.63333
20286
3.66667
21082
3.7
21836
3.73333
22574
3.76667
23257
3.8
23856
3.83333
24481
3.86667
25095
3.9
25657
3.93333
26223
3.96667
26757
4
27237
4.03333
27769
4.06667
28283
4.1
28734
4.13333
29202
4.16667
29635
4.2
30050
4.23333
30455
4.26667
30866
4.3
31205
4.33333
31586
4.36667
31955
4.4
32306
4.43333
32653
4.46667
32980
4.5
33329
4.53333
33615
4.56667
33953
4.6
34260
4.63333
34556
4.66667
34864
4.7
35190
4.73333
35488
4.76667
35764
4.8
36069
4.83333
36352
4.86667
36631
4.9
36906
4.93333
37142
4.96667
37349
5
37582
5.03333
37793
5.06667
38014
5.1
38201
5.13333
38409
5.16667
38603
5.2
38780
5.23333
38972
5.26667
39128
5.3
39285
5.33333
39432
5.36667
39596
5.4
39739
5.43333
39879
5.46667
40009
5.5
40128
5.53333
40263
5.56667
40409
5.6
40536
5.63333
40682
5.66667
40823
5.7
40939
5.73333
41053
5.76667
41171
5.8
41289
5.83333
41414
5.86667
41541
5.9
41664
5.93333
41791
5.96667
41911
6
42015
6.03333
42125
6.06667
42221
6.1
42334
6.13333
42465
6.16667
42566
6.2
42686
6.23333
42782
6.26667
42881
6.3
43002
6.33333
43097
6.36667
43180
6.4
43268
6.43333
43365
6.46667
43466
6.5
43566
6.53333
43653
6.56667
43766
6.6
43856
6.63333
43966
6.66667
44049
6.7
44140
6.73333
44254
6.76667
44332
6.8
44435
6.83333
44500
6.86667
44580
6.9
44657
6.93333
44721
6.96667
44804
7
44877
7.03333
44932
7.06667
44984
7.1
45030
7.13333
45080
7.16667
45134
7.2
45180
7.23333
45224
7.26667
45269
7.3
45309
7.33333
45341
7.36667
45394
7.4
45435
7.43333
45487
7.46667
45524
7.5
45564
7.53333
45617
7.56667
45665
7.6
45710
7.63333
45754
7.66667
45803
7.7
45839
7.73333
45889
7.76667
45924
7.8
45968
7.83333
46005
7.86667
46046
7.9
46091
7.93333
46132
7.96667
46183
8
46225
8.03333
46259
8.06667
46303
8.1
46353
8.13333
46393
8.16667
46436
8.2
46484
8.23333
46521
8.26667
46558
8.3
46603
8.33333
46631
8.36667
46676
8.4
46720
8.43333
46762
8.46667
46803
8.5
46840
8.53333
46884
8.56667
46923
8.6
46958
8.63333
47005
8.66667
47047
8.7
47082
8.73333
47124
8.76667
47174
8.8
47216
8.83333
47248
8.86667
47292
8.9
47334
8.93333
47363
8.96667
47406
9
47440
9.03333
47497
9.06667
47531
9.1
47572
9.13333
47618
9.16667
47662
9.2
47705
9.23333
47770
9.26667
47812
9.3
47859
9.33333
47904
9.36667
47956
9.4
48009
9.43333
48063
9.46667
48108
9.5
48140
9.53333
48184
9.56667
48230
9.6
48279
9.63333
48323
9.66667
48366
9.7
48399
9.73333
48434
9.76667
48476
9.8
48512
9.83333
48546
9.86667
48573
9.9
48615
9.93333
48662
9.96667
48698
10
48722
10.0333
48735
10.0667
48776
10.1
48809
10.1333
48844
10.1667
48871
10.2
48899
10.2333
48923
10.2667
48945
10.3
48967
10.3333
48991
10.3667
49018
10.4
49039
10.4333
49060
10.4667
49093
10.5
49119
10.5333
49137
10.5667
49168
10.6
49194
10.6333
49221
10.6667
49244
10.7
49269
10.7333
49295
10.7667
49327
10.8
49352
10.8333
49366
10.8667
49394
10.9
49419
10.9333
49447
10.9667
49478
11
49499
11.0333
49517
11.0667
49549
11.1
49580
11.1333
49610
11.1667
49637
11.2
49660
11.2333
49687
11.2667
49711
11.3
49727
11.3333
49751
11.3667
49790
11.4
49826
11.4333
49850
11.4667
49878
11.5
49901
11.5333
49920
11.5667
49943
11.6
49963
11.6333
49985
11.6667
50002
11.7
50030
11.7333
50046
11.7667
50072
11.8
50094
11.8333
50103
11.8667
50125
11.9
50147
11.9333
50170
11.9667
50191
12
50207
12.0333
50226
12.0667
50240
12.1
50262
12.1333
50279
12.1667
50296
12.2
50317
12.2333
50329
12.2667
50351
12.3
50374
12.3333
50399
12.3667
50412
12.4
50429
12.4333
50443
12.4667
50461
12.5
50480
12.5333
50493
12.5667
50507
12.6
50529
12.6333
50541
12.6667
50556
12.7
50573
12.7333
50599
12.7667
50615
12.8
50629
12.8333
50636
12.8667
50657
12.9
50667
12.9333
50683
12.9667
50699
13
50722
13.0333
50735
13.0667
50758
13.1
50776
13.1333
50791
13.1667
50805
13.2
50814
13.2333
50835
13.2667
50848
13.3
50858
13.3333
50873
13.3667
50886
13.4
50905
13.4333
50928
13.4667
50943
13.5
50954
13.5333
50967
13.5667
50988
13.6
50998
13.6333
51016
13.6667
51029
13.7
51044
13.7333
51060
13.7667
51077
13.8
51090
13.8333
51100
13.8667
51112
13.9
51127
13.9333
51144
13.9667
51161
14
51175
14.0333
51184
14.0667
51199
14.1
51215
14.1333
51229
14.1667
51245
14.2
51259
14.2333
51269
14.2667
51276
14.3
51287
14.3333
51300
14.3667
51312
14.4
51321
14.4333
51333
14.4667
51347
14.5
51356
14.5333
51366
14.5667
51381
14.6
51394
14.6333
51408
14.6667
51416
14.7
51418
14.7333
51428
14.7667
51447
14.8
51457
14.8333
51472
14.8667
51486
14.9
51496
14.9333
51510
14.9667
51516
15
51529
15.0333
51540
15.0667
51552
15.1
51574
15.1333
51583
15.1667
51600
15.2
51608
15.2333
51620
15.2667
51628
15.3
51642
15.3333
51656
15.3667
51669
15.4
51687
15.4333
51696
15.4667
51712
15.5
51720
15.5333
51736
15.5667
51756
15.6
51763
15.6333
51778
15.6667
51788
15.7
51800
15.7333
51816
15.7667
51826
15.8
51837
15.8333
51840
15.8667
51854
15.9
51867
15.9333
51881
15.9667
51892
16
51913
16.0333
51923
16.0667
51938
16.1
51947
16.1333
51954
16.1667
51967
16.2
51973
16.2333
51987
16.2667
51997
16.3
52012
16.3333
52023
16.3667
52036
16.4
52046
16.4333
52058
16.4667
52075
16.5
52086
16.5333
52099
16.5667
52102
16.6
52119
16.6333
52132
16.6667
52152
16.7
52160
16.7333
52172
16.7667
52180
16.8
52188
16.8333
52193
16.8667
52200
16.9
52214
16.9333
52218
16.9667
52227
17
52237
17.0333
52244
17.0667
52249
17.1
52256
17.1333
52270
17.1667
52280
17.2
52290
17.2333
52301
17.2667
52309
17.3
52313
17.3333
52322
17.3667
52323
17.4
52335
17.4333
52344
17.4667
52355
17.5
52362
17.5333
52363
17.5667
52373
17.6
52379
17.6333
52384
17.6667
52395
17.7
52396
17.7333
52399
17.7667
52404
17.8
52414
17.8333
52418
17.8667
52421
17.9
52426
17.9333
52432
17.9667
52437
18
52443
18.0333
52446
18.0667
52453
18.1
52459
18.1333
52467
18.1667
52474
18.2
52480
18.2333
52490
18.2667
52496
18.3
52499
18.3333
52505
18.3667
52508
18.4
52510
18.4333
52519
18.4667
52520
18.5
52523
18.5333
52531
18.5667
52532
18.6
52539
18.6333
52544
18.6667
52548
18.7
52558
18.7333
52565
18.7667
52571
18.8
52583
18.8333
52587
18.8667
52599
18.9
52604
18.9333
52610
18.9667
52622
19
52631
19.0333
52636
19.0667
52644
19.1
52659
19.1333
52669
19.1667
52675
19.2
52683
19.2333
52686
19.2667
52699
19.3
52704
19.3333
52711
19.3667
52722
19.4
52726
19.4333
52728
19.4667
52731
19.5
52737
19.5333
52739
19.5667
52747
19.6
52755
19.6333
52758
19.6667
52767
19.7
52769
19.7333
52775
19.7667
52778
19.8
52780
19.8333
52786
19.8667
52792
19.9
52802
19.9333
52805
19.9667
52805
20
52812
