0
1
0.0333333
1
0.0666667
1
0.1
1
0.133333
1
0.166667
1
0.2
1
0.233333
1
0.266667
1
0.3
1
0.333333
1
0.366667
1
0.4
1
0.433333
1
0.466667
1
0.5
1
0.533333
1
0.566667
1
0.6
1
0.633333
1
0.666667
1
0.7
1
0.733333
1
0.766667
1
0.8
1
0.833333
1
0.866667
1
0.9
1
0.933333
1
0.966667
1
1
1
1.03333
1
1.06667
1
1.1
1
1.13333
1
1.16667
1
1.2
1
1.23333
1
1.26667
1
1.3
1
1.33333
1
1.36667
1
1.4
1
1.43333
1
1.46667
1
1.5
1
1.53333
1
1.56667
1
1.6
1
1.63333
1
1.66667
1
1.7
1
1.73333
1
1.76667
1
1.8
1
1.83333
1
1.86667
1
1.9
1
1.93333
1
1.96667
1
2
1
2.03333
1
2.06667
1
2.1
1
2.13333
1
2.16667
1
2.2
1
2.23333
1
2.26667
1
2.3
1
2.33333
1
2.36667
1
2.4
1
2.43333
1
2.46667
1
2.5
1
2.53333
1
2.56667
1
2.6
1
2.63333
1
2.66667
1
2.7
1
2.73333
1
2.76667
1
2.8
1
2.83333
1
2.86667
1
2.9
1
2.93333
1
2.96667
1
3
1
3.03333
1
3.06667
1
3.1
1
3.13333
1
3.16667
1
3.2
1
3.23333
1
3.26667
1
3.3
1
3.33333
1
3.36667
10948
3.4
12065
3.43333
13046
3.46667
14103
3.5
15172
3.53333
16217
3.56667
17243
3.6
18319
3.63333
19412
3.66667
20365
3.7
21331
3.73333
22240
3.76667
23081
3.8
23910
3.83333
24702
3.86667
25521
3.9
26222
3.93333
26871
3.96667
27459
4
28050
4.03333
28612
4.06667
29184
4.1
29709
4.13333
30176
4.16667
30676
4.2
31143
4.23333
31616
4.26667
32087
4.3
32545
4.33333
33012
4.36667
33464
4.4
33880
4.43333
34341
4.46667
34779
4.5
35246
4.53333
35621
4.56667
35988
4.6
36353
4.63333
36717
4.66667
37032
4.7
37324
4.73333
37623
4.76667
37897
4.8
38200
4.83333
38411
4.86667
38647
4.9
38890
4.93333
39133
4.96667
39341
5
39558
5.03333
39789
5.06667
39975
5.1
40167
5.13333
40370
5.16667
40543
5.2
40696
5.23333
40862
5.26667
41010
5.3
41178
5.33333
41328
5.36667
41489
5.4
41637
5.43333
41783
5.46667
41953
5.5
42103
5.53333
42242
5.56667
42415
5.6
42531
5.63333
42650
5.66667
42777
5.7
42916
5.73333
43022
5.76667
43151
5.8
43256
5.83333
43395
5.86667
43505
5.9
43624
5.93333
43726
5.96667
43831
6
43925
6.03333
44015
6.06667
44119
6.1
44202
6.13333
44300
6.16667
44402
6.2
44504
6.23333
44597
6.26667
44692
6.3
44773
6.33333
44861
6.36667
44945
6.4
45049
6.43333
45165
6.46667
45257
6.5
45338
6.53333
45443
6.56667
45539
6.6
45634
6.63333
45721
6.66667
45789
6.7
45897
6.73333
45977
6.76667
46055
6.8
46140
6.83333
46223
6.86667
46311
6.9
46389
6.93333
46460
6.96667
46534
7
46603
7.03333
46674
7.06667
46748
7.1
46807
7.13333
46873
7.16667
46945
7.2
47006
7.23333
47066
7.26667
47121
7.3
47180
7.33333
47244
7.36667
47301
7.4
47347
7.43333
47400
7.46667
47450
7.5
47487
7.53333
47536
7.56667
47588
7.6
47637
7.63333
47675
7.66667
47723
7.7
47771
7.73333
47810
7.76667
47852
7.8
47890
7.83333
47910
7.86667
47938
7.9
47976
7.93333
48012
7.96667
48042
8
48071
8.03333
48098
8.06667
48131
8.1
48158
8.13333
48193
8.16667
48215
8.2
48235
8.23333
48255
8.26667
48281
8.3
48310
8.33333
48333
8.36667
48348
8.4
48364
8.43333
48384
8.46667
48404
8.5
48422
8.53333
48434
8.56667
48462
8.6
48488
8.63333
48510
8.66667
48527
8.7
48556
8.73333
48582
8.76667
48598
8.8
48612
8.83333
48637
8.86667
48655
8.9
48686
8.93333
48715
8.96667
48735
9
48769
9.03333
48796
9.06667
48821
9.1
48853
9.13333
48880
9.16667
48901
9.2
48932
9.23333
48961
9.26667
48991
9.3
49016
9.33333
49044
9.36667
49077
9.4
49099
9.43333
49129
9.46667
49169
9.5
49192
9.53333
49225
9.56667
49247
9.6
49266
9.63333
49290
9.66667
49323
9.7
49339
9.73333
49362
9.76667
49391
9.8
49421
9.83333
49448
9.86667
49479
9.9
49502
9.93333
49536
9.96667
49559
10
49589
10.0333
49617
10.0667
49641
10.1
49662
10.1333
49681
10.1667
49709
10.2
49745
10.2333
49778
10.2667
49803
10.3
49827
10.3333
49852
10.3667
49876
10.4
49906
10.4333
49927
10.4667
49949
10.5
49977
10.5333
49998
10.5667
50022
10.6
50046
10.6333
50074
10.6667
50097
10.7
50121
10.7333
50145
10.7667
50173
10.8
50196
10.8333
50217
10.8667
50240
10.9
50273
10.9333
50294
10.9667
50318
11
50346
11.0333
50374
11.0667
50389
11.1
50403
11.1333
50431
11.1667
50453
11.2
50472
11.2333
50495
11.2667
50517
11.3
50537
11.3333
50564
11.3667
50595
11.4
50615
11.4333
50628
11.4667
50650
11.5
50675
11.5333
50692
11.5667
50702
11.6
50725
11.6333
50738
11.6667
50763
11.7
50800
11.7333
50827
11.7667
50855
11.8
50875
11.8333
50901
11.8667
50922
11.9
50942
11.9333
50965
11.9667
50986
12
51010
12.0333
51033
12.0667
51060
12.1
51079
12.1333
51098
12.1667
51122
12.2
51151
12.2333
51172
12.2667
51189
12.3
51218
12.3333
51243
12.3667
51265
12.4
51290
12.4333
51312
12.4667
51339
12.5
51357
12.5333
51375
12.5667
51396
12.6
51419
12.6333
51448
12.6667
51468
12.7
51493
12.7333
51516
12.7667
51531
12.8
51565
12.8333
51585
12.8667
51595
12.9
51613
12.9333
51630
12.9667
51638
13
51654
13.0333
51665
13.0667
51678
13.1
51697
13.1333
51704
13.1667
51722
13.2
51736
13.2333
51752
13.2667
51762
13.3
51773
13.3333
51783
13.3667
51806
13.4
51820
13.4333
51835
13.4667
51852
13.5
51857
13.5333
51863
13.5667
51876
13.6
51890
13.6333
51905
13.6667
51925
13.7
51945
13.7333
51960
13.7667
51972
13.8
51979
13.8333
51997
13.8667
52010
13.9
52023
13.9333
52045
13.9667
52052
14
52060
14.0333
52075
14.0667
52092
14.1
52109
14.1333
52128
14.1667
52142
14.2
52155
14.2333
52172
14.2667
52191
14.3
52209
14.3333
52224
14.3667
52244
14.4
52260
14.4333
52272
14.4667
52284
14.5
52303
14.5333
52325
14.5667
52342
14.6
52356
14.6333
52380
14.6667
52391
14.7
52413
14.7333
52427
14.7667
52450
14.8
52467
14.8333
52493
14.8667
52515
14.9
52537
14.9333
52551
14.9667
52574
15
52600
15.0333
52621
15.0667
52641
15.1
52661
15.1333
52689
15.1667
52706
15.2
52730
15.2333
52758
15.2667
52785
15.3
52808
15.3333
52833
15.3667
52875
15.4
52902
15.4333
52925
15.4667
52956
15.5
52984
15.5333
53020
15.5667
53047
15.6
53070
15.6333
53099
15.6667
53124
15.7
53150
15.7333
53166
15.7667
53184
15.8
53202
15.8333
53217
15.8667
53227
15.9
53239
15.9333
53251
15.9667
53266
16
53274
16.0333
53283
16.0667
53289
16.1
53295
16.1333
53309
16.1667
53317
16.2
53333
16.2333
53342
16.2667
53350
16.3
53352
16.3333
53362
16.3667
53371
16.4
53377
16.4333
53387
16.4667
53394
16.5
53398
16.5333
53408
16.5667
53411
16.6
53417
16.6333
53423
16.6667
53430
16.7
53440
16.7333
53443
16.7667
53447
16.8
53451
16.8333
53464
16.8667
53474
16.9
53479
16.9333
53487
16.9667
53496
17
53500
17.0333
53507
17.0667
53518
17.1
53529
17.1333
53533
17.1667
53540
17.2
53548
17.2333
53555
17.2667
53563
17.3
53570
17.3333
53574
17.3667
53580
17.4
53580
17.4333
53587
17.4667
53591
17.5
53596
17.5333
53603
17.5667
53613
17.6
53621
17.6333
53625
17.6667
53626
17.7
53635
17.7333
53638
17.7667
53646
17.8
53655
17.8333
53661
17.8667
53668
17.9
53674
17.9333
53686
17.9667
53689
18
53699
18.0333
53708
18.0667
53714
18.1
53720
18.1333
53724
18.1667
53731
18.2
53742
18.2333
53748
18.2667
53749
18.3
53759
18.3333
53765
18.3667
53773
18.4
53780
18.4333
53787
18.4667
53793
18.5
53796
18.5333
53802
18.5667
53810
18.6
53816
18.6333
53820
18.6667
53830
18.7
53839
18.7333
53843
18.7667
53849
18.8
53855
18.8333
53858
18.8667
53861
18.9
53870
18.9333
53881
18.9667
53887
19
53889
19.0333
53895
19.0667
53902
19.1
53905
19.1333
53909
19.1667
53913
19.2
53916
19.2333
53921
19.2667
53928
19.3
53940
19.3333
53953
19.3667
53957
19.4
53966
19.4333
53972
19.4667
53976
19.5
53980
19.5333
53980
19.5667
53984
19.6
53995
19.6333
54000
19.6667
54002
19.7
54008
19.7333
54010
19.7667
54020
19.8
54022
19.8333
54031
19.8667
54037
19.9
54039
19.9333
54041
19.9667
54046
20
54047
