1787108390.839772
1787108391.088139
1787108391.373667
1787108391.606486
1787108391.843274
1787108392.083894
1787108392.323495
1787108392.564774
1787108392.804032
1787108393.045463
1787108393.350222
1787108393.592897
1787108393.836591
1787108394.077422
1787108394.317617
1787108394.560068
1787108394.803207
1787108395.046691
1787108395.298598
1787108395.580257
1787108395.824100
1787108396.067511
1787108396.312898
1787108396.557033
1787108396.803437
1787108397.048038
1787108397.294792
1787108397.578896
1787108397.824342
1787108398.069638
1787108398.313245
1787108398.556795
1787108398.803272
1787108399.048408
1787108399.297766
1787108399.560442
1787108399.815286
1787108400.061718
1787108400.313986
1787108400.561654
1787108400.814956
1787108401.066430
1787108401.316462
1787108401.582215
1787108401.861106
1787108402.108200
1787108402.356557
1787108402.605689
1787108402.857462
1787108403.107146
1787108403.359874
1787108403.611393
1787108403.879109
1787108404.130372
1787108404.381669
1787108404.631457
1787108404.884826
1787108405.135152
1787108405.386844
1787108405.637857
1787108405.894500
1787108406.150765
1787108406.398474
1787108406.648690
1787108406.900449
1787108407.153522
1787108407.406897
1787108407.659813
1787108407.913279
1787108408.174493
1787108408.424316
1787108408.673304
1787108408.923975
1787108409.176002
1787108409.429533
1787108409.682796
1787108409.930079
1787108410.174343
1787108410.426282
1787108410.674557
1787108410.922986
1787108411.170218
1787108411.418838
1787108411.667773
1787108411.917568
1787108412.166560
1787108412.417393
1787108412.667435
1787108412.929327
1787108413.189901
1787108413.449568
1787108413.701460
1787108413.963762
1787108414.210959
1787108414.462162
1787108414.721985
1787108414.995744
1787108415.249497
1787108415.503166
1787108415.763611
1787108416.024950
1787108416.343769
1787108416.631133
1787108416.896027
1787108417.158221
1787108417.427818
1787108417.694791
1787108417.958870
1787108418.221075
1787108418.480316
1787108418.744057
1787108419.000238
1787108419.259660
1787108419.517015
1787108419.774210
1787108420.035265
1787108420.306870
1787108420.569740
1787108420.830102
1787108421.090106
1787108421.354264
1787108421.617668
1787108421.883122
1787108422.204139
1787108422.475909
1787108422.740524
1787108423.010113
1787108423.284385
1787108423.562358
1787108423.824890
1787108424.089273
1787108424.356345
1787108424.638354
1787108424.915647
1787108425.187688
1787108425.476291
1787108425.755144
1787108426.036969
1787108426.312351
1787108426.584016
1787108426.854603
1787108427.124731
1787108427.475825
1787108427.792987
1787108428.117037
1787108428.442076
1787108428.771484
1787108429.089796
1787108429.410242
1787108429.734890
1787108430.057133
1787108430.370843
1787108430.687707
1787108431.002564
1787108431.316564
1787108431.626747
1787108431.938515
1787108432.236403
1787108432.536871
1787108432.839119
1787108433.138975
1787108433.442882
1787108433.750883
1787108434.059617
1787108434.361685
1787108434.665484
1787108434.971597
1787108435.275319
1787108435.576861
1787108435.878385
1787108436.186964
1787108436.489917
1787108436.791836
1787108437.092964
1787108437.393473
1787108437.693644
1787108438.010851
1787108438.318587
1787108438.628637
1787108438.935108
1787108439.239087
1787108439.547115
1787108439.849087
1787108440.147991
1787108440.446098
1787108440.753133
1787108441.048884
1787108441.343934
1787108441.641944
1787108441.942608
1787108442.240484
1787108442.540756
1787108442.836034
1787108443.122946
1787108443.410621
1787108443.700169
1787108443.984369
1787108444.266224
1787108444.548313
1787108444.829257
1787108445.108572
1787108445.386940
1787108445.662263
1787108445.943714
1787108446.220518
1787108446.496228
1787108446.769682
1787108447.041739
1787108447.316886
1787108447.594428
1787108447.870542
1787108448.147113
1787108448.421657
1787108448.693342
1787108448.967791
1787108449.235592
1787108449.502193
1787108449.773704
1787108450.038676
1787108450.302024
1787108450.567072
1787108450.837242
1787108451.104293
1787108451.370865
1787108451.631122
1787108451.897151
1787108452.165978
1787108452.430095
1787108452.695357
1787108452.961586
1787108453.226613
1787108453.490662
1787108453.759627
1787108454.028766
1787108454.300552
1787108454.570169
1787108454.840521
1787108455.112875
1787108455.388264
1787108455.663329
1787108455.938318
1787108456.210998
1787108456.481006
1787108456.746758
1787108457.015545
1787108457.286708
1787108457.556147
1787108457.825562
1787108458.094078
1787108458.363165
1787108458.630689
1787108458.900039
1787108459.172415
1787108459.436340
1787108459.707140
1787108459.979613
1787108460.257279
1787108460.525753
1787108460.798949
1787108461.066687
1787108461.333679
1787108461.609284
1787108461.884221
1787108462.159059
1787108462.428054
1787108462.698329
1787108462.973186
1787108463.247962
1787108463.527924
1787108463.800133
1787108464.078619
1787108464.359393
1787108464.641780
1787108464.922842
1787108465.204552
1787108465.483016
1787108465.764557
1787108466.043594
1787108466.323573
1787108466.602966
1787108466.883352
1787108467.159917
1787108467.439172
1787108467.718667
1787108468.001868
1787108468.312911
1787108468.628129
1787108468.950153
1787108469.242777
1787108469.535016
1787108469.842301
1787108470.153884
1787108470.459819
1787108470.767326
1787108471.082312
1787108471.382286
1787108471.672378
1787108471.966941
1787108472.280020
1787108472.558091
1787108472.862561
1787108473.146649
1787108473.446527
1787108473.743825
1787108474.045254
1787108474.352369
1787108474.640755
1787108474.947950
1787108475.254929
1787108475.563421
1787108475.854867
1787108476.139392
1787108476.413444
1787108476.686711
1787108476.966743
1787108477.241207
1787108477.519963
1787108477.796542
1787108478.066761
1787108478.341373
1787108478.622943
1787108478.902560
1787108479.179939
1787108479.454932
1787108479.729995
1787108480.015202
1787108480.307035
1787108480.601132
1787108480.898049
1787108481.202338
1787108481.494084
1787108481.804334
1787108482.109064
1787108482.419022
1787108482.725130
1787108483.034305
1787108483.337895
1787108483.638994
1787108483.896805
1787108484.151608
1787108484.410062
1787108484.663457
1787108484.920512
1787108485.175321
1787108485.431755
1787108485.684876
1787108485.939001
1787108486.198889
1787108486.454445
1787108486.709831
1787108486.962154
1787108487.214710
1787108487.470334
1787108487.722157
1787108487.977973
1787108488.228948
1787108488.484504
1787108488.739341
1787108488.998494
1787108489.253986
1787108489.505660
1787108489.758995
1787108490.014350
1787108490.269461
1787108490.522921
1787108490.781891
1787108491.044714
1787108491.310582
1787108491.574769
1787108491.853649
1787108492.110528
1787108492.366683
1787108492.627275
1787108492.884579
1787108493.145617
1787108493.399715
1787108493.682307
1787108493.955575
1787108494.233814
1787108494.501521
1787108494.777913
1787108495.057754
1787108495.332662
1787108495.605007
1787108495.871420
1787108496.138195
1787108496.409881
1787108496.682059
1787108496.946829
1787108497.211370
1787108497.481663
1787108497.745740
1787108498.009645
1787108498.272390
1787108498.541643
1787108498.803830
1787108499.068624
1787108499.335862
1787108499.604822
1787108499.871792
1787108500.136469
1787108500.401903
1787108500.667998
1787108500.936852
1787108501.201064
1787108501.472083
1787108501.746663
1787108502.007551
1787108502.278259
1787108502.540895
1787108502.810360
1787108503.073114
1787108503.338111
1787108503.609034
1787108503.874683
1787108504.137057
1787108504.405184
1787108504.671386
1787108504.937924
1787108505.201082
1787108505.473161
1787108505.739133
1787108506.005018
1787108506.270888
1787108506.542575
1787108506.815896
1787108507.081653
1787108507.354474
1787108507.626274
1787108507.892151
1787108508.154602
1787108508.419413
1787108508.696607
1787108508.972072
1787108509.253870
1787108509.528606
1787108509.815597
1787108510.105307
1787108510.390962
1787108510.682614
1787108510.968659
1787108511.245185
1787108511.522850
1787108511.796086
1787108512.059912
1787108512.332140
1787108512.599765
1787108512.869367
1787108513.126382
1787108513.388375
1787108513.644213
1787108513.898313
1787108514.162385
1787108514.418402
1787108514.685049
1787108514.949347
1787108515.206588
1787108515.469938
1787108515.729458
1787108515.983001
1787108516.251655
1787108516.522245
1787108516.794853
1787108517.061970
1787108517.340573
1787108517.603724
1787108517.882094
1787108518.147129
1787108518.421400
1787108518.689262
1787108518.959390
1787108519.223445
1787108519.494554
1787108519.765383
1787108520.036425
1787108520.300479
1787108520.565306
1787108520.831410
1787108521.098102
1787108521.368152
1787108521.630338
1787108521.896251
1787108522.158570
1787108522.422277
1787108522.689415
1787108522.951206
1787108523.216806
1787108523.481154
1787108523.739987
1787108524.008733
1787108524.279196
1787108524.548263
1787108524.816584
1787108525.078639
1787108525.345788
1787108525.612158
1787108525.881526
1787108526.149831
1787108526.414670
1787108526.680760
1787108526.951508
1787108527.221635
1787108527.488477
1787108527.756078
1787108528.028438
1787108528.300978
1787108528.569665
1787108528.848579
1787108529.129725
1787108529.398831
1787108529.664787
1787108529.940216
1787108530.217826
1787108530.496490
1787108530.786122
1787108531.054681
1787108531.333367
1787108531.594099
1787108531.869973
1787108532.137794
1787108532.407422
1787108532.675611
1787108532.948698
1787108533.215327
1787108533.479530
1787108533.742335
1787108534.001440
1787108534.269667
1787108534.533927
1787108534.804507
1787108535.071773
1787108535.335739
1787108535.602129
1787108535.867685
1787108536.124606
1787108536.396873
1787108536.667461
1787108536.930953
1787108537.193349
1787108537.466038
1787108537.736176
1787108537.999845
1787108538.264772
1787108538.526809
1787108538.791952
1787108539.057382
1787108539.328034
1787108539.596359
1787108539.866705
1787108540.123870
1787108540.393859
1787108540.665571
1787108540.931728
1787108541.199997
1787108541.461094
1787108541.730233
1787108541.996113
1787108542.256525
1787108542.511522
1787108542.769295
1787108543.038125
1787108543.301581
1787108543.569927
1787108543.831981
1787108544.095407
1787108544.358237
1787108544.627945
1787108544.887954
1787108545.151499
1787108545.414834
1787108545.681042
1787108545.948616
1787108546.208539
1787108546.468987
1787108546.736848
1787108547.014080
1787108547.288867
1787108547.557387
1787108547.817165
1787108548.082602
1787108548.344383
1787108548.613128
1787108548.879376
1787108549.141473
1787108549.404091
1787108549.668406
1787108549.928868
1787108550.194691
1787108550.458271
1787108550.720227
1787108550.994673
1787108551.262383
1787108551.525661
1787108551.788553
1787108552.052786
1787108552.315976
1787108552.571079
1787108552.832034
1787108553.091570
1787108553.363690
1787108553.627482
