1787108222.859698
1787108223.094147
1787108223.323950
1787108223.559807
1787108223.795203
1787108224.034564
1787108224.277083
1787108224.521380
1787108224.766003
1787108225.003522
1787108225.254851
1787108225.499726
1787108225.745084
1787108225.987856
1787108226.234675
1787108226.479239
1787108226.724023
1787108226.966283
1787108227.197403
1787108227.450373
1787108227.683495
1787108227.916829
1787108228.149748
1787108228.393578
1787108228.638521
1787108228.887872
1787108229.134583
1787108229.389054
1787108229.656628
1787108229.905795
1787108230.155578
1787108230.404021
1787108230.653272
1787108230.900907
1787108231.149612
1787108231.401340
1787108231.661316
1787108231.910184
1787108232.151836
1787108232.399229
1787108232.652640
1787108232.903377
1787108233.158499
1787108233.416142
1787108233.670751
1787108233.929029
1787108234.175630
1787108234.422357
1787108234.667251
1787108234.910266
1787108235.156451
1787108235.415621
1787108235.668534
1787108235.935394
1787108236.184217
1787108236.432767
1787108236.683423
1787108236.930209
1787108237.180091
1787108237.438187
1787108237.695614
1787108237.948688
1787108238.211837
1787108238.464204
1787108238.715163
1787108238.965837
1787108239.216558
1787108239.472871
1787108239.724511
1787108239.963580
1787108240.204239
1787108240.443691
1787108240.683281
1787108240.922228
1787108241.169020
1787108241.416026
1787108241.661408
1787108241.905951
1787108242.150129
1787108242.393592
1787108242.638744
1787108242.882620
1787108243.127014
1787108243.371877
1787108243.618537
1787108243.863866
1787108244.108688
1787108244.352411
1787108244.598245
1787108244.844007
1787108245.092226
1787108245.338198
1787108245.587486
1787108245.832216
1787108246.099505
1787108246.351574
1787108246.602062
1787108246.849733
1787108247.097986
1787108247.344930
1787108247.599503
1787108247.888711
1787108248.159718
1787108248.413802
1787108248.664895
1787108248.915515
1787108249.165052
1787108249.419739
1787108249.669164
1787108249.917506
1787108250.166921
1787108250.416464
1787108250.669128
1787108250.924359
1787108251.180263
1787108251.431056
1787108251.680815
1787108251.928932
1787108252.179802
1787108252.428229
1787108252.678094
1787108252.952919
1787108253.225236
1787108253.484788
1787108253.740804
1787108253.995905
1787108254.251772
1787108254.511591
1787108254.772717
1787108255.034838
1787108255.302008
1787108255.572377
1787108255.837750
1787108256.107069
1787108256.372791
1787108256.638709
1787108256.901597
1787108257.209131
1787108257.499779
1787108257.788799
1787108258.075605
1787108258.374043
1787108258.700614
1787108259.010190
1787108259.304942
1787108259.620777
1787108259.903785
1787108260.169601
1787108260.432901
1787108260.712789
1787108260.980870
1787108261.247494
1787108261.513320
1787108262.005648
1787108262.367083
1787108262.702667
1787108263.069907
1787108263.400291
1787108263.723485
1787108264.037067
1787108264.339243
1787108264.644791
1787108264.933379
1787108265.231701
1787108265.520135
1787108265.794649
1787108266.069670
1787108266.345315
1787108266.617033
1787108266.888687
1787108267.162988
1787108267.436360
1787108267.706898
1787108267.980574
1787108268.252966
1787108268.527515
1787108268.830619
1787108269.120648
1787108269.401105
1787108269.681455
1787108269.962960
1787108270.244862
1787108270.534666
1787108270.820815
1787108271.103594
1787108271.390520
1787108271.675912
1787108271.963546
1787108272.255240
1787108272.541523
1787108272.826610
1787108273.111530
1787108273.396083
1787108273.686103
1787108273.978566
1787108274.272096
1787108274.563148
1787108274.853088
1787108275.141651
1787108275.435077
1787108275.719325
1787108276.002474
1787108276.285317
1787108276.580908
1787108276.869808
1787108277.151873
1787108277.416644
1787108277.683153
1787108277.948202
1787108278.218071
1787108278.485630
1787108278.748467
1787108279.010162
1787108279.275989
1787108279.544964
1787108279.817294
1787108280.082134
1787108280.346569
1787108280.611634
1787108280.877427
1787108281.147010
1787108281.412922
1787108281.676925
1787108281.943239
1787108282.203103
1787108282.465623
1787108282.735190
1787108283.000034
1787108283.289712
1787108283.581415
1787108283.873045
1787108284.161777
1787108284.450316
1787108284.739751
1787108285.028210
1787108285.321632
1787108285.625176
1787108285.923077
1787108286.219603
1787108286.512664
1787108286.806331
1787108287.097438
1787108287.392371
1787108287.680603
1787108287.968580
1787108288.253008
1787108288.535204
1787108288.824956
1787108289.111173
1787108289.400882
1787108289.687947
1787108289.973675
1787108290.247416
1787108290.522223
1787108290.797654
1787108291.072122
1787108291.346459
1787108291.620934
1787108291.897618
1787108292.175507
1787108292.445435
1787108292.723414
1787108292.992258
1787108293.260103
1787108293.530663
1787108293.799539
1787108294.066455
1787108294.330593
1787108294.597259
1787108294.867101
1787108295.135842
1787108295.401889
1787108295.666213
1787108295.926607
1787108296.237591
1787108296.544312
1787108296.852764
1787108297.158421
1787108297.461565
1787108297.761519
1787108298.055461
1787108298.347819
1787108298.640363
1787108298.930270
1787108299.222181
1787108299.513356
1787108299.813075
1787108300.101091
1787108300.390883
1787108300.685566
1787108300.970955
1787108301.252033
1787108301.532888
1787108301.814147
1787108302.098876
1787108302.377688
1787108302.658601
1787108302.941211
1787108303.217974
1787108303.494180
1787108303.776879
1787108304.054173
1787108304.344027
1787108304.629157
1787108304.909730
1787108305.191214
1787108305.556186
1787108305.907808
1787108306.260863
1787108306.605742
1787108306.957743
1787108307.316341
1787108307.653898
1787108308.004494
1787108308.366994
1787108308.708879
1787108309.064803
1787108309.408415
1787108309.761123
1787108310.107117
1787108310.444027
1787108310.780143
1787108311.119333
1787108311.474139
1787108311.814083
1787108312.149913
1787108312.497048
1787108312.840306
1787108313.180915
1787108313.518935
1787108313.860784
1787108314.191542
1787108314.481072
1787108314.757150
1787108315.026431
1787108315.338790
1787108315.630714
1787108315.901371
1787108316.167071
1787108316.430289
1787108316.698771
1787108316.962147
1787108317.226464
1787108317.490217
1787108317.756191
1787108318.029146
1787108318.295696
1787108318.580109
1787108318.860505
1787108319.139947
1787108319.429802
1787108319.701331
1787108319.982074
1787108320.265035
1787108320.544333
1787108320.828810
1787108321.113516
1787108321.382950
1787108321.649561
1787108321.928758
1787108322.192662
1787108322.460469
1787108322.725503
1787108322.995463
1787108323.263731
1787108323.530688
1787108323.794949
1787108324.057893
1787108324.324161
1787108324.585842
1787108324.862098
1787108325.126337
1787108325.395287
1787108325.664743
1787108325.932265
1787108326.197711
1787108326.462176
1787108326.747313
1787108327.019457
1787108327.298895
1787108327.574998
1787108327.853936
1787108328.117375
1787108328.390594
1787108328.654677
1787108328.921092
1787108329.177021
1787108329.429361
1787108329.682021
1787108329.936255
1787108330.198488
1787108330.457325
1787108330.711065
1787108330.966254
1787108331.226765
1787108331.482448
1787108331.737234
1787108331.991389
1787108332.245096
1787108332.502068
1787108332.754437
1787108333.012218
1787108333.271021
1787108333.529935
1787108333.785557
1787108334.041820
1787108334.302562
1787108334.561893
1787108334.817006
1787108335.075383
1787108335.336141
1787108335.597446
1787108335.853519
1787108336.114781
1787108336.372675
1787108336.632939
1787108336.895466
1787108337.156784
1787108337.414305
1787108337.678882
1787108337.950167
1787108338.212204
1787108338.474055
1787108338.736654
1787108339.005910
1787108339.267666
1787108339.529468
1787108339.796170
1787108340.066889
1787108340.326747
1787108340.596730
1787108340.859223
1787108341.123771
1787108341.392865
1787108341.661151
1787108341.923492
1787108342.192720
1787108342.452029
1787108342.721900
1787108342.986969
1787108343.245670
1787108343.500681
1787108343.761894
1787108344.021659
1787108344.282994
1787108344.539803
1787108344.799507
1787108345.058643
1787108345.321636
1787108345.584265
1787108345.843695
1787108346.103599
1787108346.366205
1787108346.627346
1787108346.887226
1787108347.148224
1787108347.408556
1787108347.666461
1787108347.921358
1787108348.174269
1787108348.436243
1787108348.707490
1787108348.965722
1787108349.226669
1787108349.487190
1787108349.753356
1787108350.013775
1787108350.279927
1787108350.538566
1787108350.804122
1787108351.068728
1787108351.329587
1787108351.590026
1787108351.854615
1787108352.115920
1787108352.379975
1787108352.643508
1787108352.913044
1787108353.173991
1787108353.437989
1787108353.697453
1787108353.953478
1787108354.213560
1787108354.474049
1787108354.735094
1787108354.993078
1787108355.250633
1787108355.506563
1787108355.764912
1787108356.025182
1787108356.290846
1787108356.546170
1787108356.804339
1787108357.064718
1787108357.327476
1787108357.589114
1787108357.847862
1787108358.104987
1787108358.358114
1787108358.616266
1787108358.881138
1787108359.137937
1787108359.394478
1787108359.652739
1787108359.909297
1787108360.173386
1787108360.431253
1787108360.686640
1787108360.942023
1787108361.201265
1787108361.460298
1787108361.719281
1787108361.980568
1787108362.238353
1787108362.492966
1787108362.750542
1787108363.005949
1787108363.264122
1787108363.523634
1787108363.784757
1787108364.047653
1787108364.305098
1787108364.558934
1787108364.815842
1787108365.073759
1787108365.335567
1787108365.595355
1787108365.857699
1787108366.116759
1787108366.375591
1787108366.640107
1787108366.897684
1787108367.154069
1787108367.412328
1787108367.671122
1787108367.930780
1787108368.187088
1787108368.444063
1787108368.701122
1787108368.963148
1787108369.224087
1787108369.480516
1787108369.742697
1787108370.007466
1787108370.271542
1787108370.532311
1787108370.794674
1787108371.051599
1787108371.315874
1787108371.577943
1787108371.840958
1787108372.101048
1787108372.363737
1787108372.621431
1787108372.875568
1787108373.138357
1787108373.401634
1787108373.658951
1787108373.925594
1787108374.185258
1787108374.442758
1787108374.700374
1787108374.961112
1787108375.219517
1787108375.477054
1787108375.733293
1787108375.988461
1787108376.244877
1787108376.497425
1787108376.751511
1787108377.009042
1787108377.262852
1787108377.516126
1787108377.781288
1787108378.037820
1787108378.302744
1787108378.560198
1787108378.818637
1787108379.073878
1787108379.332787
1787108379.587298
1787108379.845929
1787108380.101969
1787108380.365225
1787108380.619427
1787108380.879102
1787108381.137837
1787108381.399026
1787108381.661905
1787108381.917678
1787108382.174958
1787108382.434725
1787108382.690875
1787108382.949089
1787108383.205662
1787108383.471688
1787108383.728834
1787108383.982985
1787108384.243878
1787108384.496989
1787108384.752758
