1787107983.976067
1787107983.982931
1787107983.989615
1787107983.996276
1787107984.002921
1787107984.009601
1787107984.016225
1787107984.022883
1787107984.029453
1787107984.035978
1787107984.042698
1787107984.049255
1787107984.055918
1787107984.062609
1787107984.069203
1787107984.075938
1787107984.082502
1787107984.089075
1787107984.095817
1787107984.102409
1787107984.109013
1787107984.115738
1787107984.122476
1787107984.129204
1787107984.135737
1787107984.142591
1787107984.149110
1787107984.155832
1787107984.162543
1787107984.169202
1787107984.175883
1787107984.182449
1787107984.189068
1787107984.195676
1787107984.202358
1787107984.209119
1787107984.215713
1787107984.222520
1787107984.229375
1787107984.236183
1787107984.242862
1787107984.249576
1787107984.256343
1787107984.262869
1787107984.269366
1787107984.275962
1787107984.282705
1787107984.289809
1787107984.296519
1787107984.303157
1787107984.309677
1787107984.316509
1787107984.323338
1787107984.330216
1787107984.336943
1787107984.343726
1787107984.350531
1787107984.357404
1787107984.364224
1787107984.370872
1787107984.377604
1787107984.384327
1787107984.391206
1787107984.398232
1787107984.404973
1787107984.411705
1787107984.418478
1787107984.425680
1787107984.432519
1787107984.439218
1787107984.445953
1787107984.452760
1787107984.459753
1787107984.466516
1787107984.473260
1787107984.480243
1787107984.487136
1787107984.494041
1787107984.501044
1787107984.507756
1787107984.514666
1787107984.521564
1787107984.528390
1787107984.535198
1787107984.542111
1787107984.548952
1787107984.555743
1787107984.562430
1787107984.569273
1787107984.576123
1787107984.582824
1787107984.589680
1787107984.596550
1787107984.603685
1787107984.610650
1787107984.617593
1787107984.624442
1787107984.631259
1787107984.638074
1787107984.644894
1787107984.651790
1787107984.658712
1787107984.665684
1787107984.672466
1787107984.679611
1787107984.686424
1787107984.693156
1787107984.699918
1787107984.706756
1787107984.713518
1787107984.720491
1787107984.727265
1787107984.734181
1787107984.741208
1787107984.747941
1787107984.754857
1787107984.761863
1787107984.768529
1787107984.775286
1787107984.781989
1787107984.788732
1787107984.795494
1787107984.802327
1787107984.809080
1787107984.815987
1787107984.822831
1787107984.829556
1787107984.836367
1787107984.843166
1787107984.850093
1787107984.856942
1787107984.863717
1787107984.870479
1787107984.877366
1787107984.884218
1787107984.890911
1787107984.897632
1787107984.904367
1787107984.911148
1787107984.918061
1787107984.924895
1787107984.931713
1787107984.938534
1787107984.945369
1787107984.952154
1787107984.958923
1787107984.965623
1787107984.972540
1787107984.979286
1787107984.986021
1787107984.992921
1787107984.999924
1787107985.006722
1787107985.013455
1787107985.020376
1787107985.027144
1787107985.033922
1787107985.040941
1787107985.047751
1787107985.054440
1787107985.061240
1787107985.067920
1787107985.074661
1787107985.081500
1787107985.088419
1787107985.095236
1787107985.102001
1787107985.108748
1787107985.115514
1787107985.122211
1787107985.128997
1787107985.135772
1787107985.142441
1787107985.149125
1787107985.155905
1787107985.162741
1787107985.169516
1787107985.176301
1787107985.183058
1787107985.189760
1787107985.196601
1787107985.203448
1787107985.210331
1787107985.217241
1787107985.224064
1787107985.230875
1787107985.237622
1787107985.244406
1787107985.251316
1787107985.258037
1787107985.264705
1787107985.271471
1787107985.278563
1787107985.285386
1787107985.292315
1787107985.299331
1787107985.306005
1787107985.312722
1787107985.319603
1787107985.326285
1787107985.333146
1787107985.340142
1787107985.347620
1787107985.354465
1787107985.361291
1787107985.367962
1787107985.374889
1787107985.381688
1787107985.388677
1787107985.395645
1787107985.402543
1787107985.409358
1787107985.415963
1787107985.422803
1787107985.429731
1787107985.436620
1787107985.443366
1787107985.450254
1787107985.457159
1787107985.463917
1787107985.470706
1787107985.477561
1787107985.484394
1787107985.491082
1787107985.497902
1787107985.504606
1787107985.511447
1787107985.518260
1787107985.525147
1787107985.531935
1787107985.538590
1787107985.545316
1787107985.552114
1787107985.559053
1787107985.565882
1787107985.572710
1787107985.579648
1787107985.586410
1787107985.593172
1787107985.600093
1787107985.606891
1787107985.613720
1787107985.620756
1787107985.627701
1787107985.634349
1787107985.641277
1787107985.648165
1787107985.654976
1787107985.661867
1787107985.668670
1787107985.675368
1787107985.682327
1787107985.689356
1787107985.696368
1787107985.703216
1787107985.710107
1787107985.717115
1787107985.723910
1787107985.730717
1787107985.737578
1787107985.744334
1787107985.751174
1787107985.758124
1787107985.764981
1787107985.771896
1787107985.778871
1787107985.785833
1787107985.792746
1787107985.799859
1787107985.806829
1787107985.813609
1787107985.820536
1787107985.827649
1787107985.834429
1787107985.841445
1787107985.848294
1787107985.855095
1787107985.862017
1787107985.868953
1787107985.875979
1787107985.882832
1787107985.889771
1787107985.896697
1787107985.903659
1787107985.910582
1787107985.917547
1787107985.924339
1787107985.931252
1787107985.938061
1787107985.944741
1787107985.951660
1787107985.958583
1787107985.965420
1787107985.972308
1787107985.979161
1787107985.986038
1787107985.992903
1787107985.999892
1787107986.006908
1787107986.013727
1787107986.020713
1787107986.027596
1787107986.034429
1787107986.041404
1787107986.048142
1787107986.054927
1787107986.062040
1787107986.068867
1787107986.075918
1787107986.083061
1787107986.089957
1787107986.096932
1787107986.103947
1787107986.110930
1787107986.117851
1787107986.124714
1787107986.131531
1787107986.138598
1787107986.145471
1787107986.152193
1787107986.159040
1787107986.165832
1787107986.172691
1787107986.179770
1787107986.186712
1787107986.193564
1787107986.200463
1787107986.207345
1787107986.214180
1787107986.221134
1787107986.227900
1787107986.234714
1787107986.241497
1787107986.248479
1787107986.255250
1787107986.262043
1787107986.268959
1787107986.275878
1787107986.282756
1787107986.289699
1787107986.296538
1787107986.303392
1787107986.310173
1787107986.317313
1787107986.324382
1787107986.331385
1787107986.338293
1787107986.345476
1787107986.352371
1787107986.359484
1787107986.366427
1787107986.373338
1787107986.380247
1787107986.387130
1787107986.394052
1787107986.400928
1787107986.407884
1787107986.414914
1787107986.421837
1787107986.428885
1787107986.435738
1787107986.442708
1787107986.449609
1787107986.456652
1787107986.463536
1787107986.470612
1787107986.477550
1787107986.484438
1787107986.491480
1787107986.498426
1787107986.505513
1787107986.512478
1787107986.519486
1787107986.526403
1787107986.533448
1787107986.540556
1787107986.547536
1787107986.554492
1787107986.561558
1787107986.568650
1787107986.575637
1787107986.582471
1787107986.589391
1787107986.596534
1787107986.603563
1787107986.610601
1787107986.617626
1787107986.624559
1787107986.631742
1787107986.638928
1787107986.645934
1787107986.652916
1787107986.659964
1787107986.667094
1787107986.674048
1787107986.681175
1787107986.688172
1787107986.695282
1787107986.702560
1787107986.709635
1787107986.716731
1787107986.723867
1787107986.730934
1787107986.737968
1787107986.745011
1787107986.751962
1787107986.759114
1787107986.766116
1787107986.773422
1787107986.780471
1787107986.787419
1787107986.794459
1787107986.801630
1787107986.808507
1787107986.815578
1787107986.822787
1787107986.829793
1787107986.837024
1787107986.843990
1787107986.851221
1787107986.858345
1787107986.865534
1787107986.872604
1787107986.879881
1787107986.887118
1787107986.894547
1787107986.901614
1787107986.908525
1787107986.915543
1787107986.922539
1787107986.929430
1787107986.936403
1787107986.943377
1787107986.950476
1787107986.957497
1787107986.964521
1787107986.971531
1787107986.978670
1787107986.985508
1787107986.992644
1787107986.999726
1787107987.006700
1787107987.013747
1787107987.020906
1787107987.028023
1787107987.035069
1787107987.042122
1787107987.049250
1787107987.056438
1787107987.063497
1787107987.070569
1787107987.077542
1787107987.084703
1787107987.091745
1787107987.098789
1787107987.105831
1787107987.112887
1787107987.119949
1787107987.127066
1787107987.134108
1787107987.141175
1787107987.148175
1787107987.155482
1787107987.162733
1787107987.169748
1787107987.176788
1787107987.183939
1787107987.190972
1787107987.198051
1787107987.205186
1787107987.212328
1787107987.219779
1787107987.226792
1787107987.233851
1787107987.240818
1787107987.247967
1787107987.255028
1787107987.262156
1787107987.269271
1787107987.276298
1787107987.283282
1787107987.290322
1787107987.297382
1787107987.304619
1787107987.311576
1787107987.318674
1787107987.325681
1787107987.332810
1787107987.340003
1787107987.347249
1787107987.354241
1787107987.361205
1787107987.368192
1787107987.375169
1787107987.382297
1787107987.389271
1787107987.396437
1787107987.403583
1787107987.410625
1787107987.417619
1787107987.424622
1787107987.431736
1787107987.438928
1787107987.445891
1787107987.453010
1787107987.460047
1787107987.467003
1787107987.474091
1787107987.481204
1787107987.488272
1787107987.495403
1787107987.502535
1787107987.509732
1787107987.517029
1787107987.524056
1787107987.531108
1787107987.538196
1787107987.545449
1787107987.552641
1787107987.559779
1787107987.566754
1787107987.574039
1787107987.581043
1787107987.588171
1787107987.595330
1787107987.602544
1787107987.609803
1787107987.617068
1787107987.624038
1787107987.631122
1787107987.638370
1787107987.645361
1787107987.652557
1787107987.659589
1787107987.666596
1787107987.673687
1787107987.680915
1787107987.687948
1787107987.695065
1787107987.702067
1787107987.709275
1787107987.716410
1787107987.723605
1787107987.730783
1787107987.737807
1787107987.744960
1787107987.752016
1787107987.759119
1787107987.766142
1787107987.773188
1787107987.780346
1787107987.787441
1787107987.794566
1787107987.801811
1787107987.808916
1787107987.815912
1787107987.822976
1787107987.830104
1787107987.837219
1787107987.844385
1787107987.851488
1787107987.858859
1787107987.866545
1787107987.874001
1787107987.881466
1787107987.889066
1787107987.896786
1787107987.904547
1787107987.911521
1787107987.918636
1787107987.925621
1787107987.932726
1787107987.939899
1787107987.947146
1787107987.954429
1787107987.961674
1787107987.968663
1787107987.975735
1787107987.982892
1787107987.990054
1787107987.997188
1787107988.004339
1787107988.011456
1787107988.018613
1787107988.025672
1787107988.032853
1787107988.040030
1787107988.047209
1787107988.054419
1787107988.061614
1787107988.068741
1787107988.075857
1787107988.083142
1787107988.090168
1787107988.097435
1787107988.104599
1787107988.111770
1787107988.119007
1787107988.126163
1787107988.133287
1787107988.140510
