1787107910.804213
1787107910.808802
1787107910.813552
1787107910.818424
1787107910.823264
1787107910.828136
1787107910.832972
1787107910.837755
1787107910.842566
1787107910.847327
1787107910.852251
1787107910.857186
1787107910.861961
1787107910.866724
1787107910.871477
1787107910.876348
1787107910.881344
1787107910.886202
1787107910.890981
1787107910.896251
1787107910.901257
1787107910.906041
1787107910.911071
1787107910.916035
1787107910.920890
1787107910.925818
1787107910.930666
1787107910.935542
1787107910.940417
1787107910.945194
1787107910.950094
1787107910.955103
1787107910.959880
1787107910.964723
1787107910.969412
1787107910.974301
1787107910.979192
1787107910.984108
1787107910.988897
1787107910.993844
1787107910.998918
1787107911.003755
1787107911.008465
1787107911.013359
1787107911.018180
1787107911.022929
1787107911.028012
1787107911.032726
1787107911.037709
1787107911.042448
1787107911.047273
1787107911.052196
1787107911.057165
1787107911.061967
1787107911.066970
1787107911.071947
1787107911.077039
1787107911.081976
1787107911.086761
1787107911.091642
1787107911.096677
1787107911.101787
1787107911.106581
1787107911.111398
1787107911.116404
1787107911.121350
1787107911.126151
1787107911.131011
1787107911.135879
1787107911.140999
1787107911.146000
1787107911.150868
1787107911.155890
1787107911.160816
1787107911.165710
1787107911.170735
1787107911.175807
1787107911.181120
1787107911.185939
1787107911.190886
1787107911.196077
1787107911.200970
1787107911.205864
1787107911.210815
1787107911.215847
1787107911.220877
1787107911.225738
1787107911.230735
1787107911.235652
1787107911.240607
1787107911.245409
1787107911.250262
1787107911.255388
1787107911.260559
1787107911.265482
1787107911.270350
1787107911.275545
1787107911.280422
1787107911.285197
1787107911.290132
1787107911.295279
1787107911.300124
1787107911.304957
1787107911.309784
1787107911.314786
1787107911.319899
1787107911.324648
1787107911.329558
1787107911.334457
1787107911.339199
1787107911.344260
1787107911.349159
1787107911.353914
1787107911.358924
1787107911.363722
1787107911.368729
1787107911.373546
1787107911.378338
1787107911.383338
1787107911.388215
1787107911.393013
1787107911.397980
1787107911.402799
1787107911.407619
1787107911.412382
1787107911.417412
1787107911.422142
1787107911.427103
1787107911.432209
1787107911.437278
1787107911.442171
1787107911.446969
1787107911.451918
1787107911.456985
1787107911.461726
1787107911.466712
1787107911.471580
1787107911.476512
1787107911.481443
1787107911.486231
1787107911.491136
1787107911.496158
1787107911.501069
1787107911.505831
1787107911.510931
1787107911.515979
1787107911.520752
1787107911.525758
1787107911.530712
1787107911.535738
1787107911.540676
1787107911.545413
1787107911.550356
1787107911.555213
1787107911.560093
1787107911.564958
1787107911.569857
1787107911.574626
1787107911.579565
1787107911.584747
1787107911.590113
1787107911.595057
1787107911.600052
1787107911.604954
1787107911.609735
1787107911.614657
1787107911.619879
1787107911.624817
1787107911.629481
1787107911.634441
1787107911.639555
1787107911.644337
1787107911.649072
1787107911.653923
1787107911.658739
1787107911.663563
1787107911.668348
1787107911.673103
1787107911.678010
1787107911.682884
1787107911.687775
1787107911.692572
1787107911.697552
1787107911.702433
1787107911.707165
1787107911.712007
1787107911.717082
1787107911.721977
1787107911.726745
1787107911.731478
1787107911.736525
1787107911.741216
1787107911.745952
1787107911.750858
1787107911.755712
1787107911.760536
1787107911.765273
1787107911.770083
1787107911.774854
1787107911.779825
1787107911.784663
1787107911.789310
1787107911.794151
1787107911.799013
1787107911.803880
1787107911.808697
1787107911.813648
1787107911.818577
1787107911.823360
1787107911.828212
1787107911.833076
1787107911.837974
1787107911.842804
1787107911.847656
1787107911.852564
1787107911.857558
1787107911.862663
1787107911.867536
1787107911.872485
1787107911.877481
1787107911.882284
1787107911.887043
1787107911.891932
1787107911.896780
1787107911.901756
1787107911.906607
1787107911.911563
1787107911.916510
1787107911.921350
1787107911.926251
1787107911.931216
1787107911.936057
1787107911.940880
1787107911.945645
1787107911.950556
1787107911.955411
1787107911.960249
1787107911.965169
1787107911.969940
1787107911.974939
1787107911.979962
1787107911.984724
1787107911.989612
1787107911.994477
1787107911.999372
1787107912.004217
1787107912.009324
1787107912.014069
1787107912.019039
1787107912.023922
1787107912.028780
1787107912.033574
1787107912.038531
1787107912.043475
1787107912.048361
1787107912.053207
1787107912.058092
1787107912.062927
1787107912.067765
1787107912.072613
1787107912.077740
1787107912.082586
1787107912.087398
1787107912.092276
1787107912.097203
1787107912.102026
1787107912.107232
1787107912.112333
1787107912.117599
1787107912.122602
1787107912.127505
1787107912.132627
1787107912.137814
1787107912.142731
1787107912.147626
1787107912.152443
1787107912.157312
1787107912.162318
1787107912.167130
1787107912.172052
1787107912.176967
1787107912.181998
1787107912.186748
1787107912.191637
1787107912.196467
1787107912.201399
1787107912.206556
1787107912.211330
1787107912.216434
1787107912.221181
1787107912.225994
1787107912.230880
1787107912.235677
1787107912.240571
1787107912.245452
1787107912.250152
1787107912.255151
1787107912.260037
1787107912.264993
1787107912.269816
1787107912.274690
1787107912.279746
1787107912.284491
1787107912.289351
1787107912.294299
1787107912.299347
1787107912.304539
1787107912.309291
1787107912.314126
1787107912.319188
1787107912.324175
1787107912.329005
1787107912.333794
1787107912.338869
1787107912.343893
1787107912.348816
1787107912.353739
1787107912.358745
1787107912.363656
1787107912.368623
1787107912.373576
1787107912.378711
1787107912.383639
1787107912.388521
1787107912.393346
1787107912.398778
1787107912.403920
1787107912.408769
1787107912.413857
1787107912.419147
1787107912.424061
1787107912.429111
1787107912.433958
1787107912.439065
1787107912.444098
1787107912.448852
1787107912.453803
1787107912.458896
1787107912.463766
1787107912.468573
1787107912.473574
1787107912.478467
1787107912.483320
1787107912.488289
1787107912.493413
1787107912.498552
1787107912.503364
1787107912.508135
1787107912.513142
1787107912.518255
1787107912.523170
1787107912.528105
1787107912.532903
1787107912.538045
1787107912.542899
1787107912.548028
1787107912.552836
1787107912.557751
1787107912.562900
1787107912.567674
1787107912.572676
1787107912.577546
1787107912.582988
1787107912.587726
1787107912.592667
1787107912.597566
1787107912.602453
1787107912.607322
1787107912.612170
1787107912.617127
1787107912.621935
1787107912.626756
1787107912.631593
1787107912.636570
1787107912.641353
1787107912.646207
1787107912.651046
1787107912.656007
1787107912.660850
1787107912.665963
1787107912.670821
1787107912.675666
1787107912.680498
1787107912.685430
1787107912.690507
1787107912.695631
1787107912.700372
1787107912.705380
1787107912.710145
1787107912.715077
1787107912.719988
1787107912.724836
1787107912.729713
1787107912.734538
1787107912.739420
1787107912.744280
1787107912.749449
1787107912.754205
1787107912.759083
1787107912.763817
1787107912.768685
1787107912.773514
1787107912.778371
1787107912.783143
1787107912.787942
1787107912.792833
1787107912.797792
1787107912.802676
1787107912.807617
1787107912.812580
1787107912.817371
1787107912.822288
1787107912.827298
1787107912.832078
1787107912.837040
1787107912.841844
1787107912.846693
1787107912.851646
1787107912.856781
1787107912.861588
1787107912.866402
1787107912.871223
1787107912.876198
1787107912.880990
1787107912.885919
1787107912.890849
1787107912.895843
1787107912.900686
1787107912.905772
1787107912.910857
1787107912.915876
1787107912.920728
1787107912.925651
1787107912.930495
1787107912.935500
1787107912.940420
1787107912.945260
1787107912.950186
1787107912.955426
1787107912.960639
1787107912.965543
1787107912.970387
1787107912.975452
1787107912.980354
1787107912.985278
1787107912.990026
1787107912.995256
1787107913.000125
1787107913.004895
1787107913.009693
1787107913.014703
1787107913.019593
1787107913.024352
1787107913.029174
1787107913.033879
1787107913.038907
1787107913.043730
1787107913.048534
1787107913.053246
1787107913.058226
1787107913.063056
1787107913.067867
1787107913.072628
1787107913.077835
1787107913.082858
1787107913.087726
1787107913.092540
1787107913.097385
1787107913.102241
1787107913.107002
1787107913.112090
1787107913.116958
1787107913.121768
1787107913.126661
1787107913.131690
1787107913.136738
1787107913.141598
1787107913.146517
1787107913.151380
1787107913.156252
1787107913.161052
1787107913.165749
1787107913.170891
1787107913.175847
1787107913.180682
1787107913.185502
1787107913.190284
1787107913.195281
1787107913.200056
1787107913.204863
1787107913.209646
1787107913.214684
1787107913.219654
1787107913.224548
1787107913.229434
1787107913.234481
1787107913.239406
1787107913.244404
1787107913.249234
1787107913.254117
1787107913.259036
1787107913.264106
1787107913.268806
1787107913.273629
1787107913.278609
1787107913.283482
1787107913.288266
1787107913.293092
1787107913.297897
1787107913.302923
1787107913.307872
1787107913.312831
1787107913.317778
1787107913.322684
1787107913.327618
1787107913.332582
1787107913.337543
1787107913.342330
1787107913.347133
1787107913.352145
1787107913.357375
1787107913.362305
1787107913.367316
1787107913.372294
1787107913.377254
1787107913.381976
1787107913.386895
1787107913.391650
1787107913.396744
1787107913.401562
1787107913.406398
1787107913.411332
1787107913.416108
1787107913.421200
1787107913.426190
1787107913.431298
1787107913.436388
1787107913.441228
1787107913.446113
1787107913.451068
1787107913.456260
1787107913.461055
1787107913.466005
1787107913.470972
1787107913.475977
1787107913.480842
1787107913.485726
1787107913.490529
1787107913.496044
1787107913.500969
1787107913.505881
1787107913.510795
1787107913.515871
1787107913.520630
1787107913.525492
1787107913.530290
1787107913.535234
1787107913.540051
1787107913.544950
1787107913.549714
1787107913.554862
1787107913.559676
1787107913.564555
1787107913.569348
1787107913.574374
1787107913.579401
1787107913.584169
1787107913.588964
1787107913.593903
1787107913.598844
1787107913.603681
1787107913.608638
1787107913.613490
1787107913.618274
1787107913.623291
1787107913.628107
1787107913.632964
1787107913.637826
1787107913.642803
1787107913.647548
1787107913.652540
1787107913.657778
1787107913.662691
1787107913.667513
1787107913.672386
1787107913.677330
1787107913.682149
1787107913.686901
1787107913.691867
1787107913.696684
1787107913.701533
1787107913.706410
1787107913.711360
1787107913.716342
1787107913.721263
1787107913.726104
1787107913.731134
1787107913.736033
1787107913.740857
1787107913.745665
1787107913.750646
