1787107945.898977
1787107945.904401
1787107945.909573
1787107945.914792
1787107945.920157
1787107945.925448
1787107945.930598
1787107945.935811
1787107945.941002
1787107945.946177
1787107945.951507
1787107945.956791
1787107945.962027
1787107945.967255
1787107945.972343
1787107945.977562
1787107945.982793
1787107945.988006
1787107945.993111
1787107945.998280
1787107946.003485
1787107946.008677
1787107946.013896
1787107946.019074
1787107946.024240
1787107946.029514
1787107946.034617
1787107946.039786
1787107946.044956
1787107946.050118
1787107946.055259
1787107946.060487
1787107946.065784
1787107946.071079
1787107946.076250
1787107946.081514
1787107946.086715
1787107946.091910
1787107946.097136
1787107946.102448
1787107946.107554
1787107946.112639
1787107946.117803
1787107946.122944
1787107946.128093
1787107946.133351
1787107946.138428
1787107946.143632
1787107946.148908
1787107946.154241
1787107946.159421
1787107946.164562
1787107946.169781
1787107946.175100
1787107946.180240
1787107946.185478
1787107946.190608
1787107946.195870
1787107946.200935
1787107946.206061
1787107946.211439
1787107946.216782
1787107946.222203
1787107946.227358
1787107946.232628
1787107946.237831
1787107946.242900
1787107946.247959
1787107946.253125
1787107946.258457
1787107946.263634
1787107946.268857
1787107946.274012
1787107946.279287
1787107946.284532
1787107946.289732
1787107946.294873
1787107946.300027
1787107946.305245
1787107946.310356
1787107946.315732
1787107946.320892
1787107946.326077
1787107946.331308
1787107946.336568
1787107946.341831
1787107946.347117
1787107946.352270
1787107946.357488
1787107946.362781
1787107946.368033
1787107946.373221
1787107946.378446
1787107946.383559
1787107946.388743
1787107946.394060
1787107946.399247
1787107946.404424
1787107946.409588
1787107946.414717
1787107946.420186
1787107946.425246
1787107946.430564
1787107946.435691
1787107946.440953
1787107946.446231
1787107946.451423
1787107946.456663
1787107946.461923
1787107946.467022
1787107946.472149
1787107946.477372
1787107946.482409
1787107946.487926
1787107946.493114
1787107946.498352
1787107946.503639
1787107946.508805
1787107946.513945
1787107946.519231
1787107946.524443
1787107946.529583
1787107946.534725
1787107946.539959
1787107946.545303
1787107946.550425
1787107946.555672
1787107946.560908
1787107946.566029
1787107946.571322
1787107946.576535
1787107946.581747
1787107946.586940
1787107946.592293
1787107946.597727
1787107946.603150
1787107946.608332
1787107946.613505
1787107946.618646
1787107946.624012
1787107946.629210
1787107946.634423
1787107946.639763
1787107946.644891
1787107946.650248
1787107946.655647
1787107946.660808
1787107946.666013
1787107946.671180
1787107946.676405
1787107946.681573
1787107946.686808
1787107946.691877
1787107946.697150
1787107946.702643
1787107946.707831
1787107946.712934
1787107946.718551
1787107946.723675
1787107946.729063
1787107946.734191
1787107946.739394
1787107946.744689
1787107946.749804
1787107946.755081
1787107946.760460
1787107946.765565
1787107946.770767
1787107946.775964
1787107946.781073
1787107946.786417
1787107946.791625
1787107946.796806
1787107946.801900
1787107946.807070
1787107946.812188
1787107946.817312
1787107946.822467
1787107946.827602
1787107946.832821
1787107946.838087
1787107946.843300
1787107946.848320
1787107946.853583
1787107946.858699
1787107946.863928
1787107946.869122
1787107946.874272
1787107946.879564
1787107946.884743
1787107946.889879
1787107946.895002
1787107946.900190
1787107946.905413
1787107946.910665
1787107946.915899
1787107946.920947
1787107946.926164
1787107946.931403
1787107946.936708
1787107946.941874
1787107946.947073
1787107946.952358
1787107946.957421
1787107946.962529
1787107946.967885
1787107946.973049
1787107946.978287
1787107946.983718
1787107946.988912
1787107946.994164
1787107946.999383
1787107947.004631
1787107947.009898
1787107947.015195
1787107947.020425
1787107947.025666
1787107947.030978
1787107947.036330
1787107947.041562
1787107947.046722
1787107947.051989
1787107947.057120
1787107947.062337
1787107947.067627
1787107947.072804
1787107947.077875
1787107947.083187
1787107947.088239
1787107947.093457
1787107947.098742
1787107947.103969
1787107947.109099
1787107947.114457
1787107947.119703
1787107947.124921
1787107947.130201
1787107947.135396
1787107947.140632
1787107947.145851
1787107947.151096
1787107947.156406
1787107947.161594
1787107947.166731
1787107947.171901
1787107947.177142
1787107947.182174
1787107947.187303
1787107947.192451
1787107947.197718
1787107947.203057
1787107947.208185
1787107947.213345
1787107947.218578
1787107947.223781
1787107947.228956
1787107947.234146
1787107947.239418
1787107947.244696
1787107947.249902
1787107947.255114
1787107947.260281
1787107947.265443
1787107947.270668
1787107947.276011
1787107947.281304
1787107947.286667
1787107947.292037
1787107947.297448
1787107947.302661
1787107947.307900
1787107947.313112
1787107947.318216
1787107947.323525
1787107947.328794
1787107947.334071
1787107947.339466
1787107947.344639
1787107947.350061
1787107947.355233
1787107947.360427
1787107947.365556
1787107947.370742
1787107947.376014
1787107947.381272
1787107947.386518
1787107947.391620
1787107947.396956
1787107947.402068
1787107947.407252
1787107947.412487
1787107947.417638
1787107947.422819
1787107947.428033
1787107947.433339
1787107947.438509
1787107947.443602
1787107947.448814
1787107947.454103
1787107947.459377
1787107947.464652
1787107947.469904
1787107947.475113
1787107947.480242
1787107947.485485
1787107947.490616
1787107947.495805
1787107947.501096
1787107947.506279
1787107947.511692
1787107947.516996
1787107947.522078
1787107947.527369
1787107947.532632
1787107947.537877
1787107947.543206
1787107947.548487
1787107947.553725
1787107947.558941
1787107947.564208
1787107947.569455
1787107947.574656
1787107947.580188
1787107947.585482
1787107947.590668
1787107947.596043
1787107947.601147
1787107947.606274
1787107947.611652
1787107947.616971
1787107947.622242
1787107947.627380
1787107947.632497
1787107947.637701
1787107947.642947
1787107947.648172
1787107947.653401
1787107947.658547
1787107947.663761
1787107947.669210
1787107947.674633
1787107947.680214
1787107947.685902
1787107947.691399
1787107947.696851
1787107947.702503
1787107947.707768
1787107947.712975
1787107947.718278
1787107947.723606
1787107947.728849
1787107947.734007
1787107947.739218
1787107947.744368
1787107947.749668
1787107947.754896
1787107947.760131
1787107947.765342
1787107947.770739
1787107947.775917
1787107947.781401
1787107947.786708
1787107947.791934
1787107947.797181
1787107947.802462
1787107947.807805
1787107947.812934
1787107947.818026
1787107947.823383
1787107947.828690
1787107947.833982
1787107947.839179
1787107947.844389
1787107947.849746
1787107947.854992
1787107947.860306
1787107947.865576
1787107947.870796
1787107947.875923
1787107947.881117
1787107947.886347
1787107947.891642
1787107947.896887
1787107947.902037
1787107947.907252
1787107947.912535
1787107947.917718
1787107947.922939
1787107947.928185
1787107947.933628
1787107947.938821
1787107947.943978
1787107947.949192
1787107947.954521
1787107947.959764
1787107947.964974
1787107947.970328
1787107947.975523
1787107947.980794
1787107947.985926
1787107947.991275
1787107947.996473
1787107948.001568
1787107948.006765
1787107948.011934
1787107948.017308
1787107948.022548
1787107948.027697
1787107948.032943
1787107948.038303
1787107948.043628
1787107948.048871
1787107948.054175
1787107948.059447
1787107948.064807
1787107948.069995
1787107948.075227
1787107948.080397
1787107948.085759
1787107948.090936
1787107948.096314
1787107948.101520
1787107948.106600
1787107948.112005
1787107948.117223
1787107948.122448
1787107948.127835
1787107948.133122
1787107948.138438
1787107948.143842
1787107948.149172
1787107948.154260
1787107948.159461
1787107948.164788
1787107948.169961
1787107948.175080
1787107948.180438
1787107948.185687
1787107948.190808
1787107948.196068
1787107948.201271
1787107948.206439
1787107948.211722
1787107948.216932
1787107948.222224
1787107948.227656
1787107948.232774
1787107948.237920
1787107948.243145
1787107948.248459
1787107948.253725
1787107948.258904
1787107948.264025
1787107948.269364
1787107948.274586
1787107948.279835
1787107948.285046
1787107948.290257
1787107948.295597
1787107948.300793
1787107948.306053
1787107948.311191
1787107948.316370
1787107948.321535
1787107948.326887
1787107948.332090
1787107948.337342
1787107948.342569
1787107948.347763
1787107948.352971
1787107948.358294
1787107948.363487
1787107948.368825
1787107948.373973
1787107948.379282
1787107948.384562
1787107948.389807
1787107948.395077
1787107948.400354
1787107948.405614
1787107948.411012
1787107948.416345
1787107948.421540
1787107948.426772
1787107948.431983
1787107948.437175
1787107948.442301
1787107948.447456
1787107948.452684
1787107948.457783
1787107948.463099
1787107948.468268
1787107948.473437
1787107948.478730
1787107948.484123
1787107948.489414
1787107948.494677
1787107948.499877
1787107948.505076
1787107948.510277
1787107948.515495
1787107948.520585
1787107948.525763
1787107948.530977
1787107948.536208
1787107948.541309
1787107948.546613
1787107948.551826
1787107948.557116
1787107948.562365
1787107948.567705
1787107948.572863
1787107948.578034
1787107948.583287
1787107948.588525
1787107948.593843
1787107948.599074
1787107948.604254
1787107948.609443
1787107948.614595
1787107948.620037
1787107948.625323
1787107948.630712
1787107948.636021
1787107948.641100
1787107948.646469
1787107948.651620
1787107948.656934
1787107948.662099
1787107948.667598
1787107948.672917
1787107948.678239
1787107948.683513
1787107948.688811
1787107948.693963
1787107948.699243
1787107948.704485
1787107948.709664
1787107948.714867
1787107948.720292
1787107948.725462
1787107948.730602
1787107948.735890
1787107948.741110
1787107948.746344
1787107948.751603
1787107948.756781
1787107948.761955
1787107948.767356
1787107948.772507
1787107948.777857
1787107948.783075
1787107948.788420
1787107948.793628
1787107948.798929
1787107948.804147
1787107948.809323
1787107948.814509
1787107948.819769
1787107948.825099
1787107948.830362
1787107948.835632
1787107948.840770
1787107948.845948
1787107948.851166
1787107948.856405
1787107948.861482
1787107948.866770
1787107948.872063
1787107948.877321
1787107948.882520
1787107948.887732
1787107948.893023
1787107948.898280
1787107948.903548
1787107948.908897
1787107948.914197
1787107948.919497
1787107948.924646
1787107948.930099
1787107948.935649
1787107948.940923
1787107948.946130
1787107948.951351
1787107948.956685
1787107948.961902
1787107948.967085
1787107948.972327
1787107948.977731
1787107948.983011
1787107948.988283
1787107948.993542
1787107948.998732
1787107949.003889
1787107949.009226
1787107949.014352
1787107949.019682
1787107949.025024
1787107949.030335
1787107949.035638
1787107949.040944
