1787107953.131549
1787107953.136107
1787107953.141032
1787107953.146142
1787107953.151481
1787107953.156689
1787107953.161764
1787107953.167015
1787107953.172092
1787107953.177295
1787107953.182585
1787107953.187674
1787107953.193322
1787107953.198438
1787107953.203527
1787107953.208748
1787107953.213794
1787107953.219102
1787107953.224328
1787107953.229459
1787107953.234623
1787107953.239698
1787107953.244883
1787107953.250104
1787107953.255315
1787107953.260871
1787107953.266137
1787107953.271247
1787107953.276459
1787107953.281586
1787107953.286919
1787107953.292134
1787107953.297437
1787107953.302638
1787107953.307881
1787107953.313030
1787107953.318174
1787107953.323291
1787107953.328381
1787107953.333521
1787107953.338747
1787107953.343874
1787107953.349070
1787107953.354372
1787107953.359534
1787107953.364937
1787107953.370101
1787107953.375313
1787107953.380554
1787107953.385756
1787107953.390954
1787107953.396203
1787107953.401248
1787107953.406524
1787107953.411849
1787107953.417315
1787107953.422474
1787107953.427647
1787107953.432844
1787107953.438144
1787107953.443394
1787107953.448601
1787107953.453768
1787107953.459028
1787107953.464348
1787107953.469531
1787107953.474739
1787107953.480051
1787107953.485244
1787107953.490476
1787107953.495715
1787107953.500888
1787107953.506104
1787107953.511414
1787107953.516701
1787107953.522023
1787107953.527270
1787107953.532389
1787107953.537646
1787107953.542782
1787107953.548056
1787107953.553224
1787107953.558439
1787107953.563785
1787107953.568989
1787107953.574239
1787107953.579445
1787107953.584644
1787107953.589708
1787107953.594776
1787107953.600160
1787107953.605380
1787107953.610563
1787107953.615824
1787107953.621066
1787107953.626351
1787107953.631630
1787107953.636900
1787107953.642024
1787107953.647306
1787107953.652521
1787107953.657583
1787107953.662833
1787107953.668168
1787107953.673231
1787107953.678535
1787107953.683758
1787107953.688865
1787107953.693975
1787107953.699289
1787107953.704675
1787107953.709798
1787107953.714942
1787107953.720176
1787107953.725465
1787107953.730725
1787107953.735919
1787107953.741061
1787107953.746314
1787107953.751469
1787107953.756812
1787107953.761903
1787107953.767037
1787107953.772253
1787107953.777436
1787107953.782653
1787107953.787977
1787107953.793227
1787107953.798476
1787107953.803567
1787107953.808733
1787107953.813905
1787107953.819067
1787107953.824244
1787107953.829482
1787107953.834802
1787107953.839977
1787107953.845074
1787107953.850265
1787107953.855390
1787107953.860640
1787107953.865815
1787107953.871058
1787107953.876473
1787107953.881578
1787107953.886631
1787107953.891803
1787107953.897042
1787107953.902223
1787107953.907425
1787107953.912667
1787107953.917904
1787107953.923073
1787107953.928215
1787107953.933484
1787107953.938892
1787107953.944070
1787107953.949127
1787107953.954439
1787107953.959660
1787107953.964899
1787107953.970053
1787107953.975254
1787107953.980488
1787107953.985636
1787107953.990942
1787107953.996238
1787107954.001342
1787107954.006586
1787107954.011743
1787107954.017028
1787107954.022203
1787107954.027383
1787107954.032517
1787107954.037860
1787107954.043381
1787107954.048739
1787107954.053888
1787107954.059080
1787107954.064455
1787107954.069652
1787107954.074885
1787107954.080192
1787107954.085369
1787107954.090662
1787107954.095919
1787107954.101179
1787107954.106520
1787107954.111669
1787107954.116910
1787107954.122041
1787107954.127294
1787107954.132431
1787107954.137580
1787107954.142826
1787107954.148003
1787107954.153203
1787107954.158515
1787107954.163762
1787107954.168897
1787107954.173995
1787107954.179258
1787107954.184423
1787107954.189653
1787107954.194799
1787107954.200025
1787107954.205182
1787107954.210485
1787107954.215808
1787107954.221032
1787107954.226217
1787107954.231371
1787107954.236683
1787107954.241818
1787107954.246974
1787107954.252339
1787107954.257596
1787107954.262843
1787107954.268055
1787107954.273278
1787107954.278584
1787107954.283715
1787107954.288955
1787107954.294285
1787107954.299650
1787107954.304906
1787107954.310089
1787107954.315404
1787107954.320679
1787107954.326184
1787107954.331390
1787107954.336812
1787107954.342312
1787107954.347702
1787107954.352952
1787107954.358249
1787107954.363450
1787107954.368590
1787107954.373738
1787107954.379008
1787107954.384313
1787107954.389558
1787107954.394707
1787107954.399891
1787107954.405009
1787107954.410177
1787107954.415363
1787107954.420579
1787107954.425720
1787107954.430810
1787107954.436097
1787107954.441305
1787107954.446565
1787107954.451798
1787107954.457031
1787107954.462336
1787107954.467475
1787107954.472630
1787107954.477784
1787107954.482974
1787107954.488183
1787107954.493321
1787107954.498509
1787107954.503769
1787107954.508896
1787107954.514014
1787107954.519243
1787107954.524366
1787107954.529693
1787107954.534912
1787107954.540445
1787107954.545604
1787107954.550713
1787107954.556020
1787107954.561357
1787107954.566582
1787107954.571825
1787107954.577186
1787107954.582434
1787107954.587810
1787107954.593128
1787107954.598448
1787107954.603549
1787107954.609046
1787107954.614168
1787107954.619594
1787107954.624754
1787107954.629905
1787107954.635172
1787107954.640345
1787107954.645656
1787107954.650802
1787107954.656032
1787107954.661334
1787107954.666446
1787107954.671702
1787107954.677099
1787107954.682261
1787107954.687528
1787107954.692760
1787107954.698206
1787107954.703407
1787107954.709130
1787107954.714335
1787107954.719500
1787107954.724772
1787107954.729954
1787107954.735077
1787107954.740265
1787107954.745495
1787107954.750601
1787107954.755801
1787107954.761008
1787107954.766402
1787107954.771590
1787107954.776767
1787107954.781902
1787107954.787140
1787107954.792540
1787107954.797722
1787107954.803015
1787107954.808232
1787107954.813426
1787107954.818674
1787107954.823841
1787107954.829250
1787107954.834492
1787107954.839789
1787107954.845056
1787107954.850639
1787107954.855869
1787107954.861115
1787107954.866359
1787107954.871530
1787107954.876753
1787107954.881982
1787107954.887112
1787107954.892302
1787107954.897590
1787107954.902927
1787107954.908185
1787107954.913275
1787107954.918378
1787107954.923591
1787107954.928897
1787107954.934187
1787107954.939441
1787107954.944767
1787107954.949989
1787107954.955219
1787107954.960784
1787107954.966075
1787107954.971216
1787107954.976416
1787107954.981791
1787107954.987244
1787107954.992445
1787107954.997840
1787107955.003187
1787107955.008468
1787107955.013840
1787107955.018992
1787107955.024145
1787107955.029395
1787107955.034600
1787107955.040073
1787107955.045175
1787107955.050455
1787107955.055617
1787107955.060761
1787107955.065998
1787107955.071198
1787107955.076499
1787107955.081633
1787107955.086759
1787107955.092006
1787107955.097255
1787107955.102575
1787107955.107981
1787107955.113283
1787107955.118663
1787107955.123858
1787107955.128953
1787107955.134082
1787107955.139283
1787107955.144513
1787107955.149765
1787107955.155016
1787107955.160096
1787107955.165291
1787107955.170441
1787107955.175660
1787107955.180853
1787107955.186144
1787107955.191470
1787107955.196712
1787107955.201970
1787107955.207224
1787107955.212452
1787107955.217636
1787107955.222919
1787107955.228203
1787107955.233616
1787107955.238863
1787107955.244054
1787107955.249247
1787107955.254497
1787107955.259762
1787107955.265044
1787107955.270412
1787107955.275752
1787107955.280947
1787107955.286263
1787107955.291414
1787107955.296497
1787107955.301743
1787107955.307097
1787107955.312307
1787107955.317329
1787107955.322570
1787107955.327818
1787107955.333049
1787107955.338201
1787107955.343313
1787107955.348505
1787107955.353765
1787107955.358916
1787107955.364088
1787107955.369287
1787107955.374414
1787107955.379781
1787107955.384958
1787107955.390312
1787107955.396080
1787107955.401379
1787107955.406690
1787107955.411866
1787107955.417081
1787107955.422263
1787107955.427719
1787107955.433419
1787107955.438861
1787107955.444326
1787107955.449656
1787107955.454907
1787107955.460186
1787107955.465415
1787107955.470563
1787107955.475973
1787107955.481197
1787107955.486373
1787107955.491631
1787107955.496945
1787107955.502129
1787107955.507288
1787107955.512603
1787107955.517778
1787107955.522938
1787107955.528089
1787107955.533357
1787107955.538601
1787107955.543765
1787107955.548897
1787107955.554208
1787107955.559759
1787107955.565125
1787107955.570291
1787107955.575468
1787107955.580851
1787107955.586093
1787107955.591321
1787107955.596470
1787107955.601604
1787107955.606875
1787107955.612019
1787107955.617372
1787107955.622598
1787107955.627817
1787107955.633038
1787107955.638289
1787107955.643835
1787107955.649206
1787107955.654544
1787107955.659821
1787107955.664959
1787107955.670247
1787107955.675485
1787107955.680782
1787107955.686008
1787107955.691327
1787107955.696774
1787107955.702007
1787107955.707186
1787107955.712315
1787107955.717530
1787107955.722842
1787107955.728028
1787107955.733147
1787107955.738370
1787107955.743685
1787107955.749062
1787107955.754366
1787107955.759518
1787107955.764760
1787107955.769971
1787107955.775176
1787107955.780299
1787107955.785576
1787107955.790782
1787107955.796148
1787107955.801415
1787107955.806681
1787107955.811936
1787107955.817156
1787107955.822291
1787107955.827517
1787107955.832749
1787107955.837878
1787107955.843081
1787107955.848351
1787107955.853598
1787107955.858781
1787107955.863997
1787107955.869232
1787107955.874314
1787107955.879739
1787107955.885010
1787107955.890181
1787107955.895297
1787107955.900948
1787107955.906343
1787107955.911610
1787107955.916763
1787107955.922179
1787107955.927305
1787107955.932607
1787107955.937720
1787107955.942950
1787107955.948214
1787107955.953411
1787107955.958618
1787107955.963831
1787107955.968991
1787107955.974223
1787107955.979577
1787107955.984967
1787107955.990132
1787107955.995410
1787107956.000586
1787107956.005863
1787107956.011066
1787107956.016317
1787107956.021436
1787107956.026805
1787107956.032034
1787107956.037297
1787107956.042514
1787107956.047994
1787107956.053325
1787107956.058540
1787107956.063700
1787107956.068853
1787107956.074193
1787107956.079225
1787107956.084347
1787107956.089760
1787107956.095031
1787107956.100204
1787107956.105452
1787107956.110640
1787107956.115999
1787107956.121261
1787107956.126407
1787107956.131592
1787107956.136800
1787107956.142158
1787107956.147462
1787107956.152745
1787107956.158228
1787107956.163610
1787107956.168824
1787107956.174001
1787107956.179347
1787107956.184563
1787107956.189856
1787107956.195141
1787107956.200457
1787107956.205700
1787107956.211014
1787107956.216377
1787107956.221842
1787107956.227055
1787107956.232356
1787107956.237561
1787107956.242672
1787107956.248085
1787107956.253252
1787107956.258487
1787107956.263821
1787107956.269106
1787107956.274308
