1787107992.329591
1787107992.357188
1787107992.383179
1787107992.409340
1787107992.435388
1787107992.462080
1787107992.488374
1787107992.514504
1787107992.540680
1787107992.566703
1787107992.593158
1787107992.619466
1787107992.645545
1787107992.671930
1787107992.702330
1787107992.733086
1787107992.760837
1787107992.787798
1787107992.814820
1787107992.841648
1787107992.868357
1787107992.895298
1787107992.921735
1787107992.948616
1787107992.975187
1787107993.002765
1787107993.029645
1787107993.056036
1787107993.082544
1787107993.109193
1787107993.136598
1787107993.163384
1787107993.189946
1787107993.216187
1787107993.242714
1787107993.269914
1787107993.296518
1787107993.323134
1787107993.349925
1787107993.376368
1787107993.403219
1787107993.429606
1787107993.456085
1787107993.482568
1787107993.509077
1787107993.535939
1787107993.562752
1787107993.589164
1787107993.615645
1787107993.642309
1787107993.669061
1787107993.695254
1787107993.721596
1787107993.747918
1787107993.774282
1787107993.801403
1787107993.827731
1787107993.853819
1787107993.880121
1787107993.906498
1787107993.933544
1787107993.960186
1787107993.986413
1787107994.012924
1787107994.039096
1787107994.066701
1787107994.093005
1787107994.119251
1787107994.145413
1787107994.171741
1787107994.198421
1787107994.224859
1787107994.250994
1787107994.276935
1787107994.302854
1787107994.330057
1787107994.356333
1787107994.382424
1787107994.408425
1787107994.434905
1787107994.461665
1787107994.487655
1787107994.514086
1787107994.540495
1787107994.566851
1787107994.593423
1787107994.619819
1787107994.645964
1787107994.672222
1787107994.699069
1787107994.725675
1787107994.751804
1787107994.778024
1787107994.803832
1787107994.830050
1787107994.856717
1787107994.883143
1787107994.909146
1787107994.935331
1787107994.961551
1787107994.987946
1787107995.014150
1787107995.040703
1787107995.067217
1787107995.093460
1787107995.120677
1787107995.147945
1787107995.173671
1787107995.200008
1787107995.226387
1787107995.253282
1787107995.279657
1787107995.305743
1787107995.331830
1787107995.357867
1787107995.384416
1787107995.410972
1787107995.437320
1787107995.463490
1787107995.489714
1787107995.516382
1787107995.542561
1787107995.568602
1787107995.594708
1787107995.620818
1787107995.647368
1787107995.673976
1787107995.700400
1787107995.726285
1787107995.752620
1787107995.779371
1787107995.805721
1787107995.831844
1787107995.858150
1787107995.884247
1787107995.911414
1787107995.938784
1787107995.965530
1787107995.992244
1787107996.018970
1787107996.045851
1787107996.072741
1787107996.099576
1787107996.126378
1787107996.152878
1787107996.180078
1787107996.206881
1787107996.233599
1787107996.260316
1787107996.286894
1787107996.314493
1787107996.341567
1787107996.368707
1787107996.395337
1787107996.422329
1787107996.449301
1787107996.476503
1787107996.503333
1787107996.530191
1787107996.557444
1787107996.584841
1787107996.612058
1787107996.639469
1787107996.666472
1787107996.693577
1787107996.721381
1787107996.748224
1787107996.775082
1787107996.802228
1787107996.829543
1787107996.857423
1787107996.885158
1787107996.912546
1787107996.939868
1787107996.966889
1787107996.994586
1787107997.021802
1787107997.049108
1787107997.076133
1787107997.103172
1787107997.130686
1787107997.158244
1787107997.185240
1787107997.212117
1787107997.239588
1787107997.267315
1787107997.294666
1787107997.321680
1787107997.348975
1787107997.376307
1787107997.404306
1787107997.431303
1787107997.458337
1787107997.485397
1787107997.512543
1787107997.540354
1787107997.567879
1787107997.595029
1787107997.622451
1787107997.649558
1787107997.677393
1787107997.704703
1787107997.732103
1787107997.759644
1787107997.787246
1787107997.814810
1787107997.842494
1787107997.869846
1787107997.897441
1787107997.926210
1787107997.956146
1787107997.984200
1787107998.011769
1787107998.039447
1787107998.066823
1787107998.094787
1787107998.122544
1787107998.150442
1787107998.178178
1787107998.206063
1787107998.234139
1787107998.261718
1787107998.289241
1787107998.317232
1787107998.344688
1787107998.372626
1787107998.400285
1787107998.427785
1787107998.455493
1787107998.483814
1787107998.511729
1787107998.539365
1787107998.567232
1787107998.594501
1787107998.622326
1787107998.649975
1787107998.678170
1787107998.705833
1787107998.733528
1787107998.761218
1787107998.788938
1787107998.817458
1787107998.845326
1787107998.873026
1787107998.900623
1787107998.928917
1787107998.957050
1787107998.984967
1787107999.012762
1787107999.040404
1787107999.068456
1787107999.095996
1787107999.123901
1787107999.151487
1787107999.179377
1787107999.207494
1787107999.235538
1787107999.262887
1787107999.290491
1787107999.318214
1787107999.345834
1787107999.373779
1787107999.401479
1787107999.429216
1787107999.457220
1787107999.485329
1787107999.513467
1787107999.541260
1787107999.569421
1787107999.597154
1787107999.625575
1787107999.653690
1787107999.681467
1787107999.708979
1787107999.736743
1787107999.765044
1787107999.792860
1787107999.820828
1787107999.848579
1787107999.876382
1787107999.904343
1787107999.932254
1787107999.960027
1787107999.987796
1787108000.015676
1787108000.043740
1787108000.071351
1787108000.099105
1787108000.126489
1787108000.154022
1787108000.182691
1787108000.210760
1787108000.238872
1787108000.266662
1787108000.294647
1787108000.322765
1787108000.350414
1787108000.378102
1787108000.406142
1787108000.434070
1787108000.462267
1787108000.490490
1787108000.519134
1787108000.547505
1787108000.575591
1787108000.603924
1787108000.632047
1787108000.660059
1787108000.688035
1787108000.716368
1787108000.744276
1787108000.772298
1787108000.800551
1787108000.828231
1787108000.855980
1787108000.884000
1787108000.912065
1787108000.940049
1787108000.968032
1787108000.996451
1787108001.024716
1787108001.052590
1787108001.080765
1787108001.108398
1787108001.136328
1787108001.165015
1787108001.193402
1787108001.222375
1787108001.250548
1787108001.278937
1787108001.307402
1787108001.335817
1787108001.363731
1787108001.391865
1787108001.420208
1787108001.448615
1787108001.476808
1787108001.506465
1787108001.535611
1787108001.564177
1787108001.592825
1787108001.621430
1787108001.649570
1787108001.677713
1787108001.705775
1787108001.734713
1787108001.763702
1787108001.793872
1787108001.822319
1787108001.850816
1787108001.879981
1787108001.909049
1787108001.938016
1787108001.966317
1787108001.994569
1787108002.023196
1787108002.051668
1787108002.079875
1787108002.107751
1787108002.135637
1787108002.163750
1787108002.191965
1787108002.220139
1787108002.248090
1787108002.276568
1787108002.305848
1787108002.334216
1787108002.362448
1787108002.391030
1787108002.419405
1787108002.447874
1787108002.475974
1787108002.504089
1787108002.532307
1787108002.560672
1787108002.588678
1787108002.616986
1787108002.646262
1787108002.674540
1787108002.703555
1787108002.732332
1787108002.760739
1787108002.789030
1787108002.818002
1787108002.846763
1787108002.875796
1787108002.904437
1787108002.933277
1787108002.961747
1787108002.990069
1787108003.018862
1787108003.047216
1787108003.075624
1787108003.104875
1787108003.133854
1787108003.163132
1787108003.191983
1787108003.220769
1787108003.248720
1787108003.277436
1787108003.306143
1787108003.334655
1787108003.363560
1787108003.392116
1787108003.420364
1787108003.448822
1787108003.477663
1787108003.506153
1787108003.534950
1787108003.563868
1787108003.592536
1787108003.621321
1787108003.649653
1787108003.677887
1787108003.705629
1787108003.733985
1787108003.762459
1787108003.790613
1787108003.818866
1787108003.847888
1787108003.877025
1787108003.906415
1787108003.934737
1787108003.963581
1787108003.992111
1787108004.021008
1787108004.050074
1787108004.078885
1787108004.107464
1787108004.135927
1787108004.165088
1787108004.193614
1787108004.222513
1787108004.251066
1787108004.280142
1787108004.309165
1787108004.337727
1787108004.366149
1787108004.394286
1787108004.422871
1787108004.451601
1787108004.480554
1787108004.509672
1787108004.538640
1787108004.567470
1787108004.596225
1787108004.625138
1787108004.653566
1787108004.683092
1787108004.713404
1787108004.743251
1787108004.772596
1787108004.802862
1787108004.833327
1787108004.863586
1787108004.894215
1787108004.925624
1787108004.956280
1787108004.984711
1787108005.013375
1787108005.043011
1787108005.071616
1787108005.100511
1787108005.129406
1787108005.157886
1787108005.186895
1787108005.215736
1787108005.244471
1787108005.273114
1787108005.302408
1787108005.331416
1787108005.360577
1787108005.389660
1787108005.418345
1787108005.447320
1787108005.476551
1787108005.505234
1787108005.533536
1787108005.562515
1787108005.591473
1787108005.620911
1787108005.649703
1787108005.678896
1787108005.707613
1787108005.736675
1787108005.765507
1787108005.794571
1787108005.823734
1787108005.852710
1787108005.881733
1787108005.910546
1787108005.939877
1787108005.968691
1787108005.998708
1787108006.027973
1787108006.057450
1787108006.086579
1787108006.116060
1787108006.145038
1787108006.174360
1787108006.203289
1787108006.233581
1787108006.263317
1787108006.292818
1787108006.321919
1787108006.351406
1787108006.382108
1787108006.411382
1787108006.440269
1787108006.469264
1787108006.498906
1787108006.527649
1787108006.556935
1787108006.585526
1787108006.614140
1787108006.643412
1787108006.673223
1787108006.703253
1787108006.734722
1787108006.766005
1787108006.798417
1787108006.829641
1787108006.859977
1787108006.890037
1787108006.919952
1787108006.950554
1787108006.980817
1787108007.010474
1787108007.040067
1787108007.069472
1787108007.102721
1787108007.136793
1787108007.167919
1787108007.198457
1787108007.229043
1787108007.259776
1787108007.290440
1787108007.320632
1787108007.351327
1787108007.382427
1787108007.412543
1787108007.443435
1787108007.473469
1787108007.503736
1787108007.534218
1787108007.565254
1787108007.596297
1787108007.626311
1787108007.656141
1787108007.686231
1787108007.716669
1787108007.747015
1787108007.776894
1787108007.806667
1787108007.836204
1787108007.865977
1787108007.896486
1787108007.926165
1787108007.955486
1787108007.986542
1787108008.019426
1787108008.050178
1787108008.080542
1787108008.110261
1787108008.140363
1787108008.170622
1787108008.200809
1787108008.230812
1787108008.260640
1787108008.290653
1787108008.320945
1787108008.351038
1787108008.381148
1787108008.411856
1787108008.441679
1787108008.471760
1787108008.501378
1787108008.530352
1787108008.560277
1787108008.589964
1787108008.619951
1787108008.649575
1787108008.680211
1787108008.709629
1787108008.739330
1787108008.769411
1787108008.799661
1787108008.828937
1787108008.858723
1787108008.887955
1787108008.918628
1787108008.948777
1787108008.978703
1787108009.008406
1787108009.038168
1787108009.067654
1787108009.097991
1787108009.127614
1787108009.156813
1787108009.186706
1787108009.217691
