1787107917.789033
1787107917.793241
1787107917.798032
1787107917.802902
1787107917.807676
1787107917.812575
1787107917.817474
1787107917.822198
1787107917.827068
1787107917.831890
1787107917.836799
1787107917.841636
1787107917.846540
1787107917.851467
1787107917.856330
1787107917.861483
1787107917.866205
1787107917.870934
1787107917.875807
1787107917.880551
1787107917.885410
1787107917.890329
1787107917.895494
1787107917.900385
1787107917.905144
1787107917.909979
1787107917.914970
1787107917.919712
1787107917.924629
1787107917.929602
1787107917.934490
1787107917.939348
1787107917.944258
1787107917.948994
1787107917.954092
1787107917.959203
1787107917.964012
1787107917.968733
1787107917.973654
1787107917.978606
1787107917.983416
1787107917.988178
1787107917.993004
1787107917.998240
1787107918.003151
1787107918.007943
1787107918.012830
1787107918.017774
1787107918.022675
1787107918.027570
1787107918.032530
1787107918.037650
1787107918.042554
1787107918.047365
1787107918.052182
1787107918.057063
1787107918.061851
1787107918.066993
1787107918.071698
1787107918.076537
1787107918.081311
1787107918.086235
1787107918.091014
1787107918.096015
1787107918.100798
1787107918.105581
1787107918.110292
1787107918.115130
1787107918.120009
1787107918.124725
1787107918.129847
1787107918.134629
1787107918.139686
1787107918.144669
1787107918.149482
1787107918.154362
1787107918.159366
1787107918.164086
1787107918.168951
1787107918.173919
1787107918.178931
1787107918.183686
1787107918.188547
1787107918.193597
1787107918.198553
1787107918.203346
1787107918.208109
1787107918.212903
1787107918.217909
1787107918.222888
1787107918.227665
1787107918.232369
1787107918.237200
1787107918.242146
1787107918.246839
1787107918.251754
1787107918.256867
1787107918.261600
1787107918.266635
1787107918.271473
1787107918.276383
1787107918.281329
1787107918.286175
1787107918.290985
1787107918.295807
1787107918.300727
1787107918.305580
1787107918.310260
1787107918.315253
1787107918.320400
1787107918.325522
1787107918.330274
1787107918.335131
1787107918.340058
1787107918.344817
1787107918.349650
1787107918.354501
1787107918.359294
1787107918.364188
1787107918.368994
1787107918.374036
1787107918.378879
1787107918.383715
1787107918.388470
1787107918.393507
1787107918.398356
1787107918.403256
1787107918.408134
1787107918.413107
1787107918.418078
1787107918.422874
1787107918.427759
1787107918.432588
1787107918.437660
1787107918.442372
1787107918.447219
1787107918.452053
1787107918.457014
1787107918.461894
1787107918.467257
1787107918.472203
1787107918.477137
1787107918.482096
1787107918.486899
1787107918.492030
1787107918.497010
1787107918.501949
1787107918.506758
1787107918.511819
1787107918.516928
1787107918.521790
1787107918.526723
1787107918.531648
1787107918.536677
1787107918.541722
1787107918.546649
1787107918.551436
1787107918.556451
1787107918.561333
1787107918.566167
1787107918.571084
1787107918.576096
1787107918.580870
1787107918.586013
1787107918.591239
1787107918.596529
1787107918.601367
1787107918.606356
1787107918.611166
1787107918.616449
1787107918.621421
1787107918.626184
1787107918.631119
1787107918.636181
1787107918.641054
1787107918.646033
1787107918.650895
1787107918.656052
1787107918.660893
1787107918.665990
1787107918.670892
1787107918.676131
1787107918.681155
1787107918.685893
1787107918.691078
1787107918.696251
1787107918.701137
1787107918.706028
1787107918.710993
1787107918.716068
1787107918.720942
1787107918.725713
1787107918.730803
1787107918.735916
1787107918.740773
1787107918.745726
1787107918.750681
1787107918.755625
1787107918.760526
1787107918.765360
1787107918.770615
1787107918.775550
1787107918.780530
1787107918.785486
1787107918.790315
1787107918.795526
1787107918.800313
1787107918.805163
1787107918.810117
1787107918.814903
1787107918.819922
1787107918.824868
1787107918.829634
1787107918.834588
1787107918.839695
1787107918.844549
1787107918.849978
1787107918.855061
1787107918.859957
1787107918.864834
1787107918.869675
1787107918.874435
1787107918.879320
1787107918.884222
1787107918.888974
1787107918.893766
1787107918.898840
1787107918.903747
1787107918.908490
1787107918.913278
1787107918.918447
1787107918.923231
1787107918.928283
1787107918.933169
1787107918.938121
1787107918.943092
1787107918.947887
1787107918.952814
1787107918.957838
1787107918.962636
1787107918.967694
1787107918.972434
1787107918.977279
1787107918.982143
1787107918.986877
1787107918.991830
1787107918.996809
1787107919.001925
1787107919.006868
1787107919.011848
1787107919.016919
1787107919.021748
1787107919.026489
1787107919.031469
1787107919.036541
1787107919.041425
1787107919.046223
1787107919.051288
1787107919.056336
1787107919.061067
1787107919.065979
1787107919.071009
1787107919.076139
1787107919.081118
1787107919.086049
1787107919.091020
1787107919.095990
1787107919.101029
1787107919.105834
1787107919.110971
1787107919.116054
1787107919.120984
1787107919.125784
1787107919.130577
1787107919.135395
1787107919.140404
1787107919.145290
1787107919.149982
1787107919.154916
1787107919.160097
1787107919.164875
1787107919.169722
1787107919.174554
1787107919.179615
1787107919.184385
1787107919.189347
1787107919.194200
1787107919.199137
1787107919.204030
1787107919.208686
1787107919.213654
1787107919.218705
1787107919.223489
1787107919.228210
1787107919.233222
1787107919.238471
1787107919.243323
1787107919.248169
1787107919.253120
1787107919.257943
1787107919.262939
1787107919.267809
1787107919.272628
1787107919.277551
1787107919.282275
1787107919.287320
1787107919.291993
1787107919.296971
1787107919.301806
1787107919.306637
1787107919.311440
1787107919.316618
1787107919.321358
1787107919.326327
1787107919.331125
1787107919.336160
1787107919.340901
1787107919.345838
1787107919.350778
1787107919.355659
1787107919.360396
1787107919.365299
1787107919.370081
1787107919.375239
1787107919.380159
1787107919.385047
1787107919.390104
1787107919.395298
1787107919.401102
1787107919.409284
1787107919.418522
1787107919.424176
1787107919.431112
1787107919.436024
1787107919.440939
1787107919.445926
1787107919.450696
1787107919.455673
1787107919.460641
1787107919.465403
1787107919.470277
1787107919.475399
1787107919.480221
1787107919.485111
1787107919.489964
1787107919.495085
1787107919.499898
1787107919.504477
1787107919.509390
1787107919.514302
1787107919.519192
1787107919.523926
1787107919.528696
1787107919.533448
1787107919.538404
1787107919.543356
1787107919.548474
1787107919.553161
1787107919.558057
1787107919.562720
1787107919.567614
1787107919.572381
1787107919.577179
1787107919.582059
1787107919.586819
1787107919.591676
1787107919.596463
1787107919.601309
1787107919.606312
1787107919.611284
1787107919.616193
1787107919.621379
1787107919.626186
1787107919.630924
1787107919.635924
1787107919.640777
1787107919.645665
1787107919.650359
1787107919.655306
1787107919.660092
1787107919.665328
1787107919.670290
1787107919.675226
1787107919.680031
1787107919.684901
1787107919.689945
1787107919.694762
1787107919.699522
1787107919.704385
1787107919.709090
1787107919.713834
1787107919.718734
1787107919.723551
1787107919.728302
1787107919.733126
1787107919.737851
1787107919.742661
1787107919.747552
1787107919.752325
1787107919.757374
1787107919.762386
1787107919.767278
1787107919.772047
1787107919.777026
1787107919.781785
1787107919.786628
1787107919.791499
1787107919.796364
1787107919.801330
1787107919.806072
1787107919.810877
1787107919.815715
1787107919.820445
1787107919.825525
1787107919.830411
1787107919.835546
1787107919.840337
1787107919.845065
1787107919.849921
1787107919.854822
1787107919.859879
1787107919.864746
1787107919.869436
1787107919.874326
1787107919.879460
1787107919.884408
1787107919.889230
1787107919.894292
1787107919.899155
1787107919.904048
1787107919.908923
1787107919.913935
1787107919.919115
1787107919.924048
1787107919.929034
1787107919.933890
1787107919.938897
1787107919.943643
1787107919.948513
1787107919.953247
1787107919.958167
1787107919.963372
1787107919.968081
1787107919.972824
1787107919.977889
1787107919.982762
1787107919.987621
1787107919.992358
1787107919.997428
1787107920.002311
1787107920.007145
1787107920.012048
1787107920.017066
1787107920.022322
1787107920.027097
1787107920.032230
1787107920.037108
1787107920.041837
1787107920.046690
1787107920.051450
1787107920.056301
1787107920.061115
1787107920.065889
1787107920.070695
1787107920.075655
1787107920.080553
1787107920.085283
1787107920.090079
1787107920.095101
1787107920.099852
1787107920.104850
1787107920.109680
1787107920.114470
1787107920.119557
1787107920.124379
1787107920.129029
1787107920.133819
1787107920.138803
1787107920.143589
1787107920.148393
1787107920.153244
1787107920.158330
1787107920.163188
1787107920.168033
1787107920.172875
1787107920.177837
1787107920.182593
1787107920.187279
1787107920.192100
1787107920.197084
1787107920.202163
1787107920.207277
1787107920.212087
1787107920.217174
1787107920.222291
1787107920.227103
1787107920.231921
1787107920.236709
1787107920.241593
1787107920.246528
1787107920.251428
1787107920.256181
1787107920.261034
1787107920.265987
1787107920.270732
1787107920.275835
1787107920.280578
1787107920.285409
1787107920.290379
1787107920.295303
1787107920.300139
1787107920.304899
1787107920.309817
1787107920.314681
1787107920.319741
1787107920.324717
1787107920.329566
1787107920.334402
1787107920.339369
1787107920.344213
1787107920.348946
1787107920.353752
1787107920.358932
1787107920.363699
1787107920.368640
1787107920.373471
1787107920.378400
1787107920.383176
1787107920.387988
1787107920.392841
1787107920.397850
1787107920.402736
1787107920.407495
1787107920.412505
1787107920.417427
1787107920.422454
1787107920.427596
1787107920.432341
1787107920.437274
1787107920.441999
1787107920.447001
1787107920.451816
1787107920.456743
1787107920.461793
1787107920.466792
1787107920.471936
1787107920.476865
1787107920.481633
1787107920.486601
1787107920.491473
1787107920.496642
1787107920.501538
1787107920.506344
1787107920.511433
1787107920.516387
1787107920.521402
1787107920.526144
1787107920.531060
1787107920.536069
1787107920.540797
1787107920.545957
1787107920.550725
1787107920.555705
1787107920.560504
1787107920.565597
1787107920.570541
1787107920.575458
1787107920.580397
1787107920.585248
1787107920.590025
1787107920.594960
1787107920.600065
1787107920.604738
1787107920.609585
1787107920.614689
1787107920.619603
1787107920.624415
1787107920.629205
1787107920.634282
1787107920.639251
1787107920.644111
1787107920.648917
1787107920.653774
1787107920.658920
1787107920.663754
1787107920.668692
1787107920.673460
1787107920.678499
1787107920.683451
1787107920.688418
1787107920.693327
1787107920.698225
1787107920.703165
1787107920.708167
1787107920.712987
1787107920.718082
1787107920.722887
1787107920.727674
1787107920.732537
1787107920.737520
1787107920.742482
