1787107938.871866
1787107938.877374
1787107938.882619
1787107938.887606
1787107938.892607
1787107938.897787
1787107938.902524
1787107938.907465
1787107938.912389
1787107938.917518
1787107938.922433
1787107938.927477
1787107938.932420
1787107938.937583
1787107938.942551
1787107938.947610
1787107938.952658
1787107938.957872
1787107938.962938
1787107938.968145
1787107938.973246
1787107938.978349
1787107938.983339
1787107938.988407
1787107938.993214
1787107938.998342
1787107939.003514
1787107939.008280
1787107939.013302
1787107939.018306
1787107939.023136
1787107939.028141
1787107939.033116
1787107939.038261
1787107939.043084
1787107939.047915
1787107939.053012
1787107939.057831
1787107939.062867
1787107939.067765
1787107939.072545
1787107939.077971
1787107939.083185
1787107939.087966
1787107939.093153
1787107939.098345
1787107939.103433
1787107939.108174
1787107939.113230
1787107939.118629
1787107939.123704
1787107939.128578
1787107939.133536
1787107939.138685
1787107939.143597
1787107939.148747
1787107939.153773
1787107939.159193
1787107939.164215
1787107939.169097
1787107939.174304
1787107939.179309
1787107939.184369
1787107939.189178
1787107939.194288
1787107939.199510
1787107939.204690
1787107939.209763
1787107939.214706
1787107939.219772
1787107939.225400
1787107939.230681
1787107939.235858
1787107939.240724
1787107939.245890
1787107939.250923
1787107939.256024
1787107939.260956
1787107939.265688
1787107939.270720
1787107939.275780
1787107939.280801
1787107939.285722
1787107939.290783
1787107939.295801
1787107939.300738
1787107939.305446
1787107939.310403
1787107939.315194
1787107939.320405
1787107939.325531
1787107939.330244
1787107939.335535
1787107939.340647
1787107939.345661
1787107939.350720
1787107939.355963
1787107939.361021
1787107939.365738
1787107939.370558
1787107939.375852
1787107939.380575
1787107939.385278
1787107939.390434
1787107939.395485
1787107939.400691
1787107939.405755
1787107939.410821
1787107939.415670
1787107939.420654
1787107939.425545
1787107939.430293
1787107939.435455
1787107939.440299
1787107939.445179
1787107939.449999
1787107939.454771
1787107939.459886
1787107939.464888
1787107939.469819
1787107939.475050
1787107939.479882
1787107939.484976
1787107939.490007
1787107939.495068
1787107939.500240
1787107939.505177
1787107939.510208
1787107939.515002
1787107939.520191
1787107939.525337
1787107939.530119
1787107939.534927
1787107939.539720
1787107939.544994
1787107939.550242
1787107939.555281
1787107939.560312
1787107939.565368
1787107939.570592
1787107939.575446
1787107939.580451
1787107939.585463
1787107939.590248
1787107939.595049
1787107939.600434
1787107939.605473
1787107939.610334
1787107939.615187
1787107939.620310
1787107939.625381
1787107939.630363
1787107939.635444
1787107939.640733
1787107939.645526
1787107939.650602
1787107939.655683
1787107939.660643
1787107939.665545
1787107939.670288
1787107939.675364
1787107939.680398
1787107939.685244
1787107939.690176
1787107939.695514
1787107939.700757
1787107939.705809
1787107939.710742
1787107939.715941
1787107939.720697
1787107939.725594
1787107939.730298
1787107939.735178
1787107939.739999
1787107939.744960
1787107939.750030
1787107939.755074
1787107939.760187
1787107939.765045
1787107939.769919
1787107939.775082
1787107939.779887
1787107939.785069
1787107939.790148
1787107939.795149
1787107939.800075
1787107939.805120
1787107939.810209
1787107939.815240
1787107939.820384
1787107939.825438
1787107939.830440
1787107939.835591
1787107939.840611
1787107939.845613
1787107939.850349
1787107939.855387
1787107939.860353
1787107939.865191
1787107939.870127
1787107939.875237
1787107939.880274
1787107939.885326
1787107939.890218
1787107939.895295
1787107939.900353
1787107939.905510
1787107939.910469
1787107939.915216
1787107939.920435
1787107939.925512
1787107939.930354
1787107939.935395
1787107939.940358
1787107939.945505
1787107939.950662
1787107939.955497
1787107939.960443
1787107939.965233
1787107939.970300
1787107939.975526
1787107939.980716
1787107939.985561
1787107939.990263
1787107939.995484
1787107940.000526
1787107940.005578
1787107940.010514
1787107940.015290
1787107940.020344
1787107940.025242
1787107940.030229
1787107940.035352
1787107940.040521
1787107940.045332
1787107940.050192
1787107940.055213
1787107940.060038
1787107940.064947
1787107940.069764
1787107940.074914
1787107940.079797
1787107940.084805
1787107940.089839
1787107940.095067
1787107940.100098
1787107940.105292
1787107940.110356
1787107940.115082
1787107940.120192
1787107940.125139
1787107940.130109
1787107940.135025
1787107940.139902
1787107940.144763
1787107940.149897
1787107940.154938
1787107940.159989
1787107940.164729
1787107940.169841
1787107940.175036
1787107940.179830
1787107940.184630
1787107940.189784
1787107940.194784
1787107940.199865
1787107940.204959
1787107940.209930
1787107940.215050
1787107940.220148
1787107940.225325
1787107940.230438
1787107940.235170
1787107940.240057
1787107940.245116
1787107940.250172
1787107940.255292
1787107940.260130
1787107940.265316
1787107940.270477
1787107940.275653
1787107940.280744
1787107940.285780
1787107940.290704
1787107940.295689
1787107940.300705
1787107940.305888
1787107940.310868
1787107940.316191
1787107940.321079
1787107940.326325
1787107940.331271
1787107940.336260
1787107940.341083
1787107940.345970
1787107940.350963
1787107940.355765
1787107940.360982
1787107940.366017
1787107940.370791
1787107940.375894
1787107940.381049
1787107940.385856
1787107940.390737
1787107940.395738
1787107940.400877
1787107940.405885
1787107940.410826
1787107940.415798
1787107940.420787
1787107940.425904
1787107940.430708
1787107940.435555
1787107940.440703
1787107940.445882
1787107940.450811
1787107940.455880
1787107940.461043
1787107940.466165
1787107940.471227
1787107940.476438
1787107940.481450
1787107940.486333
1787107940.491344
1787107940.496191
1787107940.501284
1787107940.506196
1787107940.511147
1787107940.516257
1787107940.521053
1787107940.526205
1787107940.531177
1787107940.536057
1787107940.541025
1787107940.545862
1787107940.550996
1787107940.555788
1787107940.560877
1787107940.565871
1787107940.570870
1787107940.576035
1787107940.581082
1787107940.585855
1787107940.590985
1787107940.596325
1787107940.601598
1787107940.606612
1787107940.611362
1787107940.616576
1787107940.621749
1787107940.626644
1787107940.631411
1787107940.636483
1787107940.641442
1787107940.646599
1787107940.651450
1787107940.656406
1787107940.661368
1787107940.666616
1787107940.671583
1787107940.676870
1787107940.681743
1787107940.686822
1787107940.691592
1787107940.696714
1787107940.701616
1787107940.706856
1787107940.711813
1787107940.716903
1787107940.722123
1787107940.727273
1787107940.732315
1787107940.737478
1787107940.742620
1787107940.747743
1787107940.753052
1787107940.758124
1787107940.763246
1787107940.768433
1787107940.773659
1787107940.778999
1787107940.784242
1787107940.789469
1787107940.794356
1787107940.799587
1787107940.804659
1787107940.809672
1787107940.814643
1787107940.819673
1787107940.824738
1787107940.829997
1787107940.834891
1787107940.839906
1787107940.845070
1787107940.850124
1787107940.855875
1787107940.860875
1787107940.866106
1787107940.871025
1787107940.876220
1787107940.881013
1787107940.886124
1787107940.891197
1787107940.896264
1787107940.901227
1787107940.906270
1787107940.911402
1787107940.916378
1787107940.921341
1787107940.926334
1787107940.931567
1787107940.936365
1787107940.941477
1787107940.946405
1787107940.951250
1787107940.956385
1787107940.961597
1787107940.967042
1787107940.971945
1787107940.977056
1787107940.982170
1787107940.987483
1787107940.992406
1787107940.997341
1787107941.002206
1787107941.007400
1787107941.012143
1787107941.017276
1787107941.022095
1787107941.026934
1787107941.031872
1787107941.037006
1787107941.041785
1787107941.046777
1787107941.051707
1787107941.056742
1787107941.061748
1787107941.066921
1787107941.072012
1787107941.077077
1787107941.081991
1787107941.086857
1787107941.091734
1787107941.096939
1787107941.102021
1787107941.107114
1787107941.112262
1787107941.117378
1787107941.122277
1787107941.127352
1787107941.132540
1787107941.137546
1787107941.142778
1787107941.147701
1787107941.152764
1787107941.157980
1787107941.162972
1787107941.167969
1787107941.173035
1787107941.177996
1787107941.182947
1787107941.188020
1787107941.192739
1787107941.197852
1787107941.203108
1787107941.208103
1787107941.213060
1787107941.218602
1787107941.223631
1787107941.228639
1787107941.233732
1787107941.238907
1787107941.243883
1787107941.249058
1787107941.253944
1787107941.259009
1787107941.264037
1787107941.269233
1787107941.274157
1787107941.279534
1787107941.284312
1787107941.289201
1787107941.294361
1787107941.299761
1787107941.304839
1787107941.309646
1787107941.314638
1787107941.319963
1787107941.325032
1787107941.330106
1787107941.335179
1787107941.340383
1787107941.345523
1787107941.350796
1787107941.355937
1787107941.361090
1787107941.366122
1787107941.370934
1787107941.376096
1787107941.381038
1787107941.386015
1787107941.391009
1787107941.396355
1787107941.401516
1787107941.406317
1787107941.411228
1787107941.416287
1787107941.421174
1787107941.426261
1787107941.431195
1787107941.436419
1787107941.441360
1787107941.446433
1787107941.451266
1787107941.456277
1787107941.461305
1787107941.466340
1787107941.471302
1787107941.476573
1787107941.481503
1787107941.486449
1787107941.491476
1787107941.496404
1787107941.501515
1787107941.506445
1787107941.511593
1787107941.516548
1787107941.521797
1787107941.526597
1787107941.531646
1787107941.536557
1787107941.541410
1787107941.546249
1787107941.551325
1787107941.556114
1787107941.561035
1787107941.565854
1787107941.570705
1787107941.575589
1787107941.580775
1787107941.585666
1787107941.590714
1787107941.595908
1787107941.600778
1787107941.605915
1787107941.610991
1787107941.615921
1787107941.620750
1787107941.626043
1787107941.631052
1787107941.636044
1787107941.640898
1787107941.645581
1787107941.650537
1787107941.655667
1787107941.660978
1787107941.666000
1787107941.671144
1787107941.676468
1787107941.681397
1787107941.686430
1787107941.691322
1787107941.696524
1787107941.701569
1787107941.706568
1787107941.711402
1787107941.716300
1787107941.721100
1787107941.726189
1787107941.731290
1787107941.736394
1787107941.741318
1787107941.746208
1787107941.751044
1787107941.756078
1787107941.761219
1787107941.766275
1787107941.771118
1787107941.776334
1787107941.781516
1787107941.786692
1787107941.791815
1787107941.796861
1787107941.801836
1787107941.807047
1787107941.811979
1787107941.817054
1787107941.822188
1787107941.827240
1787107941.832154
1787107941.837231
1787107941.842192
1787107941.847088
1787107941.851943
1787107941.857215
1787107941.862511
1787107941.867469
1787107941.872599
1787107941.877601
1787107941.882329
1787107941.887619
