1787107931.863401
1787107931.866588
1787107931.870711
1787107931.873972
1787107931.877138
1787107931.881350
1787107931.886128
1787107931.891030
1787107931.896246
1787107931.901011
1787107931.905840
1787107931.910846
1787107931.916005
1787107931.921016
1787107931.925867
1787107931.930793
1787107931.936052
1787107931.940798
1787107931.945946
1787107931.950847
1787107931.956060
1787107931.961317
1787107931.966321
1787107931.971140
1787107931.975952
1787107931.981116
1787107931.985920
1787107931.990665
1787107931.995811
1787107932.000861
1787107932.006084
1787107932.011048
1787107932.015820
1787107932.020661
1787107932.025491
1787107932.030542
1787107932.035642
1787107932.040422
1787107932.045437
1787107932.050467
1787107932.055553
1787107932.060244
1787107932.065135
1787107932.069980
1787107932.074916
1787107932.079961
1787107932.084728
1787107932.089794
1787107932.094572
1787107932.099540
1787107932.104415
1787107932.109401
1787107932.114127
1787107932.119305
1787107932.124255
1787107932.129181
1787107932.134196
1787107932.138973
1787107932.143684
1787107932.148572
1787107932.153422
1787107932.158186
1787107932.162945
1787107932.168202
1787107932.173288
1787107932.178357
1787107932.183522
1787107932.188367
1787107932.193175
1787107932.198341
1787107932.203454
1787107932.208272
1787107932.213258
1787107932.218951
1787107932.223744
1787107932.228693
1787107932.233791
1787107932.238800
1787107932.243994
1787107932.248689
1787107932.253644
1787107932.258861
1787107932.263983
1787107932.268792
1787107932.273913
1787107932.278834
1787107932.283835
1787107932.288810
1787107932.293564
1787107932.298719
1787107932.303518
1787107932.308597
1787107932.313467
1787107932.318508
1787107932.323650
1787107932.328751
1787107932.333563
1787107932.338439
1787107932.343498
1787107932.348707
1787107932.353756
1787107932.358543
1787107932.363413
1787107932.368308
1787107932.373594
1787107932.378418
1787107932.383616
1787107932.388370
1787107932.393306
1787107932.398536
1787107932.403690
1787107932.408705
1787107932.413445
1787107932.418730
1787107932.423714
1787107932.428615
1787107932.433685
1787107932.438663
1787107932.443596
1787107932.448785
1787107932.454148
1787107932.459229
1787107932.464360
1787107932.469520
1787107932.474661
1787107932.479983
1787107932.485066
1787107932.490203
1787107932.495683
1787107932.500647
1787107932.505635
1787107932.510443
1787107932.515446
1787107932.520233
1787107932.525285
1787107932.530016
1787107932.534787
1787107932.539542
1787107932.544711
1787107932.549802
1787107932.554651
1787107932.559749
1787107932.565004
1787107932.569801
1787107932.574908
1787107932.580038
1787107932.584797
1787107932.589836
1787107932.594903
1787107932.599910
1787107932.604975
1787107932.610034
1787107932.615088
1787107932.619986
1787107932.625114
1787107932.630131
1787107932.635016
1787107932.640173
1787107932.645307
1787107932.650095
1787107932.655404
1787107932.660371
1787107932.665162
1787107932.670129
1787107932.675244
1787107932.680682
1787107932.685658
1787107932.690697
1787107932.695904
1787107932.701048
1787107932.706163
1787107932.711139
1787107932.716344
1787107932.721055
1787107932.725984
1787107932.731164
1787107932.736020
1787107932.743160
1787107932.747886
1787107932.752769
1787107932.757760
1787107932.762717
1787107932.767587
1787107932.772846
1787107932.778137
1787107932.783175
1787107932.788103
1787107932.792917
1787107932.798183
1787107932.803128
1787107932.808248
1787107932.813145
1787107932.818035
1787107932.823158
1787107932.828047
1787107932.833191
1787107932.838292
1787107932.843104
1787107932.848002
1787107932.852794
1787107932.857737
1787107932.862702
1787107932.867758
1787107932.872897
1787107932.877851
1787107932.883121
1787107932.888137
1787107932.893230
1787107932.898102
1787107932.903143
1787107932.908022
1787107932.912882
1787107932.918075
1787107932.922938
1787107932.927838
1787107932.932935
1787107932.938124
1787107932.943201
1787107932.948138
1787107932.953028
1787107932.958077
1787107932.962895
1787107932.968047
1787107932.973155
1787107932.978121
1787107932.983045
1787107932.988113
1787107932.993109
1787107932.997965
1787107933.003054
1787107933.007882
1787107933.013033
1787107933.017875
1787107933.022710
1787107933.027752
1787107933.032626
1787107933.037960
1787107933.042886
1787107933.048336
1787107933.053184
1787107933.058403
1787107933.063588
1787107933.068466
1787107933.073590
1787107933.078751
1787107933.083589
1787107933.088605
1787107933.093438
1787107933.098420
1787107933.103172
1787107933.108352
1787107933.113327
1787107933.118503
1787107933.123573
1787107933.128538
1787107933.133648
1787107933.138809
1787107933.143868
1787107933.149003
1787107933.153908
1787107933.158799
1787107933.164026
1787107933.169063
1787107933.173865
1787107933.178756
1787107933.183684
1787107933.188401
1787107933.193186
1787107933.198370
1787107933.203442
1787107933.208216
1787107933.213044
1787107933.217925
1787107933.223071
1787107933.228240
1787107933.233427
1787107933.238288
1787107933.243120
1787107933.248157
1787107933.253206
1787107933.258539
1787107933.263696
1787107933.268402
1787107933.273560
1787107933.278489
1787107933.283637
1787107933.288501
1787107933.293545
1787107933.298648
1787107933.303433
1787107933.308350
1787107933.313270
1787107933.318415
1787107933.323277
1787107933.328436
1787107933.333341
1787107933.338186
1787107933.343126
1787107933.348178
1787107933.352968
1787107933.358146
1787107933.362979
1787107933.368081
1787107933.373115
1787107933.378331
1787107933.383252
1787107933.387981
1787107933.392768
1787107933.397620
1787107933.402574
1787107933.407469
1787107933.412572
1787107933.417550
1787107933.422246
1787107933.427196
1787107933.432440
1787107933.437531
1787107933.442402
1787107933.447435
1787107933.452357
1787107933.457352
1787107933.462258
1787107933.467140
1787107933.472028
1787107933.477183
1787107933.482009
1787107933.486921
1787107933.491978
1787107933.496897
1787107933.501969
1787107933.507127
1787107933.512002
1787107933.516854
1787107933.521908
1787107933.526795
1787107933.531656
1787107933.536594
1787107933.541611
1787107933.546744
1787107933.551561
1787107933.556459
1787107933.561565
1787107933.566587
1787107933.571475
1787107933.576594
1787107933.581786
1787107933.586792
1787107933.591747
1787107933.596959
1787107933.602059
1787107933.606858
1787107933.611909
1787107933.616872
1787107933.621865
1787107933.626740
1787107933.631650
1787107933.636450
1787107933.641569
1787107933.646488
1787107933.651648
1787107933.656835
1787107933.661558
1787107933.666769
1787107933.671769
1787107933.676718
1787107933.681619
1787107933.686705
1787107933.692009
1787107933.696902
1787107933.701822
1787107933.706987
1787107933.711842
1787107933.716924
1787107933.721710
1787107933.726876
1787107933.731921
1787107933.736741
1787107933.741532
1787107933.746453
1787107933.751254
1787107933.756362
1787107933.761570
1787107933.766451
1787107933.771369
1787107933.776284
1787107933.781321
1787107933.786098
1787107933.790921
1787107933.796210
1787107933.801114
1787107933.806226
1787107933.811365
1787107933.816164
1787107933.820996
1787107933.825852
1787107933.830655
1787107933.835652
1787107933.840646
1787107933.845467
1787107933.850697
1787107933.855887
1787107933.860740
1787107933.865782
1787107933.870630
1787107933.875866
1787107933.880802
1787107933.885759
1787107933.890783
1787107933.895889
1787107933.900795
1787107933.906018
1787107933.911020
1787107933.915893
1787107933.920781
1787107933.925732
1787107933.930891
1787107933.935833
1787107933.940892
1787107933.946006
1787107933.950903
1787107933.956399
1787107933.961286
1787107933.966214
1787107933.971138
1787107933.976158
1787107933.980915
1787107933.985673
1787107933.990569
1787107933.995682
1787107934.000628
1787107934.005461
1787107934.010276
1787107934.015624
1787107934.020738
1787107934.025870
1787107934.031232
1787107934.036124
1787107934.040953
1787107934.045803
1787107934.050759
1787107934.055933
1787107934.060793
1787107934.065914
1787107934.070936
1787107934.075915
1787107934.081184
1787107934.086264
1787107934.091080
1787107934.096102
1787107934.101238
1787107934.106291
1787107934.111588
1787107934.116716
1787107934.122020
1787107934.127111
1787107934.131971
1787107934.136904
1787107934.141793
1787107934.146768
1787107934.152031
1787107934.156985
1787107934.162088
1787107934.167024
1787107934.172117
1787107934.177409
1787107934.182208
1787107934.187537
1787107934.192653
1787107934.197500
1787107934.202583
1787107934.207786
1787107934.212776
1787107934.217688
1787107934.222599
1787107934.227578
1787107934.232407
1787107934.237236
1787107934.242157
1787107934.247001
1787107934.252038
1787107934.257315
1787107934.262315
1787107934.267235
1787107934.272210
1787107934.277140
1787107934.282166
1787107934.287008
1787107934.292145
1787107934.297174
1787107934.302275
1787107934.307321
1787107934.312391
1787107934.317317
1787107934.322537
1787107934.327398
1787107934.332310
1787107934.337391
1787107934.342504
1787107934.347398
1787107934.352545
1787107934.357554
1787107934.362351
1787107934.367309
1787107934.372161
1787107934.377334
1787107934.382339
1787107934.387244
1787107934.392057
1787107934.397048
1787107934.401878
1787107934.406979
1787107934.412013
1787107934.417025
1787107934.421896
1787107934.426758
1787107934.431905
1787107934.436935
1787107934.441857
1787107934.446769
1787107934.451921
1787107934.457002
1787107934.462027
1787107934.466922
1787107934.471859
1787107934.477154
1787107934.482219
1787107934.487370
1787107934.492247
1787107934.497494
1787107934.502332
1787107934.507519
1787107934.512381
1787107934.517290
1787107934.522078
1787107934.526982
1787107934.532225
1787107934.537236
1787107934.542323
1787107934.547172
1787107934.552412
1787107934.557592
1787107934.562585
1787107934.567592
1787107934.572463
1787107934.577807
1787107934.582719
1787107934.587786
1787107934.592911
1787107934.598194
1787107934.603161
1787107934.608144
1787107934.613276
1787107934.618084
1787107934.623121
1787107934.628003
1787107934.633140
1787107934.638566
1787107934.643872
1787107934.648974
1787107934.653883
1787107934.658958
1787107934.664228
1787107934.669494
1787107934.674501
1787107934.679483
1787107934.684891
1787107934.689932
1787107934.694860
1787107934.700070
1787107934.705152
1787107934.710140
1787107934.715043
1787107934.720095
1787107934.725191
1787107934.730157
1787107934.735309
1787107934.740326
1787107934.745614
1787107934.750602
1787107934.755683
1787107934.760510
1787107934.765688
1787107934.770781
1787107934.776485
1787107934.781703
1787107934.786838
1787107934.791988
1787107934.797039
1787107934.802326
1787107934.807352
1787107934.812476
1787107934.817893
1787107934.823042
1787107934.827976
1787107934.832914
1787107934.838337
1787107934.843207
1787107934.848521
1787107934.853379
1787107934.858356
1787107934.863722
