1787107967.445311
1787107967.452009
1787107967.458944
1787107967.465596
1787107967.472403
1787107967.479083
1787107967.485718
1787107967.492466
1787107967.499351
1787107967.505844
1787107967.512449
1787107967.519122
1787107967.525879
1787107967.532467
1787107967.539151
1787107967.545697
1787107967.552385
1787107967.559066
1787107967.565681
1787107967.572284
1787107967.579092
1787107967.585742
1787107967.592466
1787107967.599381
1787107967.605992
1787107967.612734
1787107967.619365
1787107967.626009
1787107967.632694
1787107967.639211
1787107967.645910
1787107967.652498
1787107967.659204
1787107967.665766
1787107967.672362
1787107967.679265
1787107967.686183
1787107967.692853
1787107967.699577
1787107967.706213
1787107967.712777
1787107967.719503
1787107967.726219
1787107967.733032
1787107967.739828
1787107967.746540
1787107967.753437
1787107967.761307
1787107967.770208
1787107967.782342
1787107967.792088
1787107967.799973
1787107967.808200
1787107967.816790
1787107967.823808
1787107967.830813
1787107967.837991
1787107967.844957
1787107967.851797
1787107967.858635
1787107967.865353
1787107967.872091
1787107967.878918
1787107967.885704
1787107967.892380
1787107967.899258
1787107967.906001
1787107967.912721
1787107967.919947
1787107967.926902
1787107967.933972
1787107967.941010
1787107967.948059
1787107967.954872
1787107967.961764
1787107967.968615
1787107967.975335
1787107967.982223
1787107967.989088
1787107967.995778
1787107968.002492
1787107968.009315
1787107968.016328
1787107968.023275
1787107968.030177
1787107968.037159
1787107968.043806
1787107968.050648
1787107968.057529
1787107968.064228
1787107968.071169
1787107968.077867
1787107968.084530
1787107968.091271
1787107968.098140
1787107968.105065
1787107968.111792
1787107968.118681
1787107968.125550
1787107968.132390
1787107968.139227
1787107968.146036
1787107968.152811
1787107968.159650
1787107968.166448
1787107968.173049
1787107968.179785
1787107968.186550
1787107968.193451
1787107968.200135
1787107968.206977
1787107968.213714
1787107968.220895
1787107968.227589
1787107968.234241
1787107968.241006
1787107968.247767
1787107968.254506
1787107968.261444
1787107968.268357
1787107968.275190
1787107968.282011
1787107968.288950
1787107968.295978
1787107968.302767
1787107968.309615
1787107968.316490
1787107968.323505
1787107968.330319
1787107968.337143
1787107968.344007
1787107968.350897
1787107968.357629
1787107968.364614
1787107968.371194
1787107968.377970
1787107968.384761
1787107968.391474
1787107968.398169
1787107968.405024
1787107968.411887
1787107968.418961
1787107968.425670
1787107968.432348
1787107968.439070
1787107968.445902
1787107968.452475
1787107968.459355
1787107968.466080
1787107968.472862
1787107968.479661
1787107968.486415
1787107968.493180
1787107968.500016
1787107968.506738
1787107968.513516
1787107968.520301
1787107968.527199
1787107968.533866
1787107968.540835
1787107968.547682
1787107968.554617
1787107968.561767
1787107968.568738
1787107968.575506
1787107968.582307
1787107968.589151
1787107968.596132
1787107968.603083
1787107968.609894
1787107968.616748
1787107968.623558
1787107968.630410
1787107968.637247
1787107968.644173
1787107968.651097
1787107968.658136
1787107968.665221
1787107968.672100
1787107968.678863
1787107968.685735
1787107968.692522
1787107968.699419
1787107968.706270
1787107968.713149
1787107968.719996
1787107968.726879
1787107968.733699
1787107968.740597
1787107968.747367
1787107968.754163
1787107968.760956
1787107968.767827
1787107968.774716
1787107968.781669
1787107968.788563
1787107968.795474
1787107968.802379
1787107968.809218
1787107968.816312
1787107968.823251
1787107968.830106
1787107968.837159
1787107968.843965
1787107968.850748
1787107968.857713
1787107968.864556
1787107968.871444
1787107968.878242
1787107968.885025
1787107968.891738
1787107968.898663
1787107968.905432
1787107968.912171
1787107968.918830
1787107968.925704
1787107968.932527
1787107968.939342
1787107968.946045
1787107968.952794
1787107968.959811
1787107968.966629
1787107968.973415
1787107968.980318
1787107968.987039
1787107968.993769
1787107969.000565
1787107969.007339
1787107969.014157
1787107969.021012
1787107969.027840
1787107969.034590
1787107969.041534
1787107969.048317
1787107969.055011
1787107969.061832
1787107969.068513
1787107969.075385
1787107969.082330
1787107969.089246
1787107969.096369
1787107969.103173
1787107969.109991
1787107969.116953
1787107969.123846
1787107969.130655
1787107969.137416
1787107969.144219
1787107969.151117
1787107969.158007
1787107969.164831
1787107969.171638
1787107969.178563
1787107969.185455
1787107969.192279
1787107969.199116
1787107969.206031
1787107969.212959
1787107969.219872
1787107969.226619
1787107969.233480
1787107969.240310
1787107969.247229
1787107969.254025
1787107969.260891
1787107969.267812
1787107969.274611
1787107969.281588
1787107969.288443
1787107969.295196
1787107969.302112
1787107969.308969
1787107969.315784
1787107969.322711
1787107969.329569
1787107969.336522
1787107969.343423
1787107969.350358
1787107969.357310
1787107969.364148
1787107969.370883
1787107969.377656
1787107969.384572
1787107969.391361
1787107969.398223
1787107969.405068
1787107969.411871
1787107969.418952
1787107969.425838
1787107969.432698
1787107969.439611
1787107969.446472
1787107969.453295
1787107969.460336
1787107969.467127
1787107969.474087
1787107969.481051
1787107969.487784
1787107969.494622
1787107969.501556
1787107969.508436
1787107969.515314
1787107969.522154
1787107969.528999
1787107969.535846
1787107969.542806
1787107969.549579
1787107969.556444
1787107969.563321
1787107969.570240
1787107969.577175
1787107969.583883
1787107969.590705
1787107969.597430
1787107969.604301
1787107969.611230
1787107969.618132
1787107969.625132
1787107969.631896
1787107969.638906
1787107969.645771
1787107969.652617
1787107969.659426
1787107969.666273
1787107969.673317
1787107969.680468
1787107969.687418
1787107969.694240
1787107969.701258
1787107969.708328
1787107969.715222
1787107969.722274
1787107969.729166
1787107969.736242
1787107969.743022
1787107969.750030
1787107969.756890
1787107969.763879
1787107969.770801
1787107969.777826
1787107969.784786
1787107969.791522
1787107969.798491
1787107969.805404
1787107969.812140
1787107969.819000
1787107969.825794
1787107969.832707
1787107969.839617
1787107969.846490
1787107969.853339
1787107969.860291
1787107969.867138
1787107969.874036
1787107969.881211
1787107969.888328
1787107969.895296
1787107969.902176
1787107969.909199
1787107969.916053
1787107969.922962
1787107969.929855
1787107969.936845
1787107969.943819
1787107969.950785
1787107969.957557
1787107969.964301
1787107969.971239
1787107969.978256
1787107969.985158
1787107969.991925
1787107969.998880
1787107970.005923
1787107970.012766
1787107970.019718
1787107970.026546
1787107970.033417
1787107970.040638
1787107970.047573
1787107970.054373
1787107970.061322
1787107970.068358
1787107970.075329
1787107970.082298
1787107970.089114
1787107970.095971
1787107970.102847
1787107970.109788
1787107970.116842
1787107970.123765
1787107970.130736
1787107970.137644
1787107970.144554
1787107970.151575
1787107970.158811
1787107970.165788
1787107970.172821
1787107970.179841
1787107970.186671
1787107970.193675
1787107970.200677
1787107970.207807
1787107970.214709
1787107970.221764
1787107970.228718
1787107970.235538
1787107970.242445
1787107970.249521
1787107970.256422
1787107970.263349
1787107970.270206
1787107970.277246
1787107970.284383
1787107970.291297
1787107970.298298
1787107970.305264
1787107970.312267
1787107970.319293
1787107970.326273
1787107970.333314
1787107970.340384
1787107970.347255
1787107970.354129
1787107970.361272
1787107970.368140
1787107970.375026
1787107970.382132
1787107970.389213
1787107970.396356
1787107970.403273
1787107970.410250
1787107970.417295
1787107970.424277
1787107970.431236
1787107970.438326
1787107970.445394
1787107970.452308
1787107970.459266
1787107970.466234
1787107970.473223
1787107970.480256
1787107970.487330
1787107970.494214
1787107970.501311
1787107970.508754
1787107970.515625
1787107970.522578
1787107970.529481
1787107970.536477
1787107970.543342
1787107970.550361
1787107970.557300
1787107970.564157
1787107970.571186
1787107970.578174
1787107970.585149
1787107970.592142
1787107970.599193
1787107970.606196
1787107970.613339
1787107970.620244
1787107970.627340
1787107970.634173
1787107970.641114
1787107970.647971
1787107970.655001
1787107970.661979
1787107970.668956
1787107970.676054
1787107970.683292
1787107970.690340
1787107970.697433
1787107970.704422
1787107970.711452
1787107970.718502
1787107970.725546
1787107970.732479
1787107970.739527
1787107970.746639
1787107970.753532
1787107970.760576
1787107970.767550
1787107970.774765
1787107970.781797
1787107970.788756
1787107970.795860
1787107970.802814
1787107970.809858
1787107970.816946
1787107970.823950
1787107970.831026
1787107970.837911
1787107970.844933
1787107970.852011
1787107970.859033
1787107970.866039
1787107970.873131
1787107970.880173
1787107970.887164
1787107970.894049
1787107970.901160
1787107970.908168
1787107970.915122
1787107970.922274
1787107970.929359
1787107970.936460
1787107970.943602
1787107970.950897
1787107970.957917
1787107970.964958
1787107970.972002
1787107970.979005
1787107970.986014
1787107970.993140
1787107971.000461
1787107971.007541
1787107971.014632
1787107971.021724
1787107971.028786
1787107971.035837
1787107971.042911
1787107971.050048
1787107971.057275
1787107971.064435
1787107971.071586
1787107971.078713
1787107971.085617
1787107971.092581
1787107971.099943
1787107971.107130
1787107971.114061
1787107971.121238
1787107971.128273
1787107971.135496
1787107971.142688
1787107971.149848
1787107971.157027
1787107971.164177
1787107971.171242
1787107971.178331
1787107971.185375
1787107971.192333
1787107971.199588
1787107971.206712
1787107971.213818
1787107971.221129
1787107971.228130
1787107971.235270
1787107971.242469
1787107971.249591
1787107971.256806
1787107971.263878
1787107971.271249
1787107971.278740
1787107971.285881
1787107971.293067
1787107971.300151
1787107971.307367
1787107971.314475
1787107971.321807
1787107971.329101
1787107971.336432
1787107971.343586
1787107971.350759
1787107971.357958
1787107971.365183
1787107971.372347
1787107971.379699
1787107971.386941
1787107971.393934
1787107971.401141
1787107971.408379
1787107971.415690
1787107971.422968
1787107971.430193
1787107971.437522
1787107971.444768
1787107971.452002
1787107971.459308
1787107971.466467
1787107971.473736
1787107971.481574
1787107971.489323
1787107971.496691
1787107971.504091
1787107971.511322
1787107971.518470
1787107971.525795
1787107971.532954
1787107971.540228
1787107971.547508
1787107971.554739
1787107971.562252
1787107971.569527
1787107971.576796
1787107971.584034
1787107971.591110
1787107971.598414
1787107971.605803
1787107971.612834
1787107971.620138
