1787107975.757603
1787107975.764425
1787107975.771190
1787107975.777880
1787107975.784640
1787107975.791323
1787107975.798049
1787107975.804958
1787107975.811675
1787107975.818426
1787107975.825154
1787107975.831654
1787107975.838533
1787107975.845233
1787107975.851789
1787107975.858541
1787107975.865209
1787107975.871798
1787107975.878514
1787107975.885125
1787107975.891781
1787107975.898483
1787107975.905050
1787107975.911786
1787107975.918540
1787107975.925213
1787107975.931976
1787107975.938817
1787107975.945557
1787107975.952267
1787107975.959018
1787107975.965736
1787107975.972417
1787107975.979065
1787107975.985806
1787107975.992649
1787107975.999473
1787107976.006130
1787107976.013023
1787107976.019825
1787107976.026422
1787107976.033121
1787107976.039813
1787107976.046547
1787107976.053306
1787107976.059970
1787107976.066839
1787107976.073561
1787107976.080433
1787107976.087122
1787107976.093769
1787107976.100457
1787107976.107315
1787107976.114044
1787107976.120901
1787107976.127668
1787107976.134349
1787107976.141119
1787107976.147932
1787107976.154793
1787107976.161758
1787107976.168638
1787107976.175435
1787107976.182328
1787107976.189273
1787107976.196193
1787107976.203118
1787107976.209910
1787107976.216961
1787107976.223686
1787107976.230473
1787107976.237303
1787107976.244185
1787107976.250882
1787107976.257718
1787107976.264518
1787107976.271371
1787107976.278130
1787107976.284908
1787107976.291728
1787107976.298609
1787107976.305517
1787107976.312426
1787107976.319081
1787107976.325833
1787107976.332597
1787107976.339396
1787107976.346299
1787107976.353086
1787107976.360008
1787107976.366858
1787107976.373565
1787107976.380506
1787107976.387303
1787107976.394082
1787107976.400978
1787107976.407684
1787107976.414474
1787107976.421253
1787107976.427992
1787107976.434776
1787107976.441663
1787107976.448449
1787107976.455302
1787107976.462084
1787107976.468998
1787107976.475845
1787107976.482752
1787107976.489646
1787107976.496412
1787107976.503219
1787107976.509956
1787107976.516728
1787107976.523572
1787107976.530479
1787107976.537432
1787107976.544236
1787107976.550988
1787107976.557780
1787107976.564538
1787107976.571333
1787107976.578084
1787107976.584947
1787107976.591728
1787107976.598480
1787107976.605223
1787107976.611900
1787107976.618715
1787107976.625524
1787107976.632335
1787107976.639319
1787107976.646169
1787107976.652991
1787107976.659815
1787107976.666641
1787107976.673362
1787107976.680197
1787107976.687053
1787107976.693818
1787107976.700545
1787107976.707336
1787107976.714235
1787107976.721111
1787107976.727856
1787107976.734772
1787107976.741602
1787107976.748413
1787107976.755189
1787107976.761954
1787107976.768628
1787107976.775428
1787107976.782280
1787107976.789087
1787107976.796057
1787107976.802979
1787107976.809631
1787107976.816390
1787107976.823226
1787107976.830108
1787107976.836865
1787107976.843703
1787107976.850387
1787107976.857209
1787107976.864033
1787107976.870679
1787107976.877426
1787107976.884198
1787107976.890900
1787107976.897567
1787107976.904254
1787107976.910960
1787107976.917692
1787107976.924360
1787107976.931190
1787107976.938091
1787107976.944880
1787107976.951730
1787107976.958531
1787107976.965475
1787107976.972205
1787107976.979234
1787107976.986063
1787107976.992865
1787107976.999562
1787107977.006356
1787107977.013138
1787107977.019902
1787107977.026751
1787107977.033553
1787107977.040370
1787107977.047196
1787107977.054029
1787107977.061257
1787107977.068002
1787107977.074824
1787107977.081656
1787107977.088521
1787107977.095470
1787107977.102288
1787107977.108999
1787107977.115855
1787107977.122533
1787107977.129149
1787107977.135907
1787107977.142641
1787107977.149360
1787107977.156219
1787107977.163107
1787107977.169913
1787107977.176716
1787107977.183448
1787107977.190300
1787107977.197238
1787107977.203939
1787107977.210615
1787107977.217565
1787107977.224343
1787107977.231149
1787107977.237951
1787107977.244728
1787107977.251465
1787107977.258301
1787107977.265092
1787107977.271782
1787107977.278658
1787107977.285429
1787107977.292176
1787107977.299067
1787107977.305833
1787107977.312486
1787107977.319716
1787107977.326690
1787107977.333375
1787107977.340133
1787107977.346944
1787107977.353704
1787107977.360602
1787107977.367348
1787107977.374144
1787107977.381242
1787107977.388101
1787107977.394850
1787107977.401732
1787107977.408603
1787107977.415369
1787107977.422287
1787107977.429037
1787107977.435843
1787107977.442895
1787107977.449634
1787107977.456438
1787107977.463173
1787107977.470122
1787107977.477051
1787107977.484052
1787107977.490830
1787107977.497730
1787107977.504533
1787107977.511439
1787107977.518189
1787107977.525018
1787107977.531905
1787107977.538701
1787107977.545521
1787107977.552308
1787107977.559195
1787107977.565924
1787107977.572700
1787107977.579672
1787107977.586818
1787107977.593748
1787107977.600550
1787107977.607404
1787107977.614222
1787107977.621124
1787107977.627902
1787107977.634736
1787107977.641719
1787107977.648503
1787107977.655318
1787107977.662157
1787107977.668808
1787107977.675619
1787107977.682439
1787107977.689280
1787107977.696186
1787107977.703175
1787107977.709968
1787107977.716795
1787107977.723719
1787107977.730655
1787107977.737540
1787107977.744329
1787107977.751120
1787107977.758029
1787107977.764996
1787107977.771805
1787107977.778801
1787107977.785730
1787107977.792436
1787107977.799351
1787107977.806096
1787107977.813329
1787107977.820795
1787107977.828114
1787107977.835415
1787107977.842593
1787107977.849923
1787107977.857027
1787107977.864004
1787107977.870857
1787107977.877785
1787107977.884758
1787107977.891565
1787107977.898487
1787107977.905360
1787107977.912268
1787107977.919210
1787107977.926213
1787107977.933168
1787107977.940162
1787107977.946964
1787107977.953810
1787107977.960789
1787107977.967735
1787107977.974508
1787107977.981378
1787107977.988383
1787107977.995155
1787107978.002427
1787107978.009244
1787107978.016076
1787107978.022981
1787107978.029773
1787107978.036725
1787107978.043684
1787107978.050654
1787107978.057447
1787107978.064358
1787107978.071396
1787107978.078347
1787107978.085254
1787107978.092173
1787107978.099118
1787107978.106027
1787107978.112900
1787107978.119925
1787107978.127093
1787107978.133952
1787107978.141067
1787107978.147973
1787107978.154835
1787107978.161788
1787107978.168832
1787107978.175751
1787107978.182635
1787107978.189438
1787107978.196442
1787107978.203470
1787107978.210350
1787107978.217517
1787107978.224446
1787107978.231535
1787107978.238650
1787107978.245583
1787107978.252481
1787107978.259401
1787107978.266236
1787107978.273104
1787107978.280110
1787107978.286966
1787107978.293974
1787107978.300957
1787107978.307902
1787107978.314807
1787107978.321762
1787107978.328696
1787107978.335822
1787107978.342909
1787107978.349797
1787107978.356748
1787107978.363743
1787107978.370641
1787107978.377682
1787107978.384646
1787107978.391875
1787107978.399005
1787107978.405956
1787107978.412789
1787107978.419777
1787107978.426765
1787107978.433738
1787107978.440727
1787107978.447701
1787107978.454637
1787107978.461651
1787107978.468672
1787107978.475680
1787107978.482805
1787107978.489804
1787107978.497008
1787107978.504939
1787107978.511843
1787107978.518943
1787107978.525790
1787107978.532835
1787107978.539884
1787107978.546841
1787107978.553702
1787107978.560840
1787107978.567968
1787107978.574908
1787107978.582068
1787107978.589345
1787107978.596377
1787107978.603341
1787107978.610307
1787107978.617625
1787107978.624573
1787107978.631586
1787107978.638768
1787107978.645968
1787107978.653151
1787107978.660191
1787107978.667105
1787107978.674144
1787107978.681323
1787107978.688391
1787107978.695505
1787107978.702553
1787107978.709506
1787107978.716690
1787107978.723941
1787107978.730974
1787107978.738189
1787107978.745123
1787107978.752258
1787107978.759534
1787107978.766675
1787107978.773529
1787107978.780656
1787107978.787763
1787107978.794984
1787107978.802232
1787107978.809387
1787107978.816632
1787107978.823579
1787107978.830539
1787107978.837627
1787107978.844817
1787107978.851805
1787107978.858952
1787107978.865901
1787107978.872836
1787107978.879855
1787107978.886864
1787107978.893915
1787107978.900885
1787107978.907960
1787107978.914975
1787107978.922003
1787107978.929040
1787107978.935928
1787107978.942934
1787107978.949911
1787107978.956940
1787107978.963764
1787107978.970800
1787107978.977805
1787107978.984845
1787107978.991841
1787107978.998794
1787107979.005776
1787107979.012940
1787107979.020249
1787107979.027300
1787107979.034294
1787107979.041533
1787107979.048600
1787107979.055698
1787107979.062701
1787107979.069778
1787107979.076857
1787107979.083863
1787107979.090772
1787107979.097755
1787107979.104847
1787107979.111899
1787107979.119007
1787107979.126183
1787107979.133396
1787107979.140529
1787107979.147561
1787107979.154686
1787107979.161756
1787107979.168914
1787107979.175982
1787107979.183247
1787107979.190411
1787107979.197518
1787107979.204509
1787107979.211565
1787107979.218767
1787107979.225639
1787107979.232884
1787107979.240085
1787107979.247103
1787107979.254330
1787107979.261522
1787107979.268493
1787107979.275466
1787107979.282861
1787107979.289909
1787107979.297048
1787107979.303971
1787107979.310907
1787107979.317905
1787107979.324839
1787107979.332110
1787107979.339375
1787107979.346440
1787107979.353522
1787107979.360871
1787107979.367932
1787107979.375032
1787107979.382211
1787107979.389504
1787107979.396630
1787107979.403608
1787107979.410646
1787107979.417809
1787107979.424815
1787107979.431852
1787107979.439049
1787107979.446062
1787107979.453268
1787107979.460454
1787107979.467577
1787107979.474725
1787107979.481860
1787107979.488771
1787107979.495894
1787107979.503016
1787107979.510156
1787107979.517289
1787107979.524411
1787107979.531617
1787107979.539006
1787107979.546105
1787107979.553260
1787107979.560446
1787107979.567698
1787107979.574803
1787107979.582026
1787107979.588963
1787107979.596042
1787107979.603010
1787107979.610174
1787107979.617434
1787107979.624412
1787107979.631633
1787107979.638886
1787107979.645958
1787107979.653024
1787107979.660298
1787107979.667258
1787107979.674505
1787107979.681908
1787107979.688988
1787107979.696341
1787107979.703593
1787107979.710775
1787107979.718283
1787107979.725332
1787107979.732670
1787107979.739782
1787107979.747006
1787107979.753985
1787107979.761065
1787107979.768394
1787107979.775439
1787107979.782656
1787107979.789749
1787107979.796951
1787107979.804254
1787107979.811311
1787107979.818611
1787107979.825822
1787107979.832981
1787107979.840436
1787107979.847707
1787107979.854908
1787107979.862054
1787107979.869290
1787107979.876486
1787107979.883981
1787107979.891074
1787107979.898234
1787107979.905604
1787107979.912729
1787107979.919881
