1787107960.273038
1787107960.277892
1787107960.283015
1787107960.288157
1787107960.293402
1787107960.298603
1787107960.303825
1787107960.308960
1787107960.314140
1787107960.319367
1787107960.324537
1787107960.329811
1787107960.334982
1787107960.340335
1787107960.345621
1787107960.350853
1787107960.356126
1787107960.361348
1787107960.366469
1787107960.371650
1787107960.376871
1787107960.382128
1787107960.387262
1787107960.392547
1787107960.397696
1787107960.403086
1787107960.408396
1787107960.413431
1787107960.418871
1787107960.424196
1787107960.429327
1787107960.434599
1787107960.439798
1787107960.445015
1787107960.450325
1787107960.455652
1787107960.460826
1787107960.465979
1787107960.471303
1787107960.476578
1787107960.481806
1787107960.487099
1787107960.492185
1787107960.497406
1787107960.502587
1787107960.507976
1787107960.513176
1787107960.518320
1787107960.523562
1787107960.528780
1787107960.533973
1787107960.539140
1787107960.544319
1787107960.549730
1787107960.555000
1787107960.560377
1787107960.565602
1787107960.570711
1787107960.576006
1787107960.581259
1787107960.586601
1787107960.591877
1787107960.597157
1787107960.602458
1787107960.607692
1787107960.613075
1787107960.618224
1787107960.623452
1787107960.628628
1787107960.633935
1787107960.639268
1787107960.644405
1787107960.649691
1787107960.654971
1787107960.660270
1787107960.665439
1787107960.670649
1787107960.675931
1787107960.681110
1787107960.686314
1787107960.691663
1787107960.696893
1787107960.702084
1787107960.707242
1787107960.712409
1787107960.717727
1787107960.722849
1787107960.728013
1787107960.733253
1787107960.738505
1787107960.743646
1787107960.748820
1787107960.754102
1787107960.759550
1787107960.764863
1787107960.770258
1787107960.775469
1787107960.780606
1787107960.785802
1787107960.791027
1787107960.796264
1787107960.801474
1787107960.806626
1787107960.811873
1787107960.817091
1787107960.822450
1787107960.827650
1787107960.832782
1787107960.837917
1787107960.843113
1787107960.848318
1787107960.853487
1787107960.858747
1787107960.863979
1787107960.869193
1787107960.874511
1787107960.879692
1787107960.885008
1787107960.890386
1787107960.895562
1787107960.900821
1787107960.905985
1787107960.911131
1787107960.916340
1787107960.921530
1787107960.926882
1787107960.932038
1787107960.937304
1787107960.942426
1787107960.947784
1787107960.953077
1787107960.958287
1787107960.963341
1787107960.968601
1787107960.973763
1787107960.978983
1787107960.984213
1787107960.989436
1787107960.994926
1787107961.000178
1787107961.005319
1787107961.010428
1787107961.015671
1787107961.020880
1787107961.026088
1787107961.031379
1787107961.036651
1787107961.041831
1787107961.046954
1787107961.052194
1787107961.057433
1787107961.062617
1787107961.067811
1787107961.073001
1787107961.078258
1787107961.083475
1787107961.088642
1787107961.093765
1787107961.099086
1787107961.104309
1787107961.109539
1787107961.114709
1787107961.119957
1787107961.125075
1787107961.130302
1787107961.135574
1787107961.140784
1787107961.145982
1787107961.151124
1787107961.156497
1787107961.161899
1787107961.167053
1787107961.172229
1787107961.177539
1787107961.182751
1787107961.187947
1787107961.193139
1787107961.198264
1787107961.203586
1787107961.208851
1787107961.214108
1787107961.219324
1787107961.224508
1787107961.229711
1787107961.234731
1787107961.240119
1787107961.245339
1787107961.250500
1787107961.255728
1787107961.260926
1787107961.266093
1787107961.271247
1787107961.276414
1787107961.281719
1787107961.287090
1787107961.292279
1787107961.297547
1787107961.302701
1787107961.307796
1787107961.312940
1787107961.318176
1787107961.323315
1787107961.328541
1787107961.333689
1787107961.338892
1787107961.344254
1787107961.349517
1787107961.354696
1787107961.359917
1787107961.365190
1787107961.370576
1787107961.375761
1787107961.380891
1787107961.386225
1787107961.391498
1787107961.396676
1787107961.401773
1787107961.407236
1787107961.412576
1787107961.417792
1787107961.422886
1787107961.427953
1787107961.433211
1787107961.438512
1787107961.443743
1787107961.448918
1787107961.454166
1787107961.459363
1787107961.464509
1787107961.469708
1787107961.474926
1787107961.480249
1787107961.485448
1787107961.490680
1787107961.495890
1787107961.501118
1787107961.506264
1787107961.511497
1787107961.516705
1787107961.521904
1787107961.527152
1787107961.532398
1787107961.537563
1787107961.542737
1787107961.548050
1787107961.553261
1787107961.558473
1787107961.563796
1787107961.568917
1787107961.574229
1787107961.579422
1787107961.584656
1787107961.589822
1787107961.594981
1787107961.600483
1787107961.605760
1787107961.611003
1787107961.616254
1787107961.621589
1787107961.626613
1787107961.631716
1787107961.636855
1787107961.642131
1787107961.647321
1787107961.652446
1787107961.657722
1787107961.662950
1787107961.668200
1787107961.673369
1787107961.678930
1787107961.684228
1787107961.689497
1787107961.694768
1787107961.700024
1787107961.705415
1787107961.710669
1787107961.715980
1787107961.721080
1787107961.726341
1787107961.731813
1787107961.737073
1787107961.742336
1787107961.747642
1787107961.752940
1787107961.758167
1787107961.763471
1787107961.768759
1787107961.773945
1787107961.779294
1787107961.784544
1787107961.789773
1787107961.794903
1787107961.800153
1787107961.805322
1787107961.810791
1787107961.815998
1787107961.821151
1787107961.826235
1787107961.831553
1787107961.836777
1787107961.842155
1787107961.847463
1787107961.852722
1787107961.857907
1787107961.863132
1787107961.868428
1787107961.873637
1787107961.878893
1787107961.884087
1787107961.889288
1787107961.894444
1787107961.899679
1787107961.904855
1787107961.910053
1787107961.915272
1787107961.920495
1787107961.925557
1787107961.930746
1787107961.936015
1787107961.941269
1787107961.946581
1787107961.951812
1787107961.957082
1787107961.962422
1787107961.967567
1787107961.972843
1787107961.977959
1787107961.983193
1787107961.988503
1787107961.993747
1787107961.999047
1787107962.004237
1787107962.009429
1787107962.014831
1787107962.020046
1787107962.025369
1787107962.030663
1787107962.035859
1787107962.041156
1787107962.046494
1787107962.051905
1787107962.057070
1787107962.062257
1787107962.067485
1787107962.072750
1787107962.078094
1787107962.083317
1787107962.088596
1787107962.093897
1787107962.099288
1787107962.104623
1787107962.109889
1787107962.115200
1787107962.120467
1787107962.125663
1787107962.130900
1787107962.136038
1787107962.141270
1787107962.146474
1787107962.151718
1787107962.156946
1787107962.162088
1787107962.167332
1787107962.172601
1787107962.177730
1787107962.183031
1787107962.188237
1787107962.193445
1787107962.198795
1787107962.204035
1787107962.209185
1787107962.214351
1787107962.219646
1787107962.224823
1787107962.230119
1787107962.235344
1787107962.240612
1787107962.245983
1787107962.251215
1787107962.256463
1787107962.261896
1787107962.267081
1787107962.272287
1787107962.277437
1787107962.282610
1787107962.287945
1787107962.293116
1787107962.298375
1787107962.303660
1787107962.308759
1787107962.314018
1787107962.319172
1787107962.324423
1787107962.329800
1787107962.335018
1787107962.340242
1787107962.345417
1787107962.350602
1787107962.355808
1787107962.361140
1787107962.366457
1787107962.371706
1787107962.377020
1787107962.382333
1787107962.387620
1787107962.392857
1787107962.398067
1787107962.403192
1787107962.408386
1787107962.413641
1787107962.418998
1787107962.424277
1787107962.429415
1787107962.434570
1787107962.439893
1787107962.445054
1787107962.450316
1787107962.455507
1787107962.460804
1787107962.465915
1787107962.471320
1787107962.476536
1787107962.481832
1787107962.487022
1787107962.492213
1787107962.497555
1787107962.502791
1787107962.507901
1787107962.513045
1787107962.518427
1787107962.523598
1787107962.528792
1787107962.533944
1787107962.539280
1787107962.544458
1787107962.549628
1787107962.554866
1787107962.560074
1787107962.565330
1787107962.570613
1787107962.575848
1787107962.581045
1787107962.586247
1787107962.591524
1787107962.596713
1787107962.602016
1787107962.607245
1787107962.612333
1787107962.617520
1787107962.622743
1787107962.628075
1787107962.633372
1787107962.638650
1787107962.644141
1787107962.649397
1787107962.654647
1787107962.659903
1787107962.665109
1787107962.670591
1787107962.675877
1787107962.681142
1787107962.686348
1787107962.691576
1787107962.696773
1787107962.702051
1787107962.707344
1787107962.712532
1787107962.717791
1787107962.722950
1787107962.728148
1787107962.733243
1787107962.738356
1787107962.743468
1787107962.748698
1787107962.754003
1787107962.759457
1787107962.764921
1787107962.770096
1787107962.775341
1787107962.780612
1787107962.785837
1787107962.791055
1787107962.796339
1787107962.801553
1787107962.806688
1787107962.811996
1787107962.817293
1787107962.822550
1787107962.827774
1787107962.833161
1787107962.838407
1787107962.843627
1787107962.848745
1787107962.853984
1787107962.859340
1787107962.864538
1787107962.869765
1787107962.874874
1787107962.880077
1787107962.885380
1787107962.890583
1787107962.895858
1787107962.901009
1787107962.906335
1787107962.911605
1787107962.916970
1787107962.922277
1787107962.927478
1787107962.932797
1787107962.938020
1787107962.943221
1787107962.948389
1787107962.953588
1787107962.958830
1787107962.964019
1787107962.969286
1787107962.974507
1787107962.979731
1787107962.984941
1787107962.990207
1787107962.995632
1787107963.000811
1787107963.005961
1787107963.011297
1787107963.016483
1787107963.021706
1787107963.026889
1787107963.032230
1787107963.037470
1787107963.042913
1787107963.048162
1787107963.053364
1787107963.058564
1787107963.063749
1787107963.069039
1787107963.074442
1787107963.079504
1787107963.084692
1787107963.089875
1787107963.095057
1787107963.100472
1787107963.105752
1787107963.110963
1787107963.116358
1787107963.121655
1787107963.127043
1787107963.132152
1787107963.137371
1787107963.142753
1787107963.147837
1787107963.153108
1787107963.158418
1787107963.163672
1787107963.168846
1787107963.174020
1787107963.179579
1787107963.184776
1787107963.190031
1787107963.195311
1787107963.200578
1787107963.205893
1787107963.211056
1787107963.216397
1787107963.221531
1787107963.226811
1787107963.232001
1787107963.237228
1787107963.242420
1787107963.247766
1787107963.252888
1787107963.258112
1787107963.263195
1787107963.268293
1787107963.273490
1787107963.278617
1787107963.283863
1787107963.289129
1787107963.294263
1787107963.299479
1787107963.304663
1787107963.309968
1787107963.315215
1787107963.320518
1787107963.325589
1787107963.330739
1787107963.336031
1787107963.341256
1787107963.346311
1787107963.351540
1787107963.356741
1787107963.361948
1787107963.367207
1787107963.372323
1787107963.377636
1787107963.382826
1787107963.388047
1787107963.393273
1787107963.398451
1787107963.403630
1787107963.408942
1787107963.414374
