1787107903.749410
1787107903.753982
1787107903.758987
1787107903.763793
1787107903.768645
1787107903.773426
1787107903.778311
1787107903.783164
1787107903.787996
1787107903.792931
1787107903.797877
1787107903.802746
1787107903.807883
1787107903.812604
1787107903.817527
1787107903.822335
1787107903.827145
1787107903.832047
1787107903.836904
1787107903.841734
1787107903.846594
1787107903.851380
1787107903.856195
1787107903.861132
1787107903.866187
1787107903.871072
1787107903.876027
1787107903.880926
1787107903.885830
1787107903.890571
1787107903.895503
1787107903.900286
1787107903.905195
1787107903.910041
1787107903.915094
1787107903.920131
1787107903.925287
1787107903.930250
1787107903.935089
1787107903.939936
1787107903.944871
1787107903.949702
1787107903.954570
1787107903.959622
1787107903.964299
1787107903.969353
1787107903.974173
1787107903.979110
1787107903.984396
1787107903.989359
1787107903.994170
1787107903.999126
1787107904.004154
1787107904.009004
1787107904.013969
1787107904.019075
1787107904.023998
1787107904.028788
1787107904.033640
1787107904.038560
1787107904.043492
1787107904.048661
1787107904.053425
1787107904.058494
1787107904.063313
1787107904.068263
1787107904.073052
1787107904.078007
1787107904.082836
1787107904.087843
1787107904.093102
1787107904.098126
1787107904.102894
1787107904.107696
1787107904.112837
1787107904.117678
1787107904.122705
1787107904.127629
1787107904.132557
1787107904.137588
1787107904.142496
1787107904.147206
1787107904.152068
1787107904.157190
1787107904.162102
1787107904.167157
1787107904.172042
1787107904.177110
1787107904.181991
1787107904.186837
1787107904.191765
1787107904.196659
1787107904.201522
1787107904.206350
1787107904.211373
1787107904.216500
1787107904.221366
1787107904.226296
1787107904.231111
1787107904.236120
1787107904.241362
1787107904.246135
1787107904.251067
1787107904.256181
1787107904.261011
1787107904.266034
1787107904.270950
1787107904.275740
1787107904.280698
1787107904.285559
1787107904.290509
1787107904.295498
1787107904.300252
1787107904.305393
1787107904.310369
1787107904.315383
1787107904.320253
1787107904.324995
1787107904.329910
1787107904.334960
1787107904.339761
1787107904.344544
1787107904.349429
1787107904.354317
1787107904.359250
1787107904.364270
1787107904.369255
1787107904.374132
1787107904.378968
1787107904.383943
1787107904.388805
1787107904.393670
1787107904.398410
1787107904.403288
1787107904.408194
1787107904.413033
1787107904.417880
1787107904.422734
1787107904.427506
1787107904.432401
1787107904.437482
1787107904.442266
1787107904.447118
1787107904.452044
1787107904.456910
1787107904.461879
1787107904.466649
1787107904.471514
1787107904.476455
1787107904.481456
1787107904.486276
1787107904.491098
1787107904.496003
1787107904.500832
1787107904.505943
1787107904.510758
1787107904.515750
1787107904.520485
1787107904.525273
1787107904.530327
1787107904.535404
1787107904.540170
1787107904.545198
1787107904.549973
1787107904.554901
1787107904.559680
1787107904.564668
1787107904.569379
1787107904.574497
1787107904.579421
1787107904.584316
1787107904.589157
1787107904.593896
1787107904.598882
1787107904.603682
1787107904.608557
1787107904.613568
1787107904.618609
1787107904.623629
1787107904.628547
1787107904.633332
1787107904.638170
1787107904.643010
1787107904.648110
1787107904.653044
1787107904.657953
1787107904.662753
1787107904.667793
1787107904.672661
1787107904.677741
1787107904.682745
1787107904.687516
1787107904.692419
1787107904.697402
1787107904.702399
1787107904.707474
1787107904.712127
1787107904.717098
1787107904.722289
1787107904.727132
1787107904.732067
1787107904.737310
1787107904.742175
1787107904.747125
1787107904.752063
1787107904.757153
1787107904.762047
1787107904.766981
1787107904.772110
1787107904.777227
1787107904.782018
1787107904.786934
1787107904.791767
1787107904.796962
1787107904.801898
1787107904.807038
1787107904.812087
1787107904.817026
1787107904.821777
1787107904.826946
1787107904.831891
1787107904.836896
1787107904.841841
1787107904.847043
1787107904.851878
1787107904.856863
1787107904.861881
1787107904.866735
1787107904.871737
1787107904.877102
1787107904.881849
1787107904.886847
1787107904.891809
1787107904.896785
1787107904.901721
1787107904.906636
1787107904.911440
1787107904.916418
1787107904.921110
1787107904.926040
1787107904.930892
1787107904.935826
1787107904.940848
1787107904.945723
1787107904.950563
1787107904.955589
1787107904.960381
1787107904.965268
1787107904.969948
1787107904.974864
1787107904.979724
1787107904.984416
1787107904.989196
1787107904.993950
1787107904.999048
1787107905.003960
1787107905.009025
1787107905.013824
1787107905.018833
1787107905.023838
1787107905.028741
1787107905.033484
1787107905.038577
1787107905.043440
1787107905.048209
1787107905.053176
1787107905.058118
1787107905.063038
1787107905.067813
1787107905.072784
1787107905.077990
1787107905.082973
1787107905.087913
1787107905.092766
1787107905.097845
1787107905.102708
1787107905.107590
1787107905.112499
1787107905.117769
1787107905.122556
1787107905.127502
1787107905.132335
1787107905.137218
1787107905.142364
1787107905.147412
1787107905.152206
1787107905.157279
1787107905.162129
1787107905.166875
1787107905.171845
1787107905.177031
1787107905.181865
1787107905.186970
1787107905.191837
1787107905.196964
1787107905.201934
1787107905.207049
1787107905.211963
1787107905.217215
1787107905.222197
1787107905.226996
1787107905.231843
1787107905.236814
1787107905.241656
1787107905.246621
1787107905.251523
1787107905.256500
1787107905.261363
1787107905.266290
1787107905.271345
1787107905.276326
1787107905.281372
1787107905.286403
1787107905.291246
1787107905.296354
1787107905.301404
1787107905.306309
1787107905.311205
1787107905.316178
1787107905.321167
1787107905.325947
1787107905.331003
1787107905.336236
1787107905.341101
1787107905.345920
1787107905.351071
1787107905.356144
1787107905.361088
1787107905.365944
1787107905.370950
1787107905.376062
1787107905.380900
1787107905.385744
1787107905.390596
1787107905.395557
1787107905.400834
1787107905.405679
1787107905.410623
1787107905.415695
1787107905.420544
1787107905.425483
1787107905.430345
1787107905.435389
1787107905.440248
1787107905.445288
1787107905.450303
1787107905.455774
1787107905.460872
1787107905.465957
1787107905.470718
1787107905.475728
1787107905.480512
1787107905.485233
1787107905.490067
1787107905.494999
1787107905.499819
1787107905.504640
1787107905.509556
1787107905.514408
1787107905.519383
1787107905.524175
1787107905.529214
1787107905.534083
1787107905.542698
1787107905.548151
1787107905.553288
1787107905.558166
1787107905.563031
1787107905.567886
1787107905.572827
1787107905.577787
1787107905.582573
1787107905.587486
1787107905.592272
1787107905.597507
1787107905.602560
1787107905.607405
1787107905.612271
1787107905.617231
1787107905.622057
1787107905.626960
1787107905.631716
1787107905.636702
1787107905.641605
1787107905.646404
1787107905.651373
1787107905.656258
1787107905.661301
1787107905.666208
1787107905.671060
1787107905.676074
1787107905.680874
1787107905.685642
1787107905.690572
1787107905.695519
1787107905.700505
1787107905.705601
1787107905.710538
1787107905.715655
1787107905.720558
1787107905.725785
1787107905.731092
1787107905.736169
1787107905.741034
1787107905.745963
1787107905.750739
1787107905.755718
1787107905.760573
1787107905.765438
1787107905.770322
1787107905.775396
1787107905.780247
1787107905.785088
1787107905.789862
1787107905.794940
1787107905.800195
1787107905.804988
1787107905.809869
1787107905.814780
1787107905.819735
1787107905.824555
1787107905.829468
1787107905.834188
1787107905.839097
1787107905.844063
1787107905.849011
1787107905.853874
1787107905.858876
1787107905.863670
1787107905.868778
1787107905.873775
1787107905.878669
1787107905.883482
1787107905.888278
1787107905.893188
1787107905.898165
1787107905.903113
1787107905.907950
1787107905.912937
1787107905.917857
1787107905.922649
1787107905.927763
1787107905.932537
1787107905.937651
1787107905.942630
1787107905.947566
1787107905.952304
1787107905.957317
1787107905.962303
1787107905.967185
1787107905.972138
1787107905.977106
1787107905.982003
1787107905.986758
1787107905.991853
1787107905.997043
1787107906.001910
1787107906.007016
1787107906.011863
1787107906.016639
1787107906.021628
1787107906.026471
1787107906.031530
1787107906.036623
1787107906.041718
1787107906.046876
1787107906.051759
1787107906.056874
1787107906.061650
1787107906.066620
1787107906.071498
1787107906.076760
1787107906.081527
1787107906.086410
1787107906.091142
1787107906.096080
1787107906.101031
1787107906.105942
1787107906.110870
1787107906.115850
1787107906.120858
1787107906.125699
1787107906.130471
1787107906.135421
1787107906.140236
1787107906.145539
1787107906.150290
1787107906.155184
1787107906.160086
1787107906.165044
1787107906.170089
1787107906.174885
1787107906.179761
1787107906.184793
1787107906.189605
1787107906.194569
1787107906.199330
1787107906.204195
1787107906.208965
1787107906.213841
1787107906.219216
1787107906.223971
1787107906.228846
1787107906.233643
1787107906.238607
1787107906.243601
1787107906.248399
1787107906.253211
1787107906.258171
1787107906.263228
1787107906.268331
1787107906.273344
1787107906.278173
1787107906.283023
1787107906.287904
1787107906.293091
1787107906.297955
1787107906.302809
1787107906.307671
1787107906.312630
1787107906.317502
1787107906.322365
1787107906.327192
1787107906.331921
1787107906.336852
1787107906.341633
1787107906.346505
1787107906.351527
1787107906.356542
1787107906.361794
1787107906.366734
1787107906.371595
1787107906.376475
1787107906.381336
1787107906.386221
1787107906.391463
1787107906.396511
1787107906.401514
1787107906.406335
1787107906.411161
1787107906.416224
1787107906.421171
1787107906.426106
1787107906.431292
1787107906.436315
1787107906.441392
1787107906.446380
1787107906.451152
1787107906.456244
1787107906.461271
1787107906.466177
1787107906.471120
1787107906.476348
1787107906.481282
1787107906.486220
1787107906.491181
1787107906.496237
1787107906.501349
1787107906.506208
1787107906.511173
1787107906.516250
1787107906.521013
1787107906.526481
1787107906.531786
1787107906.536838
1787107906.541727
1787107906.546551
1787107906.551386
1787107906.556502
1787107906.561264
1787107906.566187
1787107906.571232
1787107906.576268
1787107906.581033
1787107906.585950
1787107906.590745
1787107906.595701
1787107906.600491
1787107906.605483
1787107906.610344
1787107906.615406
1787107906.620213
1787107906.625089
1787107906.630016
1787107906.635399
1787107906.640428
1787107906.645245
1787107906.650178
1787107906.655280
1787107906.660128
1787107906.665143
1787107906.669953
1787107906.674745
1787107906.679700
1787107906.684557
1787107906.689461
1787107906.694258
1787107906.699471
1787107906.704370
1787107906.709295
1787107906.714111
