1787107924.803834
1787107924.808412
1787107924.813395
1787107924.818344
1787107924.823307
1787107924.828295
1787107924.833318
1787107924.838408
1787107924.843523
1787107924.848413
1787107924.853416
1787107924.858588
1787107924.863739
1787107924.868581
1787107924.873633
1787107924.878575
1787107924.883645
1787107924.888772
1787107924.893539
1787107924.898877
1787107924.903638
1787107924.908424
1787107924.913240
1787107924.918364
1787107924.923484
1787107924.928312
1787107924.933272
1787107924.938407
1787107924.943337
1787107924.948193
1787107924.953357
1787107924.958623
1787107924.963732
1787107924.968845
1787107924.973680
1787107924.979125
1787107924.984171
1787107924.989325
1787107924.994376
1787107924.999515
1787107925.004639
1787107925.009448
1787107925.014274
1787107925.019566
1787107925.024361
1787107925.029480
1787107925.034604
1787107925.039631
1787107925.044662
1787107925.049811
1787107925.054917
1787107925.060034
1787107925.065090
1787107925.070286
1787107925.075743
1787107925.080959
1787107925.085777
1787107925.090999
1787107925.096336
1787107925.101337
1787107925.106412
1787107925.111242
1787107925.116505
1787107925.121351
1787107925.126484
1787107925.131357
1787107925.136389
1787107925.141228
1787107925.146195
1787107925.151524
1787107925.156769
1787107925.161697
1787107925.166803
1787107925.171727
1787107925.177145
1787107925.182025
1787107925.186931
1787107925.191842
1787107925.197147
1787107925.202144
1787107925.207187
1787107925.212137
1787107925.217510
1787107925.222654
1787107925.228023
1787107925.233067
1787107925.238261
1787107925.243381
1787107925.248572
1787107925.253619
1787107925.258663
1787107925.263578
1787107925.268591
1787107925.273697
1787107925.279040
1787107925.284024
1787107925.289011
1787107925.293731
1787107925.298953
1787107925.303991
1787107925.309144
1787107925.314212
1787107925.319359
1787107925.324367
1787107925.329411
1787107925.334599
1787107925.339606
1787107925.344562
1787107925.349506
1787107925.354586
1787107925.359576
1787107925.364626
1787107925.369724
1787107925.374669
1787107925.379400
1787107925.384341
1787107925.389310
1787107925.394307
1787107925.399239
1787107925.403989
1787107925.409188
1787107925.414239
1787107925.419323
1787107925.424204
1787107925.429111
1787107925.434376
1787107925.439254
1787107925.444009
1787107925.449143
1787107925.453989
1787107925.459077
1787107925.464090
1787107925.468965
1787107925.474083
1787107925.479112
1787107925.484133
1787107925.489190
1787107925.493977
1787107925.499272
1787107925.504066
1787107925.512930
1787107925.517822
1787107925.522889
1787107925.527759
1787107925.532724
1787107925.537829
1787107925.542704
1787107925.547833
1787107925.552612
1787107925.557688
1787107925.562731
1787107925.567632
1787107925.572356
1787107925.577231
1787107925.582274
1787107925.587193
1787107925.591933
1787107925.597016
1787107925.601834
1787107925.606714
1787107925.611963
1787107925.617097
1787107925.622169
1787107925.627130
1787107925.632101
1787107925.639479
1787107925.644313
1787107925.649300
1787107925.654236
1787107925.659039
1787107925.663901
1787107925.668765
1787107925.673622
1787107925.678503
1787107925.683438
1787107925.688596
1787107925.693470
1787107925.698614
1787107925.703628
1787107925.708379
1787107925.713546
1787107925.718731
1787107925.723716
1787107925.728541
1787107925.733561
1787107925.738709
1787107925.743796
1787107925.748683
1787107925.753731
1787107925.758872
1787107925.763778
1787107925.768673
1787107925.773815
1787107925.778932
1787107925.783978
1787107925.789359
1787107925.794338
1787107925.799287
1787107925.804035
1787107925.809272
1787107925.814503
1787107925.819458
1787107925.824227
1787107925.829006
1787107925.834079
1787107925.839550
1787107925.844396
1787107925.849385
1787107925.854510
1787107925.859402
1787107925.864479
1787107925.869277
1787107925.874247
1787107925.879352
1787107925.884490
1787107925.889531
1787107925.894362
1787107925.899659
1787107925.905007
1787107925.910129
1787107925.915493
1787107925.920630
1787107925.925759
1787107925.931251
1787107925.936068
1787107925.941103
1787107925.945999
1787107925.950746
1787107925.955867
1787107925.960608
1787107925.965755
1787107925.970483
1787107925.975615
1787107925.980866
1787107925.985938
1787107925.990986
1787107925.995898
1787107926.000883
1787107926.005821
1787107926.010711
1787107926.016118
1787107926.020885
1787107926.025946
1787107926.031078
1787107926.036314
1787107926.041290
1787107926.046382
1787107926.051481
1787107926.056527
1787107926.061276
1787107926.066425
1787107926.071226
1787107926.076341
1787107926.081151
1787107926.085959
1787107926.091015
1787107926.095733
1787107926.100690
1787107926.105688
1787107926.110645
1787107926.116056
1787107926.121252
1787107926.126215
1787107926.131263
1787107926.136336
1787107926.141308
1787107926.146557
1787107926.151460
1787107926.156436
1787107926.161455
1787107926.166252
1787107926.171208
1787107926.176663
1787107926.181586
1787107926.186924
1787107926.192008
1787107926.197177
1787107926.202102
1787107926.207307
1787107926.212605
1787107926.217998
1787107926.223057
1787107926.228139
1787107926.233176
1787107926.238342
1787107926.243242
1787107926.248350
1787107926.253277
1787107926.258543
1787107926.263634
1787107926.268469
1787107926.273561
1787107926.279168
1787107926.283940
1787107926.288843
1787107926.293899
1787107926.298956
1787107926.303991
1787107926.309239
1787107926.314227
1787107926.319641
1787107926.324896
1787107926.329714
1787107926.334709
1787107926.339493
1787107926.344572
1787107926.349616
1787107926.354470
1787107926.359294
1787107926.364312
1787107926.369423
1787107926.374156
1787107926.379385
1787107926.384474
1787107926.389374
1787107926.394177
1787107926.399192
1787107926.404041
1787107926.409357
1787107926.414451
1787107926.419651
1787107926.424415
1787107926.429474
1787107926.434815
1787107926.440186
1787107926.445479
1787107926.450347
1787107926.455690
1787107926.460654
1787107926.465463
1787107926.470269
1787107926.475168
1787107926.480369
1787107926.485652
1787107926.490679
1787107926.495790
1787107926.500954
1787107926.505685
1787107926.510729
1787107926.516045
1787107926.521008
1787107926.526131
1787107926.531055
1787107926.536118
1787107926.540960
1787107926.546230
1787107926.551144
1787107926.556203
1787107926.560920
1787107926.565881
1787107926.570848
1787107926.575735
1787107926.580597
1787107926.585888
1787107926.590799
1787107926.595668
1787107926.600759
1787107926.605852
1787107926.610659
1787107926.615514
1787107926.620413
1787107926.625436
1787107926.630223
1787107926.635159
1787107926.640200
1787107926.644960
1787107926.649803
1787107926.655060
1787107926.660225
1787107926.665378
1787107926.670259
1787107926.675078
1787107926.679836
1787107926.685018
1787107926.690064
1787107926.695007
1787107926.700139
1787107926.705509
1787107926.710323
1787107926.715616
1787107926.720649
1787107926.725604
1787107926.730300
1787107926.735240
1787107926.740246
1787107926.745023
1787107926.750107
1787107926.755304
1787107926.760141
1787107926.765257
1787107926.770043
1787107926.774988
1787107926.780185
1787107926.785262
1787107926.790231
1787107926.795023
1787107926.799942
1787107926.805013
1787107926.810123
1787107926.814954
1787107926.820363
1787107926.825067
1787107926.830200
1787107926.835136
1787107926.840178
1787107926.845105
1787107926.850173
1787107926.855217
1787107926.860322
1787107926.865273
1787107926.870246
1787107926.875222
1787107926.880076
1787107926.884942
1787107926.889966
1787107926.895120
1787107926.900294
1787107926.905180
1787107926.910275
1787107926.915282
1787107926.920479
1787107926.925426
1787107926.930598
1787107926.935465
1787107926.940558
1787107926.945753
1787107926.950647
1787107926.955626
1787107926.960613
1787107926.965674
1787107926.970791
1787107926.976024
1787107926.980991
1787107926.985960
1787107926.991202
1787107926.996323
1787107927.001048
1787107927.005821
1787107927.010913
1787107927.016184
1787107927.021241
1787107927.026002
1787107927.031132
1787107927.036140
1787107927.041337
1787107927.046380
1787107927.051491
1787107927.056480
1787107927.061538
1787107927.066754
1787107927.071615
1787107927.076761
1787107927.081929
1787107927.086768
1787107927.091534
1787107927.096430
1787107927.101518
1787107927.106643
1787107927.111600
1787107927.116860
1787107927.121897
1787107927.126773
1787107927.131769
1787107927.137078
1787107927.142349
1787107927.147347
1787107927.152214
1787107927.157498
1787107927.162780
1787107927.167645
1787107927.172382
1787107927.177402
1787107927.182593
1787107927.187505
1787107927.192473
1787107927.197610
1787107927.202667
1787107927.207461
1787107927.212618
1787107927.218101
1787107927.223274
1787107927.228431
1787107927.233687
1787107927.238972
1787107927.243886
1787107927.248786
1787107927.253694
1787107927.259088
1787107927.263925
1787107927.269342
1787107927.274327
1787107927.279585
1787107927.284598
1787107927.289452
1787107927.294576
1787107927.299901
1787107927.305076
1787107927.309908
1787107927.315287
1787107927.320340
1787107927.325315
1787107927.330102
1787107927.335543
1787107927.340421
1787107927.345412
1787107927.350646
1787107927.355704
1787107927.360404
1787107927.365420
1787107927.370326
1787107927.375656
1787107927.380794
1787107927.385841
1787107927.390872
1787107927.395970
1787107927.401119
1787107927.406173
1787107927.411109
1787107927.416168
1787107927.421122
1787107927.426003
1787107927.431165
1787107927.436602
1787107927.441529
1787107927.446495
1787107927.451601
1787107927.456636
1787107927.461709
1787107927.466661
1787107927.471751
1787107927.476747
1787107927.481783
1787107927.486904
1787107927.491656
1787107927.496608
1787107927.501778
1787107927.506849
1787107927.511960
1787107927.516960
1787107927.522226
1787107927.527355
1787107927.532176
1787107927.537239
1787107927.541988
1787107927.546966
1787107927.551943
1787107927.556847
1787107927.561966
1787107927.567252
1787107927.572286
1787107927.577443
1787107927.582381
1787107927.587542
1787107927.592724
1787107927.597967
1787107927.603209
1787107927.608464
1787107927.613519
1787107927.618346
1787107927.623343
1787107927.628281
1787107927.633268
1787107927.638084
1787107927.643000
1787107927.647838
1787107927.652834
1787107927.657728
1787107927.666282
1787107927.671278
1787107927.676234
1787107927.681359
1787107927.686464
1787107927.691477
1787107927.696335
1787107927.701488
1787107927.706286
1787107927.711348
1787107927.716332
1787107927.721269
1787107927.726066
1787107927.730926
1787107927.736008
1787107927.740922
1787107927.745657
1787107927.750812
1787107927.755813
1787107927.760827
1787107927.765571
1787107927.770455
1787107927.775252
1787107927.780079
1787107927.784909
1787107927.789684
1787107927.794750
1787107927.799779
1787107927.804583
1787107927.809624
1787107927.814357
1787107927.819282
1787107927.824434
1787107927.829521
