1787108057.712365
1787108057.940656
1787108058.168277
1787108058.396586
1787108058.623513
1787108058.851892
1787108059.080211
1787108059.310163
1787108059.540829
1787108059.771643
1787108060.003045
1787108060.234112
1787108060.465808
1787108060.696732
1787108060.926929
1787108061.158711
1787108061.389097
1787108061.621288
1787108061.853799
1787108062.085431
1787108062.318248
1787108062.549687
1787108062.782507
1787108063.014768
1787108063.247972
1787108063.480821
1787108063.713618
1787108063.946709
1787108064.177820
1787108064.415765
1787108064.649826
1787108064.884954
1787108065.120055
1787108065.355238
1787108065.590991
1787108065.827522
1787108066.065295
1787108066.302533
1787108066.539591
1787108066.777928
1787108067.015742
1787108067.253374
1787108067.493052
1787108067.731827
1787108067.969684
1787108068.210776
1787108068.453108
1787108068.694552
1787108068.933792
1787108069.184029
1787108069.421335
1787108069.660433
1787108069.896770
1787108070.132805
1787108070.368586
1787108070.610776
1787108070.847840
1787108071.082493
1787108071.318870
1787108071.553870
1787108071.790911
1787108072.025542
1787108072.264021
1787108072.498773
1787108072.734863
1787108072.972750
1787108073.216180
1787108073.463168
1787108073.704095
1787108073.943264
1787108074.186931
1787108074.427646
1787108074.668855
1787108074.909851
1787108075.149660
1787108075.392522
1787108075.634259
1787108075.877818
1787108076.119109
1787108076.361416
1787108076.606916
1787108076.850510
1787108077.095165
1787108077.340376
1787108077.585947
1787108077.831647
1787108078.081396
1787108078.336013
1787108078.593780
1787108078.846353
1787108079.097151
1787108079.346467
1787108079.593757
1787108079.842966
1787108080.090216
1787108080.340163
1787108080.590131
1787108080.844156
1787108081.095002
1787108081.354612
1787108081.608151
1787108081.896210
1787108082.152346
1787108082.409925
1787108082.662315
1787108082.920552
1787108083.173209
1787108083.421229
1787108083.669852
1787108083.920736
1787108084.174440
1787108084.427568
1787108084.679332
1787108084.931684
1787108085.181764
1787108085.431335
1787108085.684960
1787108085.941037
1787108086.216843
1787108086.470189
1787108086.723043
1787108086.974483
1787108087.231822
1787108087.493752
1787108087.749473
1787108088.000973
1787108088.254739
1787108088.510275
1787108088.808457
1787108089.086537
1787108089.359388
1787108089.626496
1787108089.894549
1787108090.178687
1787108090.459722
1787108090.745631
1787108091.028172
1787108091.311950
1787108091.587995
1787108091.869431
1787108092.144315
1787108092.423976
1787108092.715188
1787108093.019685
1787108093.320961
1787108093.608770
1787108093.877359
1787108094.148864
1787108094.416809
1787108094.686561
1787108094.959783
1787108095.233824
1787108095.520741
1787108095.854944
1787108096.153795
1787108096.456180
1787108096.747410
1787108097.075044
1787108097.345233
1787108097.691021
1787108098.010186
1787108098.316331
1787108098.646152
1787108098.968990
1787108099.262225
1787108099.565013
1787108099.883310
1787108100.159819
1787108100.428796
1787108100.696774
1787108100.964288
1787108101.236173
1787108101.504040
1787108101.775311
1787108102.041782
1787108102.310935
1787108102.576241
1787108102.843457
1787108103.108618
1787108103.376542
1787108103.645298
1787108103.909807
1787108104.174760
1787108104.441498
1787108104.705704
1787108104.973358
1787108105.243398
1787108105.516870
1787108105.787920
1787108106.058358
1787108106.329183
1787108106.598647
1787108106.868006
1787108107.138613
1787108107.407598
1787108107.679938
1787108107.946874
1787108108.214662
1787108108.486253
1787108108.764906
1787108109.042989
1787108109.315851
1787108109.589645
1787108109.856930
1787108110.128781
1787108110.404128
1787108110.675597
1787108110.945951
1787108111.218917
1787108111.494711
1787108111.768785
1787108112.042477
1787108112.318881
1787108112.596407
1787108112.888514
1787108113.171239
1787108113.446530
1787108113.715615
1787108113.992316
1787108114.265639
1787108114.546415
1787108114.825016
1787108115.102995
1787108115.386812
1787108115.664289
1787108115.941068
1787108116.217569
1787108116.492779
1787108116.768400
1787108117.050102
1787108117.329895
1787108117.614360
1787108117.899173
1787108118.180050
1787108118.466348
1787108118.748619
1787108119.025396
1787108119.303608
1787108119.590708
1787108119.867913
1787108120.152220
1787108120.431906
1787108120.706847
1787108120.979656
1787108121.257094
1787108121.529230
1787108121.807556
1787108122.083417
1787108122.366410
1787108122.641084
1787108122.928045
1787108123.208259
1787108123.488893
1787108123.766387
1787108124.046129
1787108124.324175
1787108124.601711
1787108124.886012
1787108125.161704
1787108125.437335
1787108125.718711
1787108126.000840
1787108126.277270
1787108126.561018
1787108126.839516
1787108127.113568
1787108127.393161
1787108127.672151
1787108127.955365
1787108128.232842
1787108128.514050
1787108128.788798
1787108129.063743
1787108129.339956
1787108129.619245
1787108129.886850
1787108130.164582
1787108130.440823
1787108130.718366
1787108130.996380
1787108131.274843
1787108131.552597
1787108131.829217
1787108132.105808
1787108132.385735
1787108132.666324
1787108132.942762
1787108133.216430
1787108133.488793
1787108133.765661
1787108134.039248
1787108134.308671
1787108134.586509
1787108134.861226
1787108135.138487
1787108135.416191
1787108135.688184
1787108135.963758
1787108136.240162
1787108136.514648
1787108136.793038
1787108137.070432
1787108137.345092
1787108137.618587
1787108137.895713
1787108138.167767
1787108138.437770
1787108138.713489
1787108138.983432
1787108139.256238
1787108139.527523
1787108139.800895
1787108140.080144
1787108140.357425
1787108140.633173
1787108140.905954
1787108141.185247
1787108141.458985
1787108141.735397
1787108142.011960
1787108142.288518
1787108142.561584
1787108142.840508
1787108143.112681
1787108143.388731
1787108143.666933
1787108143.940022
1787108144.215714
1787108144.500220
1787108144.779931
1787108145.056910
1787108145.331708
1787108145.606985
1787108145.881827
1787108146.155432
1787108146.439530
1787108146.714279
1787108146.990705
1787108147.264411
1787108147.538890
1787108147.814075
1787108148.086666
1787108148.363902
1787108148.639176
1787108148.916037
1787108149.202663
1787108149.481748
1787108149.761897
1787108150.037263
1787108150.311377
1787108150.589725
1787108150.866429
1787108151.141131
1787108151.416951
1787108151.698851
1787108151.981274
1787108152.258672
1787108152.533531
1787108152.811955
1787108153.087741
1787108153.352841
1787108153.613977
1787108153.874014
1787108154.133838
1787108154.393933
1787108154.654498
1787108154.912059
1787108155.171543
1787108155.430657
1787108155.691060
1787108155.951686
1787108156.212073
1787108156.469775
1787108156.730664
1787108156.991669
1787108157.254040
1787108157.519544
1787108157.785015
1787108158.046300
1787108158.312027
1787108158.572776
1787108158.837538
1787108159.097637
1787108159.366108
1787108159.635834
1787108159.900493
1787108160.167897
1787108160.434033
1787108160.694160
1787108160.959506
1787108161.224701
1787108161.489091
1787108161.754978
1787108162.012585
1787108162.272669
1787108162.547915
1787108162.823647
1787108163.084320
1787108163.345393
1787108163.607609
1787108163.875124
1787108164.137426
1787108164.395771
1787108164.658634
1787108164.917877
1787108165.183900
1787108165.447898
1787108165.713971
1787108165.980414
1787108166.241944
1787108166.502647
1787108166.765493
1787108167.034972
1787108167.293141
1787108167.556787
1787108167.819517
1787108168.080673
1787108168.346750
1787108168.615934
1787108168.893785
1787108169.160490
1787108169.423117
1787108169.694332
1787108169.962530
1787108170.230368
1787108170.499374
1787108170.770501
1787108171.042917
1787108171.319980
1787108171.587309
1787108171.859740
1787108172.126132
1787108172.393618
1787108172.670192
1787108172.952403
1787108173.224709
1787108173.494072
1787108173.761533
1787108174.024371
1787108174.290622
1787108174.557966
1787108174.825109
1787108175.087100
1787108175.342477
1787108175.605564
1787108175.868007
1787108176.130204
1787108176.391279
1787108176.653186
1787108176.911701
1787108177.190958
1787108177.469422
1787108177.757706
1787108178.036641
1787108178.306922
1787108178.577456
1787108178.843566
1787108179.119767
1787108179.384405
1787108179.662148
1787108179.930501
1787108180.200144
1787108180.467282
1787108180.735163
1787108181.007761
1787108181.280910
1787108181.550184
1787108181.811843
1787108182.075538
1787108182.342073
1787108182.608871
1787108182.871150
1787108183.131832
1787108183.396050
1787108183.664648
1787108183.929092
1787108184.198290
1787108184.465234
1787108184.727885
1787108184.991635
1787108185.258168
1787108185.518271
1787108185.775018
1787108186.038526
1787108186.298919
1787108186.562464
1787108186.830737
1787108187.094345
1787108187.353223
1787108187.614102
1787108187.878622
1787108188.147924
1787108188.407136
1787108188.669395
1787108188.934622
1787108189.205737
1787108189.465501
1787108189.724986
1787108189.995102
1787108190.264904
1787108190.557739
1787108190.827774
1787108191.098243
1787108191.363753
1787108191.626439
1787108191.889089
1787108192.172174
1787108192.446936
1787108192.722603
1787108192.994941
1787108193.261714
1787108193.521058
1787108193.777281
1787108194.042615
1787108194.303781
1787108194.565152
1787108194.828323
1787108195.096443
1787108195.356804
1787108195.623416
1787108195.891339
1787108196.153139
1787108196.419253
1787108196.678650
1787108196.947128
1787108197.211184
1787108197.474594
1787108197.752770
1787108198.019648
1787108198.282429
1787108198.544402
1787108198.807855
1787108199.066467
1787108199.334327
1787108199.597277
1787108199.863991
1787108200.119478
1787108200.384808
1787108200.645187
1787108200.907159
1787108201.169241
1787108201.436997
1787108201.699281
1787108201.961457
1787108202.226087
1787108202.488126
1787108202.750209
1787108203.010751
1787108203.274300
1787108203.537101
1787108203.797630
1787108204.050843
1787108204.311822
1787108204.570367
1787108204.830858
1787108205.087891
1787108205.348652
1787108205.613741
1787108205.881432
1787108206.152933
1787108206.416169
1787108206.679005
1787108206.937863
1787108207.202851
1787108207.463314
1787108207.729800
1787108207.990838
1787108208.252350
1787108208.512444
1787108208.770138
1787108209.038661
1787108209.310369
1787108209.567772
1787108209.826008
1787108210.089661
1787108210.353291
1787108210.610261
1787108210.863249
1787108211.120899
1787108211.377877
1787108211.640958
1787108211.902416
1787108212.164692
1787108212.424078
1787108212.683356
1787108212.942840
1787108213.195964
1787108213.449497
1787108213.707909
1787108213.961743
1787108214.220292
1787108214.478981
1787108214.734141
1787108214.993868
1787108215.251518
1787108215.510786
1787108215.766388
1787108216.022141
1787108216.285848
1787108216.542943
1787108216.807215
