0
1
0.0333333
1
0.0666667
1
0.1
1
0.133333
1
0.166667
1
0.2
1
0.233333
1
0.266667
1
0.3
1
0.333333
1
0.366667
1
0.4
1
0.433333
1
0.466667
1
0.5
1
0.533333
1
0.566667
1
0.6
1
0.633333
1
0.666667
1
0.7
1
0.733333
1
0.766667
1
0.8
1
0.833333
1
0.866667
1
0.9
1
0.933333
1
0.966667
1
1
1
1.03333
1
1.06667
1
1.1
1
1.13333
1
1.16667
1
1.2
1
1.23333
1
1.26667
1
1.3
1
1.33333
1
1.36667
1
1.4
1
1.43333
1
1.46667
1
1.5
1
1.53333
1
1.56667
1
1.6
1
1.63333
1
1.66667
1
1.7
1
1.73333
1
1.76667
1
1.8
1
1.83333
1
1.86667
1
1.9
1
1.93333
1
1.96667
1
2
1
2.03333
1
2.06667
1
2.1
1
2.13333
1
2.16667
1
2.2
1
2.23333
1
2.26667
1
2.3
1
2.33333
1
2.36667
1
2.4
1
2.43333
1
2.46667
1
2.5
1
2.53333
1
2.56667
1
2.6
1
2.63333
1
2.66667
1
2.7
1
2.73333
1
2.76667
1
2.8
1
2.83333
1
2.86667
1
2.9
1
2.93333
1
2.96667
1
3
1
3.03333
1
3.06667
1
3.1
1
3.13333
1
3.16667
1
3.2
1
3.23333
1
3.26667
1
3.3
1
3.33333
1
3.36667
1
3.4
1
3.43333
1
3.46667
1
3.5
1
3.53333
1
3.56667
1
3.6
1
3.63333
1
3.66667
1
3.7
1
3.73333
1
3.76667
1
3.8
1
3.83333
1
3.86667
1
3.9
1
3.93333
1
3.96667
1
4
1
4.03333
1
4.06667
1
4.1
1
4.13333
1
4.16667
1
4.2
1
4.23333
1
4.26667
1
4.3
1
4.33333
1
4.36667
1
4.4
1
4.43333
1
4.46667
1
4.5
1
4.53333
1
4.56667
1
4.6
1
4.63333
1
4.66667
1
4.7
1
4.73333
1
4.76667
1
4.8
1
4.83333
1
4.86667
1
4.9
1
4.93333
1
4.96667
1
5
1
5.03333
1
5.06667
1
5.1
1
5.13333
1
5.16667
1
5.2
1
5.23333
1
5.26667
1
5.3
1
5.33333
1
5.36667
1
5.4
1
5.43333
2
5.46667
2
5.5
2
5.53333
2
5.56667
2
5.6
2
5.63333
2
5.66667
2
5.7
2
5.73333
2
5.76667
3
5.8
3
5.83333
4
5.86667
4
5.9
4
5.93333
4
5.96667
4
6
4
6.03333
4
6.06667
4
6.1
4
6.13333
4
6.16667
5
6.2
5
6.23333
5
6.26667
6
6.3
6
6.33333
6
6.36667
6
6.4
6
6.43333
6
6.46667
6
6.5
6
6.53333
7
6.56667
7
6.6
7
6.63333
7
6.66667
7
6.7
7
6.73333
7
6.76667
7
6.8
8
6.83333
8
6.86667
8
6.9
8
6.93333
8
6.96667
8
7
8
7.03333
8
7.06667
8
7.1
8
7.13333
8
7.16667
8
7.2
8
7.23333
8
7.26667
9
7.3
9
7.33333
9
7.36667
9
7.4
10
7.43333
10
7.46667
10
7.5
11
7.53333
11
7.56667
12
7.6
12
7.63333
12
7.66667
12
7.7
12
7.73333
12
7.76667
12
7.8
12
7.83333
12
7.86667
12
7.9
12
7.93333
12
7.96667
13
8
14
8.03333
14
8.06667
14
8.1
14
8.13333
14
8.16667
14
8.2
15
8.23333
15
8.26667
15
8.3
15
8.33333
15
8.36667
15
8.4
15
8.43333
15
8.46667
15
8.5
15
8.53333
15
8.56667
15
8.6
15
8.63333
15
8.66667
15
8.7
15
8.73333
15
8.76667
15
8.8
15
8.83333
16
8.86667
16
8.9
16
8.93333
16
8.96667
16
9
16
9.03333
16
9.06667
16
9.1
16
9.13333
16
9.16667
16
9.2
16
9.23333
16
9.26667
16
9.3
16
9.33333
16
9.36667
16
9.4
16
9.43333
16
9.46667
16
9.5
17
9.53333
17
9.56667
17
9.6
17
9.63333
17
9.66667
17
9.7
17
9.73333
17
9.76667
17
9.8
17
9.83333
17
9.86667
17
9.9
17
9.93333
17
9.96667
17
10
17
10.0333
17
10.0667
17
10.1
17
10.1333
17
10.1667
17
10.2
17
10.2333
17
10.2667
17
10.3
17
10.3333
17
10.3667
17
10.4
17
10.4333
17
10.4667
17
10.5
17
10.5333
17
10.5667
17
10.6
17
10.6333
17
10.6667
17
10.7
17
10.7333
17
10.7667
17
10.8
17
10.8333
17
10.8667
17
10.9
17
10.9333
17
10.9667
19
11
19
11.0333
20
11.0667
20
11.1
21
11.1333
21
11.1667
21
11.2
22
11.2333
23
11.2667
25
11.3
26
11.3333
27
11.3667
27
11.4
28
11.4333
28
11.4667
28
11.5
29
11.5333
30
11.5667
33
11.6
33
11.6333
34
11.6667
34
11.7
34
11.7333
34
11.7667
34
11.8
35
11.8333
35
11.8667
35
11.9
35
11.9333
35
11.9667
35
12
35
12.0333
35
12.0667
35
12.1
35
12.1333
35
12.1667
35
12.2
35
12.2333
35
12.2667
35
12.3
35
12.3333
35
12.3667
35
12.4
35
12.4333
35
12.4667
35
12.5
36
12.5333
36
12.5667
36
12.6
36
12.6333
36
12.6667
36
12.7
36
12.7333
36
12.7667
36
12.8
36
12.8333
36
12.8667
36
12.9
36
12.9333
36
12.9667
36
13
36
13.0333
36
13.0667
36
13.1
36
13.1333
36
13.1667
36
13.2
36
13.2333
36
13.2667
37
13.3
37
13.3333
37
13.3667
37
13.4
38
13.4333
38
13.4667
38
13.5
38
13.5333
38
13.5667
38
13.6
38
13.6333
38
13.6667
38
13.7
38
13.7333
38
13.7667
38
13.8
38
13.8333
38
13.8667
38
13.9
38
13.9333
38
13.9667
38
14
38
14.0333
38
14.0667
38
14.1
38
14.1333
38
14.1667
38
14.2
38
14.2333
38
14.2667
38
14.3
38
14.3333
38
14.3667
38
14.4
38
14.4333
38
14.4667
38
14.5
38
14.5333
38
14.5667
38
14.6
38
14.6333
39
14.6667
39
14.7
40
14.7333
40
14.7667
40
14.8
40
14.8333
40
14.8667
40
14.9
40
14.9333
40
14.9667
40
15
40
15.0333
40
15.0667
40
15.1
40
15.1333
40
15.1667
40
15.2
40
15.2333
40
15.2667
40
15.3
40
15.3333
40
15.3667
40
15.4
40
15.4333
40
15.4667
40
15.5
40
15.5333
40
15.5667
40
15.6
40
15.6333
40
15.6667
40
15.7
40
15.7333
40
15.7667
40
15.8
40
15.8333
40
15.8667
40
15.9
40
15.9333
40
15.9667
40
16
40
16.0333
40
16.0667
40
16.1
40
16.1333
40
16.1667
40
16.2
40
16.2333
40
16.2667
40
16.3
40
16.3333
40
16.3667
40
16.4
40
16.4333
40
16.4667
40
16.5
40
16.5333
40
16.5667
40
16.6
40
16.6333
40
16.6667
40
16.7
40
16.7333
40
16.7667
40
16.8
40
16.8333
40
16.8667
40
16.9
40
16.9333
40
16.9667
40
17
40
17.0333
40
17.0667
40
17.1
40
17.1333
40
17.1667
40
17.2
40
17.2333
40
17.2667
40
17.3
40
17.3333
40
17.3667
40
17.4
40
17.4333
40
17.4667
40
17.5
40
17.5333
40
17.5667
40
17.6
40
17.6333
40
17.6667
40
17.7
40
17.7333
40
17.7667
40
17.8
41
17.8333
41
17.8667
41
17.9
41
17.9333
41
17.9667
41
18
41
18.0333
41
18.0667
41
18.1
41
18.1333
41
18.1667
41
18.2
41
18.2333
41
18.2667
41
18.3
41
18.3333
41
18.3667
41
18.4
41
18.4333
41
18.4667
41
18.5
41
18.5333
41
18.5667
41
18.6
41
18.6333
41
18.6667
41
18.7
41
18.7333
41
18.7667
41
18.8
41
18.8333
41
18.8667
41
18.9
41
18.9333
41
18.9667
41
19
41
19.0333
41
19.0667
41
19.1
41
19.1333
41
19.1667
41
19.2
41
19.2333
41
19.2667
42
19.3
42
19.3333
42
19.3667
42
19.4
42
19.4333
42
19.4667
42
19.5
42
19.5333
42
19.5667
42
19.6
42
19.6333
42
19.6667
42
19.7
42
19.7333
42
19.7667
42
19.8
42
19.8333
42
19.8667
42
19.9
42
19.9333
42
19.9667
42
20
42
20.0333
42
20.0667
43
20.1
44
20.1333
44
20.1667
44
20.2
44
20.2333
44
20.2667
44
20.3
44
20.3333
44
20.3667
44
20.4
44
20.4333
44
20.4667
44
20.5
44
20.5333
44
20.5667
44
20.6
44
20.6333
44
20.6667
44
20.7
44
20.7333
44
20.7667
44
20.8
44
20.8333
44
20.8667
44
20.9
44
20.9333
44
20.9667
44
21
44
21.0333
44
21.0667
44
21.1
44
21.1333
44
21.1667
45
21.2
45
21.2333
45
21.2667
45
21.3
45
21.3333
45
21.3667
45
21.4
45
21.4333
45
21.4667
45
21.5
45
21.5333
45
21.5667
45
21.6
45
21.6333
45
21.6667
45
21.7
45
21.7333
45
21.7667
45
21.8
45
21.8333
45
21.8667
45
21.9
45
21.9333
45
21.9667
45
22
45
22.0333
45
22.0667
45
22.1
45
22.1333
45
22.1667
45
22.2
45
22.2333
45
22.2667
45
22.3
45
22.3333
45
22.3667
45
22.4
45
22.4333
45
22.4667
45
22.5
45
22.5333
45
22.5667
45
22.6
45
22.6333
45
22.6667
45
22.7
45
22.7333
45
22.7667
45
22.8
45
22.8333
45
22.8667
45
22.9
45
22.9333
45
22.9667
45
23
45
23.0333
45
23.0667
45
23.1
45
23.1333
45
23.1667
45
23.2
45
23.2333
45
23.2667
45
23.3
45
23.3333
45
23.3667
45
23.4
45
23.4333
45
23.4667
45
23.5
45
23.5333
45
23.5667
45
23.6
45
23.6333
45
23.6667
45
23.7
45
23.7333
45
23.7667
45
23.8
45
23.8333
45
23.8667
45
23.9
45
23.9333
45
23.9667
45
24
45
24.0333
45
24.0667
45
24.1
45
24.1333
45
24.1667
45
24.2
45
24.2333
45
24.2667
45
24.3
45
24.3333
45
24.3667
45
24.4
45
24.4333
45
24.4667
45
24.5
45
24.5333
45
24.5667
45
24.6
45
24.6333
45
24.6667
45
24.7
45
24.7333
45
24.7667
45
24.8
45
24.8333
45
24.8667
45
24.9
45
24.9333
45
24.9667
45
25
45
25.0333
45
25.0667
45
25.1
45
25.1333
45
25.1667
45
25.2
45
25.2333
45
25.2667
45
25.3
45
25.3333
45
25.3667
45
25.4
45
25.4333
45
25.4667
45
25.5
45
25.5333
45
25.5667
45
25.6
45
25.6333
45
25.6667
45
25.7
45
25.7333
45
25.7667
45
25.8
45
25.8333
45
25.8667
45
25.9
45
25.9333
45
25.9667
45
26
45
26.0333
45
26.0667
45
26.1
45
26.1333
45
26.1667
45
26.2
45
26.2333
45
26.2667
45
26.3
45
26.3333
45
26.3667
45
26.4
45
26.4333
45
26.4667
45
26.5
45
26.5333
45
26.5667
45
26.6
45
26.6333
45
26.6667
45
26.7
45
26.7333
45
26.7667
45
26.8
45
26.8333
45
26.8667
45
26.9
45
26.9333
45
26.9667
45
27
45
27.0333
45
27.0667
45
27.1
45
27.1333
45
27.1667
45
27.2
45
27.2333
45
27.2667
45
27.3
45
27.3333
45
27.3667
45
27.4
45
27.4333
45
27.4667
45
27.5
45
27.5333
45
27.5667
46
27.6
46
27.6333
46
27.6667
46
27.7
46
27.7333
46
27.7667
46
27.8
46
27.8333
46
27.8667
46
27.9
46
27.9333
46
27.9667
46
28
46
28.0333
46
28.0667
46
28.1
46
28.1333
46
28.1667
46
28.2
46
28.2333
46
28.2667
46
28.3
46
28.3333
46
28.3667
46
28.4
46
28.4333
46
28.4667
46
28.5
46
28.5333
46
28.5667
46
28.6
46
28.6333
46
28.6667
46
28.7
46
28.7333
46
28.7667
46
28.8
46
28.8333
46
28.8667
46
28.9
46
28.9333
46
28.9667
46
29
46
29.0333
46
29.0667
46
29.1
46
29.1333
46
29.1667
46
29.2
46
29.2333
46
29.2667
47
29.3
47
29.3333
47
29.3667
47
29.4
47
29.4333
47
29.4667
47
29.5
47
29.5333
47
29.5667
47
29.6
47
29.6333
47
29.6667
47
29.7
47
29.7333
47
29.7667
47
29.8
47
29.8333
47
29.8667
48
29.9
48
29.9333
48
29.9667
48
30
48
30.0333
48
30.0667
48
30.1
48
30.1333
48
30.1667
48
30.2
48
30.2333
48
30.2667
48
30.3
48
30.3333
48
30.3667
48
30.4
48
30.4333
48
30.4667
48
30.5
48
30.5333
48
30.5667
48
30.6
48
30.6333
48
30.6667
48
30.7
48
30.7333
48
30.7667
48
30.8
48
30.8333
48
30.8667
48
30.9
48
30.9333
48
30.9667
48
31
48
31.0333
48
31.0667
48
31.1
48
31.1333
48
31.1667
48
31.2
48
31.2333
48
31.2667
48
31.3
48
31.3333
48
31.3667
48
31.4
48
31.4333
48
31.4667
48
31.5
48
31.5333
48
31.5667
48
31.6
48
31.6333
48
31.6667
48
31.7
48
31.7333
48
31.7667
48
31.8
48
31.8333
48
31.8667
48
31.9
48
31.9333
48
31.9667
48
32
48
32.0333
48
32.0667
48
32.1
48
32.1333
48
32.1667
48
32.2
48
32.2333
48
32.2667
48
32.3
48
32.3333
48
32.3667
48
32.4
48
32.4333
48
32.4667
48
32.5
48
32.5333
48
32.5667
48
32.6
48
32.6333
48
32.6667
48
32.7
48
32.7333
48
32.7667
48
32.8
48
32.8333
48
32.8667
48
32.9
48
32.9333
48
32.9667
48
33
48
33.0333
48
33.0667
49
33.1
49
33.1333
49
33.1667
49
33.2
49
33.2333
49
33.2667
49
33.3
49
33.3333
49
33.3667
49
33.4
49
33.4333
49
33.4667
49
33.5
49
33.5333
49
33.5667
49
33.6
49
33.6333
49
33.6667
49
33.7
49
33.7333
49
33.7667
49
33.8
49
33.8333
49
33.8667
49
33.9
49
33.9333
49
33.9667
49
34
49
34.0333
49
34.0667
50
34.1
50
34.1333
50
34.1667
50
34.2
50
34.2333
50
34.2667
50
34.3
50
34.3333
50
34.3667
50
34.4
50
34.4333
50
34.4667
50
34.5
50
34.5333
50
34.5667
50
34.6
50
34.6333
50
34.6667
50
34.7
50
34.7333
50
34.7667
50
34.8
50
34.8333
50
34.8667
50
34.9
50
34.9333
50
34.9667
50
35
50
35.0333
50
35.0667
50
35.1
50
35.1333
50
35.1667
50
35.2
50
35.2333
50
35.2667
50
35.3
50
35.3333
50
35.3667
50
35.4
50
35.4333
50
35.4667
50
35.5
50
35.5333
50
35.5667
50
35.6
50
35.6333
50
35.6667
50
35.7
50
35.7333
50
35.7667
50
35.8
50
35.8333
50
35.8667
50
35.9
50
35.9333
50
35.9667
50
36
50
36.0333
50
36.0667
50
36.1
50
36.1333
50
36.1667
50
36.2
50
36.2333
50
36.2667
50
36.3
50
36.3333
50
36.3667
50
36.4
50
36.4333
50
36.4667
50
36.5
50
36.5333
50
36.5667
50
36.6
50
36.6333
50
36.6667
50
36.7
50
36.7333
50
36.7667
50
36.8
50
36.8333
50
36.8667
50
36.9
50
36.9333
50
36.9667
50
37
50
37.0333
50
37.0667
50
37.1
50
37.1333
50
37.1667
50
37.2
50
37.2333
50
37.2667
50
37.3
50
37.3333
50
37.3667
50
37.4
50
37.4333
50
37.4667
50
37.5
50
37.5333
50
37.5667
50
37.6
50
37.6333
50
37.6667
50
37.7
50
37.7333
50
37.7667
50
37.8
50
37.8333
50
37.8667
50
37.9
50
37.9333
50
37.9667
50
38
50
38.0333
50
38.0667
50
38.1
50
38.1333
50
38.1667
50
38.2
50
38.2333
50
38.2667
50
38.3
50
38.3333
50
38.3667
50
38.4
50
38.4333
50
38.4667
50
38.5
50
38.5333
50
38.5667
50
38.6
50
38.6333
50
38.6667
50
38.7
50
38.7333
50
38.7667
50
38.8
50
38.8333
50
38.8667
50
38.9
50
38.9333
50
38.9667
50
39
50
39.0333
50
39.0667
50
39.1
50
39.1333
50
39.1667
50
39.2
50
39.2333
50
39.2667
50
39.3
50
39.3333
50
39.3667
50
39.4
50
39.4333
50
39.4667
50
39.5
50
39.5333
50
39.5667
50
39.6
50
39.6333
50
39.6667
50
39.7
50
39.7333
50
39.7667
50
39.8
50
39.8333
50
39.8667
50
39.9
50
39.9333
50
39.9667
50
40
50
40.0333
50
40.0667
50
40.1
50
40.1333
50
40.1667
50
40.2
50
40.2333
50
40.2667
50
40.3
50
40.3333
50
40.3667
50
40.4
50
40.4333
50
40.4667
50
40.5
50
40.5333
50
40.5667
50
40.6
50
40.6333
50
40.6667
50
40.7
50
40.7333
50
40.7667
50
40.8
50
40.8333
50
40.8667
50
40.9
50
40.9333
50
40.9667
50
41
50
41.0333
50
41.0667
50
41.1
50
41.1333
50
41.1667
50
41.2
50
41.2333
50
41.2667
50
41.3
50
41.3333
50
41.3667
50
41.4
50
41.4333
50
41.4667
50
41.5
50
41.5333
50
41.5667
50
41.6
50
41.6333
50
41.6667
50
41.7
50
41.7333
50
41.7667
50
41.8
50
41.8333
50
41.8667
50
41.9
50
41.9333
50
41.9667
50
42
50
42.0333
50
42.0667
50
42.1
50
42.1333
50
42.1667
50
42.2
50
42.2333
50
42.2667
50
42.3
50
42.3333
50
42.3667
50
42.4
50
42.4333
50
42.4667
50
42.5
50
42.5333
50
42.5667
50
42.6
50
42.6333
50
42.6667
50
42.7
50
42.7333
50
42.7667
50
42.8
50
42.8333
50
42.8667
50
42.9
50
42.9333
50
42.9667
50
43
50
43.0333
50
43.0667
50
43.1
50
43.1333
50
43.1667
50
43.2
50
43.2333
50
43.2667
50
43.3
50
43.3333
50
43.3667
50
43.4
50
43.4333
50
43.4667
50
43.5
50
43.5333
50
43.5667
50
43.6
50
43.6333
50
43.6667
50
43.7
50
43.7333
50
43.7667
50
43.8
50
43.8333
50
43.8667
50
43.9
50
43.9333
50
43.9667
50
44
50
44.0333
50
44.0667
50
44.1
50
44.1333
50
44.1667
50
44.2
50
44.2333
50
44.2667
50
44.3
50
44.3333
50
44.3667
50
44.4
50
44.4333
50
44.4667
50
44.5
50
44.5333
50
44.5667
50
44.6
50
44.6333
50
44.6667
50
44.7
50
44.7333
50
44.7667
50
44.8
50
44.8333
50
44.8667
50
44.9
50
44.9333
50
44.9667
50
45
50
45.0333
50
45.0667
50
45.1
50
45.1333
50
45.1667
50
45.2
50
45.2333
50
45.2667
50
45.3
50
45.3333
50
45.3667
50
45.4
50
45.4333
50
45.4667
50
45.5
50
45.5333
50
45.5667
50
45.6
50
45.6333
50
45.6667
50
45.7
50
45.7333
50
45.7667
50
45.8
50
45.8333
50
45.8667
50
45.9
50
45.9333
50
45.9667
50
46
50
46.0333
50
46.0667
50
46.1
50
46.1333
50
46.1667
50
46.2
50
46.2333
50
46.2667
50
46.3
50
46.3333
50
46.3667
50
46.4
50
46.4333
50
46.4667
50
46.5
50
46.5333
50
46.5667
50
46.6
50
46.6333
50
46.6667
50
46.7
50
46.7333
50
46.7667
50
46.8
50
46.8333
50
46.8667
50
46.9
50
46.9333
50
46.9667
50
47
50
47.0333
50
47.0667
50
47.1
50
47.1333
50
47.1667
50
47.2
50
47.2333
50
47.2667
50
47.3
50
47.3333
50
47.3667
50
47.4
50
47.4333
50
47.4667
50
47.5
50
47.5333
50
47.5667
50
47.6
50
47.6333
50
47.6667
50
47.7
50
47.7333
50
47.7667
50
47.8
50
47.8333
50
47.8667
50
47.9
50
47.9333
50
47.9667
50
48
50
48.0333
50
48.0667
50
48.1
50
48.1333
50
48.1667
50
48.2
50
48.2333
50
48.2667
50
48.3
50
48.3333
50
48.3667
50
48.4
50
48.4333
50
48.4667
50
48.5
50
48.5333
50
48.5667
50
48.6
50
48.6333
50
48.6667
50
48.7
50
48.7333
50
48.7667
50
48.8
50
48.8333
50
48.8667
50
48.9
50
48.9333
50
48.9667
50
49
50
49.0333
50
49.0667
50
49.1
50
49.1333
50
49.1667
50
49.2
50
49.2333
50
49.2667
50
49.3
50
49.3333
50
49.3667
50
49.4
50
49.4333
50
49.4667
50
49.5
50
49.5333
50
49.5667
50
49.6
50
49.6333
50
49.6667
50
49.7
50
49.7333
50
49.7667
50
49.8
50
49.8333
50
49.8667
50
49.9
50
49.9333
50
49.9667
50
50
50
50.0333
50
50.0667
50
50.1
50
50.1333
50
50.1667
50
50.2
50
50.2333
50
50.2667
50
50.3
50
50.3333
50
50.3667
50
50.4
50
50.4333
50
50.4667
50
50.5
50
50.5333
50
50.5667
50
50.6
50
50.6333
50
50.6667
50
50.7
50
50.7333
50
50.7667
50
50.8
50
50.8333
50
50.8667
50
50.9
50
50.9333
50
50.9667
50
51
50
51.0333
50
51.0667
50
51.1
50
51.1333
50
51.1667
50
51.2
50
51.2333
50
51.2667
50
51.3
50
51.3333
50
51.3667
50
51.4
50
51.4333
50
51.4667
50
51.5
50
51.5333
50
51.5667
50
51.6
50
51.6333
50
51.6667
50
51.7
50
51.7333
50
51.7667
50
51.8
50
51.8333
50
51.8667
50
51.9
50
51.9333
50
51.9667
50
52
50
52.0333
50
52.0667
50
52.1
50
52.1333
50
52.1667
50
52.2
50
52.2333
50
52.2667
50
52.3
50
52.3333
50
52.3667
50
52.4
50
52.4333
50
52.4667
50
52.5
50
52.5333
50
52.5667
50
52.6
50
52.6333
50
52.6667
50
52.7
50
52.7333
50
52.7667
50
52.8
50
52.8333
50
52.8667
50
52.9
50
52.9333
50
52.9667
50
53
50
53.0333
50
53.0667
50
53.1
50
53.1333
50
53.1667
50
53.2
50
53.2333
50
53.2667
50
53.3
50
53.3333
50
