0
1
0.0333333
1
0.0666667
1
0.1
1
0.133333
1
0.166667
1
0.2
1
0.233333
1
0.266667
1
0.3
1
0.333333
1
0.366667
1
0.4
1
0.433333
1
0.466667
1
0.5
1
0.533333
1
0.566667
1
0.6
1
0.633333
1
0.666667
1
0.7
1
0.733333
1
0.766667
1
0.8
1
0.833333
1
0.866667
1
0.9
1
0.933333
1
0.966667
1
1
1
1.03333
1
1.06667
1
1.1
1
1.13333
1
1.16667
1
1.2
1
1.23333
1
1.26667
1
1.3
1
1.33333
1
1.36667
1
1.4
1
1.43333
1
1.46667
1
1.5
1
1.53333
1
1.56667
1
1.6
1
1.63333
1
1.66667
1
1.7
1
1.73333
1
1.76667
1
1.8
1
1.83333
1
1.86667
1
1.9
1
1.93333
1
1.96667
1
2
1
2.03333
1
2.06667
1
2.1
1
2.13333
1
2.16667
1
2.2
1
2.23333
1
2.26667
1
2.3
1
2.33333
1
2.36667
1
2.4
1
2.43333
1
2.46667
1
2.5
1
2.53333
1
2.56667
1
2.6
1
2.63333
1
2.66667
1
2.7
1
2.73333
1
2.76667
1
2.8
1
2.83333
1
2.86667
1
2.9
1
2.93333
1
2.96667
1
3
1
3.03333
1
3.06667
1
3.1
1
3.13333
1
3.16667
1
3.2
1
3.23333
1
3.26667
1
3.3
1
3.33333
1
3.36667
1
3.4
1
3.43333
1
3.46667
1
3.5
1
3.53333
1
3.56667
1
3.6
1
3.63333
1
3.66667
1
3.7
1
3.73333
1
3.76667
1
3.8
1
3.83333
1
3.86667
1
3.9
1
3.93333
1
3.96667
1
4
1
4.03333
1
4.06667
1
4.1
1
4.13333
1
4.16667
1
4.2
1
4.23333
1
4.26667
1
4.3
1
4.33333
1
4.36667
1
4.4
1
4.43333
1
4.46667
1
4.5
1
4.53333
1
4.56667
1
4.6
1
4.63333
1
4.66667
1
4.7
1
4.73333
1
4.76667
1
4.8
1
4.83333
1
4.86667
1
4.9
1
4.93333
1
4.96667
1
5
1
5.03333
1
5.06667
1
5.1
1
5.13333
1
5.16667
1
5.2
1
5.23333
1
5.26667
1
5.3
1
5.33333
1
5.36667
2
5.4
2
5.43333
2
5.46667
2
5.5
2
5.53333
4
5.56667
4
5.6
5
5.63333
6
5.66667
7
5.7
7
5.73333
7
5.76667
7
5.8
7
5.83333
7
5.86667
7
5.9
7
5.93333
7
5.96667
7
6
7
6.03333
7
6.06667
7
6.1
8
6.13333
8
6.16667
9
6.2
10
6.23333
11
6.26667
12
6.3
13
6.33333
13
6.36667
15
6.4
18
6.43333
18
6.46667
18
6.5
18
6.53333
19
6.56667
20
6.6
21
6.63333
21
6.66667
21
6.7
22
6.73333
22
6.76667
25
6.8
26
6.83333
27
6.86667
27
6.9
29
6.93333
29
6.96667
32
7
34
7.03333
35
7.06667
38
7.1
39
7.13333
41
7.16667
42
7.2
42
7.23333
43
7.26667
45
7.3
46
7.33333
47
7.36667
49
7.4
49
7.43333
49
7.46667
50
7.5
53
7.53333
55
7.56667
58
7.6
60
7.63333
61
7.66667
63
7.7
67
7.73333
67
7.76667
67
7.8
69
7.83333
71
7.86667
72
7.9
73
7.93333
74
7.96667
74
8
76
8.03333
80
8.06667
82
8.1
82
8.13333
85
8.16667
86
8.2
88
8.23333
90
8.26667
93
8.3
96
8.33333
97
8.36667
99
8.4
100
8.43333
101
8.46667
102
8.5
103
8.53333
106
8.56667
107
8.6
108
8.63333
108
8.66667
108
8.7
109
8.73333
109
8.76667
111
8.8
112
8.83333
113
8.86667
113
8.9
113
8.93333
114
8.96667
116
9
118
9.03333
119
9.06667
119
9.1
119
9.13333
120
9.16667
121
9.2
121
9.23333
122
9.26667
122
9.3
123
9.33333
123
9.36667
123
9.4
123
9.43333
123
9.46667
123
9.5
123
9.53333
123
9.56667
124
9.6
124
9.63333
124
9.66667
124
9.7
125
9.73333
125
9.76667
125
9.8
125
9.83333
125
9.86667
125
9.9
125
9.93333
126
9.96667
126
10
128
10.0333
129
10.0667
129
10.1
130
10.1333
130
10.1667
130
10.2
131
10.2333
132
10.2667
132
10.3
132
10.3333
133
10.3667
133
10.4
133
10.4333
133
10.4667
134
10.5
135
10.5333
135
10.5667
136
10.6
137
10.6333
137
10.6667
140
10.7
140
10.7333
140
10.7667
140
10.8
141
10.8333
141
10.8667
142
10.9
144
10.9333
144
10.9667
144
11
145
11.0333
145
11.0667
145
11.1
146
11.1333
146
11.1667
148
11.2
148
11.2333
148
11.2667
149
11.3
152
11.3333
154
11.3667
154
11.4
154
11.4333
154
11.4667
154
11.5
155
11.5333
159
11.5667
159
11.6
160
11.6333
161
11.6667
161
11.7
161
11.7333
162
11.7667
162
11.8
162
11.8333
163
11.8667
163
11.9
164
11.9333
165
11.9667
166
12
166
12.0333
167
12.0667
167
12.1
168
12.1333
169
12.1667
169
12.2
169
12.2333
170
12.2667
170
12.3
171
12.3333
171
12.3667
172
12.4
172
12.4333
172
12.4667
172
12.5
173
12.5333
173
12.5667
173
12.6
173
12.6333
173
12.6667
173
12.7
173
12.7333
174
12.7667
174
12.8
174
12.8333
174
12.8667
175
12.9
176
12.9333
176
12.9667
176
13
176
13.0333
176
13.0667
176
13.1
177
13.1333
177
13.1667
177
13.2
177
13.2333
177
13.2667
177
13.3
178
13.3333
178
13.3667
178
13.4
178
13.4333
179
13.4667
179
13.5
180
13.5333
182
13.5667
182
13.6
183
13.6333
183
13.6667
183
13.7
183
13.7333
183
13.7667
183
13.8
183
13.8333
183
13.8667
184
13.9
184
13.9333
184
13.9667
184
14
184
14.0333
185
14.0667
185
14.1
185
14.1333
185
14.1667
186
14.2
186
14.2333
186
14.2667
186
14.3
186
14.3333
186
14.3667
187
14.4
188
14.4333
188
14.4667
188
14.5
189
14.5333
190
14.5667
193
14.6
194
14.6333
194
14.6667
194
14.7
194
14.7333
194
14.7667
195
14.8
195
14.8333
195
14.8667
196
14.9
196
14.9333
197
14.9667
201
15
201
15.0333
201
15.0667
201
15.1
202
15.1333
207
15.1667
207
15.2
207
15.2333
209
15.2667
209
15.3
211
15.3333
211
15.3667
212
15.4
212
15.4333
213
15.4667
213
15.5
213
15.5333
214
15.5667
214
15.6
215
15.6333
217
15.6667
219
15.7
220
15.7333
221
15.7667
223
15.8
224
15.8333
225
15.8667
227
15.9
227
15.9333
227
15.9667
228
16
228
16.0333
229
16.0667
229
16.1
231
16.1333
232
16.1667
232
16.2
232
16.2333
232
16.2667
232
16.3
232
16.3333
233
16.3667
234
16.4
235
16.4333
236
16.4667
237
16.5
237
16.5333
239
16.5667
240
16.6
241
16.6333
241
16.6667
241
16.7
242
16.7333
243
16.7667
243
16.8
243
16.8333
243
16.8667
243
16.9
243
16.9333
243
16.9667
243
17
243
17.0333
243
17.0667
245
17.1
245
17.1333
246
17.1667
246
17.2
248
17.2333
249
17.2667
249
17.3
249
17.3333
249
17.3667
249
17.4
250
17.4333
250
17.4667
251
17.5
251
17.5333
251
17.5667
251
17.6
252
17.6333
254
17.6667
254
17.7
256
17.7333
257
17.7667
259
17.8
259
17.8333
259
17.8667
259
17.9
260
17.9333
261
17.9667
262
18
262
18.0333
262
18.0667
262
18.1
263
18.1333
263
18.1667
263
18.2
264
18.2333
265
18.2667
266
18.3
267
18.3333
268
18.3667
268
18.4
269
18.4333
270
18.4667
270
18.5
271
18.5333
271
18.5667
272
18.6
273
18.6333
273
18.6667
273
18.7
274
18.7333
276
18.7667
276
18.8
277
18.8333
277
18.8667
277
18.9
277
18.9333
279
18.9667
280
19
283
19.0333
287
19.0667
288
19.1
289
19.1333
292
19.1667
294
19.2
296
19.2333
297
19.2667
298
19.3
299
19.3333
300
19.3667
301
19.4
301
19.4333
302
19.4667
304
19.5
305
19.5333
305
19.5667
306
19.6
308
19.6333
311
19.6667
311
19.7
311
19.7333
311
19.7667
311
19.8
311
19.8333
312
19.8667
313
19.9
315
19.9333
315
19.9667
315
20
316
20.0333
316
20.0667
317
20.1
318
20.1333
318
20.1667
318
20.2
318
20.2333
318
20.2667
319
20.3
319
20.3333
320
20.3667
321
20.4
321
20.4333
321
20.4667
321
20.5
321
20.5333
322
20.5667
323
20.6
323
20.6333
324
20.6667
324
20.7
324
20.7333
324
20.7667
324
20.8
325
20.8333
325
20.8667
325
20.9
325
20.9333
325
20.9667
325
21
326
21.0333
326
21.0667
326
21.1
326
21.1333
326
21.1667
326
21.2
326
21.2333
326
21.2667
326
21.3
326
21.3333
326
21.3667
326
21.4
326
21.4333
327
21.4667
327
21.5
328
21.5333
328
21.5667
328
21.6
328
21.6333
328
21.6667
328
21.7
329
21.7333
329
21.7667
329
21.8
330
21.8333
330
21.8667
330
21.9
330
21.9333
330
21.9667
330
22
330
22.0333
331
22.0667
331
22.1
331
22.1333
331
22.1667
331
22.2
331
22.2333
331
22.2667
331
22.3
332
22.3333
332
22.3667
332
22.4
332
22.4333
333
22.4667
333
22.5
334
22.5333
334
22.5667
334
22.6
335
22.6333
335
22.6667
335
22.7
335
22.7333
336
22.7667
336
22.8
336
22.8333
339
22.8667
339
22.9
339
22.9333
340
22.9667
340
23
341
23.0333
341
23.0667
341
23.1
342
23.1333
342
23.1667
342
23.2
342
23.2333
343
23.2667
343
23.3
344
23.3333
345
23.3667
346
23.4
346
23.4333
349
23.4667
349
23.5
350
23.5333
350
23.5667
350
23.6
350
23.6333
350
23.6667
352
23.7
353
23.7333
355
23.7667
355
23.8
355
23.8333
356
23.8667
356
23.9
359
23.9333
359
23.9667
359
24
360
24.0333
360
24.0667
361
24.1
361
24.1333
362
24.1667
362
24.2
362
24.2333
363
24.2667
364
24.3
365
24.3333
365
24.3667
365
24.4
366
24.4333
366
24.4667
366
24.5
366
24.5333
367
24.5667
367
24.6
368
24.6333
368
24.6667
369
24.7
369
24.7333
369
24.7667
369
24.8
370
24.8333
371
24.8667
371
24.9
371
24.9333
371
24.9667
372
25
373
25.0333
374
25.0667
375
25.1
378
25.1333
379
25.1667
379
25.2
380
25.2333
380
25.2667
380
25.3
380
25.3333
381
25.3667
381
25.4
382
25.4333
382
25.4667
382
25.5
383
25.5333
384
25.5667
385
25.6
385
25.6333
386
25.6667
386
25.7
386
25.7333
386
25.7667
386
25.8
387
25.8333
388
25.8667
388
25.9
388
25.9333
389
25.9667
389
26
389
26.0333
389
26.0667
390
26.1
390
26.1333
390
26.1667
390
26.2
390
26.2333
390
26.2667
390
26.3
391
26.3333
391
26.3667
391
26.4
391
26.4333
391
26.4667
391
26.5
391
26.5333
392
26.5667
392
26.6
392
26.6333
393
26.6667
393
26.7
393
26.7333
393
26.7667
393
26.8
393
26.8333
393
26.8667
393
26.9
393
26.9333
393
26.9667
393
27
393
27.0333
394
27.0667
395
27.1
395
27.1333
396
27.1667
398
27.2
399
27.2333
399
27.2667
400
27.3
400
27.3333
400
27.3667
401
27.4
403
27.4333
404
27.4667
404
27.5
404
27.5333
408
27.5667
409
27.6
409
27.6333
411
27.6667
412
27.7
412
27.7333
412
27.7667
413
27.8
415
27.8333
416
27.8667
416
27.9
417
27.9333
417
27.9667
417
28
418
28.0333
420
28.0667
420
28.1
422
28.1333
422
28.1667
423
28.2
423
28.2333
425
28.2667
426
28.3
428
28.3333
429
28.3667
431
28.4
431
28.4333
432
28.4667
432
28.5
433
28.5333
434
28.5667
434
28.6
434
28.6333
434
28.6667
434
28.7
434
28.7333
435
28.7667
435
28.8
435
28.8333
435
28.8667
435
28.9
435
28.9333
436
28.9667
436
29
436
29.0333
436
29.0667
436
29.1
436
29.1333
436
29.1667
436
29.2
436
29.2333
437
29.2667
437
29.3
437
29.3333
437
29.3667
437
29.4
438
29.4333
438
29.4667
438
29.5
439
29.5333
440
29.5667
440
29.6
440
29.6333
440
29.6667
441
29.7
441
29.7333
441
29.7667
441
29.8
441
29.8333
441
29.8667
441
29.9
441
29.9333
441
29.9667
441
30
441
30.0333
441
30.0667
441
30.1
441
30.1333
441
30.1667
441
30.2
441
30.2333
441
30.2667
443
30.3
443
30.3333
443
30.3667
443
30.4
444
30.4333
445
30.4667
445
30.5
445
30.5333
446
30.5667
446
30.6
446
30.6333
446
30.6667
447
30.7
448
30.7333
448
30.7667
448
30.8
448
30.8333
448
30.8667
448
30.9
448
30.9333
448
30.9667
448
31
449
31.0333
449
31.0667
449
31.1
450
31.1333
450
31.1667
450
31.2
450
31.2333
450
31.2667
450
31.3
450
31.3333
451
31.3667
452
31.4
454
31.4333
454
31.4667
454
31.5
455
31.5333
456
31.5667
456
31.6
456
31.6333
456
31.6667
456
31.7
456
31.7333
456
31.7667
456
31.8
456
31.8333
457
31.8667
457
31.9
457
31.9333
457
31.9667
457
32
457
32.0333
457
32.0667
457
32.1
457
32.1333
458
32.1667
458
32.2
458
32.2333
458
32.2667
459
32.3
459
32.3333
459
32.3667
459
32.4
459
32.4333
459
32.4667
460
32.5
461
32.5333
461
32.5667
463
32.6
463
32.6333
463
32.6667
463
32.7
463
32.7333
463
32.7667
463
32.8
464
32.8333
464
32.8667
465
32.9
465
32.9333
465
32.9667
465
33
465
33.0333
465
33.0667
465
33.1
466
33.1333
466
33.1667
466
33.2
466
33.2333
466
33.2667
466
33.3
466
33.3333
466
33.3667
466
33.4
467
33.4333
467
33.4667
467
33.5
468
33.5333
468
33.5667
468
33.6
468
33.6333
468
33.6667
468
33.7
468
33.7333
468
33.7667
468
33.8
468
33.8333
468
33.8667
468
33.9
468
33.9333
468
33.9667
468
34
468
34.0333
468
34.0667
468
34.1
468
34.1333
468
34.1667
468
34.2
468
34.2333
468
34.2667
468
34.3
468
34.3333
468
34.3667
468
34.4
468
34.4333
469
34.4667
469
34.5
469
34.5333
469
34.5667
469
34.6
469
34.6333
469
34.6667
469
34.7
469
34.7333
469
34.7667
469
34.8
469
34.8333
469
34.8667
469
34.9
470
34.9333
470
34.9667
470
35
470
35.0333
470
35.0667
470
35.1
470
35.1333
470
35.1667
470
35.2
471
35.2333
471
35.2667
471
35.3
471
35.3333
471
35.3667
471
35.4
471
35.4333
471
35.4667
471
35.5
471
35.5333
471
35.5667
471
35.6
471
35.6333
471
35.6667
471
35.7
472
35.7333
472
35.7667
472
35.8
472
35.8333
472
35.8667
472
35.9
472
35.9333
472
35.9667
473
36
473
36.0333
474
36.0667
474
36.1
474
36.1333
474
36.1667
474
36.2
474
36.2333
474
36.2667
474
36.3
474
36.3333
474
36.3667
474
36.4
474
36.4333
474
36.4667
474
36.5
474
36.5333
474
36.5667
474
36.6
474
36.6333
475
36.6667
476
36.7
476
36.7333
476
36.7667
476
36.8
476
36.8333
477
36.8667
477
36.9
477
36.9333
477
36.9667
477
37
477
37.0333
477
37.0667
477
37.1
477
37.1333
477
37.1667
477
37.2
477
37.2333
477
37.2667
477
37.3
477
37.3333
477
37.3667
477
37.4
477
37.4333
477
37.4667
477
37.5
477
37.5333
477
37.5667
477
37.6
477
37.6333
477
37.6667
477
37.7
477
37.7333
477
37.7667
477
37.8
477
37.8333
477
37.8667
477
37.9
477
37.9333
477
37.9667
477
38
477
38.0333
477
38.0667
477
38.1
477
38.1333
477
38.1667
477
38.2
477
38.2333
477
38.2667
477
38.3
477
38.3333
477
38.3667
478
38.4
478
38.4333
478
38.4667
478
38.5
478
38.5333
478
38.5667
478
38.6
478
38.6333
478
38.6667
478
38.7
478
38.7333
478
38.7667
478
38.8
478
38.8333
478
38.8667
478
38.9
479
38.9333
479
38.9667
479
39
479
39.0333
479
39.0667
479
39.1
479
39.1333
479
39.1667
479
39.2
479
39.2333
479
39.2667
480
39.3
480
39.3333
480
39.3667
480
39.4
480
39.4333
480
39.4667
481
39.5
481
39.5333
481
39.5667
481
39.6
481
39.6333
481
39.6667
481
39.7
481
39.7333
483
39.7667
484
39.8
484
39.8333
484
39.8667
484
39.9
484
39.9333
484
39.9667
484
40
484
40.0333
485
40.0667
485
40.1
485
40.1333
485
40.1667
485
40.2
486
40.2333
486
40.2667
488
40.3
488
40.3333
488
40.3667
488
40.4
488
40.4333
488
40.4667
488
40.5
489
40.5333
489
40.5667
489
40.6
489
40.6333
489
40.6667
489
40.7
489
40.7333
489
40.7667
489
40.8
490
40.8333
490
40.8667
490
40.9
490
40.9333
490
40.9667
490
41
490
41.0333
490
41.0667
490
41.1
490
41.1333
490
41.1667
490
41.2
490
41.2333
490
41.2667
490
41.3
490
41.3333
490
41.3667
490
41.4
490
41.4333
490
41.4667
490
41.5
490
41.5333
491
41.5667
491
41.6
491
41.6333
491
41.6667
491
41.7
491
41.7333
491
41.7667
491
41.8
491
41.8333
491
41.8667
491
41.9
491
41.9333
491
41.9667
491
42
491
42.0333
491
42.0667
491
42.1
492
42.1333
492
42.1667
492
42.2
492
42.2333
492
42.2667
492
42.3
492
42.3333
492
42.3667
492
42.4
492
42.4333
492
42.4667
492
42.5
492
42.5333
492
42.5667
492
42.6
492
42.6333
492
42.6667
492
42.7
492
42.7333
492
42.7667
492
42.8
492
42.8333
492
42.8667
492
42.9
493
42.9333
495
42.9667
495
43
495
43.0333
495
43.0667
495
43.1
496
43.1333
496
43.1667
496
43.2
496
43.2333
496
43.2667
496
43.3
496
43.3333
496
43.3667
496
43.4
496
43.4333
496
43.4667
496
43.5
496
43.5333
496
43.5667
496
43.6
496
43.6333
496
43.6667
496
43.7
496
43.7333
496
43.7667
496
43.8
496
43.8333
496
43.8667
496
43.9
496
43.9333
496
43.9667
496
44
496
44.0333
496
44.0667
496
44.1
496
44.1333
497
44.1667
497
44.2
497
44.2333
497
44.2667
497
44.3
497
44.3333
497
44.3667
497
44.4
497
44.4333
498
44.4667
498
44.5
498
44.5333
499
44.5667
499
44.6
499
44.6333
499
44.6667
499
44.7
500
44.7333
500
44.7667
500
44.8
500
44.8333
500
44.8667
500
44.9
500
44.9333
500
44.9667
500
45
500
45.0333
500
45.0667
500
45.1
500
45.1333
500
45.1667
500
45.2
500
45.2333
500
45.2667
500
45.3
500
45.3333
500
45.3667
501
45.4
501
45.4333
501
45.4667
501
45.5
501
45.5333
501
45.5667
501
45.6
502
45.6333
502
45.6667
502
45.7
502
45.7333
502
45.7667
502
45.8
502
45.8333
502
45.8667
502
45.9
502
45.9333
502
45.9667
502
46
502
46.0333
502
46.0667
502
46.1
502
46.1333
502
46.1667
502
46.2
502
46.2333
502
46.2667
502
46.3
502
46.3333
502
46.3667
502
46.4
502
46.4333
502
46.4667
502
46.5
502
46.5333
502
46.5667
502
46.6
502
46.6333
502
46.6667
503
46.7
503
46.7333
503
46.7667
503
46.8
503
46.8333
503
46.8667
503
46.9
503
46.9333
503
46.9667
503
47
503
47.0333
503
47.0667
503
47.1
503
47.1333
503
47.1667
503
47.2
504
47.2333
504
47.2667
504
47.3
504
47.3333
504
47.3667
504
47.4
504
47.4333
504
47.4667
504
47.5
504
47.5333
504
47.5667
504
47.6
504
47.6333
504
47.6667
504
47.7
504
47.7333
504
47.7667
504
47.8
504
47.8333
504
47.8667
504
47.9
504
47.9333
504
47.9667
504
48
504
48.0333
504
48.0667
504
48.1
505
48.1333
505
48.1667
505
48.2
505
48.2333
505
48.2667
505
48.3
506
48.3333
506
48.3667
506
48.4
506
48.4333
506
48.4667
506
48.5
506
48.5333
506
48.5667
506
48.6
506
48.6333
506
48.6667
506
48.7
506
48.7333
506
48.7667
506
48.8
506
48.8333
506
48.8667
506
48.9
506
48.9333
506
48.9667
506
49
507
49.0333
507
49.0667
508
49.1
508
49.1333
509
49.1667
509
49.2
509
49.2333
509
49.2667
510
49.3
510
49.3333
511
49.3667
511
49.4
511
49.4333
511
49.4667
511
49.5
511
49.5333
511
49.5667
511
49.6
511
49.6333
511
49.6667
511
49.7
511
49.7333
511
49.7667
511
49.8
511
49.8333
511
49.8667
512
49.9
512
49.9333
512
49.9667
512
50
512
50.0333
512
50.0667
512
50.1
512
50.1333
513
50.1667
513
50.2
513
50.2333
513
50.2667
513
50.3
513
50.3333
513
50.3667
513
50.4
513
50.4333
513
50.4667
513
50.5
513
50.5333
513
50.5667
513
50.6
513
50.6333
513
50.6667
513
50.7
513
50.7333
513
50.7667
513
50.8
513
50.8333
513
50.8667
513
50.9
513
50.9333
513
50.9667
513
51
513
51.0333
513
51.0667
513
51.1
513
51.1333
513
51.1667
513
51.2
513
51.2333
513
51.2667
513
51.3
514
51.3333
514
51.3667
514
51.4
514
51.4333
514
51.4667
514
51.5
514
51.5333
514
51.5667
514
51.6
514
51.6333
514
51.6667
515
51.7
515
51.7333
515
51.7667
515
51.8
515
51.8333
515
51.8667
515
51.9
515
51.9333
515
51.9667
515
52
515
52.0333
515
52.0667
515
52.1
515
52.1333
515
52.1667
515
52.2
515
52.2333
515
52.2667
515
52.3
515
52.3333
515
52.3667
515
52.4
515
52.4333
516
52.4667
516
52.5
516
52.5333
516
52.5667
516
52.6
516
52.6333
517
52.6667
517
52.7
517
52.7333
517
52.7667
518
52.8
518
52.8333
518
52.8667
518
52.9
518
52.9333
518
52.9667
518
53
518
53.0333
518
53.0667
518
53.1
518
53.1333
518
53.1667
518
53.2
518
53.2333
518
53.2667
518
53.3
518
53.3333
519
