0
1
0.0333333
1
0.0666667
1
0.1
1
0.133333
1
0.166667
1
0.2
1
0.233333
1
0.266667
1
0.3
1
0.333333
1
0.366667
1
0.4
1
0.433333
1
0.466667
1
0.5
1
0.533333
1
0.566667
1
0.6
1
0.633333
1
0.666667
1
0.7
1
0.733333
1
0.766667
1
0.8
1
0.833333
1
0.866667
1
0.9
1
0.933333
1
0.966667
1
1
1
1.03333
1
1.06667
1
1.1
1
1.13333
1
1.16667
1
1.2
1
1.23333
1
1.26667
1
1.3
1
1.33333
1
1.36667
1
1.4
1
1.43333
1
1.46667
1
1.5
1
1.53333
1
1.56667
1
1.6
1
1.63333
1
1.66667
1
1.7
1
1.73333
1
1.76667
1
1.8
1
1.83333
1
1.86667
1
1.9
1
1.93333
1
1.96667
1
2
1
2.03333
1
2.06667
1
2.1
1
2.13333
1
2.16667
1
2.2
1
2.23333
1
2.26667
1
2.3
1
2.33333
1
2.36667
1
2.4
1
2.43333
1
2.46667
1
2.5
1
2.53333
1
2.56667
1
2.6
1
2.63333
1
2.66667
1
2.7
1
2.73333
1
2.76667
1
2.8
1
2.83333
1
2.86667
1
2.9
1
2.93333
1
2.96667
1
3
1
3.03333
1
3.06667
1
3.1
1
3.13333
1
3.16667
1
3.2
1
3.23333
1
3.26667
1
3.3
1
3.33333
1
3.36667
1
3.4
1
3.43333
1
3.46667
1
3.5
1
3.53333
1
3.56667
1
3.6
1
3.63333
1
3.66667
1
3.7
1
3.73333
1
3.76667
1
3.8
1
3.83333
1
3.86667
1
3.9
1
3.93333
1
3.96667
1
4
1
4.03333
1
4.06667
1
4.1
1
4.13333
1
4.16667
1
4.2
1
4.23333
1
4.26667
1
4.3
1
4.33333
1
4.36667
1
4.4
1
4.43333
1
4.46667
1
4.5
1
4.53333
1
4.56667
1
4.6
1
4.63333
1
4.66667
1
4.7
1
4.73333
1
4.76667
1
4.8
1
4.83333
1
4.86667
1
4.9
1
4.93333
1
4.96667
1
5
1
5.03333
1
5.06667
1
5.1
1
5.13333
1
5.16667
1
5.2
1
5.23333
1
5.26667
1
5.3
1
5.33333
1
5.36667
1
5.4
1
5.43333
1
5.46667
2
5.5
3
5.53333
4
5.56667
4
5.6
4
5.63333
4
5.66667
4
5.7
5
5.73333
5
5.76667
6
5.8
7
5.83333
7
5.86667
7
5.9
7
5.93333
7
5.96667
8
6
8
6.03333
8
6.06667
9
6.1
9
6.13333
11
6.16667
11
6.2
13
6.23333
13
6.26667
14
6.3
15
6.33333
15
6.36667
16
6.4
17
6.43333
18
6.46667
20
6.5
21
6.53333
21
6.56667
24
6.6
24
6.63333
25
6.66667
26
6.7
26
6.73333
27
6.76667
27
6.8
27
6.83333
29
6.86667
30
6.9
31
6.93333
31
6.96667
33
7
33
7.03333
33
7.06667
36
7.1
37
7.13333
38
7.16667
39
7.2
41
7.23333
42
7.26667
42
7.3
45
7.33333
48
7.36667
49
7.4
50
7.43333
51
7.46667
52
7.5
55
7.53333
57
7.56667
58
7.6
58
7.63333
61
7.66667
63
7.7
65
7.73333
65
7.76667
67
7.8
70
7.83333
75
7.86667
75
7.9
76
7.93333
81
7.96667
84
8
85
8.03333
87
8.06667
89
8.1
91
8.13333
94
8.16667
95
8.2
96
8.23333
99
8.26667
100
8.3
101
8.33333
102
8.36667
104
8.4
107
8.43333
109
8.46667
110
8.5
111
8.53333
114
8.56667
116
8.6
117
8.63333
117
8.66667
117
8.7
117
8.73333
120
8.76667
122
8.8
122
8.83333
126
8.86667
128
8.9
129
8.93333
130
8.96667
130
9
130
9.03333
132
9.06667
132
9.1
132
9.13333
133
9.16667
135
9.2
137
9.23333
139
9.26667
139
9.3
140
9.33333
141
9.36667
142
9.4
142
9.43333
142
9.46667
142
9.5
142
9.53333
144
9.56667
145
9.6
146
9.63333
149
9.66667
151
9.7
152
9.73333
153
9.76667
156
9.8
157
9.83333
159
9.86667
160
9.9
162
9.93333
162
9.96667
163
10
165
10.0333
166
10.0667
168
10.1
169
10.1333
170
10.1667
172
10.2
174
10.2333
177
10.2667
178
10.3
178
10.3333
179
10.3667
179
10.4
179
10.4333
180
10.4667
180
10.5
181
10.5333
183
10.5667
184
10.6
185
10.6333
186
10.6667
187
10.7
188
10.7333
189
10.7667
190
10.8
190
10.8333
190
10.8667
192
10.9
192
10.9333
193
10.9667
194
11
194
11.0333
194
11.0667
194
11.1
196
11.1333
198
11.1667
199
11.2
200
11.2333
201
11.2667
202
11.3
202
11.3333
204
11.3667
204
11.4
204
11.4333
204
11.4667
205
11.5
205
11.5333
205
11.5667
206
11.6
207
11.6333
207
11.6667
210
11.7
212
11.7333
214
11.7667
214
11.8
217
11.8333
217
11.8667
218
11.9
218
11.9333
222
11.9667
225
12
225
12.0333
226
12.0667
226
12.1
227
12.1333
227
12.1667
229
12.2
231
12.2333
231
12.2667
231
12.3
233
12.3333
233
12.3667
233
12.4
234
12.4333
234
12.4667
236
12.5
237
12.5333
237
12.5667
239
12.6
242
12.6333
242
12.6667
244
12.7
245
12.7333
247
12.7667
247
12.8
248
12.8333
249
12.8667
250
12.9
252
12.9333
252
12.9667
255
13
256
13.0333
258
13.0667
258
13.1
258
13.1333
260
13.1667
260
13.2
262
13.2333
262
13.2667
262
13.3
262
13.3333
263
13.3667
263
13.4
263
13.4333
263
13.4667
263
13.5
264
13.5333
264
13.5667
264
13.6
264
13.6333
264
13.6667
264
13.7
264
13.7333
265
13.7667
265
13.8
267
13.8333
267
13.8667
268
13.9
268
13.9333
268
13.9667
268
14
270
14.0333
270
14.0667
271
14.1
273
14.1333
273
14.1667
273
14.2
274
14.2333
274
14.2667
276
14.3
277
14.3333
278
14.3667
278
14.4
279
14.4333
280
14.4667
281
14.5
281
14.5333
282
14.5667
283
14.6
284
14.6333
284
14.6667
284
14.7
284
14.7333
285
14.7667
285
14.8
287
14.8333
287
14.8667
287
14.9
287
14.9333
288
14.9667
288
15
290
15.0333
292
15.0667
292
15.1
292
15.1333
293
15.1667
293
15.2
293
15.2333
293
15.2667
293
15.3
293
15.3333
293
15.3667
293
15.4
293
15.4333
293
15.4667
293
15.5
295
15.5333
296
15.5667
297
15.6
297
15.6333
297
15.6667
297
15.7
299
15.7333
299
15.7667
299
15.8
299
15.8333
299
15.8667
299
15.9
300
15.9333
300
15.9667
300
16
301
16.0333
302
16.0667
304
16.1
304
16.1333
304
16.1667
305
16.2
306
16.2333
307
16.2667
307
16.3
309
16.3333
310
16.3667
310
16.4
310
16.4333
310
16.4667
310
16.5
311
16.5333
311
16.5667
311
16.6
311
16.6333
311
16.6667
311
16.7
311
16.7333
312
16.7667
312
16.8
313
16.8333
314
16.8667
316
16.9
316
16.9333
316
16.9667
316
17
317
17.0333
317
17.0667
317
17.1
317
17.1333
317
17.1667
317
17.2
320
17.2333
320
17.2667
320
17.3
321
17.3333
321
17.3667
321
17.4
322
17.4333
323
17.4667
323
17.5
323
17.5333
324
17.5667
324
17.6
324
17.6333
326
17.6667
326
17.7
326
17.7333
327
17.7667
327
17.8
328
17.8333
328
17.8667
328
17.9
328
17.9333
328
17.9667
328
18
328
18.0333
328
18.0667
328
18.1
330
18.1333
330
18.1667
330
18.2
331
18.2333
331
18.2667
333
18.3
334
18.3333
335
18.3667
337
18.4
338
18.4333
341
18.4667
342
18.5
342
18.5333
344
18.5667
344
18.6
345
18.6333
345
18.6667
345
18.7
345
18.7333
345
18.7667
347
18.8
347
18.8333
347
18.8667
347
18.9
349
18.9333
349
18.9667
350
19
351
19.0333
351
19.0667
352
19.1
352
19.1333
352
19.1667
352
19.2
353
19.2333
354
19.2667
354
19.3
355
19.3333
356
19.3667
356
19.4
356
19.4333
357
19.4667
358
19.5
361
19.5333
361
19.5667
361
19.6
364
19.6333
365
19.6667
365
19.7
365
19.7333
365
19.7667
367
19.8
367
19.8333
368
19.8667
369
19.9
369
19.9333
370
19.9667
372
20
372
20.0333
372
20.0667
373
20.1
374
20.1333
374
20.1667
374
20.2
374
20.2333
374
20.2667
374
20.3
374
20.3333
375
20.3667
376
20.4
376
20.4333
376
20.4667
378
20.5
379
20.5333
379
20.5667
379
20.6
379
20.6333
379
20.6667
379
20.7
379
20.7333
380
20.7667
381
20.8
382
20.8333
382
20.8667
384
20.9
384
20.9333
384
20.9667
385
21
385
21.0333
385
21.0667
385
21.1
385
21.1333
386
21.1667
388
21.2
388
21.2333
389
21.2667
390
21.3
392
21.3333
392
21.3667
392
21.4
392
21.4333
393
21.4667
393
21.5
396
21.5333
396
21.5667
396
21.6
396
21.6333
397
21.6667
397
21.7
397
21.7333
397
21.7667
397
21.8
399
21.8333
399
21.8667
399
21.9
399
21.9333
400
21.9667
401
22
401
22.0333
401
22.0667
401
22.1
402
22.1333
402
22.1667
402
22.2
402
22.2333
402
22.2667
402
22.3
403
22.3333
403
22.3667
404
22.4
404
22.4333
404
22.4667
404
22.5
404
22.5333
404
22.5667
405
22.6
405
22.6333
405
22.6667
405
22.7
405
22.7333
405
22.7667
405
22.8
405
22.8333
405
22.8667
406
22.9
406
22.9333
406
22.9667
406
23
406
23.0333
406
23.0667
407
23.1
407
23.1333
407
23.1667
407
23.2
407
23.2333
407
23.2667
408
23.3
408
23.3333
408
23.3667
408
23.4
409
23.4333
410
23.4667
411
23.5
411
23.5333
412
23.5667
413
23.6
414
23.6333
414
23.6667
414
23.7
416
23.7333
416
23.7667
418
23.8
419
23.8333
419
23.8667
419
23.9
419
23.9333
419
23.9667
419
24
420
24.0333
421
24.0667
421
24.1
422
24.1333
422
24.1667
422
24.2
424
24.2333
424
24.2667
424
24.3
425
24.3333
425
24.3667
425
24.4
427
24.4333
427
24.4667
427
24.5
428
24.5333
428
24.5667
428
24.6
430
24.6333
430
24.6667
431
24.7
431
24.7333
431
24.7667
431
24.8
431
24.8333
431
24.8667
431
24.9
432
24.9333
432
24.9667
433
25
433
25.0333
435
25.0667
435
25.1
435
25.1333
436
25.1667
437
25.2
437
25.2333
437
25.2667
439
25.3
439
25.3333
440
25.3667
441
25.4
441
25.4333
441
25.4667
441
25.5
441
25.5333
441
25.5667
441
25.6
441
25.6333
441
25.6667
441
25.7
441
25.7333
441
25.7667
441
25.8
442
25.8333
442
25.8667
442
25.9
442
25.9333
442
25.9667
442
26
442
26.0333
442
26.0667
442
26.1
442
26.1333
442
26.1667
442
26.2
443
26.2333
443
26.2667
443
26.3
443
26.3333
443
26.3667
443
26.4
443
26.4333
443
26.4667
443
26.5
443
26.5333
443
26.5667
443
26.6
443
26.6333
443
26.6667
444
26.7
444
26.7333
444
26.7667
444
26.8
444
26.8333
444
26.8667
444
26.9
444
26.9333
444
26.9667
445
27
445
27.0333
445
27.0667
445
27.1
445
27.1333
445
27.1667
445
27.2
445
27.2333
445
27.2667
445
27.3
446
27.3333
446
27.3667
446
27.4
447
27.4333
448
27.4667
449
27.5
449
27.5333
449
27.5667
449
27.6
449
27.6333
449
27.6667
449
27.7
449
27.7333
449
27.7667
449
27.8
449
27.8333
449
27.8667
449
27.9
449
27.9333
449
27.9667
449
28
449
28.0333
449
28.0667
449
28.1
449
28.1333
449
28.1667
449
28.2
449
28.2333
449
28.2667
449
28.3
449
28.3333
449
28.3667
449
28.4
449
28.4333
449
28.4667
449
28.5
449
28.5333
449
28.5667
449
28.6
449
28.6333
449
28.6667
450
28.7
450
28.7333
450
28.7667
450
28.8
451
28.8333
452
28.8667
452
28.9
453
28.9333
453
28.9667
453
29
454
29.0333
454
29.0667
454
29.1
454
29.1333
455
29.1667
455
29.2
456
29.2333
457
29.2667
457
29.3
458
29.3333
458
29.3667
458
29.4
458
29.4333
459
29.4667
460
29.5
461
29.5333
462
29.5667
463
29.6
464
29.6333
464
29.6667
465
29.7
466
29.7333
467
29.7667
467
29.8
467
29.8333
467
29.8667
468
29.9
468
29.9333
469
29.9667
470
30
471
30.0333
471
30.0667
472
30.1
472
30.1333
472
30.1667
473
30.2
473
30.2333
473
30.2667
473
30.3
473
30.3333
474
30.3667
474
30.4
475
30.4333
475
30.4667
477
30.5
478
30.5333
478
30.5667
478
30.6
478
30.6333
478
30.6667
478
30.7
478
30.7333
479
30.7667
480
30.8
480
30.8333
480
30.8667
480
30.9
480
30.9333
480
30.9667
480
31
480
31.0333
480
31.0667
480
31.1
480
31.1333
481
31.1667
482
31.2
482
31.2333
482
31.2667
483
31.3
483
31.3333
483
31.3667
483
31.4
483
31.4333
483
31.4667
483
31.5
484
31.5333
485
31.5667
485
31.6
485
31.6333
485
31.6667
485
31.7
485
31.7333
486
31.7667
486
31.8
487
31.8333
487
31.8667
487
31.9
487
31.9333
487
31.9667
489
32
489
32.0333
489
32.0667
489
32.1
489
32.1333
489
32.1667
489
32.2
489
32.2333
489
32.2667
489
32.3
489
32.3333
489
32.3667
489
32.4
489
32.4333
489
32.4667
489
32.5
489
32.5333
489
32.5667
489
32.6
489
32.6333
489
32.6667
489
32.7
491
32.7333
491
32.7667
491
32.8
491
32.8333
491
32.8667
491
32.9
492
32.9333
492
32.9667
492
33
493
33.0333
493
33.0667
494
33.1
494
33.1333
494
33.1667
494
33.2
494
33.2333
495
33.2667
495
33.3
495
33.3333
495
33.3667
496
33.4
496
33.4333
496
33.4667
496
33.5
496
33.5333
496
33.5667
497
33.6
497
33.6333
497
33.6667
498
33.7
498
33.7333
499
33.7667
499
33.8
499
33.8333
501
33.8667
501
33.9
501
33.9333
501
33.9667
501
34
501
34.0333
501
34.0667
502
34.1
502
34.1333
502
34.1667
502
34.2
502
34.2333
503
34.2667
503
34.3
503
34.3333
503
34.3667
504
34.4
504
34.4333
504
34.4667
504
34.5
504
34.5333
504
34.5667
504
34.6
504
34.6333
504
34.6667
504
34.7
504
34.7333
505
34.7667
505
34.8
505
34.8333
506
34.8667
506
34.9
506
34.9333
506
34.9667
507
35
508
35.0333
508
35.0667
508
35.1
508
35.1333
508
35.1667
508
35.2
508
35.2333
508
35.2667
508
35.3
508
35.3333
508
35.3667
508
35.4
508
35.4333
508
35.4667
508
35.5
508
35.5333
508
35.5667
508
35.6
508
35.6333
508
35.6667
508
35.7
508
35.7333
508
35.7667
508
35.8
508
35.8333
508
35.8667
508
35.9
508
35.9333
508
35.9667
508
36
509
36.0333
509
36.0667
509
36.1
509
36.1333
509
36.1667
509
36.2
509
36.2333
509
36.2667
509
36.3
509
36.3333
509
36.3667
509
36.4
509
36.4333
509
36.4667
509
36.5
509
36.5333
509
36.5667
509
36.6
509
36.6333
509
36.6667
509
36.7
509
36.7333
509
36.7667
511
36.8
511
36.8333
511
36.8667
511
36.9
511
36.9333
512
36.9667
512
37
512
37.0333
512
37.0667
512
37.1
512
37.1333
512
37.1667
512
37.2
512
37.2333
512
37.2667
512
37.3
512
37.3333
512
37.3667
512
37.4
512
37.4333
512
37.4667
512
37.5
512
37.5333
512
37.5667
513
37.6
513
37.6333
513
37.6667
513
37.7
513
37.7333
513
37.7667
513
37.8
514
37.8333
514
37.8667
514
37.9
514
37.9333
514
37.9667
514
38
514
38.0333
514
38.0667
514
38.1
514
38.1333
514
38.1667
514
38.2
514
38.2333
514
38.2667
514
38.3
515
38.3333
515
38.3667
515
38.4
515
38.4333
515
38.4667
516
38.5
516
38.5333
516
38.5667
516
38.6
516
38.6333
516
38.6667
517
38.7
518
38.7333
518
38.7667
518
38.8
518
38.8333
519
38.8667
520
38.9
520
38.9333
520
38.9667
520
39
520
39.0333
521
39.0667
521
39.1
521
39.1333
521
39.1667
521
39.2
521
39.2333
521
39.2667
521
39.3
521
39.3333
521
39.3667
521
39.4
521
39.4333
521
39.4667
521
39.5
522
39.5333
522
39.5667
522
39.6
522
39.6333
522
39.6667
522
39.7
522
39.7333
523
39.7667
523
39.8
524
39.8333
524
39.8667
524
39.9
524
39.9333
524
39.9667
524
40
524
40.0333
524
40.0667
524
40.1
524
40.1333
524
40.1667
524
40.2
524
40.2333
524
40.2667
524
40.3
524
40.3333
524
40.3667
524
40.4
524
40.4333
524
40.4667
524
40.5
524
40.5333
524
40.5667
524
40.6
524
40.6333
524
40.6667
524
40.7
524
40.7333
524
40.7667
524
40.8
524
40.8333
524
40.8667
524
40.9
524
40.9333
524
40.9667
524
41
524
41.0333
524
41.0667
524
41.1
525
41.1333
525
41.1667
525
41.2
526
41.2333
526
41.2667
526
41.3
526
41.3333
526
41.3667
526
41.4
526
41.4333
526
41.4667
526
41.5
526
41.5333
526
41.5667
526
41.6
526
41.6333
526
41.6667
527
41.7
527
41.7333
527
41.7667
527
41.8
527
41.8333
527
41.8667
527
41.9
527
41.9333
527
41.9667
527
42
527
42.0333
527
42.0667
527
42.1
527
42.1333
527
42.1667
527
42.2
527
42.2333
527
42.2667
527
42.3
527
42.3333
527
42.3667
527
42.4
527
42.4333
527
42.4667
527
42.5
527
42.5333
527
42.5667
527
42.6
527
42.6333
527
42.6667
527
42.7
528
42.7333
528
42.7667
528
42.8
528
42.8333
528
42.8667
528
42.9
528
42.9333
528
42.9667
528
43
528
43.0333
528
43.0667
528
43.1
528
43.1333
528
43.1667
528
43.2
528
43.2333
529
43.2667
530
43.3
530
43.3333
530
43.3667
530
43.4
530
43.4333
530
43.4667
530
43.5
530
43.5333
530
43.5667
530
43.6
530
43.6333
530
43.6667
530
43.7
531
43.7333
531
43.7667
531
43.8
531
43.8333
531
43.8667
531
43.9
531
43.9333
531
43.9667
531
44
531
44.0333
531
44.0667
531
44.1
532
44.1333
532
44.1667
532
44.2
532
44.2333
532
44.2667
532
44.3
532
44.3333
532
44.3667
532
44.4
533
44.4333
533
44.4667
533
44.5
533
44.5333
533
44.5667
533
44.6
533
44.6333
534
44.6667
534
44.7
534
44.7333
534
44.7667
535
44.8
535
44.8333
535
44.8667
535
44.9
535
44.9333
535
44.9667
535
45
535
45.0333
535
45.0667
535
45.1
535
45.1333
535
45.1667
535
45.2
535
45.2333
535
45.2667
535
45.3
535
45.3333
536
45.3667
536
45.4
536
45.4333
536
45.4667
536
45.5
536
45.5333
536
45.5667
536
45.6
536
45.6333
536
45.6667
536
45.7
536
45.7333
536
45.7667
536
45.8
536
45.8333
536
45.8667
536
45.9
536
45.9333
536
45.9667
536
46
536
46.0333
536
46.0667
536
46.1
536
46.1333
536
46.1667
536
46.2
536
46.2333
536
46.2667
536
46.3
536
46.3333
536
46.3667
536
46.4
536
46.4333
537
46.4667
537
46.5
537
46.5333
537
46.5667
537
46.6
537
46.6333
537
46.6667
537
46.7
537
46.7333
537
46.7667
537
46.8
537
46.8333
537
46.8667
537
46.9
537
46.9333
537
46.9667
537
47
537
47.0333
537
47.0667
537
47.1
537
47.1333
537
47.1667
537
47.2
537
47.2333
537
47.2667
537
47.3
537
47.3333
537
47.3667
537
47.4
537
47.4333
537
47.4667
537
47.5
537
47.5333
537
47.5667
537
47.6
537
47.6333
537
47.6667
537
47.7
537
47.7333
537
47.7667
537
47.8
537
47.8333
537
47.8667
537
47.9
537
47.9333
537
47.9667
537
48
537
48.0333
537
48.0667
537
48.1
537
48.1333
537
48.1667
537
48.2
537
48.2333
537
48.2667
537
48.3
537
48.3333
537
48.3667
537
48.4
537
48.4333
537
48.4667
537
48.5
537
48.5333
537
48.5667
537
48.6
538
48.6333
538
48.6667
538
48.7
538
48.7333
538
48.7667
538
48.8
538
48.8333
538
48.8667
538
48.9
538
48.9333
538
48.9667
538
49
538
49.0333
538
49.0667
538
49.1
538
49.1333
538
49.1667
538
49.2
539
49.2333
539
49.2667
539
49.3
539
49.3333
539
49.3667
539
49.4
539
49.4333
539
49.4667
539
49.5
539
49.5333
539
49.5667
539
49.6
539
49.6333
539
49.6667
540
49.7
540
49.7333
540
49.7667
540
49.8
540
49.8333
540
49.8667
540
49.9
540
49.9333
540
49.9667
542
50
542
50.0333
542
50.0667
542
50.1
542
50.1333
542
50.1667
542
50.2
542
50.2333
542
50.2667
542
50.3
542
50.3333
542
50.3667
542
50.4
542
50.4333
542
50.4667
542
50.5
542
50.5333
543
50.5667
543
50.6
543
50.6333
543
50.6667
543
50.7
543
50.7333
543
50.7667
543
50.8
543
50.8333
543
50.8667
543
50.9
543
50.9333
543
50.9667
543
51
543
51.0333
543
51.0667
543
51.1
543
51.1333
543
51.1667
543
51.2
544
51.2333
544
51.2667
544
51.3
544
51.3333
544
51.3667
544
51.4
544
51.4333
544
51.4667
544
51.5
544
51.5333
544
51.5667
544
51.6
544
51.6333
544
51.6667
544
51.7
544
51.7333
544
51.7667
544
51.8
544
51.8333
544
51.8667
544
51.9
544
51.9333
544
51.9667
544
52
545
52.0333
545
52.0667
545
52.1
545
52.1333
546
52.1667
546
52.2
546
52.2333
546
52.2667
546
52.3
546
52.3333
546
52.3667
547
52.4
547
52.4333
547
52.4667
547
52.5
547
52.5333
547
52.5667
547
52.6
547
52.6333
547
52.6667
548
52.7
548
52.7333
548
52.7667
549
52.8
549
52.8333
549
52.8667
549
52.9
549
52.9333
549
52.9667
549
53
549
53.0333
549
53.0667
549
53.1
549
53.1333
549
53.1667
549
53.2
549
53.2333
549
53.2667
549
53.3
549
53.3333
549
