0
1
0.0333333
1
0.0666667
1
0.1
1
0.133333
1
0.166667
1
0.2
1
0.233333
1
0.266667
1
0.3
1
0.333333
1
0.366667
1
0.4
1
0.433333
1
0.466667
1
0.5
1
0.533333
1
0.566667
1
0.6
1
0.633333
1
0.666667
1
0.7
1
0.733333
1
0.766667
1
0.8
1
0.833333
1
0.866667
1
0.9
1
0.933333
1
0.966667
1
1
1
1.03333
1
1.06667
1
1.1
1
1.13333
1
1.16667
1
1.2
1
1.23333
1
1.26667
1
1.3
1
1.33333
1
1.36667
1
1.4
1
1.43333
1
1.46667
1
1.5
1
1.53333
1
1.56667
1
1.6
1
1.63333
1
1.66667
1
1.7
1
1.73333
1
1.76667
1
1.8
1
1.83333
1
1.86667
1
1.9
1
1.93333
1
1.96667
1
2
1
2.03333
1
2.06667
1
2.1
1
2.13333
1
2.16667
1
2.2
1
2.23333
1
2.26667
1
2.3
1
2.33333
1
2.36667
1
2.4
1
2.43333
1
2.46667
1
2.5
1
2.53333
1
2.56667
1
2.6
1
2.63333
1
2.66667
1
2.7
1
2.73333
1
2.76667
1
2.8
1
2.83333
1
2.86667
1
2.9
1
2.93333
1
2.96667
1
3
1
3.03333
1
3.06667
1
3.1
1
3.13333
1
3.16667
1
3.2
1
3.23333
1
3.26667
1
3.3
1
3.33333
1
3.36667
1
3.4
1
3.43333
1
3.46667
1
3.5
1
3.53333
1
3.56667
1
3.6
1
3.63333
1
3.66667
1
3.7
1
3.73333
1
3.76667
1
3.8
1
3.83333
1
3.86667
1
3.9
1
3.93333
1
3.96667
1
4
1
4.03333
1
4.06667
1
4.1
1
4.13333
1
4.16667
1
4.2
1
4.23333
1
4.26667
1
4.3
1
4.33333
1
4.36667
1
4.4
1
4.43333
1
4.46667
1
4.5
1
4.53333
1
4.56667
1
4.6
1
4.63333
1
4.66667
1
4.7
1
4.73333
1
4.76667
1
4.8
1
4.83333
1
4.86667
1
4.9
1
4.93333
1
4.96667
1
5
1
5.03333
1
5.06667
1
5.1
1
5.13333
1
5.16667
1
5.2
1
5.23333
1
5.26667
1
5.3
1
5.33333
1
5.36667
1
5.4
1
5.43333
1
5.46667
1
5.5
1
5.53333
1
5.56667
1
5.6
1
5.63333
1
5.66667
1
5.7
1
5.73333
1
5.76667
1
5.8
1
5.83333
1
5.86667
1
5.9
1
5.93333
1
5.96667
1
6
2
6.03333
2
6.06667
4
6.1
4
6.13333
4
6.16667
4
6.2
4
6.23333
4
6.26667
4
6.3
4
6.33333
5
6.36667
5
6.4
5
6.43333
5
6.46667
7
6.5
9
6.53333
9
6.56667
10
6.6
11
6.63333
11
6.66667
11
6.7
11
6.73333
11
6.76667
12
6.8
13
6.83333
14
6.86667
14
6.9
14
6.93333
14
6.96667
14
7
14
7.03333
14
7.06667
14
7.1
14
7.13333
14
7.16667
14
7.2
14
7.23333
15
7.26667
15
7.3
16
7.33333
16
7.36667
16
7.4
17
7.43333
18
7.46667
18
7.5
18
7.53333
18
7.56667
19
7.6
20
7.63333
20
7.66667
20
7.7
20
7.73333
20
7.76667
21
7.8
21
7.83333
21
7.86667
21
7.9
21
7.93333
22
7.96667
22
8
22
8.03333
22
8.06667
22
8.1
22
8.13333
24
8.16667
24
8.2
24
8.23333
24
8.26667
24
8.3
24
8.33333
24
8.36667
24
8.4
24
8.43333
25
8.46667
26
8.5
26
8.53333
28
8.56667
29
8.6
29
8.63333
29
8.66667
31
8.7
31
8.73333
31
8.76667
31
8.8
31
8.83333
31
8.86667
31
8.9
31
8.93333
31
8.96667
31
9
31
9.03333
31
9.06667
31
9.1
31
9.13333
31
9.16667
31
9.2
33
9.23333
33
9.26667
33
9.3
33
9.33333
33
9.36667
33
9.4
33
9.43333
33
9.46667
35
9.5
35
9.53333
35
9.56667
35
9.6
35
9.63333
36
9.66667
37
9.7
37
9.73333
37
9.76667
39
9.8
39
9.83333
41
9.86667
42
9.9
42
9.93333
43
9.96667
45
10
45
10.0333
45
10.0667
45
10.1
45
10.1333
48
10.1667
49
10.2
49
10.2333
49
10.2667
49
10.3
49
10.3333
49
10.3667
49
10.4
49
10.4333
50
10.4667
51
10.5
51
10.5333
51
10.5667
51
10.6
52
10.6333
53
10.6667
53
10.7
54
10.7333
55
10.7667
56
10.8
56
10.8333
56
10.8667
57
10.9
57
10.9333
57
10.9667
57
11
57
11.0333
57
11.0667
58
11.1
58
11.1333
58
11.1667
58
11.2
59
11.2333
59
11.2667
59
11.3
59
11.3333
59
11.3667
59
11.4
60
11.4333
60
11.4667
61
11.5
61
11.5333
62
11.5667
62
11.6
63
11.6333
63
11.6667
63
11.7
63
11.7333
63
11.7667
64
11.8
64
11.8333
65
11.8667
65
11.9
65
11.9333
65
11.9667
65
12
66
12.0333
67
12.0667
67
12.1
67
12.1333
67
12.1667
67
12.2
67
12.2333
67
12.2667
68
12.3
68
12.3333
69
12.3667
69
12.4
69
12.4333
70
12.4667
70
12.5
72
12.5333
77
12.5667
77
12.6
77
12.6333
77
12.6667
77
12.7
77
12.7333
78
12.7667
78
12.8
79
12.8333
80
12.8667
80
12.9
80
12.9333
80
12.9667
80
13
81
13.0333
82
13.0667
82
13.1
83
13.1333
83
13.1667
84
13.2
84
13.2333
86
13.2667
86
13.3
87
13.3333
87
13.3667
87
13.4
87
13.4333
87
13.4667
87
13.5
87
13.5333
88
13.5667
88
13.6
88
13.6333
88
13.6667
89
13.7
90
13.7333
90
13.7667
90
13.8
90
13.8333
90
13.8667
90
13.9
90
13.9333
90
13.9667
90
14
90
14.0333
90
14.0667
90
14.1
90
14.1333
90
14.1667
90
14.2
90
14.2333
90
14.2667
90
14.3
90
14.3333
90
14.3667
90
14.4
90
14.4333
90
14.4667
91
14.5
91
14.5333
92
14.5667
92
14.6
93
14.6333
93
14.6667
93
14.7
93
14.7333
93
14.7667
95
14.8
95
14.8333
95
14.8667
95
14.9
95
14.9333
95
14.9667
96
15
96
15.0333
96
15.0667
96
15.1
96
15.1333
96
15.1667
96
15.2
97
15.2333
97
15.2667
97
15.3
98
15.3333
98
15.3667
98
15.4
98
15.4333
98
15.4667
98
15.5
98
15.5333
98
15.5667
98
15.6
98
15.6333
98
15.6667
98
15.7
98
15.7333
99
15.7667
99
15.8
99
15.8333
99
15.8667
99
15.9
99
15.9333
99
15.9667
99
16
101
16.0333
101
16.0667
101
16.1
101
16.1333
101
16.1667
101
16.2
101
16.2333
101
16.2667
102
16.3
102
16.3333
103
16.3667
104
16.4
104
16.4333
104
16.4667
104
16.5
104
16.5333
105
16.5667
106
16.6
107
16.6333
107
16.6667
107
16.7
109
16.7333
110
16.7667
110
16.8
110
16.8333
110
16.8667
110
16.9
111
16.9333
113
16.9667
113
17
113
17.0333
113
17.0667
113
17.1
114
17.1333
115
17.1667
116
17.2
116
17.2333
116
17.2667
117
17.3
117
17.3333
118
17.3667
118
17.4
118
17.4333
118
17.4667
119
17.5
119
17.5333
121
17.5667
122
17.6
123
17.6333
123
17.6667
123
17.7
123
17.7333
123
17.7667
123
17.8
123
17.8333
123
17.8667
123
17.9
123
17.9333
123
17.9667
123
18
123
18.0333
123
18.0667
123
18.1
123
18.1333
123
18.1667
123
18.2
123
18.2333
124
18.2667
124
18.3
124
18.3333
124
18.3667
124
18.4
124
18.4333
124
18.4667
124
18.5
124
18.5333
124
18.5667
124
18.6
124
18.6333
124
18.6667
124
18.7
124
18.7333
124
18.7667
124
18.8
124
18.8333
124
18.8667
124
18.9
124
18.9333
124
18.9667
124
19
124
19.0333
124
19.0667
124
19.1
126
19.1333
126
19.1667
126
19.2
126
19.2333
126
19.2667
126
19.3
126
19.3333
126
19.3667
126
19.4
126
19.4333
126
19.4667
126
19.5
126
19.5333
126
19.5667
126
19.6
127
19.6333
127
19.6667
127
19.7
127
19.7333
127
19.7667
127
19.8
127
19.8333
127
19.8667
127
19.9
127
19.9333
127
19.9667
127
20
127
20.0333
127
20.0667
128
20.1
128
20.1333
128
20.1667
129
20.2
129
20.2333
130
20.2667
130
20.3
130
20.3333
130
20.3667
130
20.4
130
20.4333
130
20.4667
130
20.5
130
20.5333
130
20.5667
130
20.6
130
20.6333
130
20.6667
130
20.7
130
20.7333
130
20.7667
131
20.8
132
20.8333
132
20.8667
132
20.9
132
20.9333
132
20.9667
132
21
132
21.0333
132
21.0667
133
21.1
133
21.1333
134
21.1667
134
21.2
134
21.2333
134
21.2667
134
21.3
134
21.3333
134
21.3667
134
21.4
134
21.4333
135
21.4667
135
21.5
135
21.5333
135
21.5667
135
21.6
135
21.6333
135
21.6667
135
21.7
135
21.7333
135
21.7667
135
21.8
135
21.8333
135
21.8667
135
21.9
135
21.9333
135
21.9667
135
22
135
22.0333
135
22.0667
135
22.1
136
22.1333
136
22.1667
136
22.2
136
22.2333
136
22.2667
136
22.3
138
22.3333
138
22.3667
138
22.4
138
22.4333
139
22.4667
139
22.5
139
22.5333
139
22.5667
139
22.6
139
22.6333
139
22.6667
139
22.7
139
22.7333
139
22.7667
139
22.8
139
22.8333
139
22.8667
139
22.9
139
22.9333
139
22.9667
140
23
140
23.0333
140
23.0667
140
23.1
140
23.1333
140
23.1667
140
23.2
140
23.2333
141
23.2667
141
23.3
141
23.3333
141
23.3667
141
23.4
141
23.4333
141
23.4667
141
23.5
141
23.5333
141
23.5667
141
23.6
141
23.6333
141
23.6667
141
23.7
141
23.7333
141
23.7667
141
23.8
141
23.8333
141
23.8667
141
23.9
142
23.9333
142
23.9667
142
24
142
24.0333
142
24.0667
142
24.1
142
24.1333
142
24.1667
142
24.2
142
24.2333
142
24.2667
143
24.3
143
24.3333
143
24.3667
143
24.4
143
24.4333
143
24.4667
143
24.5
143
24.5333
143
24.5667
143
24.6
143
24.6333
143
24.6667
144
24.7
144
24.7333
144
24.7667
144
24.8
144
24.8333
144
24.8667
144
24.9
144
24.9333
144
24.9667
144
25
144
25.0333
144
25.0667
144
25.1
144
25.1333
144
25.1667
144
25.2
144
25.2333
144
25.2667
144
25.3
144
25.3333
145
25.3667
145
25.4
145
25.4333
145
25.4667
145
25.5
145
25.5333
145
25.5667
145
25.6
145
25.6333
145
25.6667
145
25.7
145
25.7333
145
25.7667
145
25.8
145
25.8333
145
25.8667
145
25.9
145
25.9333
145
25.9667
145
26
145
26.0333
145
26.0667
145
26.1
145
26.1333
145
26.1667
145
26.2
145
26.2333
145
26.2667
145
26.3
145
26.3333
145
26.3667
146
26.4
146
26.4333
146
26.4667
146
26.5
146
26.5333
146
26.5667
146
26.6
146
26.6333
146
26.6667
146
26.7
146
26.7333
146
26.7667
147
26.8
147
26.8333
148
26.8667
148
26.9
148
26.9333
148
26.9667
148
27
148
27.0333
148
27.0667
148
27.1
148
27.1333
148
27.1667
148
27.2
148
27.2333
148
27.2667
148
27.3
148
27.3333
148
27.3667
148
27.4
148
27.4333
149
27.4667
149
27.5
149
27.5333
149
27.5667
149
27.6
149
27.6333
149
27.6667
149
27.7
149
27.7333
149
27.7667
150
27.8
150
27.8333
150
27.8667
150
27.9
150
27.9333
150
27.9667
150
28
150
28.0333
150
28.0667
150
28.1
150
28.1333
150
28.1667
150
28.2
150
28.2333
150
28.2667
150
28.3
150
28.3333
150
28.3667
151
28.4
151
28.4333
151
28.4667
151
28.5
151
28.5333
151
28.5667
151
28.6
151
28.6333
151
28.6667
151
28.7
151
28.7333
151
28.7667
151
28.8
151
28.8333
151
28.8667
151
28.9
151
28.9333
151
28.9667
151
29
151
29.0333
151
29.0667
151
29.1
151
29.1333
151
29.1667
151
29.2
151
29.2333
151
29.2667
151
29.3
151
29.3333
151
29.3667
151
29.4
151
29.4333
151
29.4667
151
29.5
151
29.5333
152
29.5667
152
29.6
152
29.6333
152
29.6667
152
29.7
152
29.7333
152
29.7667
152
29.8
152
29.8333
152
29.8667
152
29.9
152
29.9333
152
29.9667
152
30
152
30.0333
152
30.0667
152
30.1
152
30.1333
152
30.1667
152
30.2
152
30.2333
152
30.2667
152
30.3
152
30.3333
152
30.3667
152
30.4
152
30.4333
152
30.4667
152
30.5
152
30.5333
152
30.5667
152
30.6
152
30.6333
152
30.6667
152
30.7
152
30.7333
152
30.7667
152
30.8
152
30.8333
152
30.8667
152
30.9
152
30.9333
152
30.9667
152
31
152
31.0333
152
31.0667
152
31.1
152
31.1333
152
31.1667
152
31.2
152
31.2333
152
31.2667
152
31.3
152
31.3333
152
31.3667
152
31.4
152
31.4333
153
31.4667
153
31.5
153
31.5333
153
31.5667
153
31.6
153
31.6333
153
31.6667
153
31.7
153
31.7333
153
31.7667
153
31.8
153
31.8333
153
31.8667
153
31.9
153
31.9333
153
31.9667
153
32
153
32.0333
153
32.0667
153
32.1
153
32.1333
153
32.1667
153
32.2
153
32.2333
153
32.2667
153
32.3
153
32.3333
153
32.3667
153
32.4
153
32.4333
153
32.4667
153
32.5
153
32.5333
153
32.5667
153
32.6
153
32.6333
153
32.6667
153
32.7
153
32.7333
153
32.7667
153
32.8
153
32.8333
153
32.8667
153
32.9
153
32.9333
153
32.9667
153
33
153
33.0333
153
33.0667
153
33.1
153
33.1333
153
33.1667
153
33.2
153
33.2333
153
33.2667
153
33.3
153
33.3333
153
33.3667
153
33.4
153
33.4333
153
33.4667
153
33.5
153
33.5333
153
33.5667
153
33.6
153
33.6333
153
33.6667
153
33.7
153
33.7333
153
33.7667
153
33.8
153
33.8333
153
33.8667
153
33.9
153
33.9333
153
33.9667
153
34
153
34.0333
153
34.0667
153
34.1
153
34.1333
153
34.1667
153
34.2
153
34.2333
153
34.2667
153
34.3
153
34.3333
153
34.3667
153
34.4
153
34.4333
153
34.4667
153
34.5
153
34.5333
153
34.5667
153
34.6
153
34.6333
153
34.6667
153
34.7
153
34.7333
153
34.7667
153
34.8
153
34.8333
153
34.8667
153
34.9
153
34.9333
153
34.9667
153
35
153
35.0333
153
35.0667
153
35.1
153
35.1333
153
35.1667
153
35.2
153
35.2333
153
35.2667
153
35.3
153
35.3333
153
35.3667
153
35.4
153
35.4333
153
35.4667
153
35.5
153
35.5333
153
35.5667
153
35.6
153
35.6333
153
35.6667
153
35.7
153
35.7333
153
35.7667
153
35.8
153
35.8333
153
35.8667
153
35.9
153
35.9333
153
35.9667
153
36
153
36.0333
153
36.0667
153
36.1
153
36.1333
153
36.1667
153
36.2
153
36.2333
153
36.2667
153
36.3
153
36.3333
153
36.3667
153
36.4
153
36.4333
153
36.4667
153
36.5
153
36.5333
153
36.5667
153
36.6
153
36.6333
153
36.6667
153
36.7
153
36.7333
153
36.7667
153
36.8
153
36.8333
154
36.8667
154
36.9
154
36.9333
154
36.9667
154
37
154
37.0333
154
37.0667
154
37.1
154
37.1333
154
37.1667
154
37.2
154
37.2333
154
37.2667
154
37.3
154
37.3333
154
37.3667
154
37.4
154
37.4333
154
37.4667
154
37.5
154
37.5333
154
37.5667
154
37.6
154
37.6333
154
37.6667
154
37.7
154
37.7333
154
37.7667
154
37.8
154
37.8333
154
37.8667
154
37.9
154
37.9333
154
37.9667
154
38
154
38.0333
154
38.0667
154
38.1
154
38.1333
154
38.1667
154
38.2
154
38.2333
154
38.2667
154
38.3
154
38.3333
154
38.3667
154
38.4
154
38.4333
154
38.4667
154
38.5
154
38.5333
154
38.5667
154
38.6
154
38.6333
154
38.6667
154
38.7
154
38.7333
154
38.7667
154
38.8
154
38.8333
155
38.8667
155
38.9
155
38.9333
155
38.9667
155
39
155
39.0333
155
39.0667
155
39.1
155
39.1333
155
39.1667
155
39.2
155
39.2333
155
39.2667
155
39.3
155
39.3333
155
39.3667
155
39.4
155
39.4333
155
39.4667
155
39.5
155
39.5333
155
39.5667
155
39.6
156
39.6333
156
39.6667
156
39.7
156
39.7333
156
39.7667
156
39.8
156
39.8333
156
39.8667
156
39.9
156
39.9333
156
39.9667
156
40
156
40.0333
156
40.0667
156
40.1
156
40.1333
156
40.1667
156
40.2
156
40.2333
156
40.2667
156
40.3
156
40.3333
156
40.3667
156
40.4
156
40.4333
156
40.4667
156
40.5
156
40.5333
156
40.5667
156
40.6
156
40.6333
156
40.6667
156
40.7
156
40.7333
156
40.7667
156
40.8
156
40.8333
156
40.8667
156
40.9
156
40.9333
156
40.9667
156
41
156
41.0333
156
41.0667
156
41.1
156
41.1333
156
41.1667
156
41.2
156
41.2333
156
41.2667
156
41.3
156
41.3333
156
41.3667
156
41.4
156
41.4333
156
41.4667
156
41.5
156
41.5333
156
41.5667
156
41.6
156
41.6333
156
41.6667
156
41.7
156
41.7333
156
41.7667
156
41.8
156
41.8333
156
41.8667
156
41.9
156
41.9333
156
41.9667
156
42
156
42.0333
156
42.0667
156
42.1
156
42.1333
156
42.1667
156
42.2
156
42.2333
156
42.2667
156
42.3
156
42.3333
156
42.3667
156
42.4
156
42.4333
156
42.4667
156
42.5
156
42.5333
156
42.5667
156
42.6
156
42.6333
156
42.6667
156
42.7
156
42.7333
156
42.7667
156
42.8
156
42.8333
156
42.8667
156
42.9
156
42.9333
156
42.9667
156
43
156
43.0333
156
43.0667
156
43.1
156
43.1333
156
43.1667
156
43.2
156
43.2333
156
43.2667
156
43.3
156
43.3333
156
43.3667
156
43.4
156
43.4333
156
43.4667
156
43.5
156
43.5333
156
43.5667
156
43.6
156
43.6333
156
43.6667
156
43.7
156
43.7333
156
43.7667
156
43.8
156
43.8333
156
43.8667
156
43.9
156
43.9333
156
43.9667
156
44
156
44.0333
156
44.0667
156
44.1
156
44.1333
156
44.1667
156
44.2
156
44.2333
156
44.2667
156
44.3
156
44.3333
156
44.3667
156
44.4
156
44.4333
156
44.4667
156
44.5
156
44.5333
156
44.5667
156
44.6
156
44.6333
156
44.6667
156
44.7
156
44.7333
156
44.7667
156
44.8
156
44.8333
156
44.8667
156
44.9
156
44.9333
156
44.9667
156
45
156
45.0333
156
45.0667
156
45.1
156
45.1333
156
45.1667
156
45.2
156
45.2333
156
45.2667
156
45.3
156
45.3333
156
45.3667
156
45.4
156
45.4333
156
45.4667
156
45.5
156
45.5333
156
45.5667
156
45.6
156
45.6333
156
45.6667
156
45.7
156
45.7333
156
45.7667
156
45.8
156
45.8333
156
45.8667
156
45.9
156
45.9333
156
45.9667
156
46
156
46.0333
156
46.0667
156
46.1
156
46.1333
156
46.1667
156
46.2
156
46.2333
156
46.2667
156
46.3
156
46.3333
156
46.3667
156
46.4
156
46.4333
156
46.4667
156
46.5
156
46.5333
156
46.5667
156
46.6
156
46.6333
156
46.6667
156
46.7
156
46.7333
156
46.7667
156
46.8
156
46.8333
156
46.8667
156
46.9
156
46.9333
156
46.9667
156
47
156
47.0333
156
47.0667
156
47.1
156
47.1333
156
47.1667
156
47.2
156
47.2333
156
47.2667
156
47.3
156
47.3333
156
47.3667
156
47.4
156
47.4333
156
47.4667
156
47.5
156
47.5333
156
47.5667
156
47.6
156
47.6333
156
47.6667
156
47.7
156
47.7333
156
47.7667
156
47.8
156
47.8333
156
47.8667
156
47.9
156
47.9333
156
47.9667
156
48
156
48.0333
156
48.0667
156
48.1
156
48.1333
156
48.1667
156
48.2
156
48.2333
156
48.2667
156
48.3
156
48.3333
157
48.3667
157
48.4
157
48.4333
157
48.4667
157
48.5
157
48.5333
157
48.5667
157
48.6
157
48.6333
157
48.6667
158
48.7
158
48.7333
158
48.7667
158
48.8
158
48.8333
158
48.8667
158
48.9
158
48.9333
158
48.9667
158
49
158
49.0333
158
49.0667
158
49.1
158
49.1333
158
49.1667
158
49.2
158
49.2333
158
49.2667
158
49.3
158
49.3333
158
49.3667
158
49.4
158
49.4333
158
49.4667
158
49.5
158
49.5333
158
49.5667
158
49.6
158
49.6333
158
49.6667
158
49.7
158
49.7333
158
49.7667
158
49.8
158
49.8333
158
49.8667
158
49.9
158
49.9333
158
49.9667
158
50
158
50.0333
158
50.0667
158
50.1
158
50.1333
158
50.1667
158
50.2
158
50.2333
158
50.2667
158
50.3
158
50.3333
158
50.3667
158
50.4
158
50.4333
158
50.4667
158
50.5
158
50.5333
158
50.5667
158
50.6
158
50.6333
158
50.6667
158
50.7
158
50.7333
158
50.7667
158
50.8
158
50.8333
158
50.8667
158
50.9
158
50.9333
158
50.9667
158
51
158
51.0333
158
51.0667
158
51.1
158
51.1333
158
51.1667
158
51.2
158
51.2333
158
51.2667
158
51.3
158
51.3333
158
51.3667
158
51.4
158
51.4333
158
51.4667
158
51.5
158
51.5333
158
51.5667
158
51.6
158
51.6333
158
51.6667
158
51.7
158
51.7333
158
51.7667
158
51.8
159
51.8333
159
51.8667
159
51.9
159
51.9333
159
51.9667
159
52
159
52.0333
159
52.0667
159
52.1
159
52.1333
159
52.1667
159
52.2
159
52.2333
159
52.2667
159
52.3
159
52.3333
159
52.3667
159
52.4
159
52.4333
159
52.4667
159
52.5
159
52.5333
159
52.5667
159
52.6
159
52.6333
159
52.6667
159
52.7
159
52.7333
159
52.7667
159
52.8
159
52.8333
159
52.8667
159
52.9
159
52.9333
159
52.9667
159
53
159
53.0333
159
53.0667
159
53.1
159
53.1333
159
53.1667
159
53.2
159
53.2333
159
53.2667
159
53.3
159
53.3333
159
