0
1
0.0333333
1
0.0666667
1
0.1
1
0.133333
1
0.166667
1
0.2
1
0.233333
1
0.266667
1
0.3
1
0.333333
1
0.366667
1
0.4
1
0.433333
1
0.466667
1
0.5
1
0.533333
1
0.566667
1
0.6
1
0.633333
1
0.666667
1
0.7
1
0.733333
1
0.766667
1
0.8
1
0.833333
1
0.866667
1
0.9
1
0.933333
1
0.966667
1
1
1
1.03333
1
1.06667
1
1.1
1
1.13333
1
1.16667
1
1.2
1
1.23333
1
1.26667
1
1.3
1
1.33333
1
1.36667
1
1.4
1
1.43333
1
1.46667
1
1.5
1
1.53333
1
1.56667
1
1.6
1
1.63333
1
1.66667
1
1.7
1
1.73333
1
1.76667
1
1.8
1
1.83333
1
1.86667
1
1.9
1
1.93333
1
1.96667
1
2
1
2.03333
1
2.06667
1
2.1
1
2.13333
1
2.16667
1
2.2
1
2.23333
1
2.26667
1
2.3
1
2.33333
1
2.36667
1
2.4
1
2.43333
1
2.46667
1
2.5
1
2.53333
1
2.56667
1
2.6
1
2.63333
1
2.66667
1
2.7
1
2.73333
1
2.76667
1
2.8
1
2.83333
1
2.86667
1
2.9
1
2.93333
1
2.96667
1
3
1
3.03333
1
3.06667
1
3.1
1
3.13333
1
3.16667
1
3.2
1
3.23333
1
3.26667
1
3.3
1
3.33333
1
3.36667
1
3.4
1
3.43333
1
3.46667
1
3.5
1
3.53333
1
3.56667
1
3.6
1
3.63333
1
3.66667
1
3.7
1
3.73333
1
3.76667
1
3.8
1
3.83333
1
3.86667
1
3.9
1
3.93333
1
3.96667
1
4
1
4.03333
1
4.06667
1
4.1
1
4.13333
1
4.16667
1
4.2
1
4.23333
1
4.26667
1
4.3
1
4.33333
1
4.36667
1
4.4
1
4.43333
1
4.46667
1
4.5
1
4.53333
1
4.56667
1
4.6
1
4.63333
1
4.66667
1
4.7
1
4.73333
1
4.76667
1
4.8
1
4.83333
1
4.86667
1
4.9
1
4.93333
1
4.96667
1
5
1
5.03333
1
5.06667
1
5.1
1
5.13333
1
5.16667
1
5.2
1
5.23333
1
5.26667
2
5.3
3
5.33333
3
5.36667
3
5.4
4
5.43333
6
5.46667
7
5.5
8
5.53333
8
5.56667
9
5.6
11
5.63333
11
5.66667
12
5.7
13
5.73333
13
5.76667
13
5.8
13
5.83333
14
5.86667
16
5.9
17
5.93333
17
5.96667
19
6
21
6.03333
22
6.06667
22
6.1
22
6.13333
29
6.16667
32
6.2
32
6.23333
33
6.26667
36
6.3
39
6.33333
44
6.36667
46
6.4
48
6.43333
50
6.46667
52
6.5
52
6.53333
55
6.56667
58
6.6
64
6.63333
67
6.66667
68
6.7
70
6.73333
72
6.76667
72
6.8
74
6.83333
77
6.86667
81
6.9
82
6.93333
82
6.96667
83
7
83
7.03333
84
7.06667
85
7.1
88
7.13333
88
7.16667
90
7.2
92
7.23333
94
7.26667
95
7.3
98
7.33333
100
7.36667
101
7.4
102
7.43333
103
7.46667
104
7.5
105
7.53333
108
7.56667
109
7.6
110
7.63333
112
7.66667
113
7.7
115
7.73333
116
7.76667
117
7.8
117
7.83333
117
7.86667
117
7.9
118
7.93333
121
7.96667
121
8
122
8.03333
124
8.06667
126
8.1
126
8.13333
127
8.16667
127
8.2
129
8.23333
130
8.26667
132
8.3
133
8.33333
133
8.36667
133
8.4
134
8.43333
135
8.46667
136
8.5
137
8.53333
140
8.56667
140
8.6
140
8.63333
140
8.66667
140
8.7
141
8.73333
142
8.76667
143
8.8
145
8.83333
146
8.86667
147
8.9
147
8.93333
147
8.96667
147
9
148
9.03333
148
9.06667
150
9.1
154
9.13333
157
9.16667
157
9.2
159
9.23333
161
9.26667
163
9.3
163
9.33333
165
9.36667
166
9.4
169
9.43333
172
9.46667
173
9.5
175
9.53333
178
9.56667
180
9.6
181
9.63333
184
9.66667
185
9.7
187
9.73333
188
9.76667
192
9.8
195
9.83333
196
9.86667
198
9.9
199
9.93333
200
9.96667
203
10
205
10.0333
210
10.0667
211
10.1
212
10.1333
214
10.1667
215
10.2
218
10.2333
222
10.2667
223
10.3
225
10.3333
227
10.3667
227
10.4
227
10.4333
228
10.4667
228
10.5
229
10.5333
230
10.5667
231
10.6
234
10.6333
234
10.6667
235
10.7
236
10.7333
237
10.7667
238
10.8
238
10.8333
240
10.8667
241
10.9
243
10.9333
244
10.9667
246
11
247
11.0333
249
11.0667
249
11.1
249
11.1333
249
11.1667
254
11.2
254
11.2333
257
11.2667
260
11.3
260
11.3333
261
11.3667
263
11.4
264
11.4333
266
11.4667
271
11.5
271
11.5333
272
11.5667
272
11.6
275
11.6333
276
11.6667
278
11.7
280
11.7333
281
11.7667
282
11.8
285
11.8333
286
11.8667
287
11.9
289
11.9333
292
11.9667
292
12
295
12.0333
299
12.0667
299
12.1
299
12.1333
299
12.1667
301
12.2
302
12.2333
302
12.2667
305
12.3
307
12.3333
308
12.3667
310
12.4
310
12.4333
311
12.4667
311
12.5
313
12.5333
315
12.5667
315
12.6
316
12.6333
316
12.6667
317
12.7
317
12.7333
318
12.7667
318
12.8
321
12.8333
324
12.8667
325
12.9
325
12.9333
326
12.9667
327
13
327
13.0333
327
13.0667
329
13.1
330
13.1333
330
13.1667
331
13.2
331
13.2333
331
13.2667
332
13.3
332
13.3333
332
13.3667
332
13.4
333
13.4333
333
13.4667
333
13.5
333
13.5333
337
13.5667
338
13.6
338
13.6333
339
13.6667
339
13.7
341
13.7333
341
13.7667
342
13.8
342
13.8333
342
13.8667
344
13.9
344
13.9333
344
13.9667
345
14
346
14.0333
346
14.0667
346
14.1
347
14.1333
351
14.1667
351
14.2
354
14.2333
355
14.2667
355
14.3
355
14.3333
357
14.3667
358
14.4
360
14.4333
363
14.4667
366
14.5
367
14.5333
367
14.5667
368
14.6
370
14.6333
371
14.6667
373
14.7
373
14.7333
373
14.7667
373
14.8
374
14.8333
376
14.8667
377
14.9
378
14.9333
379
14.9667
380
15
380
15.0333
380
15.0667
381
15.1
383
15.1333
384
15.1667
385
15.2
386
15.2333
387
15.2667
389
15.3
389
15.3333
391
15.3667
391
15.4
391
15.4333
392
15.4667
393
15.5
394
15.5333
394
15.5667
394
15.6
394
15.6333
396
15.6667
398
15.7
400
15.7333
401
15.7667
402
15.8
403
15.8333
403
15.8667
403
15.9
403
15.9333
403
15.9667
404
16
404
16.0333
404
16.0667
404
16.1
404
16.1333
404
16.1667
404
16.2
406
16.2333
407
16.2667
409
16.3
410
16.3333
410
16.3667
410
16.4
411
16.4333
412
16.4667
413
16.5
416
16.5333
416
16.5667
416
16.6
416
16.6333
416
16.6667
417
16.7
418
16.7333
420
16.7667
420
16.8
420
16.8333
421
16.8667
421
16.9
424
16.9333
425
16.9667
425
17
426
17.0333
426
17.0667
428
17.1
429
17.1333
430
17.1667
431
17.2
433
17.2333
433
17.2667
433
17.3
434
17.3333
434
17.3667
436
17.4
436
17.4333
436
17.4667
436
17.5
436
17.5333
437
17.5667
437
17.6
437
17.6333
437
17.6667
438
17.7
438
17.7333
438
17.7667
438
17.8
440
17.8333
440
17.8667
440
17.9
441
17.9333
441
17.9667
441
18
444
18.0333
444
18.0667
444
18.1
444
18.1333
444
18.1667
444
18.2
446
18.2333
447
18.2667
448
18.3
448
18.3333
448
18.3667
448
18.4
449
18.4333
450
18.4667
450
18.5
451
18.5333
452
18.5667
452
18.6
452
18.6333
453
18.6667
453
18.7
454
18.7333
454
18.7667
454
18.8
454
18.8333
454
18.8667
454
18.9
455
18.9333
455
18.9667
456
19
456
19.0333
456
19.0667
456
19.1
456
19.1333
458
19.1667
458
19.2
458
19.2333
460
19.2667
460
19.3
460
19.3333
461
19.3667
463
19.4
465
19.4333
465
19.4667
466
19.5
468
19.5333
470
19.5667
470
19.6
470
19.6333
471
19.6667
471
19.7
472
19.7333
473
19.7667
474
19.8
475
19.8333
477
19.8667
480
19.9
482
19.9333
483
19.9667
485
20
486
20.0333
489
20.0667
489
20.1
491
20.1333
491
20.1667
492
20.2
493
20.2333
496
20.2667
497
20.3
498
20.3333
498
20.3667
498
20.4
498
20.4333
498
20.4667
498
20.5
500
20.5333
500
20.5667
501
20.6
502
20.6333
503
20.6667
503
20.7
503
20.7333
503
20.7667
504
20.8
505
20.8333
505
20.8667
505
20.9
505
20.9333
505
20.9667
505
21
505
21.0333
506
21.0667
507
21.1
508
21.1333
509
21.1667
509
21.2
510
21.2333
510
21.2667
510
21.3
510
21.3333
511
21.3667
511
21.4
511
21.4333
512
21.4667
514
21.5
515
21.5333
515
21.5667
515
21.6
516
21.6333
516
21.6667
516
21.7
516
21.7333
516
21.7667
516
21.8
517
21.8333
518
21.8667
519
21.9
519
21.9333
519
21.9667
519
22
521
22.0333
522
22.0667
522
22.1
522
22.1333
522
22.1667
522
22.2
522
22.2333
525
22.2667
525
22.3
525
22.3333
525
22.3667
526
22.4
526
22.4333
526
22.4667
527
22.5
527
22.5333
529
22.5667
529
22.6
530
22.6333
530
22.6667
532
22.7
532
22.7333
532
22.7667
532
22.8
532
22.8333
533
22.8667
534
22.9
534
22.9333
534
22.9667
534
23
534
23.0333
535
23.0667
536
23.1
536
23.1333
537
23.1667
537
23.2
538
23.2333
538
23.2667
538
23.3
539
23.3333
539
23.3667
539
23.4
540
23.4333
540
23.4667
540
23.5
540
23.5333
542
23.5667
542
23.6
543
23.6333
543
23.6667
543
23.7
543
23.7333
543
23.7667
543
23.8
543
23.8333
544
23.8667
544
23.9
545
23.9333
545
23.9667
545
24
545
24.0333
545
24.0667
548
24.1
548
24.1333
550
24.1667
550
24.2
550
24.2333
551
24.2667
551
24.3
551
24.3333
552
24.3667
553
24.4
554
24.4333
554
24.4667
555
24.5
555
24.5333
556
24.5667
557
24.6
558
24.6333
558
24.6667
558
24.7
558
24.7333
558
24.7667
559
24.8
559
24.8333
560
24.8667
560
24.9
560
24.9333
561
24.9667
561
25
561
25.0333
561
25.0667
561
25.1
561
25.1333
561
25.1667
561
25.2
561
25.2333
561
25.2667
561
25.3
561
25.3333
561
25.3667
561
25.4
561
25.4333
561
25.4667
561
25.5
561
25.5333
562
25.5667
563
25.6
563
25.6333
563
25.6667
563
25.7
563
25.7333
565
25.7667
565
25.8
565
25.8333
565
25.8667
565
25.9
566
25.9333
566
25.9667
566
26
566
26.0333
568
26.0667
568
26.1
568
26.1333
570
26.1667
571
26.2
572
26.2333
573
26.2667
573
26.3
573
26.3333
573
26.3667
573
26.4
573
26.4333
573
26.4667
574
26.5
574
26.5333
574
26.5667
574
26.6
574
26.6333
575
26.6667
575
26.7
575
26.7333
575
26.7667
575
26.8
575
26.8333
575
26.8667
575
26.9
575
26.9333
575
26.9667
575
27
575
27.0333
575
27.0667
575
27.1
575
27.1333
576
27.1667
577
27.2
577
27.2333
577
27.2667
577
27.3
577
27.3333
577
27.3667
579
27.4
579
27.4333
580
27.4667
581
27.5
582
27.5333
582
27.5667
582
27.6
582
27.6333
582
27.6667
582
27.7
582
27.7333
584
27.7667
584
27.8
584
27.8333
584
27.8667
585
27.9
585
27.9333
586
27.9667
587
28
587
28.0333
587
28.0667
587
28.1
588
28.1333
589
28.1667
589
28.2
589
28.2333
589
28.2667
589
28.3
589
28.3333
589
28.3667
589
28.4
589
28.4333
589
28.4667
589
28.5
589
28.5333
589
28.5667
590
28.6
590
28.6333
591
28.6667
591
28.7
592
28.7333
592
28.7667
592
28.8
592
28.8333
592
28.8667
593
28.9
594
28.9333
594
28.9667
594
29
594
29.0333
594
29.0667
594
29.1
595
29.1333
596
29.1667
596
29.2
596
29.2333
596
29.2667
596
29.3
596
29.3333
596
29.3667
596
29.4
597
29.4333
597
29.4667
597
29.5
597
29.5333
598
29.5667
598
29.6
598
29.6333
598
29.6667
600
29.7
600
29.7333
601
29.7667
601
29.8
601
29.8333
602
29.8667
602
29.9
603
29.9333
603
29.9667
605
30
605
30.0333
606
30.0667
608
30.1
608
30.1333
608
30.1667
608
30.2
608
30.2333
608
30.2667
608
30.3
608
30.3333
608
30.3667
608
30.4
608
30.4333
608
30.4667
609
30.5
609
30.5333
611
30.5667
611
30.6
613
30.6333
613
30.6667
614
30.7
615
30.7333
616
30.7667
618
30.8
619
30.8333
620
30.8667
620
30.9
621
30.9333
621
30.9667
622
31
622
31.0333
622
31.0667
623
31.1
623
31.1333
624
31.1667
625
31.2
625
31.2333
626
31.2667
627
31.3
627
31.3333
627
31.3667
629
31.4
629
31.4333
629
31.4667
631
31.5
631
31.5333
632
31.5667
632
31.6
632
31.6333
633
31.6667
633
31.7
633
31.7333
633
31.7667
633
31.8
634
31.8333
635
31.8667
636
31.9
637
31.9333
637
31.9667
638
32
639
32.0333
639
32.0667
639
32.1
640
32.1333
641
32.1667
641
32.2
641
32.2333
641
32.2667
642
32.3
642
32.3333
642
32.3667
642
32.4
642
32.4333
642
32.4667
642
32.5
643
32.5333
643
32.5667
643
32.6
643
32.6333
643
32.6667
643
32.7
643
32.7333
643
32.7667
643
32.8
644
32.8333
645
32.8667
647
32.9
647
32.9333
648
32.9667
648
33
648
33.0333
650
33.0667
650
33.1
651
33.1333
651
33.1667
652
33.2
652
33.2333
652
33.2667
652
33.3
653
33.3333
655
33.3667
655
33.4
655
33.4333
656
33.4667
656
33.5
656
33.5333
656
33.5667
656
33.6
656
33.6333
657
33.6667
657
33.7
657
33.7333
658
33.7667
658
33.8
658
33.8333
658
33.8667
658
33.9
658
33.9333
658
33.9667
658
34
658
34.0333
658
34.0667
658
34.1
658
34.1333
658
34.1667
658
34.2
658
34.2333
658
34.2667
658
34.3
658
34.3333
660
34.3667
660
34.4
660
34.4333
661
34.4667
661
34.5
661
34.5333
661
34.5667
661
34.6
661
34.6333
661
34.6667
661
34.7
661
34.7333
662
34.7667
662
34.8
662
34.8333
662
34.8667
662
34.9
662
34.9333
662
34.9667
662
35
662
35.0333
662
35.0667
662
35.1
664
35.1333
664
35.1667
664
35.2
664
35.2333
664
35.2667
664
35.3
664
35.3333
664
35.3667
664
35.4
664
35.4333
664
35.4667
665
35.5
665
35.5333
665
35.5667
665
35.6
665
35.6333
665
35.6667
665
35.7
665
35.7333
665
35.7667
665
35.8
666
35.8333
666
35.8667
666
35.9
666
35.9333
666
35.9667
666
36
666
36.0333
667
36.0667
667
36.1
667
36.1333
668
36.1667
668
36.2
668
36.2333
669
36.2667
669
36.3
670
36.3333
670
36.3667
670
36.4
670
36.4333
670
36.4667
670
36.5
671
36.5333
671
36.5667
671
36.6
671
36.6333
671
36.6667
671
36.7
672
36.7333
672
36.7667
672
36.8
672
36.8333
672
36.8667
672
36.9
672
36.9333
672
36.9667
672
37
672
37.0333
672
37.0667
672
37.1
672
37.1333
672
37.1667
672
37.2
672
37.2333
672
37.2667
672
37.3
672
37.3333
672
37.3667
672
37.4
672
37.4333
672
37.4667
672
37.5
672
37.5333
673
37.5667
673
37.6
674
37.6333
674
37.6667
674
37.7
676
37.7333
676
37.7667
676
37.8
676
37.8333
676
37.8667
677
37.9
678
37.9333
678
37.9667
679
38
679
38.0333
680
38.0667
680
38.1
683
38.1333
683
38.1667
683
38.2
684
38.2333
685
38.2667
685
38.3
685
38.3333
685
38.3667
685
38.4
685
38.4333
685
38.4667
685
38.5
685
38.5333
686
38.5667
686
38.6
686
38.6333
686
38.6667
686
38.7
686
38.7333
687
38.7667
687
38.8
687
38.8333
687
38.8667
687
38.9
688
38.9333
688
38.9667
688
39
688
39.0333
688
39.0667
688
39.1
690
39.1333
690
39.1667
690
39.2
690
39.2333
690
39.2667
690
39.3
690
39.3333
690
39.3667
690
39.4
690
39.4333
691
39.4667
691
39.5
692
39.5333
692
39.5667
692
39.6
692
39.6333
692
39.6667
692
39.7
692
39.7333
692
39.7667
692
39.8
693
39.8333
693
39.8667
694
39.9
695
39.9333
695
39.9667
695
40
696
40.0333
696
40.0667
696
40.1
696
40.1333
696
40.1667
696
40.2
696
40.2333
696
40.2667
696
40.3
697
40.3333
697
40.3667
697
40.4
698
40.4333
698
40.4667
698
40.5
699
40.5333
699
40.5667
699
40.6
700
40.6333
701
40.6667
701
40.7
701
40.7333
701
40.7667
701
40.8
701
40.8333
701
40.8667
701
40.9
701
40.9333
701
40.9667
701
41
702
41.0333
703
41.0667
703
41.1
703
41.1333
703
41.1667
703
41.2
703
41.2333
703
41.2667
703
41.3
703
41.3333
703
41.3667
703
41.4
703
41.4333
703
41.4667
704
41.5
704
41.5333
704
41.5667
704
41.6
704
41.6333
704
41.6667
704
41.7
705
41.7333
705
41.7667
705
41.8
705
41.8333
706
41.8667
706
41.9
706
41.9333
706
41.9667
706
42
706
42.0333
706
42.0667
707
42.1
708
42.1333
709
42.1667
709
42.2
709
42.2333
709
42.2667
709
42.3
709
42.3333
709
42.3667
709
42.4
709
42.4333
709
42.4667
709
42.5
709
42.5333
709
42.5667
710
42.6
710
42.6333
710
42.6667
710
42.7
711
42.7333
711
42.7667
711
42.8
712
42.8333
712
42.8667
714
42.9
715
42.9333
715
42.9667
717
43
717
43.0333
717
43.0667
717
43.1
717
43.1333
717
43.1667
718
43.2
718
43.2333
718
43.2667
718
43.3
718
43.3333
719
43.3667
719
43.4
719
43.4333
719
43.4667
719
43.5
719
43.5333
719
43.5667
719
43.6
719
43.6333
721
43.6667
721
43.7
721
43.7333
721
43.7667
721
43.8
722
43.8333
722
43.8667
722
43.9
722
43.9333
722
43.9667
723
44
724
44.0333
725
44.0667
725
44.1
725
44.1333
726
44.1667
727
44.2
727
44.2333
727
44.2667
728
44.3
729
44.3333
729
44.3667
730
44.4
730
44.4333
731
44.4667
732
44.5
732
44.5333
732
44.5667
734
44.6
734
44.6333
734
44.6667
735
44.7
735
44.7333
735
44.7667
735
44.8
735
44.8333
735
44.8667
735
44.9
735
44.9333
735
44.9667
735
45
735
45.0333
735
45.0667
735
45.1
735
45.1333
735
45.1667
735
45.2
735
45.2333
735
45.2667
735
45.3
737
45.3333
737
45.3667
737
45.4
737
45.4333
738
45.4667
738
45.5
738
45.5333
738
45.5667
738
45.6
738
45.6333
738
45.6667
738
45.7
738
45.7333
739
45.7667
739
45.8
739
45.8333
741
45.8667
741
45.9
742
45.9333
743
45.9667
744
46
744
46.0333
745
46.0667
745
46.1
746
46.1333
746
46.1667
746
46.2
747
46.2333
747
46.2667
748
46.3
748
46.3333
748
46.3667
750
46.4
751
46.4333
751
46.4667
751
46.5
752
46.5333
752
46.5667
752
46.6
753
46.6333
753
46.6667
753
46.7
753
46.7333
753
46.7667
753
46.8
753
46.8333
753
46.8667
753
46.9
754
46.9333
754
46.9667
755
47
757
47.0333
757
47.0667
758
47.1
758
47.1333
758
47.1667
758
47.2
758
47.2333
758
47.2667
758
47.3
759
47.3333
760
47.3667
760
47.4
760
47.4333
760
47.4667
760
47.5
761
47.5333
763
47.5667
764
47.6
764
47.6333
764
47.6667
764
47.7
764
47.7333
764
47.7667
765
47.8
765
47.8333
766
47.8667
767
47.9
767
47.9333
768
47.9667
768
48
768
48.0333
769
48.0667
769
48.1
771
48.1333
772
48.1667
772
48.2
773
48.2333
773
48.2667
774
48.3
774
48.3333
776
48.3667
777
48.4
777
48.4333
777
48.4667
778
48.5
778
48.5333
778
48.5667
778
48.6
778
48.6333
779
48.6667
779
48.7
782
48.7333
783
48.7667
783
48.8
783
48.8333
784
48.8667
784
48.9
784
48.9333
786
48.9667
788
49
788
49.0333
788
49.0667
788
49.1
788
49.1333
789
49.1667
789
49.2
791
49.2333
791
49.2667
791
49.3
791
49.3333
792
49.3667
793
49.4
794
49.4333
794
49.4667
794
49.5
795
49.5333
795
49.5667
796
49.6
796
49.6333
796
49.6667
796
49.7
796
49.7333
797
49.7667
797
49.8
797
49.8333
797
49.8667
797
49.9
797
49.9333
797
49.9667
797
50
797
50.0333
797
50.0667
797
50.1
798
50.1333
798
50.1667
798
50.2
798
50.2333
798
50.2667
798
50.3
798
50.3333
798
50.3667
798
50.4
798
50.4333
798
50.4667
799
50.5
799
50.5333
799
50.5667
799
50.6
799
50.6333
799
50.6667
799
50.7
799
50.7333
799
50.7667
799
50.8
799
50.8333
799
50.8667
800
50.9
800
50.9333
800
50.9667
800
51
800
51.0333
801
51.0667
801
51.1
801
51.1333
801
51.1667
802
51.2
803
51.2333
803
51.2667
803
51.3
803
51.3333
804
51.3667
804
51.4
804
51.4333
804
51.4667
804
51.5
804
51.5333
804
51.5667
804
51.6
804
51.6333
804
51.6667
805
51.7
805
51.7333
805
51.7667
805
51.8
805
51.8333
805
51.8667
805
51.9
806
51.9333
807
51.9667
808
52
808
52.0333
808
52.0667
808
52.1
808
52.1333
808
52.1667
808
52.2
808
52.2333
808
52.2667
808
52.3
808
52.3333
808
52.3667
808
52.4
808
52.4333
809
52.4667
809
52.5
809
52.5333
809
52.5667
809
52.6
809
52.6333
809
52.6667
809
52.7
809
52.7333
809
52.7667
809
52.8
810
52.8333
810
52.8667
811
52.9
811
52.9333
811
52.9667
811
53
811
53.0333
811
53.0667
811
53.1
811
53.1333
812
53.1667
812
53.2
812
53.2333
812
53.2667
812
53.3
812
53.3333
812
