0
1
0.0333333
1
0.0666667
1
0.1
1
0.133333
1
0.166667
1
0.2
1
0.233333
1
0.266667
1
0.3
1
0.333333
1
0.366667
1
0.4
1
0.433333
1
0.466667
1
0.5
1
0.533333
1
0.566667
1
0.6
1
0.633333
1
0.666667
1
0.7
1
0.733333
1
0.766667
1
0.8
1
0.833333
1
0.866667
1
0.9
1
0.933333
1
0.966667
1
1
1
1.03333
1
1.06667
1
1.1
1
1.13333
1
1.16667
1
1.2
1
1.23333
1
1.26667
1
1.3
1
1.33333
1
1.36667
1
1.4
1
1.43333
1
1.46667
1
1.5
1
1.53333
1
1.56667
1
1.6
1
1.63333
1
1.66667
1
1.7
1
1.73333
1
1.76667
1
1.8
1
1.83333
1
1.86667
1
1.9
1
1.93333
1
1.96667
1
2
1
2.03333
1
2.06667
1
2.1
1
2.13333
1
2.16667
1
2.2
1
2.23333
1
2.26667
1
2.3
1
2.33333
1
2.36667
1
2.4
1
2.43333
1
2.46667
1
2.5
1
2.53333
1
2.56667
1
2.6
1
2.63333
1
2.66667
1
2.7
1
2.73333
1
2.76667
1
2.8
1
2.83333
1
2.86667
1
2.9
1
2.93333
1
2.96667
1
3
1
3.03333
1
3.06667
1
3.1
1
3.13333
1
3.16667
1
3.2
1
3.23333
1
3.26667
1
3.3
1
3.33333
1
3.36667
1
3.4
1
3.43333
1
3.46667
1
3.5
1
3.53333
1
3.56667
1
3.6
1
3.63333
1
3.66667
1
3.7
1
3.73333
1
3.76667
1
3.8
1
3.83333
1
3.86667
1
3.9
1
3.93333
1
3.96667
1
4
1
4.03333
1
4.06667
1
4.1
1
4.13333
1
4.16667
1
4.2
1
4.23333
1
4.26667
1
4.3
1
4.33333
1
4.36667
1
4.4
1
4.43333
1
4.46667
1
4.5
1
4.53333
1
4.56667
1
4.6
1
4.63333
1
4.66667
1
4.7
1
4.73333
1
4.76667
1
4.8
1
4.83333
1
4.86667
1
4.9
1
4.93333
1
4.96667
1
5
1
5.03333
1
5.06667
1
5.1
1
5.13333
2
5.16667
3
5.2
3
5.23333
3
5.26667
4
5.3
5
5.33333
5
5.36667
5
5.4
7
5.43333
9
5.46667
9
5.5
9
5.53333
10
5.56667
10
5.6
11
5.63333
12
5.66667
13
5.7
16
5.73333
16
5.76667
16
5.8
18
5.83333
19
5.86667
20
5.9
21
5.93333
23
5.96667
24
6
25
6.03333
27
6.06667
29
6.1
30
6.13333
30
6.16667
31
6.2
36
6.23333
37
6.26667
41
6.3
43
6.33333
44
6.36667
46
6.4
46
6.43333
48
6.46667
50
6.5
50
6.53333
52
6.56667
54
6.6
54
6.63333
56
6.66667
56
6.7
58
6.73333
63
6.76667
65
6.8
65
6.83333
66
6.86667
66
6.9
67
6.93333
67
6.96667
68
7
70
7.03333
72
7.06667
74
7.1
75
7.13333
78
7.16667
81
7.2
81
7.23333
83
7.26667
84
7.3
85
7.33333
85
7.36667
87
7.4
89
7.43333
91
7.46667
95
7.5
98
7.53333
102
7.56667
104
7.6
108
7.63333
110
7.66667
113
7.7
116
7.73333
119
7.76667
120
7.8
122
7.83333
125
7.86667
127
7.9
127
7.93333
130
7.96667
131
8
131
8.03333
131
8.06667
135
8.1
137
8.13333
139
8.16667
140
8.2
142
8.23333
144
8.26667
145
8.3
148
8.33333
151
8.36667
152
8.4
152
8.43333
152
8.46667
154
8.5
155
8.53333
157
8.56667
159
8.6
161
8.63333
164
8.66667
166
8.7
168
8.73333
169
8.76667
171
8.8
176
8.83333
177
8.86667
177
8.9
181
8.93333
186
8.96667
187
9
191
9.03333
195
9.06667
197
9.1
200
9.13333
200
9.16667
203
9.2
204
9.23333
205
9.26667
206
9.3
209
9.33333
213
9.36667
216
9.4
216
9.43333
220
9.46667
221
9.5
222
9.53333
223
9.56667
226
9.6
229
9.63333
229
9.66667
231
9.7
234
9.73333
234
9.76667
235
9.8
238
9.83333
240
9.86667
243
9.9
246
9.93333
247
9.96667
247
10
247
10.0333
247
10.0667
250
10.1
251
10.1333
251
10.1667
253
10.2
254
10.2333
255
10.2667
257
10.3
257
10.3333
260
10.3667
262
10.4
262
10.4333
265
10.4667
266
10.5
268
10.5333
270
10.5667
271
10.6
272
10.6333
274
10.6667
274
10.7
277
10.7333
278
10.7667
278
10.8
279
10.8333
279
10.8667
282
10.9
284
10.9333
285
10.9667
288
11
288
11.0333
290
11.0667
291
11.1
292
11.1333
292
11.1667
294
11.2
294
11.2333
297
11.2667
297
11.3
299
11.3333
301
11.3667
303
11.4
303
11.4333
303
11.4667
305
11.5
307
11.5333
308
11.5667
310
11.6
310
11.6333
311
11.6667
311
11.7
312
11.7333
312
11.7667
312
11.8
312
11.8333
314
11.8667
315
11.9
315
11.9333
316
11.9667
318
12
318
12.0333
318
12.0667
319
12.1
319
12.1333
321
12.1667
322
12.2
323
12.2333
324
12.2667
325
12.3
326
12.3333
326
12.3667
327
12.4
329
12.4333
332
12.4667
333
12.5
335
12.5333
337
12.5667
339
12.6
340
12.6333
340
12.6667
341
12.7
342
12.7333
344
12.7667
345
12.8
347
12.8333
347
12.8667
347
12.9
348
12.9333
349
12.9667
351
13
353
13.0333
355
13.0667
357
13.1
357
13.1333
357
13.1667
360
13.2
361
13.2333
361
13.2667
361
13.3
363
13.3333
364
13.3667
366
13.4
366
13.4333
368
13.4667
369
13.5
370
13.5333
372
13.5667
372
13.6
372
13.6333
372
13.6667
374
13.7
376
13.7333
376
13.7667
378
13.8
379
13.8333
379
13.8667
382
13.9
382
13.9333
384
13.9667
386
14
387
14.0333
390
14.0667
390
14.1
390
14.1333
393
14.1667
396
14.2
397
14.2333
399
14.2667
400
14.3
402
14.3333
404
14.3667
404
14.4
405
14.4333
407
14.4667
411
14.5
413
14.5333
413
14.5667
415
14.6
418
14.6333
419
14.6667
421
14.7
422
14.7333
424
14.7667
426
14.8
428
14.8333
429
14.8667
431
14.9
432
14.9333
435
14.9667
436
15
437
15.0333
437
15.0667
438
15.1
440
15.1333
441
15.1667
442
15.2
446
15.2333
450
15.2667
450
15.3
452
15.3333
455
15.3667
461
15.4
462
15.4333
468
15.4667
470
15.5
471
15.5333
473
15.5667
477
15.6
479
15.6333
481
15.6667
482
15.7
482
15.7333
485
15.7667
486
15.8
488
15.8333
491
15.8667
491
15.9
491
15.9333
494
15.9667
501
16
503
16.0333
507
16.0667
509
16.1
510
16.1333
512
16.1667
515
16.2
521
16.2333
522
16.2667
523
16.3
524
16.3333
525
16.3667
526
16.4
526
16.4333
527
16.4667
531
16.5
534
16.5333
536
16.5667
541
16.6
542
16.6333
543
16.6667
545
16.7
545
16.7333
546
16.7667
548
16.8
549
16.8333
550
16.8667
550
16.9
552
16.9333
553
16.9667
554
17
557
17.0333
560
17.0667
566
17.1
568
17.1333
569
17.1667
571
17.2
571
17.2333
574
17.2667
575
17.3
577
17.3333
579
17.3667
580
17.4
580
17.4333
582
17.4667
585
17.5
586
17.5333
588
17.5667
588
17.6
590
17.6333
591
17.6667
592
17.7
594
17.7333
594
17.7667
594
17.8
594
17.8333
594
17.8667
595
17.9
597
17.9333
597
17.9667
597
18
597
18.0333
598
18.0667
599
18.1
600
18.1333
600
18.1667
600
18.2
601
18.2333
602
18.2667
602
18.3
605
18.3333
605
18.3667
605
18.4
606
18.4333
607
18.4667
609
18.5
610
18.5333
610
18.5667
610
18.6
610
18.6333
611
18.6667
612
18.7
613
18.7333
613
18.7667
615
18.8
615
18.8333
616
18.8667
616
18.9
616
18.9333
618
18.9667
618
19
619
19.0333
619
19.0667
619
19.1
620
19.1333
621
19.1667
623
19.2
623
19.2333
624
19.2667
626
19.3
626
19.3333
626
19.3667
627
19.4
630
19.4333
632
19.4667
632
19.5
632
19.5333
632
19.5667
632
19.6
634
19.6333
635
19.6667
636
19.7
637
19.7333
637
19.7667
637
19.8
638
19.8333
638
19.8667
639
19.9
639
19.9333
639
19.9667
640
20
640
20.0333
640
20.0667
640
20.1
641
20.1333
641
20.1667
641
20.2
643
20.2333
643
20.2667
643
20.3
644
20.3333
644
20.3667
644
20.4
644
20.4333
645
20.4667
645
20.5
647
20.5333
647
20.5667
647
20.6
647
20.6333
648
20.6667
648
20.7
648
20.7333
651
20.7667
651
20.8
651
20.8333
652
20.8667
653
20.9
653
20.9333
653
20.9667
653
21
653
21.0333
655
21.0667
656
21.1
659
21.1333
659
21.1667
659
21.2
660
21.2333
661
21.2667
661
21.3
664
21.3333
664
21.3667
665
21.4
666
21.4333
666
21.4667
667
21.5
668
21.5333
670
21.5667
671
21.6
671
21.6333
673
21.6667
674
21.7
674
21.7333
675
21.7667
676
21.8
677
21.8333
678
21.8667
679
21.9
679
21.9333
679
21.9667
680
22
680
22.0333
680
22.0667
680
22.1
680
22.1333
682
22.1667
682
22.2
684
22.2333
684
22.2667
684
22.3
684
22.3333
684
22.3667
686
22.4
686
22.4333
686
22.4667
686
22.5
686
22.5333
688
22.5667
688
22.6
691
22.6333
692
22.6667
692
22.7
693
22.7333
693
22.7667
693
22.8
695
22.8333
695
22.8667
695
22.9
696
22.9333
697
22.9667
698
23
699
23.0333
700
23.0667
703
23.1
705
23.1333
707
23.1667
707
23.2
709
23.2333
709
23.2667
710
23.3
710
23.3333
710
23.3667
710
23.4
710
23.4333
711
23.4667
711
23.5
712
23.5333
712
23.5667
713
23.6
714
23.6333
714
23.6667
714
23.7
716
23.7333
717
23.7667
717
23.8
717
23.8333
717
23.8667
717
23.9
717
23.9333
718
23.9667
718
24
718
24.0333
719
24.0667
719
24.1
721
24.1333
722
24.1667
722
24.2
724
24.2333
725
24.2667
725
24.3
725
24.3333
728
24.3667
728
24.4
728
24.4333
728
24.4667
728
24.5
729
24.5333
730
24.5667
730
24.6
731
24.6333
732
24.6667
732
24.7
733
24.7333
733
24.7667
734
24.8
734
24.8333
734
24.8667
734
24.9
734
24.9333
735
24.9667
736
25
736
25.0333
736
25.0667
737
25.1
737
25.1333
738
25.1667
738
25.2
739
25.2333
740
25.2667
740
25.3
741
25.3333
741
25.3667
741
25.4
742
25.4333
742
25.4667
742
25.5
742
25.5333
743
25.5667
745
25.6
745
25.6333
746
25.6667
746
25.7
747
25.7333
747
25.7667
748
25.8
749
25.8333
750
25.8667
752
25.9
752
25.9333
752
25.9667
752
26
753
26.0333
754
26.0667
754
26.1
755
26.1333
755
26.1667
755
26.2
755
26.2333
755
26.2667
756
26.3
756
26.3333
756
26.3667
756
26.4
757
26.4333
757
26.4667
757
26.5
757
26.5333
757
26.5667
757
26.6
757
26.6333
757
26.6667
758
26.7
759
26.7333
760
26.7667
760
26.8
761
26.8333
761
26.8667
762
26.9
763
26.9333
764
26.9667
765
27
765
27.0333
765
27.0667
766
27.1
766
27.1333
766
27.1667
766
27.2
766
27.2333
766
27.2667
766
27.3
767
27.3333
767
27.3667
767
27.4
767
27.4333
767
27.4667
767
27.5
768
27.5333
768
27.5667
769
27.6
769
27.6333
770
27.6667
770
27.7
770
27.7333
770
27.7667
771
27.8
772
27.8333
773
27.8667
773
27.9
773
27.9333
773
27.9667
773
28
773
28.0333
773
28.0667
773
28.1
774
28.1333
775
28.1667
775
28.2
776
28.2333
777
28.2667
777
28.3
777
28.3333
777
28.3667
777
28.4
777
28.4333
777
28.4667
778
28.5
779
28.5333
779
28.5667
780
28.6
780
28.6333
780
28.6667
782
28.7
782
28.7333
782
28.7667
782
28.8
782
28.8333
783
28.8667
783
28.9
783
28.9333
783
28.9667
783
29
783
29.0333
784
29.0667
785
29.1
786
29.1333
786
29.1667
786
29.2
786
29.2333
788
29.2667
789
29.3
791
29.3333
791
29.3667
791
29.4
791
29.4333
792
29.4667
793
29.5
793
29.5333
793
29.5667
793
29.6
793
29.6333
794
29.6667
794
29.7
794
29.7333
795
29.7667
795
29.8
796
29.8333
798
29.8667
799
29.9
799
29.9333
799
29.9667
800
30
802
30.0333
803
30.0667
803
30.1
803
30.1333
804
30.1667
804
30.2
806
30.2333
806
30.2667
808
30.3
808
30.3333
808
30.3667
808
30.4
808
30.4333
808
30.4667
808
30.5
808
30.5333
808
30.5667
809
30.6
810
30.6333
810
30.6667
810
30.7
810
30.7333
810
30.7667
810
30.8
810
30.8333
810
30.8667
812
30.9
812
30.9333
812
30.9667
812
31
812
31.0333
812
31.0667
812
31.1
812
31.1333
812
31.1667
812
31.2
812
31.2333
812
31.2667
813
31.3
814
31.3333
815
31.3667
816
31.4
816
31.4333
816
31.4667
816
31.5
816
31.5333
816
31.5667
818
31.6
819
31.6333
819
31.6667
819
31.7
819
31.7333
820
31.7667
820
31.8
820
31.8333
820
31.8667
820
31.9
821
31.9333
822
31.9667
823
32
823
32.0333
823
32.0667
823
32.1
823
32.1333
823
32.1667
823
32.2
824
32.2333
824
32.2667
824
32.3
826
32.3333
826
32.3667
826
32.4
826
32.4333
827
32.4667
827
32.5
827
32.5333
827
32.5667
828
32.6
828
32.6333
828
32.6667
828
32.7
828
32.7333
829
32.7667
829
32.8
829
32.8333
829
32.8667
829
32.9
829
32.9333
829
32.9667
829
33
830
33.0333
830
33.0667
830
33.1
830
33.1333
830
33.1667
830
33.2
830
33.2333
831
33.2667
832
33.3
832
33.3333
833
33.3667
833
33.4
834
33.4333
834
33.4667
834
33.5
834
33.5333
835
33.5667
836
33.6
838
33.6333
838
33.6667
838
33.7
838
33.7333
838
33.7667
838
33.8
838
33.8333
838
33.8667
838
33.9
838
33.9333
838
33.9667
838
34
838
34.0333
839
34.0667
839
34.1
840
34.1333
840
34.1667
840
34.2
840
34.2333
840
34.2667
840
34.3
841
34.3333
842
34.3667
842
34.4
842
34.4333
842
34.4667
842
34.5
842
34.5333
843
34.5667
843
34.6
843
34.6333
843
34.6667
843
34.7
843
34.7333
843
34.7667
844
34.8
844
34.8333
844
34.8667
844
34.9
845
34.9333
845
34.9667
845
35
846
35.0333
846
35.0667
846
35.1
846
35.1333
847
35.1667
847
35.2
847
35.2333
847
35.2667
848
35.3
848
35.3333
848
35.3667
848
35.4
848
35.4333
848
35.4667
849
35.5
851
35.5333
853
35.5667
854
35.6
854
35.6333
854
35.6667
854
35.7
854
35.7333
855
35.7667
855
35.8
856
35.8333
856
35.8667
856
35.9
856
35.9333
856
35.9667
856
36
857
36.0333
857
36.0667
859
36.1
859
36.1333
860
36.1667
860
36.2
860
36.2333
860
36.2667
861
36.3
861
36.3333
861
36.3667
861
36.4
861
36.4333
861
36.4667
861
36.5
861
36.5333
861
36.5667
861
36.6
862
36.6333
862
36.6667
863
36.7
864
36.7333
864
36.7667
864
36.8
864
36.8333
864
36.8667
865
36.9
865
36.9333
865
36.9667
866
37
866
37.0333
866
37.0667
866
37.1
866
37.1333
866
37.1667
866
37.2
867
37.2333
867
37.2667
868
37.3
868
37.3333
868
37.3667
869
37.4
869
37.4333
869
37.4667
869
37.5
869
37.5333
869
37.5667
871
37.6
872
37.6333
872
37.6667
872
37.7
872
37.7333
872
37.7667
872
37.8
873
37.8333
874
37.8667
876
37.9
876
37.9333
877
37.9667
877
38
877
38.0333
877
38.0667
877
38.1
877
38.1333
877
38.1667
877
38.2
877
38.2333
878
38.2667
878
38.3
878
38.3333
878
38.3667
878
38.4
879
38.4333
879
38.4667
879
38.5
879
38.5333
879
38.5667
879
38.6
879
38.6333
880
38.6667
880
38.7
881
38.7333
881
38.7667
881
38.8
881
38.8333
881
38.8667
881
38.9
881
38.9333
881
38.9667
881
39
881
39.0333
881
39.0667
882
39.1
882
39.1333
882
39.1667
882
39.2
883
39.2333
885
39.2667
885
39.3
885
39.3333
885
39.3667
885
39.4
885
39.4333
885
39.4667
885
39.5
885
39.5333
885
39.5667
885
39.6
885
39.6333
885
39.6667
885
39.7
885
39.7333
885
39.7667
886
39.8
886
39.8333
888
39.8667
888
39.9
888
39.9333
889
39.9667
889
40
889
40.0333
889
40.0667
889
40.1
889
40.1333
889
40.1667
889
40.2
889
40.2333
889
40.2667
889
40.3
889
40.3333
889
40.3667
889
40.4
889
40.4333
889
40.4667
889
40.5
894
40.5333
894
40.5667
894
40.6
894
40.6333
894
40.6667
894
40.7
894
40.7333
895
40.7667
895
40.8
895
40.8333
895
40.8667
895
40.9
895
40.9333
895
40.9667
896
41
897
41.0333
897
41.0667
897
41.1
898
41.1333
900
41.1667
901
41.2
901
41.2333
902
41.2667
902
41.3
902
41.3333
902
41.3667
903
41.4
903
41.4333
904
41.4667
904
41.5
904
41.5333
904
41.5667
904
41.6
904
41.6333
904
41.6667
904
41.7
905
41.7333
905
41.7667
906
41.8
906
41.8333
906
41.8667
907
41.9
907
41.9333
907
41.9667
907
42
907
42.0333
907
42.0667
907
42.1
907
42.1333
907
42.1667
907
42.2
907
42.2333
907
42.2667
908
42.3
909
42.3333
909
42.3667
909
42.4
909
42.4333
910
42.4667
910
42.5
911
42.5333
911
42.5667
911
42.6
911
42.6333
911
42.6667
911
42.7
911
42.7333
911
42.7667
911
42.8
911
42.8333
912
42.8667
913
42.9
913
42.9333
913
42.9667
913
43
913
43.0333
913
43.0667
913
43.1
913
43.1333
913
43.1667
913
43.2
913
43.2333
914
43.2667
915
43.3
916
43.3333
916
43.3667
916
43.4
917
43.4333
917
43.4667
917
43.5
917
43.5333
918
43.5667
918
43.6
918
43.6333
918
43.6667
918
43.7
918
43.7333
918
43.7667
918
43.8
918
43.8333
918
43.8667
918
43.9
919
43.9333
920
43.9667
920
44
920
44.0333
920
44.0667
920
44.1
920
44.1333
920
44.1667
920
44.2
920
44.2333
920
44.2667
921
44.3
921
44.3333
921
44.3667
921
44.4
921
44.4333
921
44.4667
921
44.5
922
44.5333
923
44.5667
923
44.6
923
44.6333
923
44.6667
923
44.7
923
44.7333
923
44.7667
924
44.8
924
44.8333
924
44.8667
925
44.9
925
44.9333
925
44.9667
926
45
926
45.0333
926
45.0667
926
45.1
927
45.1333
927
45.1667
927
45.2
927
45.2333
927
45.2667
928
45.3
929
45.3333
929
45.3667
929
45.4
929
45.4333
929
45.4667
929
45.5
930
45.5333
930
45.5667
932
45.6
932
45.6333
932
45.6667
932
45.7
932
45.7333
932
45.7667
932
45.8
932
45.8333
932
45.8667
932
45.9
933
45.9333
934
45.9667
934
46
934
46.0333
934
46.0667
935
46.1
935
46.1333
935
46.1667
935
46.2
935
46.2333
936
46.2667
936
46.3
936
46.3333
936
46.3667
938
46.4
938
46.4333
938
46.4667
940
46.5
940
46.5333
941
46.5667
941
46.6
941
46.6333
941
46.6667
941
46.7
941
46.7333
941
46.7667
942
46.8
942
46.8333
942
46.8667
942
46.9
942
46.9333
943
46.9667
943
47
943
47.0333
943
47.0667
946
47.1
946
47.1333
947
47.1667
947
47.2
947
47.2333
947
47.2667
948
47.3
948
47.3333
948
47.3667
949
47.4
949
47.4333
949
47.4667
949
47.5
949
47.5333
949
47.5667
949
47.6
949
47.6333
949
47.6667
949
47.7
950
47.7333
950
47.7667
950
47.8
951
47.8333
951
47.8667
951
47.9
952
47.9333
952
47.9667
953
48
953
48.0333
953
48.0667
953
48.1
954
48.1333
954
48.1667
955
48.2
955
48.2333
955
48.2667
955
48.3
955
48.3333
955
48.3667
956
48.4
956
48.4333
956
48.4667
956
48.5
958
48.5333
958
48.5667
958
48.6
958
48.6333
958
48.6667
958
48.7
958
48.7333
960
48.7667
960
48.8
961
48.8333
962
48.8667
963
48.9
963
48.9333
963
48.9667
963
49
963
49.0333
964
49.0667
964
49.1
964
49.1333
965
49.1667
965
49.2
966
49.2333
966
49.2667
966
49.3
967
49.3333
967
49.3667
967
49.4
967
49.4333
967
49.4667
967
49.5
967
49.5333
967
49.5667
967
49.6
967
49.6333
967
49.6667
967
49.7
967
49.7333
968
49.7667
968
49.8
968
49.8333
969
49.8667
969
49.9
971
49.9333
971
49.9667
971
50
971
50.0333
971
50.0667
971
50.1
971
50.1333
971
50.1667
971
50.2
971
50.2333
971
50.2667
971
50.3
972
50.3333
972
50.3667
972
50.4
972
50.4333
972
50.4667
972
50.5
974
50.5333
974
50.5667
974
50.6
974
50.6333
974
50.6667
974
50.7
974
50.7333
974
50.7667
974
50.8
974
50.8333
975
50.8667
976
50.9
977
50.9333
977
50.9667
978
51
978
51.0333
978
51.0667
978
51.1
978
51.1333
978
51.1667
979
51.2
979
51.2333
979
51.2667
980
51.3
980
51.3333
980
51.3667
980
51.4
980
51.4333
980
51.4667
980
51.5
981
51.5333
983
51.5667
984
51.6
984
51.6333
984
51.6667
985
51.7
985
51.7333
985
51.7667
985
51.8
985
51.8333
985
51.8667
985
51.9
985
51.9333
985
51.9667
986
52
986
52.0333
986
52.0667
987
52.1
987
52.1333
987
52.1667
987
52.2
987
52.2333
987
52.2667
987
52.3
987
52.3333
987
52.3667
987
52.4
988
52.4333
988
52.4667
989
52.5
989
52.5333
989
52.5667
989
52.6
989
52.6333
989
52.6667
989
52.7
989
52.7333
990
52.7667
990
52.8
990
52.8333
990
52.8667
990
52.9
991
52.9333
991
52.9667
991
53
992
53.0333
992
53.0667
992
53.1
992
53.1333
992
53.1667
992
53.2
992
53.2333
992
53.2667
992
53.3
993
53.3333
993
