0
1
0.0333333
1
0.0666667
1
0.1
1
0.133333
1
0.166667
1
0.2
1
0.233333
1
0.266667
1
0.3
1
0.333333
1
0.366667
1
0.4
1
0.433333
1
0.466667
1
0.5
1
0.533333
1
0.566667
1
0.6
1
0.633333
1
0.666667
1
0.7
1
0.733333
1
0.766667
1
0.8
1
0.833333
1
0.866667
1
0.9
1
0.933333
1
0.966667
1
1
1
1.03333
1
1.06667
1
1.1
1
1.13333
1
1.16667
1
1.2
1
1.23333
1
1.26667
1
1.3
1
1.33333
1
1.36667
1
1.4
1
1.43333
1
1.46667
1
1.5
1
1.53333
1
1.56667
1
1.6
1
1.63333
1
1.66667
1
1.7
1
1.73333
1
1.76667
1
1.8
1
1.83333
1
1.86667
1
1.9
1
1.93333
1
1.96667
1
2
1
2.03333
1
2.06667
1
2.1
1
2.13333
1
2.16667
1
2.2
1
2.23333
1
2.26667
1
2.3
1
2.33333
1
2.36667
1
2.4
1
2.43333
1
2.46667
1
2.5
1
2.53333
1
2.56667
1
2.6
1
2.63333
1
2.66667
1
2.7
1
2.73333
1
2.76667
1
2.8
1
2.83333
1
2.86667
1
2.9
1
2.93333
1
2.96667
1
3
1
3.03333
1
3.06667
1
3.1
1
3.13333
1
3.16667
1
3.2
1
3.23333
1
3.26667
1
3.3
1
3.33333
1
3.36667
1
3.4
1
3.43333
1
3.46667
1
3.5
1
3.53333
1
3.56667
1
3.6
1
3.63333
1
3.66667
1
3.7
1
3.73333
1
3.76667
1
3.8
1
3.83333
1
3.86667
1
3.9
1
3.93333
1
3.96667
1
4
1
4.03333
1
4.06667
1
4.1
1
4.13333
1
4.16667
1
4.2
1
4.23333
1
4.26667
1
4.3
1
4.33333
1
4.36667
1
4.4
1
4.43333
1
4.46667
1
4.5
1
4.53333
1
4.56667
1
4.6
1
4.63333
1
4.66667
1
4.7
1
4.73333
1
4.76667
1
4.8
1
4.83333
1
4.86667
1
4.9
1
4.93333
1
4.96667
1
5
1
5.03333
1
5.06667
1
5.1
1
5.13333
1
5.16667
1
5.2
1
5.23333
1
5.26667
1
5.3
1
5.33333
1
5.36667
1
5.4
1
5.43333
1
5.46667
1
5.5
1
5.53333
1
5.56667
1
5.6
1
5.63333
1
5.66667
1
5.7
2
5.73333
3
5.76667
3
5.8
3
5.83333
3
5.86667
3
5.9
3
5.93333
3
5.96667
3
6
3
6.03333
3
6.06667
3
6.1
3
6.13333
3
6.16667
3
6.2
3
6.23333
3
6.26667
3
6.3
3
6.33333
3
6.36667
3
6.4
4
6.43333
5
6.46667
5
6.5
6
6.53333
6
6.56667
7
6.6
7
6.63333
7
6.66667
7
6.7
7
6.73333
7
6.76667
7
6.8
7
6.83333
7
6.86667
7
6.9
7
6.93333
7
6.96667
7
7
7
7.03333
8
7.06667
8
7.1
10
7.13333
10
7.16667
10
7.2
10
7.23333
10
7.26667
11
7.3
11
7.33333
11
7.36667
11
7.4
11
7.43333
11
7.46667
11
7.5
12
7.53333
13
7.56667
13
7.6
13
7.63333
13
7.66667
13
7.7
13
7.73333
13
7.76667
13
7.8
13
7.83333
13
7.86667
14
7.9
14
7.93333
14
7.96667
14
8
14
8.03333
14
8.06667
14
8.1
15
8.13333
15
8.16667
15
8.2
15
8.23333
15
8.26667
15
8.3
15
8.33333
15
8.36667
15
8.4
15
8.43333
15
8.46667
15
8.5
15
8.53333
15
8.56667
15
8.6
15
8.63333
16
8.66667
16
8.7
16
8.73333
16
8.76667
16
8.8
16
8.83333
16
8.86667
16
8.9
16
8.93333
16
8.96667
16
9
16
9.03333
16
9.06667
16
9.1
16
9.13333
16
9.16667
16
9.2
16
9.23333
16
9.26667
16
9.3
16
9.33333
16
9.36667
16
9.4
16
9.43333
16
9.46667
16
9.5
16
9.53333
16
9.56667
16
9.6
16
9.63333
16
9.66667
16
9.7
16
9.73333
16
9.76667
16
9.8
16
9.83333
16
9.86667
16
9.9
16
9.93333
16
9.96667
16
10
16
10.0333
16
10.0667
16
10.1
17
10.1333
17
10.1667
17
10.2
17
10.2333
17
10.2667
17
10.3
17
10.3333
17
10.3667
17
10.4
17
10.4333
17
10.4667
17
10.5
17
10.5333
17
10.5667
17
10.6
17
10.6333
17
10.6667
17
10.7
17
10.7333
18
10.7667
20
10.8
21
10.8333
21
10.8667
21
10.9
21
10.9333
22
10.9667
22
11
22
11.0333
23
11.0667
23
11.1
24
11.1333
25
11.1667
25
11.2
25
11.2333
25
11.2667
25
11.3
25
11.3333
26
11.3667
26
11.4
27
11.4333
28
11.4667
30
11.5
30
11.5333
30
11.5667
30
11.6
31
11.6333
32
11.6667
33
11.7
33
11.7333
33
11.7667
33
11.8
33
11.8333
34
11.8667
34
11.9
34
11.9333
34
11.9667
34
12
34
12.0333
36
12.0667
36
12.1
36
12.1333
36
12.1667
36
12.2
36
12.2333
36
12.2667
36
12.3
36
12.3333
36
12.3667
36
12.4
36
12.4333
36
12.4667
36
12.5
36
12.5333
36
12.5667
37
12.6
38
12.6333
38
12.6667
38
12.7
38
12.7333
38
12.7667
38
12.8
38
12.8333
38
12.8667
38
12.9
38
12.9333
38
12.9667
38
13
38
13.0333
38
13.0667
38
13.1
38
13.1333
38
13.1667
38
13.2
38
13.2333
38
13.2667
39
13.3
39
13.3333
39
13.3667
39
13.4
39
13.4333
39
13.4667
39
13.5
39
13.5333
39
13.5667
39
13.6
39
13.6333
39
13.6667
39
13.7
39
13.7333
39
13.7667
40
13.8
40
13.8333
40
13.8667
40
13.9
40
13.9333
40
13.9667
40
14
41
14.0333
41
14.0667
41
14.1
41
14.1333
41
14.1667
41
14.2
41
14.2333
41
14.2667
42
14.3
42
14.3333
42
14.3667
42
14.4
42
14.4333
42
14.4667
42
14.5
42
14.5333
42
14.5667
43
14.6
43
14.6333
43
14.6667
43
14.7
43
14.7333
43
14.7667
43
14.8
43
14.8333
43
14.8667
43
14.9
43
14.9333
43
14.9667
43
15
43
15.0333
43
15.0667
43
15.1
43
15.1333
43
15.1667
43
15.2
43
15.2333
43
15.2667
43
15.3
43
15.3333
43
15.3667
43
15.4
43
15.4333
43
15.4667
43
15.5
43
15.5333
43
15.5667
43
15.6
43
15.6333
43
15.6667
43
15.7
43
15.7333
43
15.7667
43
15.8
43
15.8333
43
15.8667
43
15.9
43
15.9333
43
15.9667
44
16
44
16.0333
44
16.0667
44
16.1
44
16.1333
44
16.1667
44
16.2
44
16.2333
44
16.2667
44
16.3
44
16.3333
44
16.3667
44
16.4
44
16.4333
44
16.4667
44
16.5
44
16.5333
44
16.5667
44
16.6
44
16.6333
44
16.6667
44
16.7
44
16.7333
44
16.7667
44
16.8
44
16.8333
44
16.8667
44
16.9
44
16.9333
44
16.9667
44
17
44
17.0333
44
17.0667
44
17.1
44
17.1333
44
17.1667
44
17.2
44
17.2333
44
17.2667
44
17.3
44
17.3333
44
17.3667
44
17.4
44
17.4333
44
17.4667
44
17.5
44
17.5333
44
17.5667
44
17.6
44
17.6333
44
17.6667
44
17.7
44
17.7333
44
17.7667
44
17.8
44
17.8333
44
17.8667
44
17.9
44
17.9333
44
17.9667
44
18
44
18.0333
44
18.0667
44
18.1
44
18.1333
44
18.1667
44
18.2
44
18.2333
44
18.2667
44
18.3
44
18.3333
44
18.3667
44
18.4
44
18.4333
44
18.4667
44
18.5
44
18.5333
44
18.5667
44
18.6
44
18.6333
44
18.6667
44
18.7
44
18.7333
44
18.7667
44
18.8
44
18.8333
44
18.8667
44
18.9
44
18.9333
44
18.9667
44
19
44
19.0333
44
19.0667
45
19.1
45
19.1333
45
19.1667
45
19.2
45
19.2333
45
19.2667
45
19.3
46
19.3333
46
19.3667
46
19.4
46
19.4333
46
19.4667
46
19.5
47
19.5333
47
19.5667
48
19.6
48
19.6333
48
19.6667
49
19.7
49
19.7333
49
19.7667
49
19.8
49
19.8333
49
19.8667
49
19.9
49
19.9333
49
19.9667
49
20
49
20.0333
49
20.0667
49
20.1
49
20.1333
49
20.1667
49
20.2
50
20.2333
50
20.2667
50
20.3
51
20.3333
51
20.3667
51
20.4
51
20.4333
51
20.4667
51
20.5
51
20.5333
51
20.5667
51
20.6
51
20.6333
51
20.6667
51
20.7
51
20.7333
51
20.7667
51
20.8
51
20.8333
51
20.8667
51
20.9
51
20.9333
51
20.9667
51
21
51
21.0333
51
21.0667
51
21.1
51
21.1333
51
21.1667
51
21.2
51
21.2333
51
21.2667
51
21.3
51
21.3333
51
21.3667
51
21.4
51
21.4333
51
21.4667
51
21.5
51
21.5333
51
21.5667
51
21.6
51
21.6333
51
21.6667
51
21.7
51
21.7333
51
21.7667
51
21.8
51
21.8333
51
21.8667
51
21.9
51
21.9333
51
21.9667
51
22
51
22.0333
51
22.0667
51
22.1
51
22.1333
51
22.1667
51
22.2
51
22.2333
51
22.2667
51
22.3
51
22.3333
51
22.3667
51
22.4
51
22.4333
51
22.4667
51
22.5
51
22.5333
51
22.5667
51
22.6
51
22.6333
51
22.6667
51
22.7
51
22.7333
51
22.7667
51
22.8
51
22.8333
51
22.8667
51
22.9
51
22.9333
51
22.9667
51
23
51
23.0333
51
23.0667
51
23.1
51
23.1333
51
23.1667
51
23.2
51
23.2333
51
23.2667
51
23.3
51
23.3333
51
23.3667
51
23.4
51
23.4333
51
23.4667
51
23.5
51
23.5333
51
23.5667
51
23.6
51
23.6333
51
23.6667
51
23.7
51
23.7333
51
23.7667
51
23.8
51
23.8333
51
23.8667
51
23.9
51
23.9333
51
23.9667
51
24
51
24.0333
51
24.0667
51
24.1
51
24.1333
51
24.1667
51
24.2
51
24.2333
51
24.2667
51
24.3
51
24.3333
51
24.3667
51
24.4
51
24.4333
51
24.4667
51
24.5
51
24.5333
51
24.5667
51
24.6
51
24.6333
51
24.6667
51
24.7
51
24.7333
51
24.7667
51
24.8
51
24.8333
51
24.8667
51
24.9
51
24.9333
51
24.9667
51
25
51
25.0333
51
25.0667
51
25.1
51
25.1333
51
25.1667
51
25.2
51
25.2333
51
25.2667
51
25.3
51
25.3333
51
25.3667
51
25.4
51
25.4333
51
25.4667
51
25.5
51
25.5333
51
25.5667
51
25.6
51
25.6333
51
25.6667
51
25.7
51
25.7333
51
25.7667
51
25.8
51
25.8333
51
25.8667
51
25.9
51
25.9333
51
25.9667
51
26
51
26.0333
51
26.0667
51
26.1
51
26.1333
51
26.1667
51
26.2
51
26.2333
51
26.2667
51
26.3
52
26.3333
52
26.3667
52
26.4
52
26.4333
52
26.4667
52
26.5
52
26.5333
52
26.5667
52
26.6
52
26.6333
52
26.6667
52
26.7
52
26.7333
52
26.7667
52
26.8
52
26.8333
52
26.8667
52
26.9
52
26.9333
52
26.9667
52
27
52
27.0333
52
27.0667
52
27.1
52
27.1333
52
27.1667
52
27.2
52
27.2333
52
27.2667
52
27.3
52
27.3333
52
27.3667
52
27.4
52
27.4333
52
27.4667
52
27.5
52
27.5333
52
27.5667
52
27.6
52
27.6333
52
27.6667
52
27.7
52
27.7333
52
27.7667
52
27.8
52
27.8333
52
27.8667
52
27.9
52
27.9333
52
27.9667
52
28
52
28.0333
52
28.0667
52
28.1
52
28.1333
52
28.1667
52
28.2
52
28.2333
52
28.2667
52
28.3
52
28.3333
52
28.3667
52
28.4
52
28.4333
52
28.4667
52
28.5
52
28.5333
52
28.5667
52
28.6
52
28.6333
52
28.6667
52
28.7
52
28.7333
52
28.7667
52
28.8
52
28.8333
52
28.8667
52
28.9
52
28.9333
52
28.9667
52
29
52
29.0333
52
29.0667
52
29.1
52
29.1333
52
29.1667
52
29.2
52
29.2333
52
29.2667
52
29.3
52
29.3333
52
29.3667
52
29.4
52
29.4333
52
29.4667
52
29.5
52
29.5333
52
29.5667
52
29.6
52
29.6333
52
29.6667
52
29.7
52
29.7333
52
29.7667
52
29.8
52
29.8333
52
29.8667
52
29.9
52
29.9333
52
29.9667
52
30
52
30.0333
52
30.0667
52
30.1
52
30.1333
52
30.1667
52
30.2
52
30.2333
52
30.2667
52
30.3
52
30.3333
52
30.3667
52
30.4
52
30.4333
52
30.4667
52
30.5
52
30.5333
52
30.5667
52
30.6
52
30.6333
52
30.6667
52
30.7
52
30.7333
52
30.7667
52
30.8
52
30.8333
52
30.8667
52
30.9
52
30.9333
52
30.9667
52
31
52
31.0333
52
31.0667
52
31.1
52
31.1333
52
31.1667
52
31.2
52
31.2333
52
31.2667
52
31.3
52
31.3333
52
31.3667
52
31.4
52
31.4333
52
31.4667
52
31.5
52
31.5333
52
31.5667
52
31.6
52
31.6333
52
31.6667
52
31.7
52
31.7333
52
31.7667
52
31.8
52
31.8333
52
31.8667
52
31.9
52
31.9333
52
31.9667
52
32
52
32.0333
52
32.0667
52
32.1
52
32.1333
52
32.1667
52
32.2
52
32.2333
52
32.2667
52
32.3
52
32.3333
52
32.3667
52
32.4
52
32.4333
52
32.4667
52
32.5
52
32.5333
52
32.5667
52
32.6
52
32.6333
52
32.6667
52
32.7
52
32.7333
52
32.7667
52
32.8
52
32.8333
52
32.8667
52
32.9
52
32.9333
52
32.9667
52
33
52
33.0333
52
33.0667
52
33.1
52
33.1333
52
33.1667
52
33.2
52
33.2333
52
33.2667
52
33.3
52
33.3333
53
33.3667
53
33.4
53
33.4333
53
33.4667
53
33.5
53
33.5333
53
33.5667
53
33.6
53
33.6333
53
33.6667
53
33.7
53
33.7333
53
33.7667
53
33.8
53
33.8333
53
33.8667
53
33.9
53
33.9333
53
33.9667
53
34
53
34.0333
53
34.0667
53
34.1
53
34.1333
53
34.1667
53
34.2
53
34.2333
53
34.2667
53
34.3
53
34.3333
53
34.3667
53
34.4
53
34.4333
53
34.4667
53
34.5
53
34.5333
53
34.5667
53
34.6
53
34.6333
53
34.6667
53
34.7
53
34.7333
53
34.7667
53
34.8
53
34.8333
53
34.8667
53
34.9
53
34.9333
53
34.9667
53
35
53
35.0333
53
35.0667
53
35.1
53
35.1333
53
35.1667
53
35.2
53
35.2333
53
35.2667
53
35.3
53
35.3333
53
35.3667
53
35.4
53
35.4333
53
35.4667
53
35.5
53
35.5333
53
35.5667
53
35.6
53
35.6333
53
35.6667
53
35.7
53
35.7333
53
35.7667
53
35.8
53
35.8333
53
35.8667
53
35.9
53
35.9333
53
35.9667
53
36
53
36.0333
53
36.0667
53
36.1
53
36.1333
53
36.1667
53
36.2
53
36.2333
53
36.2667
53
36.3
53
36.3333
53
36.3667
53
36.4
53
36.4333
53
36.4667
53
36.5
53
36.5333
53
36.5667
53
36.6
53
36.6333
53
36.6667
53
36.7
53
36.7333
53
36.7667
53
36.8
53
36.8333
53
36.8667
53
36.9
53
36.9333
53
36.9667
53
37
53
37.0333
53
37.0667
53
37.1
53
37.1333
53
37.1667
53
37.2
53
37.2333
53
37.2667
53
37.3
53
37.3333
53
37.3667
53
37.4
53
37.4333
53
37.4667
53
37.5
53
37.5333
53
37.5667
53
37.6
53
37.6333
53
37.6667
53
37.7
53
37.7333
53
37.7667
53
37.8
53
37.8333
53
37.8667
53
37.9
53
37.9333
53
37.9667
53
38
53
38.0333
53
38.0667
53
38.1
53
38.1333
53
38.1667
53
38.2
53
38.2333
53
38.2667
53
38.3
53
38.3333
53
38.3667
53
38.4
53
38.4333
53
38.4667
53
38.5
53
38.5333
53
38.5667
53
38.6
53
38.6333
53
38.6667
53
38.7
53
38.7333
53
38.7667
53
38.8
53
38.8333
53
38.8667
53
38.9
53
38.9333
53
38.9667
53
39
53
39.0333
53
39.0667
53
39.1
53
39.1333
53
39.1667
53
39.2
53
39.2333
53
39.2667
53
39.3
53
39.3333
53
39.3667
53
39.4
53
39.4333
53
39.4667
53
39.5
53
39.5333
53
39.5667
53
39.6
53
39.6333
53
39.6667
53
39.7
53
39.7333
53
39.7667
53
39.8
53
39.8333
53
39.8667
53
39.9
53
39.9333
53
39.9667
53
40
53
40.0333
53
40.0667
53
40.1
53
40.1333
53
40.1667
53
40.2
53
40.2333
53
40.2667
53
40.3
53
40.3333
53
40.3667
53
40.4
53
40.4333
53
40.4667
53
40.5
53
40.5333
53
40.5667
53
40.6
53
40.6333
53
40.6667
53
40.7
53
40.7333
53
40.7667
53
40.8
53
40.8333
53
40.8667
53
40.9
53
40.9333
53
40.9667
53
41
53
41.0333
53
41.0667
53
41.1
53
41.1333
53
41.1667
53
41.2
53
41.2333
53
41.2667
53
41.3
53
41.3333
53
41.3667
53
41.4
53
41.4333
53
41.4667
53
41.5
53
41.5333
53
41.5667
53
41.6
53
41.6333
53
41.6667
53
41.7
53
41.7333
53
41.7667
53
41.8
53
41.8333
53
41.8667
53
41.9
53
41.9333
53
41.9667
53
42
53
42.0333
53
42.0667
53
42.1
53
42.1333
53
42.1667
53
42.2
53
42.2333
53
42.2667
53
42.3
53
42.3333
53
42.3667
53
42.4
53
42.4333
53
42.4667
53
42.5
53
42.5333
53
42.5667
53
42.6
53
42.6333
53
42.6667
53
42.7
53
42.7333
53
42.7667
53
42.8
53
42.8333
53
42.8667
53
42.9
53
42.9333
53
42.9667
53
43
53
43.0333
53
43.0667
53
43.1
53
43.1333
53
43.1667
53
43.2
53
43.2333
53
43.2667
53
43.3
53
43.3333
53
43.3667
53
43.4
53
43.4333
53
43.4667
53
43.5
53
43.5333
53
43.5667
53
43.6
53
43.6333
53
43.6667
53
43.7
53
43.7333
53
43.7667
53
43.8
53
43.8333
53
43.8667
53
43.9
53
43.9333
53
43.9667
53
44
53
44.0333
53
44.0667
53
44.1
53
44.1333
53
44.1667
53
44.2
53
44.2333
53
44.2667
53
44.3
53
44.3333
53
44.3667
53
44.4
53
44.4333
53
44.4667
53
44.5
53
44.5333
53
44.5667
53
44.6
53
44.6333
53
44.6667
53
44.7
53
44.7333
53
44.7667
53
44.8
53
44.8333
53
44.8667
53
44.9
53
44.9333
53
44.9667
53
45
53
45.0333
53
45.0667
53
45.1
53
45.1333
53
45.1667
53
45.2
53
45.2333
53
45.2667
53
45.3
53
45.3333
53
45.3667
53
45.4
53
45.4333
53
45.4667
53
45.5
53
45.5333
53
45.5667
53
45.6
53
45.6333
53
45.6667
53
45.7
53
45.7333
53
45.7667
53
45.8
53
45.8333
53
45.8667
53
45.9
53
45.9333
53
45.9667
53
46
53
46.0333
53
46.0667
53
46.1
53
46.1333
53
46.1667
53
46.2
53
46.2333
53
46.2667
53
46.3
53
46.3333
53
46.3667
53
46.4
53
46.4333
53
46.4667
53
46.5
53
46.5333
53
46.5667
53
46.6
53
46.6333
53
46.6667
53
46.7
53
46.7333
53
46.7667
53
46.8
53
46.8333
53
46.8667
53
46.9
53
46.9333
53
46.9667
53
47
53
47.0333
53
47.0667
53
47.1
53
47.1333
53
47.1667
53
47.2
53
47.2333
53
47.2667
53
47.3
53
47.3333
53
47.3667
53
47.4
53
47.4333
53
47.4667
53
47.5
53
47.5333
53
47.5667
53
47.6
53
47.6333
53
47.6667
53
47.7
53
47.7333
53
47.7667
53
47.8
53
47.8333
53
47.8667
53
47.9
53
47.9333
53
47.9667
53
48
53
48.0333
53
48.0667
53
48.1
53
48.1333
53
48.1667
53
48.2
53
48.2333
53
48.2667
53
48.3
53
48.3333
53
48.3667
53
48.4
53
48.4333
53
48.4667
53
48.5
53
48.5333
53
48.5667
53
48.6
53
48.6333
53
48.6667
53
48.7
53
48.7333
53
48.7667
53
48.8
53
48.8333
53
48.8667
53
48.9
53
48.9333
53
48.9667
53
49
53
49.0333
53
49.0667
53
49.1
53
49.1333
53
49.1667
53
49.2
53
49.2333
53
49.2667
53
49.3
53
49.3333
53
49.3667
53
49.4
53
49.4333
53
49.4667
53
49.5
53
49.5333
53
49.5667
53
49.6
53
49.6333
53
49.6667
53
49.7
53
49.7333
53
49.7667
53
49.8
53
49.8333
53
49.8667
53
49.9
53
49.9333
53
49.9667
53
50
53
50.0333
53
50.0667
53
50.1
53
50.1333
53
50.1667
53
50.2
53
50.2333
53
50.2667
53
50.3
53
50.3333
53
50.3667
53
50.4
53
50.4333
53
50.4667
53
50.5
53
50.5333
53
50.5667
53
50.6
53
50.6333
53
50.6667
53
50.7
53
50.7333
53
50.7667
53
50.8
53
50.8333
53
50.8667
53
50.9
53
50.9333
53
50.9667
53
51
53
51.0333
53
51.0667
53
51.1
53
51.1333
53
51.1667
53
51.2
53
51.2333
53
51.2667
53
51.3
53
51.3333
53
51.3667
53
51.4
53
51.4333
53
51.4667
53
51.5
53
51.5333
53
51.5667
53
51.6
53
51.6333
53
51.6667
53
51.7
53
51.7333
53
51.7667
53
51.8
53
51.8333
53
51.8667
53
51.9
53
51.9333
53
51.9667
53
52
53
52.0333
53
52.0667
53
52.1
53
52.1333
53
52.1667
53
52.2
53
52.2333
53
52.2667
53
52.3
53
52.3333
53
52.3667
53
52.4
53
52.4333
53
52.4667
53
52.5
53
52.5333
53
52.5667
53
52.6
53
52.6333
53
52.6667
53
52.7
53
52.7333
53
52.7667
53
52.8
53
52.8333
53
52.8667
53
52.9
53
52.9333
53
52.9667
53
53
53
53.0333
53
53.0667
53
53.1
53
53.1333
53
53.1667
53
53.2
53
53.2333
53
53.2667
53
53.3
53
53.3333
53
