0
1
0.0333333
1
0.0666667
1
0.1
1
0.133333
1
0.166667
1
0.2
1
0.233333
1
0.266667
1
0.3
1
0.333333
1
0.366667
1
0.4
1
0.433333
1
0.466667
1
0.5
1
0.533333
1
0.566667
1
0.6
1
0.633333
1
0.666667
1
0.7
1
0.733333
1
0.766667
1
0.8
1
0.833333
1
0.866667
1
0.9
1
0.933333
1
0.966667
1
1
1
1.03333
1
1.06667
1
1.1
1
1.13333
1
1.16667
1
1.2
1
1.23333
1
1.26667
1
1.3
1
1.33333
1
1.36667
1
1.4
1
1.43333
1
1.46667
1
1.5
1
1.53333
1
1.56667
1
1.6
1
1.63333
1
1.66667
1
1.7
1
1.73333
1
1.76667
1
1.8
1
1.83333
1
1.86667
1
1.9
1
1.93333
1
1.96667
1
2
1
2.03333
1
2.06667
1
2.1
1
2.13333
1
2.16667
1
2.2
1
2.23333
1
2.26667
1
2.3
1
2.33333
1
2.36667
1
2.4
1
2.43333
1
2.46667
1
2.5
1
2.53333
1
2.56667
1
2.6
1
2.63333
1
2.66667
1
2.7
1
2.73333
1
2.76667
1
2.8
1
2.83333
1
2.86667
1
2.9
1
2.93333
1
2.96667
1
3
1
3.03333
1
3.06667
1
3.1
1
3.13333
1
3.16667
1
3.2
1
3.23333
1
3.26667
1
3.3
1
3.33333
1
3.36667
1
3.4
1
3.43333
1
3.46667
1
3.5
1
3.53333
1
3.56667
1
3.6
1
3.63333
1
3.66667
1
3.7
1
3.73333
1
3.76667
1
3.8
1
3.83333
1
3.86667
1
3.9
1
3.93333
1
3.96667
1
4
1
4.03333
1
4.06667
1
4.1
1
4.13333
1
4.16667
1
4.2
1
4.23333
1
4.26667
1
4.3
1
4.33333
1
4.36667
1
4.4
1
4.43333
1
4.46667
1
4.5
1
4.53333
1
4.56667
1
4.6
1
4.63333
1
4.66667
1
4.7
1
4.73333
1
4.76667
1
4.8
1
4.83333
1
4.86667
1
4.9
1
4.93333
1
4.96667
1
5
1
5.03333
1
5.06667
1
5.1
1
5.13333
1
5.16667
1
5.2
1
5.23333
1
5.26667
1
5.3
1
5.33333
1
5.36667
1
5.4
1
5.43333
1
5.46667
1
5.5
1
5.53333
1
5.56667
1
5.6
1
5.63333
1
5.66667
1
5.7
1
5.73333
1
5.76667
1
5.8
1
5.83333
1
5.86667
1
5.9
1
5.93333
1
5.96667
1
6
1
6.03333
1
6.06667
2
6.1
2
6.13333
2
6.16667
2
6.2
2
6.23333
2
6.26667
3
6.3
3
6.33333
3
6.36667
3
6.4
4
6.43333
4
6.46667
4
6.5
4
6.53333
4
6.56667
4
6.6
4
6.63333
4
6.66667
4
6.7
5
6.73333
5
6.76667
5
6.8
5
6.83333
5
6.86667
6
6.9
7
6.93333
7
6.96667
7
7
7
7.03333
7
7.06667
8
7.1
8
7.13333
9
7.16667
9
7.2
9
7.23333
9
7.26667
9
7.3
9
7.33333
10
7.36667
10
7.4
10
7.43333
10
7.46667
10
7.5
10
7.53333
10
7.56667
10
7.6
10
7.63333
10
7.66667
10
7.7
11
7.73333
11
7.76667
11
7.8
11
7.83333
11
7.86667
11
7.9
11
7.93333
13
7.96667
13
8
13
8.03333
13
8.06667
13
8.1
13
8.13333
14
8.16667
14
8.2
14
8.23333
14
8.26667
15
8.3
15
8.33333
15
8.36667
15
8.4
15
8.43333
18
8.46667
18
8.5
18
8.53333
19
8.56667
19
8.6
19
8.63333
20
8.66667
20
8.7
20
8.73333
20
8.76667
20
8.8
20
8.83333
20
8.86667
20
8.9
20
8.93333
20
8.96667
20
9
20
9.03333
20
9.06667
20
9.1
20
9.13333
20
9.16667
20
9.2
20
9.23333
20
9.26667
20
9.3
20
9.33333
20
9.36667
20
9.4
20
9.43333
20
9.46667
21
9.5
21
9.53333
21
9.56667
21
9.6
21
9.63333
21
9.66667
21
9.7
21
9.73333
21
9.76667
21
9.8
21
9.83333
21
9.86667
21
9.9
21
9.93333
21
9.96667
21
10
21
10.0333
21
10.0667
21
10.1
22
10.1333
22
10.1667
22
10.2
22
10.2333
22
10.2667
22
10.3
22
10.3333
22
10.3667
22
10.4
22
10.4333
22
10.4667
22
10.5
22
10.5333
22
10.5667
22
10.6
22
10.6333
22
10.6667
22
10.7
22
10.7333
22
10.7667
22
10.8
22
10.8333
22
10.8667
22
10.9
22
10.9333
23
10.9667
23
11
23
11.0333
23
11.0667
23
11.1
23
11.1333
23
11.1667
23
11.2
23
11.2333
26
11.2667
26
11.3
27
11.3333
28
11.3667
28
11.4
28
11.4333
30
11.4667
31
11.5
34
11.5333
34
11.5667
35
11.6
36
11.6333
36
11.6667
37
11.7
37
11.7333
39
11.7667
40
11.8
41
11.8333
41
11.8667
41
11.9
41
11.9333
42
11.9667
42
12
44
12.0333
44
12.0667
44
12.1
44
12.1333
44
12.1667
45
12.2
45
12.2333
45
12.2667
45
12.3
45
12.3333
45
12.3667
45
12.4
45
12.4333
46
12.4667
46
12.5
46
12.5333
46
12.5667
47
12.6
47
12.6333
47
12.6667
47
12.7
47
12.7333
47
12.7667
47
12.8
47
12.8333
47
12.8667
47
12.9
47
12.9333
47
12.9667
47
13
47
13.0333
47
13.0667
47
13.1
47
13.1333
47
13.1667
48
13.2
49
13.2333
49
13.2667
49
13.3
49
13.3333
49
13.3667
49
13.4
49
13.4333
49
13.4667
49
13.5
49
13.5333
49
13.5667
49
13.6
49
13.6333
49
13.6667
49
13.7
49
13.7333
49
13.7667
49
13.8
50
13.8333
50
13.8667
50
13.9
50
13.9333
50
13.9667
50
14
50
14.0333
50
14.0667
50
14.1
50
14.1333
50
14.1667
50
14.2
50
14.2333
50
14.2667
50
14.3
50
14.3333
50
14.3667
50
14.4
50
14.4333
50
14.4667
50
14.5
50
14.5333
50
14.5667
50
14.6
50
14.6333
50
14.6667
50
14.7
50
14.7333
50
14.7667
50
14.8
50
14.8333
50
14.8667
50
14.9
51
14.9333
51
14.9667
51
15
51
15.0333
51
15.0667
51
15.1
51
15.1333
51
15.1667
51
15.2
51
15.2333
51
15.2667
51
15.3
51
15.3333
51
15.3667
51
15.4
51
15.4333
51
15.4667
51
15.5
51
15.5333
51
15.5667
51
15.6
51
15.6333
51
15.6667
51
15.7
51
15.7333
51
15.7667
51
15.8
51
15.8333
51
15.8667
51
15.9
51
15.9333
51
15.9667
51
16
51
16.0333
51
16.0667
51
16.1
51
16.1333
51
16.1667
51
16.2
51
16.2333
51
16.2667
51
16.3
51
16.3333
51
16.3667
51
16.4
51
16.4333
51
16.4667
51
16.5
51
16.5333
51
16.5667
51
16.6
51
16.6333
51
16.6667
51
16.7
51
16.7333
51
16.7667
51
16.8
51
16.8333
51
16.8667
51
16.9
51
16.9333
51
16.9667
51
17
51
17.0333
51
17.0667
51
17.1
51
17.1333
51
17.1667
51
17.2
51
17.2333
51
17.2667
51
17.3
51
17.3333
51
17.3667
51
17.4
51
17.4333
51
17.4667
51
17.5
51
17.5333
51
17.5667
51
17.6
51
17.6333
51
17.6667
51
17.7
51
17.7333
51
17.7667
51
17.8
51
17.8333
51
17.8667
51
17.9
51
17.9333
51
17.9667
51
18
51
18.0333
51
18.0667
51
18.1
51
18.1333
51
18.1667
51
18.2
51
18.2333
51
18.2667
51
18.3
51
18.3333
51
18.3667
51
18.4
51
18.4333
51
18.4667
51
18.5
51
18.5333
51
18.5667
51
18.6
51
18.6333
51
18.6667
51
18.7
51
18.7333
51
18.7667
51
18.8
51
18.8333
51
18.8667
51
18.9
51
18.9333
51
18.9667
51
19
51
19.0333
51
19.0667
51
19.1
51
19.1333
51
19.1667
51
19.2
51
19.2333
51
19.2667
51
19.3
51
19.3333
51
19.3667
51
19.4
51
19.4333
51
19.4667
51
19.5
51
19.5333
51
19.5667
51
19.6
51
19.6333
51
19.6667
51
19.7
51
19.7333
51
19.7667
51
19.8
51
19.8333
51
19.8667
51
19.9
51
19.9333
51
19.9667
51
20
51
20.0333
51
20.0667
51
20.1
51
20.1333
51
20.1667
51
20.2
51
20.2333
51
20.2667
51
20.3
51
20.3333
51
20.3667
51
20.4
51
20.4333
51
20.4667
51
20.5
51
20.5333
51
20.5667
51
20.6
51
20.6333
51
20.6667
51
20.7
51
20.7333
51
20.7667
51
20.8
51
20.8333
51
20.8667
51
20.9
51
20.9333
51
20.9667
51
21
51
21.0333
51
21.0667
51
21.1
51
21.1333
51
21.1667
51
21.2
51
21.2333
51
21.2667
51
21.3
51
21.3333
51
21.3667
51
21.4
51
21.4333
51
21.4667
51
21.5
51
21.5333
51
21.5667
51
21.6
51
21.6333
51
21.6667
51
21.7
51
21.7333
51
21.7667
51
21.8
51
21.8333
51
21.8667
51
21.9
51
21.9333
51
21.9667
51
22
51
22.0333
51
22.0667
51
22.1
51
22.1333
51
22.1667
51
22.2
51
22.2333
51
22.2667
51
22.3
51
22.3333
51
22.3667
51
22.4
51
22.4333
51
22.4667
51
22.5
51
22.5333
51
22.5667
51
22.6
51
22.6333
51
22.6667
51
22.7
51
22.7333
51
22.7667
51
22.8
51
22.8333
51
22.8667
51
22.9
51
22.9333
51
22.9667
51
23
51
23.0333
51
23.0667
51
23.1
51
23.1333
51
23.1667
51
23.2
51
23.2333
51
23.2667
51
23.3
51
23.3333
51
23.3667
51
23.4
51
23.4333
51
23.4667
51
23.5
52
23.5333
53
23.5667
53
23.6
53
23.6333
53
23.6667
54
23.7
54
23.7333
54
23.7667
54
23.8
55
23.8333
55
23.8667
55
23.9
55
23.9333
55
23.9667
55
24
56
24.0333
56
24.0667
56
24.1
56
24.1333
56
24.1667
56
24.2
56
24.2333
56
24.2667
56
24.3
56
24.3333
56
24.3667
56
24.4
56
24.4333
56
24.4667
56
24.5
56
24.5333
56
24.5667
56
24.6
56
24.6333
56
24.6667
56
24.7
56
24.7333
56
24.7667
56
24.8
56
24.8333
56
24.8667
56
24.9
56
24.9333
56
24.9667
56
25
56
25.0333
56
25.0667
56
25.1
56
25.1333
56
25.1667
56
25.2
56
25.2333
56
25.2667
57
25.3
57
25.3333
57
25.3667
57
25.4
57
25.4333
57
25.4667
57
25.5
57
25.5333
57
25.5667
57
25.6
57
25.6333
57
25.6667
57
25.7
57
25.7333
58
25.7667
58
25.8
58
25.8333
58
25.8667
58
25.9
58
25.9333
58
25.9667
58
26
58
26.0333
58
26.0667
58
26.1
58
26.1333
58
26.1667
58
26.2
58
26.2333
58
26.2667
59
26.3
59
26.3333
59
26.3667
59
26.4
59
26.4333
59
26.4667
59
26.5
59
26.5333
59
26.5667
59
26.6
59
26.6333
59
26.6667
59
26.7
59
26.7333
59
26.7667
59
26.8
59
26.8333
59
26.8667
59
26.9
59
26.9333
59
26.9667
59
27
59
27.0333
59
27.0667
59
27.1
59
27.1333
59
27.1667
59
27.2
59
27.2333
59
27.2667
59
27.3
59
27.3333
59
27.3667
59
27.4
59
27.4333
59
27.4667
59
27.5
59
27.5333
59
27.5667
60
27.6
60
27.6333
60
27.6667
61
27.7
62
27.7333
62
27.7667
62
27.8
63
27.8333
63
27.8667
63
27.9
63
27.9333
63
27.9667
63
28
63
28.0333
63
28.0667
65
28.1
65
28.1333
65
28.1667
65
28.2
65
28.2333
65
28.2667
65
28.3
65
28.3333
65
28.3667
65
28.4
65
28.4333
65
28.4667
65
28.5
65
28.5333
65
28.5667
65
28.6
65
28.6333
65
28.6667
65
28.7
65
28.7333
65
28.7667
65
28.8
65
28.8333
65
28.8667
65
28.9
66
28.9333
66
28.9667
66
29
66
29.0333
66
29.0667
66
29.1
66
29.1333
66
29.1667
66
29.2
66
29.2333
66
29.2667
66
29.3
66
29.3333
66
29.3667
66
29.4
66
29.4333
66
29.4667
66
29.5
66
29.5333
66
29.5667
66
29.6
66
29.6333
66
29.6667
66
29.7
66
29.7333
66
29.7667
66
29.8
66
29.8333
66
29.8667
66
29.9
66
29.9333
66
29.9667
66
30
66
30.0333
66
30.0667
66
30.1
66
30.1333
66
30.1667
66
30.2
66
30.2333
66
30.2667
66
30.3
66
30.3333
66
30.3667
66
30.4
66
30.4333
66
30.4667
66
30.5
66
30.5333
66
30.5667
66
30.6
66
30.6333
66
30.6667
66
30.7
66
30.7333
66
30.7667
66
30.8
66
30.8333
66
30.8667
66
30.9
66
30.9333
66
30.9667
66
31
66
31.0333
66
31.0667
66
31.1
66
31.1333
66
31.1667
66
31.2
66
31.2333
66
31.2667
66
31.3
66
31.3333
66
31.3667
66
31.4
66
31.4333
66
31.4667
66
31.5
66
31.5333
66
31.5667
66
31.6
66
31.6333
66
31.6667
66
31.7
66
31.7333
66
31.7667
66
31.8
66
31.8333
66
31.8667
66
31.9
66
31.9333
66
31.9667
66
32
66
32.0333
66
32.0667
66
32.1
66
32.1333
66
32.1667
66
32.2
66
32.2333
66
32.2667
66
32.3
66
32.3333
66
32.3667
66
32.4
66
32.4333
66
32.4667
66
32.5
66
32.5333
66
32.5667
66
32.6
66
32.6333
66
32.6667
66
32.7
66
32.7333
66
32.7667
66
32.8
66
32.8333
66
32.8667
66
32.9
66
32.9333
66
32.9667
66
33
66
33.0333
66
33.0667
66
33.1
66
33.1333
66
33.1667
66
33.2
66
33.2333
66
33.2667
66
33.3
66
33.3333
66
33.3667
67
33.4
67
33.4333
67
33.4667
67
33.5
67
33.5333
67
33.5667
67
33.6
67
33.6333
67
33.6667
67
33.7
67
33.7333
67
33.7667
67
33.8
67
33.8333
67
33.8667
67
33.9
67
33.9333
67
33.9667
67
34
67
34.0333
67
34.0667
67
34.1
67
34.1333
67
34.1667
67
34.2
67
34.2333
67
34.2667
67
34.3
67
34.3333
67
34.3667
67
34.4
67
34.4333
67
34.4667
67
34.5
67
34.5333
67
34.5667
67
34.6
67
34.6333
67
34.6667
67
34.7
67
34.7333
67
34.7667
67
34.8
67
34.8333
67
34.8667
67
34.9
67
34.9333
67
34.9667
67
35
67
35.0333
67
35.0667
67
35.1
67
35.1333
67
35.1667
67
35.2
67
35.2333
67
35.2667
67
35.3
67
35.3333
67
35.3667
67
35.4
67
35.4333
67
35.4667
67
35.5
67
35.5333
68
35.5667
68
35.6
68
35.6333
68
35.6667
68
35.7
68
35.7333
68
35.7667
68
35.8
68
35.8333
68
35.8667
68
35.9
68
35.9333
68
35.9667
68
36
68
36.0333
69
36.0667
69
36.1
69
36.1333
69
36.1667
69
36.2
69
36.2333
69
36.2667
69
36.3
69
36.3333
69
36.3667
69
36.4
69
36.4333
69
36.4667
69
36.5
69
36.5333
69
36.5667
69
36.6
69
36.6333
69
36.6667
69
36.7
69
36.7333
69
36.7667
69
36.8
69
36.8333
70
36.8667
70
36.9
70
36.9333
70
36.9667
70
37
70
37.0333
70
37.0667
70
37.1
70
37.1333
70
37.1667
70
37.2
70
37.2333
70
37.2667
70
37.3
70
37.3333
70
37.3667
70
37.4
70
37.4333
70
37.4667
70
37.5
70
37.5333
70
37.5667
70
37.6
70
37.6333
70
37.6667
70
37.7
70
37.7333
70
37.7667
70
37.8
70
37.8333
70
37.8667
70
37.9
70
37.9333
70
37.9667
70
38
70
38.0333
70
38.0667
70
38.1
70
38.1333
70
38.1667
70
38.2
70
38.2333
70
38.2667
70
38.3
70
38.3333
70
38.3667
70
38.4
70
38.4333
70
38.4667
70
38.5
70
38.5333
70
38.5667
70
38.6
70
38.6333
70
38.6667
70
38.7
70
38.7333
70
38.7667
70
38.8
70
38.8333
70
38.8667
70
38.9
70
38.9333
70
38.9667
70
39
70
39.0333
70
39.0667
70
39.1
70
39.1333
70
39.1667
70
39.2
70
39.2333
70
39.2667
70
39.3
70
39.3333
70
39.3667
70
39.4
70
39.4333
70
39.4667
70
39.5
70
39.5333
70
39.5667
70
39.6
70
39.6333
70
39.6667
70
39.7
70
39.7333
70
39.7667
70
39.8
70
39.8333
70
39.8667
71
39.9
71
39.9333
71
39.9667
71
40
71
40.0333
71
40.0667
71
40.1
71
40.1333
71
40.1667
71
40.2
71
40.2333
71
40.2667
71
40.3
71
40.3333
71
40.3667
71
40.4
71
40.4333
72
40.4667
72
40.5
72
40.5333
72
40.5667
72
40.6
72
40.6333
72
40.6667
73
40.7
73
40.7333
73
40.7667
73
40.8
73
40.8333
73
40.8667
73
40.9
73
40.9333
73
40.9667
73
41
73
41.0333
73
41.0667
73
41.1
73
41.1333
73
41.1667
73
41.2
73
41.2333
73
41.2667
73
41.3
73
41.3333
73
41.3667
73
41.4
73
41.4333
73
41.4667
73
41.5
73
41.5333
73
41.5667
73
41.6
73
41.6333
73
41.6667
73
41.7
73
41.7333
73
41.7667
73
41.8
73
41.8333
73
41.8667
73
41.9
73
41.9333
73
41.9667
73
42
73
42.0333
73
42.0667
73
42.1
73
42.1333
73
42.1667
73
42.2
73
42.2333
73
42.2667
73
42.3
73
42.3333
73
42.3667
73
42.4
73
42.4333
73
42.4667
73
42.5
73
42.5333
73
42.5667
73
42.6
73
42.6333
73
42.6667
73
42.7
73
42.7333
73
42.7667
73
42.8
73
42.8333
73
42.8667
73
42.9
73
42.9333
73
42.9667
73
43
73
43.0333
73
43.0667
73
43.1
73
43.1333
73
43.1667
73
43.2
73
43.2333
73
43.2667
73
43.3
73
43.3333
73
43.3667
73
43.4
73
43.4333
73
43.4667
73
43.5
73
43.5333
73
43.5667
73
43.6
73
43.6333
73
43.6667
73
43.7
73
43.7333
73
43.7667
73
43.8
73
43.8333
73
43.8667
73
43.9
73
43.9333
73
43.9667
73
44
73
44.0333
73
44.0667
73
44.1
73
44.1333
73
44.1667
73
44.2
73
44.2333
73
44.2667
73
44.3
73
44.3333
73
44.3667
73
44.4
73
44.4333
73
44.4667
73
44.5
73
44.5333
73
44.5667
73
44.6
73
44.6333
73
44.6667
73
44.7
73
44.7333
73
44.7667
73
44.8
73
44.8333
73
44.8667
73
44.9
73
44.9333
73
44.9667
73
45
73
45.0333
73
45.0667
73
45.1
73
45.1333
73
45.1667
73
45.2
73
45.2333
73
45.2667
73
45.3
73
45.3333
73
45.3667
73
45.4
73
45.4333
73
45.4667
73
45.5
73
45.5333
73
45.5667
73
45.6
73
45.6333
73
45.6667
73
45.7
73
45.7333
73
45.7667
73
45.8
73
45.8333
73
45.8667
73
45.9
73
45.9333
73
45.9667
73
46
73
46.0333
73
46.0667
73
46.1
73
46.1333
73
46.1667
73
46.2
73
46.2333
73
46.2667
73
46.3
73
46.3333
73
46.3667
73
46.4
73
46.4333
73
46.4667
73
46.5
74
46.5333
74
46.5667
74
46.6
74
46.6333
74
46.6667
74
46.7
74
46.7333
74
46.7667
74
46.8
74
46.8333
74
46.8667
74
46.9
74
46.9333
74
46.9667
74
47
74
47.0333
74
47.0667
74
47.1
74
47.1333
74
47.1667
74
47.2
74
47.2333
74
47.2667
74
47.3
74
47.3333
74
47.3667
74
47.4
74
47.4333
74
47.4667
74
47.5
74
47.5333
74
47.5667
74
47.6
74
47.6333
74
47.6667
74
47.7
74
47.7333
74
47.7667
74
47.8
74
47.8333
74
47.8667
74
47.9
74
47.9333
74
47.9667
74
48
74
48.0333
74
48.0667
74
48.1
74
48.1333
74
48.1667
74
48.2
74
48.2333
74
48.2667
74
48.3
74
48.3333
74
48.3667
74
48.4
74
48.4333
74
48.4667
74
48.5
74
48.5333
74
48.5667
74
48.6
74
48.6333
74
48.6667
74
48.7
74
48.7333
74
48.7667
74
48.8
74
48.8333
74
48.8667
74
48.9
74
48.9333
74
48.9667
74
49
74
49.0333
74
49.0667
74
49.1
74
49.1333
74
49.1667
74
49.2
74
49.2333
74
49.2667
74
49.3
74
49.3333
74
49.3667
74
49.4
74
49.4333
74
49.4667
74
49.5
74
49.5333
74
49.5667
74
49.6
74
49.6333
74
49.6667
74
49.7
74
49.7333
74
49.7667
74
49.8
74
49.8333
74
49.8667
74
49.9
74
49.9333
74
49.9667
74
50
74
50.0333
74
50.0667
74
50.1
74
50.1333
74
50.1667
74
50.2
74
50.2333
74
50.2667
74
50.3
74
50.3333
74
50.3667
74
50.4
74
50.4333
74
50.4667
74
50.5
74
50.5333
74
50.5667
74
50.6
74
50.6333
74
50.6667
74
50.7
74
50.7333
74
50.7667
74
50.8
74
50.8333
74
50.8667
74
50.9
74
50.9333
74
50.9667
74
51
74
51.0333
74
51.0667
74
51.1
74
51.1333
74
51.1667
74
51.2
74
51.2333
74
51.2667
74
51.3
74
51.3333
74
51.3667
74
51.4
74
51.4333
74
51.4667
74
51.5
74
51.5333
74
51.5667
74
51.6
74
51.6333
74
51.6667
74
51.7
74
51.7333
74
51.7667
74
51.8
74
51.8333
74
51.8667
74
51.9
74
51.9333
74
51.9667
74
52
74
52.0333
74
52.0667
74
52.1
74
52.1333
74
52.1667
74
52.2
74
52.2333
74
52.2667
74
52.3
74
52.3333
74
52.3667
74
52.4
74
52.4333
74
52.4667
74
52.5
74
52.5333
74
52.5667
74
52.6
74
52.6333
74
52.6667
74
52.7
74
52.7333
74
52.7667
74
52.8
74
52.8333
74
52.8667
74
52.9
74
52.9333
74
52.9667
74
53
74
53.0333
74
53.0667
74
53.1
74
53.1333
74
53.1667
74
53.2
74
53.2333
74
53.2667
74
53.3
74
53.3333
74
