0
1
0.0333333
1
0.0666667
1
0.1
1
0.133333
1
0.166667
1
0.2
1
0.233333
1
0.266667
1
0.3
1
0.333333
1
0.366667
1
0.4
1
0.433333
1
0.466667
1
0.5
1
0.533333
1
0.566667
1
0.6
1
0.633333
1
0.666667
1
0.7
1
0.733333
1
0.766667
1
0.8
1
0.833333
1
0.866667
1
0.9
1
0.933333
1
0.966667
1
1
1
1.03333
1
1.06667
1
1.1
1
1.13333
1
1.16667
1
1.2
1
1.23333
1
1.26667
1
1.3
1
1.33333
1
1.36667
1
1.4
1
1.43333
1
1.46667
1
1.5
1
1.53333
1
1.56667
1
1.6
1
1.63333
1
1.66667
1
1.7
1
1.73333
1
1.76667
1
1.8
1
1.83333
1
1.86667
1
1.9
1
1.93333
1
1.96667
1
2
1
2.03333
1
2.06667
1
2.1
1
2.13333
1
2.16667
1
2.2
1
2.23333
1
2.26667
1
2.3
1
2.33333
1
2.36667
1
2.4
1
2.43333
1
2.46667
1
2.5
1
2.53333
1
2.56667
1
2.6
1
2.63333
1
2.66667
1
2.7
1
2.73333
1
2.76667
1
2.8
1
2.83333
1
2.86667
1
2.9
1
2.93333
1
2.96667
1
3
1
3.03333
1
3.06667
1
3.1
1
3.13333
1
3.16667
1
3.2
1
3.23333
1
3.26667
1
3.3
1
3.33333
1
3.36667
1
3.4
1
3.43333
1
3.46667
1
3.5
1
3.53333
1
3.56667
1
3.6
1
3.63333
1
3.66667
1
3.7
1
3.73333
1
3.76667
1
3.8
1
3.83333
1
3.86667
1
3.9
1
3.93333
1
3.96667
1
4
1
4.03333
1
4.06667
1
4.1
1
4.13333
1
4.16667
1
4.2
1
4.23333
1
4.26667
1
4.3
1
4.33333
1
4.36667
1
4.4
1
4.43333
1
4.46667
1
4.5
1
4.53333
1
4.56667
1
4.6
1
4.63333
1
4.66667
1
4.7
1
4.73333
1
4.76667
1
4.8
1
4.83333
1
4.86667
1
4.9
1
4.93333
1
4.96667
1
5
1
5.03333
1
5.06667
1
5.1
1
5.13333
1
5.16667
1
5.2
1
5.23333
1
5.26667
1
5.3
1
5.33333
1
5.36667
1
5.4
1
5.43333
2
5.46667
2
5.5
2
5.53333
2
5.56667
2
5.6
2
5.63333
2
5.66667
2
5.7
2
5.73333
2
5.76667
2
5.8
2
5.83333
2
5.86667
2
5.9
2
5.93333
2
5.96667
2
6
2
6.03333
2
6.06667
2
6.1
2
6.13333
2
6.16667
2
6.2
3
6.23333
4
6.26667
4
6.3
4
6.33333
5
6.36667
5
6.4
6
6.43333
6
6.46667
6
6.5
6
6.53333
8
6.56667
8
6.6
8
6.63333
8
6.66667
8
6.7
8
6.73333
8
6.76667
8
6.8
8
6.83333
8
6.86667
8
6.9
9
6.93333
9
6.96667
9
7
9
7.03333
10
7.06667
10
7.1
10
7.13333
10
7.16667
10
7.2
10
7.23333
11
7.26667
12
7.3
12
7.33333
12
7.36667
12
7.4
13
7.43333
13
7.46667
13
7.5
13
7.53333
13
7.56667
13
7.6
13
7.63333
14
7.66667
14
7.7
14
7.73333
14
7.76667
14
7.8
15
7.83333
16
7.86667
16
7.9
16
7.93333
16
7.96667
16
8
17
8.03333
17
8.06667
17
8.1
17
8.13333
17
8.16667
17
8.2
17
8.23333
17
8.26667
17
8.3
18
8.33333
18
8.36667
19
8.4
19
8.43333
19
8.46667
19
8.5
19
8.53333
21
8.56667
21
8.6
22
8.63333
24
8.66667
24
8.7
25
8.73333
26
8.76667
26
8.8
26
8.83333
26
8.86667
28
8.9
28
8.93333
28
8.96667
28
9
28
9.03333
28
9.06667
28
9.1
29
9.13333
29
9.16667
31
9.2
31
9.23333
31
9.26667
31
9.3
31
9.33333
31
9.36667
31
9.4
31
9.43333
31
9.46667
31
9.5
31
9.53333
31
9.56667
31
9.6
32
9.63333
32
9.66667
32
9.7
32
9.73333
32
9.76667
33
9.8
33
9.83333
33
9.86667
34
9.9
34
9.93333
35
9.96667
35
10
38
10.0333
38
10.0667
38
10.1
38
10.1333
38
10.1667
38
10.2
38
10.2333
38
10.2667
38
10.3
38
10.3333
39
10.3667
39
10.4
39
10.4333
40
10.4667
40
10.5
40
10.5333
40
10.5667
40
10.6
40
10.6333
40
10.6667
40
10.7
40
10.7333
40
10.7667
40
10.8
40
10.8333
40
10.8667
40
10.9
40
10.9333
40
10.9667
40
11
40
11.0333
40
11.0667
40
11.1
40
11.1333
41
11.1667
41
11.2
42
11.2333
42
11.2667
42
11.3
42
11.3333
42
11.3667
42
11.4
42
11.4333
42
11.4667
42
11.5
42
11.5333
43
11.5667
43
11.6
43
11.6333
43
11.6667
43
11.7
43
11.7333
43
11.7667
43
11.8
43
11.8333
45
11.8667
45
11.9
46
11.9333
47
11.9667
47
12
47
12.0333
48
12.0667
49
12.1
49
12.1333
49
12.1667
51
12.2
52
12.2333
54
12.2667
55
12.3
55
12.3333
55
12.3667
56
12.4
58
12.4333
59
12.4667
60
12.5
60
12.5333
61
12.5667
62
12.6
62
12.6333
62
12.6667
62
12.7
62
12.7333
62
12.7667
62
12.8
63
12.8333
63
12.8667
63
12.9
63
12.9333
63
12.9667
64
13
64
13.0333
65
13.0667
65
13.1
66
13.1333
66
13.1667
67
13.2
68
13.2333
68
13.2667
68
13.3
68
13.3333
68
13.3667
68
13.4
68
13.4333
68
13.4667
68
13.5
68
13.5333
68
13.5667
68
13.6
68
13.6333
68
13.6667
68
13.7
68
13.7333
68
13.7667
68
13.8
68
13.8333
68
13.8667
68
13.9
68
13.9333
68
13.9667
68
14
68
14.0333
69
14.0667
69
14.1
69
14.1333
69
14.1667
69
14.2
69
14.2333
69
14.2667
69
14.3
69
14.3333
69
14.3667
69
14.4
69
14.4333
69
14.4667
69
14.5
69
14.5333
69
14.5667
69
14.6
69
14.6333
69
14.6667
69
14.7
69
14.7333
69
14.7667
69
14.8
69
14.8333
69
14.8667
69
14.9
69
14.9333
69
14.9667
69
15
70
15.0333
70
15.0667
70
15.1
70
15.1333
70
15.1667
70
15.2
70
15.2333
70
15.2667
70
15.3
70
15.3333
70
15.3667
70
15.4
70
15.4333
70
15.4667
70
15.5
70
15.5333
70
15.5667
70
15.6
70
15.6333
70
15.6667
70
15.7
70
15.7333
70
15.7667
70
15.8
70
15.8333
70
15.8667
70
15.9
70
15.9333
70
15.9667
70
16
70
16.0333
70
16.0667
70
16.1
70
16.1333
70
16.1667
70
16.2
70
16.2333
70
16.2667
70
16.3
70
16.3333
70
16.3667
70
16.4
70
16.4333
70
16.4667
70
16.5
70
16.5333
70
16.5667
70
16.6
70
16.6333
70
16.6667
70
16.7
70
16.7333
70
16.7667
70
16.8
70
16.8333
70
16.8667
70
16.9
70
16.9333
70
16.9667
70
17
70
17.0333
70
17.0667
70
17.1
70
17.1333
71
17.1667
71
17.2
72
17.2333
72
17.2667
72
17.3
72
17.3333
72
17.3667
73
17.4
73
17.4333
73
17.4667
73
17.5
73
17.5333
73
17.5667
74
17.6
74
17.6333
75
17.6667
75
17.7
75
17.7333
75
17.7667
76
17.8
76
17.8333
76
17.8667
77
17.9
77
17.9333
77
17.9667
77
18
77
18.0333
78
18.0667
78
18.1
78
18.1333
78
18.1667
78
18.2
78
18.2333
78
18.2667
78
18.3
78
18.3333
78
18.3667
78
18.4
78
18.4333
78
18.4667
78
18.5
78
18.5333
78
18.5667
78
18.6
78
18.6333
78
18.6667
79
18.7
79
18.7333
79
18.7667
79
18.8
79
18.8333
79
18.8667
79
18.9
79
18.9333
79
18.9667
79
19
79
19.0333
79
19.0667
79
19.1
79
19.1333
79
19.1667
79
19.2
79
19.2333
79
19.2667
79
19.3
79
19.3333
79
19.3667
79
19.4
79
19.4333
79
19.4667
79
19.5
80
19.5333
80
19.5667
80
19.6
80
19.6333
80
19.6667
80
19.7
80
19.7333
80
19.7667
80
19.8
80
19.8333
80
19.8667
80
19.9
80
19.9333
80
19.9667
80
20
80
20.0333
80
20.0667
80
20.1
80
20.1333
80
20.1667
80
20.2
80
20.2333
80
20.2667
80
20.3
80
20.3333
80
20.3667
80
20.4
80
20.4333
80
20.4667
80
20.5
80
20.5333
80
20.5667
80
20.6
80
20.6333
80
20.6667
80
20.7
80
20.7333
80
20.7667
80
20.8
80
20.8333
80
20.8667
80
20.9
81
20.9333
81
20.9667
81
21
81
21.0333
82
21.0667
82
21.1
82
21.1333
82
21.1667
85
21.2
85
21.2333
85
21.2667
86
21.3
86
21.3333
86
21.3667
86
21.4
87
21.4333
88
21.4667
88
21.5
88
21.5333
89
21.5667
89
21.6
89
21.6333
90
21.6667
91
21.7
92
21.7333
92
21.7667
92
21.8
92
21.8333
92
21.8667
93
21.9
93
21.9333
94
21.9667
94
22
95
22.0333
95
22.0667
95
22.1
95
22.1333
95
22.1667
95
22.2
95
22.2333
95
22.2667
95
22.3
95
22.3333
95
22.3667
95
22.4
95
22.4333
95
22.4667
95
22.5
95
22.5333
95
22.5667
95
22.6
95
22.6333
95
22.6667
95
22.7
95
22.7333
95
22.7667
95
22.8
95
22.8333
95
22.8667
95
22.9
95
22.9333
95
22.9667
95
23
95
23.0333
95
23.0667
95
23.1
95
23.1333
95
23.1667
95
23.2
95
23.2333
95
23.2667
95
23.3
95
23.3333
95
23.3667
95
23.4
95
23.4333
95
23.4667
95
23.5
95
23.5333
95
23.5667
95
23.6
95
23.6333
95
23.6667
95
23.7
95
23.7333
95
23.7667
95
23.8
95
23.8333
95
23.8667
95
23.9
95
23.9333
95
23.9667
95
24
95
24.0333
96
24.0667
96
24.1
96
24.1333
96
24.1667
96
24.2
96
24.2333
96
24.2667
96
24.3
96
24.3333
96
24.3667
96
24.4
96
24.4333
96
24.4667
96
24.5
96
24.5333
96
24.5667
96
24.6
96
24.6333
96
24.6667
96
24.7
96
24.7333
96
24.7667
96
24.8
96
24.8333
96
24.8667
96
24.9
96
24.9333
96
24.9667
96
25
96
25.0333
97
25.0667
97
25.1
97
25.1333
97
25.1667
97
25.2
97
25.2333
97
25.2667
97
25.3
97
25.3333
97
25.3667
97
25.4
97
25.4333
97
25.4667
97
25.5
97
25.5333
97
25.5667
97
25.6
97
25.6333
97
25.6667
97
25.7
97
25.7333
97
25.7667
97
25.8
97
25.8333
97
25.8667
97
25.9
97
25.9333
97
25.9667
97
26
97
26.0333
97
26.0667
97
26.1
97
26.1333
97
26.1667
97
26.2
97
26.2333
97
26.2667
97
26.3
97
26.3333
97
26.3667
97
26.4
97
26.4333
97
26.4667
97
26.5
97
26.5333
97
26.5667
97
26.6
97
26.6333
97
26.6667
97
26.7
97
26.7333
97
26.7667
97
26.8
97
26.8333
97
26.8667
97
26.9
97
26.9333
97
26.9667
97
27
97
27.0333
97
27.0667
97
27.1
97
27.1333
97
27.1667
97
27.2
97
27.2333
97
27.2667
97
27.3
97
27.3333
97
27.3667
97
27.4
97
27.4333
97
27.4667
97
27.5
97
27.5333
97
27.5667
98
27.6
98
27.6333
99
27.6667
99
27.7
99
27.7333
99
27.7667
99
27.8
99
27.8333
99
27.8667
99
27.9
99
27.9333
99
27.9667
99
28
99
28.0333
99
28.0667
99
28.1
99
28.1333
100
28.1667
100
28.2
100
28.2333
100
28.2667
100
28.3
100
28.3333
100
28.3667
100
28.4
100
28.4333
100
28.4667
100
28.5
100
28.5333
100
28.5667
100
28.6
100
28.6333
100
28.6667
100
28.7
100
28.7333
100
28.7667
100
28.8
100
28.8333
100
28.8667
100
28.9
100
28.9333
100
28.9667
100
29
100
29.0333
100
29.0667
100
29.1
100
29.1333
100
29.1667
100
29.2
100
29.2333
100
29.2667
100
29.3
100
29.3333
100
29.3667
100
29.4
100
29.4333
100
29.4667
100
29.5
100
29.5333
100
29.5667
100
29.6
100
29.6333
100
29.6667
100
29.7
100
29.7333
100
29.7667
100
29.8
100
29.8333
100
29.8667
100
29.9
100
29.9333
100
29.9667
100
30
100
30.0333
100
30.0667
100
30.1
100
30.1333
100
30.1667
100
30.2
100
30.2333
100
30.2667
100
30.3
100
30.3333
100
30.3667
100
30.4
100
30.4333
100
30.4667
100
30.5
100
30.5333
100
30.5667
100
30.6
100
30.6333
100
30.6667
100
30.7
100
30.7333
100
30.7667
100
30.8
100
30.8333
100
30.8667
100
30.9
100
30.9333
100
30.9667
100
31
100
31.0333
100
31.0667
100
31.1
100
31.1333
100
31.1667
100
31.2
100
31.2333
100
31.2667
100
31.3
100
31.3333
100
31.3667
100
31.4
100
31.4333
100
31.4667
100
31.5
100
31.5333
100
31.5667
100
31.6
100
31.6333
100
31.6667
100
31.7
100
31.7333
100
31.7667
100
31.8
100
31.8333
100
31.8667
100
31.9
100
31.9333
100
31.9667
100
32
100
32.0333
100
32.0667
100
32.1
100
32.1333
100
32.1667
100
32.2
100
32.2333
100
32.2667
100
32.3
100
32.3333
100
32.3667
100
32.4
100
32.4333
100
32.4667
100
32.5
100
32.5333
100
32.5667
100
32.6
100
32.6333
100
32.6667
100
32.7
100
32.7333
100
32.7667
100
32.8
100
32.8333
100
32.8667
100
32.9
100
32.9333
100
32.9667
100
33
100
33.0333
100
33.0667
100
33.1
100
33.1333
100
33.1667
100
33.2
100
33.2333
100
33.2667
100
33.3
100
33.3333
100
33.3667
100
33.4
100
33.4333
100
33.4667
100
33.5
100
33.5333
100
33.5667
100
33.6
100
33.6333
100
33.6667
100
33.7
100
33.7333
100
33.7667
100
33.8
100
33.8333
100
33.8667
100
33.9
100
33.9333
100
33.9667
100
34
100
34.0333
100
34.0667
100
34.1
100
34.1333
100
34.1667
100
34.2
100
34.2333
100
34.2667
100
34.3
100
34.3333
100
34.3667
100
34.4
100
34.4333
100
34.4667
100
34.5
100
34.5333
100
34.5667
100
34.6
100
34.6333
100
34.6667
100
34.7
100
34.7333
100
34.7667
100
34.8
100
34.8333
100
34.8667
100
34.9
100
34.9333
100
34.9667
100
35
100
35.0333
100
35.0667
100
35.1
100
35.1333
100
35.1667
100
35.2
100
35.2333
100
35.2667
100
35.3
100
35.3333
100
35.3667
100
35.4
100
35.4333
100
35.4667
100
35.5
100
35.5333
100
35.5667
100
35.6
100
35.6333
100
35.6667
100
35.7
100
35.7333
100
35.7667
100
35.8
100
35.8333
100
35.8667
100
35.9
100
35.9333
100
35.9667
100
36
100
36.0333
100
36.0667
100
36.1
100
36.1333
100
36.1667
100
36.2
100
36.2333
100
36.2667
100
36.3
100
36.3333
100
36.3667
100
36.4
100
36.4333
100
36.4667
100
36.5
100
36.5333
100
36.5667
100
36.6
100
36.6333
100
36.6667
100
36.7
100
36.7333
100
36.7667
100
36.8
100
36.8333
100
36.8667
100
36.9
100
36.9333
100
36.9667
100
37
100
37.0333
100
37.0667
100
37.1
100
37.1333
100
37.1667
100
37.2
100
37.2333
100
37.2667
100
37.3
100
37.3333
100
37.3667
100
37.4
100
37.4333
100
37.4667
100
37.5
100
37.5333
100
37.5667
100
37.6
100
37.6333
100
37.6667
100
37.7
100
37.7333
100
37.7667
100
37.8
100
37.8333
100
37.8667
100
37.9
100
37.9333
100
37.9667
100
38
100
38.0333
100
38.0667
100
38.1
100
38.1333
100
38.1667
100
38.2
100
38.2333
100
38.2667
100
38.3
100
38.3333
100
38.3667
100
38.4
100
38.4333
100
38.4667
100
38.5
100
38.5333
100
38.5667
100
38.6
100
38.6333
100
38.6667
100
38.7
100
38.7333
100
38.7667
100
38.8
100
38.8333
100
38.8667
100
38.9
100
38.9333
100
38.9667
100
39
100
39.0333
100
39.0667
100
39.1
100
39.1333
100
39.1667
100
39.2
100
39.2333
100
39.2667
100
39.3
100
39.3333
101
39.3667
101
39.4
101
39.4333
101
39.4667
102
39.5
102
39.5333
102
39.5667
102
39.6
102
39.6333
102
39.6667
103
39.7
103
39.7333
103
39.7667
103
39.8
103
39.8333
103
39.8667
103
39.9
103
39.9333
103
39.9667
103
40
103
40.0333
103
40.0667
103
40.1
103
40.1333
103
40.1667
104
40.2
104
40.2333
104
40.2667
104
40.3
104
40.3333
104
40.3667
104
40.4
104
40.4333
104
40.4667
104
40.5
104
40.5333
104
40.5667
104
40.6
104
40.6333
104
40.6667
104
40.7
104
40.7333
104
40.7667
104
40.8
104
40.8333
104
40.8667
104
40.9
104
40.9333
104
40.9667
104
41
104
41.0333
104
41.0667
104
41.1
104
41.1333
104
41.1667
104
41.2
104
41.2333
105
41.2667
105
41.3
105
41.3333
105
41.3667
105
41.4
105
41.4333
105
41.4667
105
41.5
105
41.5333
106
41.5667
106
41.6
106
41.6333
106
41.6667
106
41.7
106
41.7333
106
41.7667
106
41.8
106
41.8333
106
41.8667
106
41.9
106
41.9333
106
41.9667
106
42
106
42.0333
106
42.0667
106
42.1
106
42.1333
106
42.1667
106
42.2
106
42.2333
106
42.2667
106
42.3
106
42.3333
106
42.3667
106
42.4
106
42.4333
106
42.4667
106
42.5
106
42.5333
106
42.5667
106
42.6
106
42.6333
106
42.6667
106
42.7
106
42.7333
106
42.7667
106
42.8
106
42.8333
106
42.8667
106
42.9
106
42.9333
106
42.9667
106
43
106
43.0333
106
43.0667
106
43.1
106
43.1333
106
43.1667
106
43.2
106
43.2333
106
43.2667
106
43.3
106
43.3333
106
43.3667
106
43.4
106
43.4333
106
43.4667
106
43.5
106
43.5333
106
43.5667
106
43.6
106
43.6333
106
43.6667
106
43.7
106
43.7333
106
43.7667
106
43.8
106
43.8333
106
43.8667
106
43.9
106
43.9333
106
43.9667
106
44
106
44.0333
106
44.0667
106
44.1
106
44.1333
106
44.1667
106
44.2
106
44.2333
106
44.2667
106
44.3
106
44.3333
106
44.3667
106
44.4
106
44.4333
106
44.4667
106
44.5
106
44.5333
106
44.5667
106
44.6
106
44.6333
106
44.6667
106
44.7
106
44.7333
106
44.7667
106
44.8
106
44.8333
106
44.8667
106
44.9
106
44.9333
106
44.9667
106
45
106
45.0333
106
45.0667
106
45.1
106
45.1333
106
45.1667
106
45.2
106
45.2333
106
45.2667
106
45.3
106
45.3333
106
45.3667
106
45.4
106
45.4333
106
45.4667
106
45.5
106
45.5333
106
45.5667
106
45.6
106
45.6333
106
45.6667
106
45.7
106
45.7333
106
45.7667
106
45.8
106
45.8333
106
45.8667
106
45.9
106
45.9333
106
45.9667
106
46
106
46.0333
106
46.0667
106
46.1
106
46.1333
106
46.1667
106
46.2
106
46.2333
106
46.2667
106
46.3
106
46.3333
106
46.3667
106
46.4
106
46.4333
106
46.4667
106
46.5
106
46.5333
106
46.5667
106
46.6
106
46.6333
106
46.6667
106
46.7
107
46.7333
107
46.7667
107
46.8
107
46.8333
107
46.8667
107
46.9
107
46.9333
107
46.9667
107
47
107
47.0333
107
47.0667
107
47.1
107
47.1333
107
47.1667
107
47.2
107
47.2333
107
47.2667
107
47.3
107
47.3333
107
47.3667
107
47.4
107
47.4333
107
47.4667
107
47.5
107
47.5333
107
47.5667
107
47.6
107
47.6333
107
47.6667
107
47.7
107
47.7333
107
47.7667
107
47.8
107
47.8333
107
47.8667
107
47.9
107
47.9333
107
47.9667
107
48
107
48.0333
107
48.0667
107
48.1
107
48.1333
107
48.1667
107
48.2
107
48.2333
107
48.2667
107
48.3
107
48.3333
107
48.3667
107
48.4
107
48.4333
107
48.4667
107
48.5
107
48.5333
107
48.5667
107
48.6
107
48.6333
107
48.6667
107
48.7
107
48.7333
107
48.7667
107
48.8
107
48.8333
107
48.8667
107
48.9
107
48.9333
107
48.9667
107
49
107
49.0333
107
49.0667
107
49.1
107
49.1333
107
49.1667
107
49.2
107
49.2333
107
49.2667
107
49.3
107
49.3333
107
49.3667
107
49.4
107
49.4333
107
49.4667
107
49.5
107
49.5333
107
49.5667
107
49.6
107
49.6333
107
49.6667
107
49.7
107
49.7333
107
49.7667
107
49.8
107
49.8333
107
49.8667
107
49.9
107
49.9333
107
49.9667
107
50
107
50.0333
107
50.0667
107
50.1
107
50.1333
107
50.1667
107
50.2
107
50.2333
107
50.2667
107
50.3
107
50.3333
107
50.3667
107
50.4
107
50.4333
107
50.4667
107
50.5
107
50.5333
107
50.5667
107
50.6
107
50.6333
107
50.6667
107
50.7
107
50.7333
107
50.7667
107
50.8
107
50.8333
107
50.8667
107
50.9
107
50.9333
107
50.9667
107
51
107
51.0333
107
51.0667
107
51.1
107
51.1333
107
51.1667
107
51.2
107
51.2333
107
51.2667
107
51.3
107
51.3333
107
51.3667
107
51.4
107
51.4333
107
51.4667
107
51.5
107
51.5333
107
51.5667
107
51.6
107
51.6333
107
51.6667
107
51.7
107
51.7333
107
51.7667
107
51.8
107
51.8333
107
51.8667
107
51.9
107
51.9333
107
51.9667
107
52
107
52.0333
107
52.0667
107
52.1
107
52.1333
107
52.1667
107
52.2
107
52.2333
107
52.2667
107
52.3
107
52.3333
107
52.3667
107
52.4
107
52.4333
107
52.4667
107
52.5
107
52.5333
107
52.5667
107
52.6
107
52.6333
107
52.6667
107
52.7
107
52.7333
107
52.7667
107
52.8
107
52.8333
107
52.8667
107
52.9
107
52.9333
107
52.9667
107
53
107
53.0333
107
53.0667
107
53.1
107
53.1333
107
53.1667
107
53.2
107
53.2333
107
53.2667
107
53.3
107
53.3333
107
