0
1
0.0333333
1
0.0666667
1
0.1
1
0.133333
1
0.166667
1
0.2
1
0.233333
1
0.266667
1
0.3
1
0.333333
1
0.366667
1
0.4
1
0.433333
1
0.466667
1
0.5
1
0.533333
1
0.566667
1
0.6
1
0.633333
1
0.666667
1
0.7
1
0.733333
1
0.766667
1
0.8
1
0.833333
1
0.866667
1
0.9
1
0.933333
1
0.966667
1
1
1
1.03333
1
1.06667
1
1.1
1
1.13333
1
1.16667
1
1.2
1
1.23333
1
1.26667
1
1.3
1
1.33333
1
1.36667
1
1.4
1
1.43333
1
1.46667
1
1.5
1
1.53333
1
1.56667
1
1.6
1
1.63333
1
1.66667
1
1.7
1
1.73333
1
1.76667
1
1.8
1
1.83333
1
1.86667
1
1.9
1
1.93333
1
1.96667
1
2
1
2.03333
1
2.06667
1
2.1
1
2.13333
1
2.16667
1
2.2
1
2.23333
1
2.26667
1
2.3
1
2.33333
1
2.36667
1
2.4
1
2.43333
1
2.46667
1
2.5
1
2.53333
1
2.56667
1
2.6
1
2.63333
1
2.66667
1
2.7
1
2.73333
1
2.76667
1
2.8
1
2.83333
1
2.86667
1
2.9
1
2.93333
1
2.96667
1
3
1
3.03333
1
3.06667
1
3.1
1
3.13333
1
3.16667
1
3.2
1
3.23333
1
3.26667
1
3.3
1
3.33333
1
3.36667
1
3.4
1
3.43333
1
3.46667
1
3.5
1
3.53333
1
3.56667
1
3.6
1
3.63333
1
3.66667
1
3.7
1
3.73333
1
3.76667
1
3.8
1
3.83333
1
3.86667
1
3.9
1
3.93333
1
3.96667
1
4
1
4.03333
1
4.06667
1
4.1
1
4.13333
1
4.16667
1
4.2
1
4.23333
1
4.26667
1
4.3
1
4.33333
1
4.36667
1
4.4
1
4.43333
1
4.46667
1
4.5
1
4.53333
1
4.56667
1
4.6
1
4.63333
1
4.66667
1
4.7
1
4.73333
1
4.76667
1
4.8
1
4.83333
1
4.86667
1
4.9
1
4.93333
1
4.96667
1
5
1
5.03333
1
5.06667
1
5.1
1
5.13333
1
5.16667
1
5.2
1
5.23333
1
5.26667
1
5.3
1
5.33333
1
5.36667
1
5.4
2
5.43333
2
5.46667
2
5.5
2
5.53333
2
5.56667
2
5.6
2
5.63333
2
5.66667
2
5.7
2
5.73333
2
5.76667
2
5.8
2
5.83333
3
5.86667
3
5.9
3
5.93333
3
5.96667
3
6
3
6.03333
3
6.06667
3
6.1
3
6.13333
3
6.16667
3
6.2
5
6.23333
5
6.26667
5
6.3
5
6.33333
5
6.36667
5
6.4
6
6.43333
6
6.46667
6
6.5
6
6.53333
6
6.56667
6
6.6
7
6.63333
7
6.66667
7
6.7
7
6.73333
7
6.76667
7
6.8
7
6.83333
7
6.86667
7
6.9
8
6.93333
8
6.96667
8
7
9
7.03333
9
7.06667
9
7.1
9
7.13333
9
7.16667
9
7.2
9
7.23333
9
7.26667
10
7.3
10
7.33333
10
7.36667
10
7.4
12
7.43333
12
7.46667
13
7.5
14
7.53333
15
7.56667
15
7.6
15
7.63333
15
7.66667
15
7.7
15
7.73333
16
7.76667
16
7.8
16
7.83333
17
7.86667
17
7.9
17
7.93333
17
7.96667
17
8
17
8.03333
18
8.06667
19
8.1
19
8.13333
19
8.16667
19
8.2
19
8.23333
20
8.26667
21
8.3
21
8.33333
23
8.36667
23
8.4
25
8.43333
25
8.46667
25
8.5
26
8.53333
26
8.56667
26
8.6
27
8.63333
28
8.66667
28
8.7
30
8.73333
32
8.76667
32
8.8
32
8.83333
32
8.86667
32
8.9
33
8.93333
33
8.96667
33
9
33
9.03333
33
9.06667
33
9.1
35
9.13333
35
9.16667
35
9.2
35
9.23333
36
9.26667
36
9.3
36
9.33333
36
9.36667
36
9.4
37
9.43333
37
9.46667
37
9.5
37
9.53333
37
9.56667
37
9.6
37
9.63333
38
9.66667
38
9.7
40
9.73333
41
9.76667
41
9.8
41
9.83333
41
9.86667
42
9.9
42
9.93333
42
9.96667
45
10
47
10.0333
47
10.0667
49
10.1
51
10.1333
52
10.1667
52
10.2
52
10.2333
53
10.2667
53
10.3
56
10.3333
57
10.3667
57
10.4
59
10.4333
60
10.4667
60
10.5
60
10.5333
60
10.5667
60
10.6
60
10.6333
60
10.6667
61
10.7
61
10.7333
61
10.7667
62
10.8
63
10.8333
63
10.8667
63
10.9
63
10.9333
63
10.9667
63
11
63
11.0333
64
11.0667
65
11.1
65
11.1333
66
11.1667
67
11.2
68
11.2333
68
11.2667
68
11.3
68
11.3333
68
11.3667
68
11.4
68
11.4333
68
11.4667
68
11.5
69
11.5333
70
11.5667
71
11.6
71
11.6333
71
11.6667
71
11.7
71
11.7333
71
11.7667
71
11.8
71
11.8333
71
11.8667
71
11.9
71
11.9333
71
11.9667
71
12
71
12.0333
72
12.0667
72
12.1
72
12.1333
72
12.1667
72
12.2
73
12.2333
73
12.2667
74
12.3
75
12.3333
77
12.3667
77
12.4
78
12.4333
81
12.4667
81
12.5
81
12.5333
82
12.5667
82
12.6
82
12.6333
83
12.6667
83
12.7
83
12.7333
83
12.7667
83
12.8
83
12.8333
83
12.8667
84
12.9
85
12.9333
86
12.9667
87
13
87
13.0333
87
13.0667
87
13.1
87
13.1333
87
13.1667
87
13.2
87
13.2333
88
13.2667
88
13.3
88
13.3333
89
13.3667
89
13.4
92
13.4333
92
13.4667
92
13.5
92
13.5333
92
13.5667
92
13.6
92
13.6333
92
13.6667
93
13.7
93
13.7333
93
13.7667
93
13.8
94
13.8333
95
13.8667
95
13.9
95
13.9333
95
13.9667
95
14
95
14.0333
95
14.0667
95
14.1
95
14.1333
95
14.1667
95
14.2
95
14.2333
95
14.2667
95
14.3
95
14.3333
95
14.3667
96
14.4
96
14.4333
96
14.4667
96
14.5
96
14.5333
96
14.5667
96
14.6
97
14.6333
98
14.6667
98
14.7
98
14.7333
98
14.7667
98
14.8
98
14.8333
98
14.8667
98
14.9
98
14.9333
98
14.9667
99
15
99
15.0333
99
15.0667
99
15.1
99
15.1333
99
15.1667
99
15.2
99
15.2333
100
15.2667
100
15.3
101
15.3333
101
15.3667
101
15.4
101
15.4333
101
15.4667
101
15.5
103
15.5333
103
15.5667
103
15.6
103
15.6333
103
15.6667
103
15.7
103
15.7333
104
15.7667
104
15.8
104
15.8333
104
15.8667
104
15.9
105
15.9333
106
15.9667
107
16
107
16.0333
108
16.0667
108
16.1
109
16.1333
109
16.1667
109
16.2
109
16.2333
111
16.2667
112
16.3
112
16.3333
113
16.3667
113
16.4
113
16.4333
113
16.4667
113
16.5
113
16.5333
113
16.5667
113
16.6
114
16.6333
114
16.6667
114
16.7
114
16.7333
114
16.7667
115
16.8
115
16.8333
115
16.8667
115
16.9
115
16.9333
115
16.9667
115
17
115
17.0333
116
17.0667
116
17.1
116
17.1333
116
17.1667
117
17.2
117
17.2333
117
17.2667
118
17.3
119
17.3333
119
17.3667
119
17.4
119
17.4333
119
17.4667
119
17.5
122
17.5333
123
17.5667
123
17.6
123
17.6333
123
17.6667
124
17.7
124
17.7333
124
17.7667
124
17.8
125
17.8333
125
17.8667
125
17.9
128
17.9333
128
17.9667
128
18
128
18.0333
128
18.0667
128
18.1
129
18.1333
129
18.1667
131
18.2
132
18.2333
132
18.2667
133
18.3
133
18.3333
133
18.3667
133
18.4
134
18.4333
134
18.4667
134
18.5
135
18.5333
136
18.5667
136
18.6
136
18.6333
136
18.6667
136
18.7
136
18.7333
138
18.7667
138
18.8
138
18.8333
138
18.8667
138
18.9
138
18.9333
138
18.9667
138
19
138
19.0333
138
19.0667
138
19.1
139
19.1333
140
19.1667
140
19.2
140
19.2333
140
19.2667
140
19.3
140
19.3333
140
19.3667
140
19.4
140
19.4333
141
19.4667
141
19.5
141
19.5333
141
19.5667
141
19.6
141
19.6333
141
19.6667
142
19.7
142
19.7333
142
19.7667
143
19.8
143
19.8333
143
19.8667
143
19.9
143
19.9333
143
19.9667
143
20
143
20.0333
143
20.0667
143
20.1
143
20.1333
143
20.1667
143
20.2
143
20.2333
144
20.2667
145
20.3
145
20.3333
145
20.3667
145
20.4
145
20.4333
145
20.4667
145
20.5
145
20.5333
145
20.5667
145
20.6
145
20.6333
145
20.6667
145
20.7
145
20.7333
145
20.7667
147
20.8
147
20.8333
147
20.8667
147
20.9
147
20.9333
147
20.9667
148
21
148
21.0333
148
21.0667
148
21.1
148
21.1333
148
21.1667
148
21.2
148
21.2333
148
21.2667
148
21.3
148
21.3333
149
21.3667
149
21.4
149
21.4333
149
21.4667
149
21.5
150
21.5333
151
21.5667
151
21.6
151
21.6333
151
21.6667
151
21.7
151
21.7333
151
21.7667
151
21.8
151
21.8333
151
21.8667
151
21.9
151
21.9333
151
21.9667
151
22
151
22.0333
151
22.0667
151
22.1
151
22.1333
151
22.1667
151
22.2
151
22.2333
151
22.2667
151
22.3
151
22.3333
151
22.3667
151
22.4
151
22.4333
151
22.4667
153
22.5
153
22.5333
153
22.5667
153
22.6
153
22.6333
153
22.6667
153
22.7
153
22.7333
153
22.7667
153
22.8
153
22.8333
153
22.8667
154
22.9
154
22.9333
155
22.9667
155
23
155
23.0333
155
23.0667
155
23.1
155
23.1333
156
23.1667
157
23.2
158
23.2333
158
23.2667
158
23.3
158
23.3333
158
23.3667
159
23.4
160
23.4333
160
23.4667
160
23.5
160
23.5333
161
23.5667
161
23.6
161
23.6333
161
23.6667
161
23.7
161
23.7333
161
23.7667
161
23.8
161
23.8333
161
23.8667
162
23.9
162
23.9333
163
23.9667
163
24
163
24.0333
163
24.0667
163
24.1
163
24.1333
164
24.1667
165
24.2
165
24.2333
165
24.2667
165
24.3
165
24.3333
165
24.3667
165
24.4
165
24.4333
165
24.4667
165
24.5
165
24.5333
165
24.5667
165
24.6
165
24.6333
165
24.6667
165
24.7
165
24.7333
165
24.7667
165
24.8
165
24.8333
165
24.8667
165
24.9
165
24.9333
165
24.9667
165
25
165
25.0333
165
25.0667
165
25.1
166
25.1333
166
25.1667
167
25.2
168
25.2333
168
25.2667
168
25.3
168
25.3333
168
25.3667
168
25.4
168
25.4333
168
25.4667
168
25.5
169
25.5333
169
25.5667
169
25.6
169
25.6333
169
25.6667
169
25.7
169
25.7333
169
25.7667
169
25.8
169
25.8333
169
25.8667
169
25.9
169
25.9333
170
25.9667
170
26
170
26.0333
170
26.0667
170
26.1
170
26.1333
170
26.1667
170
26.2
170
26.2333
170
26.2667
170
26.3
170
26.3333
170
26.3667
170
26.4
170
26.4333
170
26.4667
170
26.5
170
26.5333
170
26.5667
170
26.6
170
26.6333
170
26.6667
170
26.7
170
26.7333
170
26.7667
170
26.8
170
26.8333
170
26.8667
170
26.9
170
26.9333
170
26.9667
170
27
170
27.0333
170
27.0667
170
27.1
170
27.1333
170
27.1667
170
27.2
170
27.2333
170
27.2667
170
27.3
170
27.3333
170
27.3667
170
27.4
171
27.4333
171
27.4667
171
27.5
171
27.5333
171
27.5667
171
27.6
171
27.6333
171
27.6667
171
27.7
171
27.7333
171
27.7667
171
27.8
171
27.8333
171
27.8667
171
27.9
171
27.9333
171
27.9667
171
28
172
28.0333
172
28.0667
172
28.1
172
28.1333
172
28.1667
172
28.2
172
28.2333
172
28.2667
172
28.3
172
28.3333
172
28.3667
172
28.4
172
28.4333
172
28.4667
172
28.5
172
28.5333
172
28.5667
172
28.6
172
28.6333
173
28.6667
173
28.7
173
28.7333
173
28.7667
173
28.8
173
28.8333
173
28.8667
174
28.9
174
28.9333
175
28.9667
175
29
175
29.0333
175
29.0667
175
29.1
175
29.1333
175
29.1667
175
29.2
175
29.2333
175
29.2667
175
29.3
175
29.3333
175
29.3667
175
29.4
175
29.4333
175
29.4667
175
29.5
175
29.5333
175
29.5667
175
29.6
175
29.6333
175
29.6667
175
29.7
175
29.7333
175
29.7667
175
29.8
176
29.8333
176
29.8667
176
29.9
176
29.9333
176
29.9667
176
30
177
30.0333
177
30.0667
177
30.1
177
30.1333
178
30.1667
178
30.2
178
30.2333
178
30.2667
178
30.3
178
30.3333
178
30.3667
178
30.4
178
30.4333
178
30.4667
178
30.5
178
30.5333
178
30.5667
178
30.6
178
30.6333
178
30.6667
178
30.7
178
30.7333
178
30.7667
178
30.8
178
30.8333
178
30.8667
178
30.9
178
30.9333
178
30.9667
178
31
178
31.0333
178
31.0667
178
31.1
178
31.1333
178
31.1667
178
31.2
178
31.2333
178
31.2667
178
31.3
178
31.3333
178
31.3667
178
31.4
178
31.4333
178
31.4667
178
31.5
178
31.5333
178
31.5667
178
31.6
178
31.6333
178
31.6667
178
31.7
178
31.7333
178
31.7667
178
31.8
178
31.8333
178
31.8667
178
31.9
178
31.9333
178
31.9667
178
32
178
32.0333
178
32.0667
178
32.1
178
32.1333
178
32.1667
178
32.2
178
32.2333
178
32.2667
178
32.3
178
32.3333
179
32.3667
179
32.4
179
32.4333
179
32.4667
179
32.5
179
32.5333
179
32.5667
179
32.6
179
32.6333
179
32.6667
179
32.7
179
32.7333
179
32.7667
179
32.8
179
32.8333
179
32.8667
179
32.9
179
32.9333
179
32.9667
179
33
179
33.0333
179
33.0667
179
33.1
179
33.1333
179
33.1667
179
33.2
179
33.2333
179
33.2667
179
33.3
179
33.3333
179
33.3667
179
33.4
179
33.4333
179
33.4667
179
33.5
179
33.5333
179
33.5667
179
33.6
179
33.6333
179
33.6667
179
33.7
179
33.7333
180
33.7667
180
33.8
180
33.8333
180
33.8667
180
33.9
180
33.9333
180
33.9667
180
34
180
34.0333
180
34.0667
180
34.1
180
34.1333
180
34.1667
180
34.2
180
34.2333
180
34.2667
180
34.3
180
34.3333
180
34.3667
180
34.4
180
34.4333
180
34.4667
180
34.5
180
34.5333
180
34.5667
180
34.6
180
34.6333
180
34.6667
180
34.7
180
34.7333
180
34.7667
180
34.8
180
34.8333
180
34.8667
181
34.9
181
34.9333
181
34.9667
181
35
181
35.0333
181
35.0667
181
35.1
181
35.1333
181
35.1667
181
35.2
181
35.2333
181
35.2667
181
35.3
181
35.3333
181
35.3667
181
35.4
181
35.4333
182
35.4667
182
35.5
182
35.5333
182
35.5667
182
35.6
182
35.6333
182
35.6667
182
35.7
182
35.7333
182
35.7667
182
35.8
182
35.8333
182
35.8667
182
35.9
182
35.9333
182
35.9667
182
36
182
36.0333
182
36.0667
182
36.1
182
36.1333
182
36.1667
182
36.2
182
36.2333
182
36.2667
182
36.3
182
36.3333
182
36.3667
182
36.4
182
36.4333
182
36.4667
182
36.5
182
36.5333
182
36.5667
182
36.6
182
36.6333
182
36.6667
182
36.7
182
36.7333
182
36.7667
182
36.8
182
36.8333
182
36.8667
182
36.9
182
36.9333
182
36.9667
182
37
182
37.0333
182
37.0667
182
37.1
182
37.1333
182
37.1667
182
37.2
182
37.2333
182
37.2667
182
37.3
182
37.3333
182
37.3667
182
37.4
182
37.4333
182
37.4667
182
37.5
182
37.5333
182
37.5667
182
37.6
182
37.6333
182
37.6667
182
37.7
182
37.7333
182
37.7667
182
37.8
182
37.8333
182
37.8667
182
37.9
182
37.9333
182
37.9667
182
38
182
38.0333
182
38.0667
182
38.1
182
38.1333
182
38.1667
182
38.2
182
38.2333
182
38.2667
182
38.3
182
38.3333
182
38.3667
182
38.4
182
38.4333
182
38.4667
182
38.5
182
38.5333
182
38.5667
182
38.6
182
38.6333
182
38.6667
182
38.7
182
38.7333
182
38.7667
182
38.8
182
38.8333
182
38.8667
182
38.9
182
38.9333
182
38.9667
182
39
182
39.0333
182
39.0667
182
39.1
182
39.1333
182
39.1667
182
39.2
182
39.2333
182
39.2667
182
39.3
182
39.3333
182
39.3667
182
39.4
182
39.4333
182
39.4667
182
39.5
182
39.5333
182
39.5667
182
39.6
182
39.6333
182
39.6667
182
39.7
182
39.7333
182
39.7667
182
39.8
182
39.8333
182
39.8667
182
39.9
182
39.9333
182
39.9667
183
40
183
40.0333
183
40.0667
183
40.1
183
40.1333
183
40.1667
183
40.2
183
40.2333
183
40.2667
183
40.3
183
40.3333
183
40.3667
183
40.4
183
40.4333
183
40.4667
183
40.5
183
40.5333
183
40.5667
183
40.6
183
40.6333
183
40.6667
183
40.7
183
40.7333
183
40.7667
183
40.8
183
40.8333
183
40.8667
183
40.9
183
40.9333
183
40.9667
183
41
183
41.0333
183
41.0667
183
41.1
183
41.1333
183
41.1667
183
41.2
183
41.2333
183
41.2667
183
41.3
183
41.3333
183
41.3667
183
41.4
183
41.4333
183
41.4667
183
41.5
183
41.5333
183
41.5667
183
41.6
183
41.6333
183
41.6667
183
41.7
183
41.7333
183
41.7667
183
41.8
183
41.8333
183
41.8667
183
41.9
183
41.9333
183
41.9667
183
42
183
42.0333
183
42.0667
183
42.1
183
42.1333
183
42.1667
183
42.2
183
42.2333
183
42.2667
183
42.3
183
42.3333
183
42.3667
183
42.4
183
42.4333
183
42.4667
183
42.5
184
42.5333
184
42.5667
184
42.6
184
42.6333
184
42.6667
184
42.7
184
42.7333
185
42.7667
185
42.8
185
42.8333
185
42.8667
185
42.9
185
42.9333
185
42.9667
185
43
185
43.0333
185
43.0667
185
43.1
185
43.1333
185
43.1667
185
43.2
185
43.2333
185
43.2667
185
43.3
185
43.3333
185
43.3667
185
43.4
185
43.4333
185
43.4667
185
43.5
185
43.5333
185
43.5667
185
43.6
185
43.6333
185
43.6667
185
43.7
185
43.7333
185
43.7667
185
43.8
185
43.8333
185
43.8667
185
43.9
185
43.9333
185
43.9667
185
44
185
44.0333
185
44.0667
185
44.1
185
44.1333
185
44.1667
185
44.2
185
44.2333
185
44.2667
185
44.3
185
44.3333
185
44.3667
185
44.4
185
44.4333
185
44.4667
185
44.5
185
44.5333
185
44.5667
185
44.6
185
44.6333
185
44.6667
185
44.7
185
44.7333
185
44.7667
185
44.8
185
44.8333
185
44.8667
185
44.9
185
44.9333
185
44.9667
185
45
185
45.0333
185
45.0667
185
45.1
185
45.1333
185
45.1667
185
45.2
185
45.2333
185
45.2667
185
45.3
185
45.3333
185
45.3667
185
45.4
185
45.4333
185
45.4667
185
45.5
185
45.5333
185
45.5667
185
45.6
185
45.6333
185
45.6667
185
45.7
185
45.7333
185
45.7667
185
45.8
185
45.8333
185
45.8667
185
45.9
185
45.9333
185
45.9667
186
46
186
46.0333
186
46.0667
186
46.1
186
46.1333
186
46.1667
186
46.2
186
46.2333
186
46.2667
186
46.3
186
46.3333
186
46.3667
186
46.4
186
46.4333
186
46.4667
186
46.5
186
46.5333
186
46.5667
186
46.6
186
46.6333
186
46.6667
186
46.7
186
46.7333
186
46.7667
186
46.8
186
46.8333
186
46.8667
186
46.9
186
46.9333
186
46.9667
186
47
187
47.0333
187
47.0667
187
47.1
187
47.1333
187
47.1667
187
47.2
187
47.2333
187
47.2667
187
47.3
187
47.3333
187
47.3667
187
47.4
187
47.4333
187
47.4667
187
47.5
187
47.5333
187
47.5667
187
47.6
187
47.6333
187
47.6667
187
47.7
187
47.7333
187
47.7667
188
47.8
188
47.8333
188
47.8667
188
47.9
188
47.9333
189
47.9667
189
48
189
48.0333
189
48.0667
189
48.1
189
48.1333
189
48.1667
189
48.2
189
48.2333
189
48.2667
189
48.3
189
48.3333
189
48.3667
189
48.4
189
48.4333
189
48.4667
189
48.5
189
48.5333
189
48.5667
189
48.6
189
48.6333
189
48.6667
189
48.7
189
48.7333
189
48.7667
189
48.8
189
48.8333
189
48.8667
189
48.9
189
48.9333
189
48.9667
189
49
189
49.0333
189
49.0667
189
49.1
189
49.1333
189
49.1667
189
49.2
189
49.2333
189
49.2667
189
49.3
189
49.3333
189
49.3667
189
49.4
189
49.4333
189
49.4667
189
49.5
189
49.5333
189
49.5667
189
49.6
189
49.6333
189
49.6667
189
49.7
189
49.7333
189
49.7667
189
49.8
189
49.8333
189
49.8667
189
49.9
189
49.9333
189
49.9667
189
50
189
50.0333
189
50.0667
189
50.1
189
50.1333
189
50.1667
189
50.2
189
50.2333
189
50.2667
189
50.3
189
50.3333
189
50.3667
189
50.4
189
50.4333
189
50.4667
189
50.5
189
50.5333
189
50.5667
189
50.6
189
50.6333
189
50.6667
189
50.7
189
50.7333
189
50.7667
189
50.8
189
50.8333
189
50.8667
189
50.9
189
50.9333
189
50.9667
189
51
189
51.0333
189
51.0667
189
51.1
189
51.1333
189
51.1667
189
51.2
189
51.2333
189
51.2667
189
51.3
189
51.3333
189
51.3667
189
51.4
189
51.4333
189
51.4667
189
51.5
189
51.5333
189
51.5667
189
51.6
189
51.6333
189
51.6667
189
51.7
189
51.7333
189
51.7667
189
51.8
189
51.8333
189
51.8667
189
51.9
189
51.9333
189
51.9667
189
52
189
52.0333
189
52.0667
189
52.1
189
52.1333
189
52.1667
189
52.2
189
52.2333
189
52.2667
189
52.3
189
52.3333
189
52.3667
189
52.4
189
52.4333
189
52.4667
189
52.5
189
52.5333
189
52.5667
189
52.6
189
52.6333
189
52.6667
189
52.7
189
52.7333
189
52.7667
189
52.8
189
52.8333
189
52.8667
189
52.9
190
52.9333
190
52.9667
190
53
190
53.0333
190
53.0667
190
53.1
190
53.1333
190
53.1667
190
53.2
190
53.2333
190
53.2667
190
53.3
190
53.3333
190
