0
1
0.0333333
1
0.0666667
1
0.1
1
0.133333
1
0.166667
1
0.2
1
0.233333
1
0.266667
1
0.3
1
0.333333
1
0.366667
1
0.4
1
0.433333
1
0.466667
1
0.5
1
0.533333
1
0.566667
1
0.6
1
0.633333
1
0.666667
1
0.7
1
0.733333
1
0.766667
1
0.8
1
0.833333
1
0.866667
1
0.9
1
0.933333
1
0.966667
1
1
1
1.03333
1
1.06667
1
1.1
1
1.13333
1
1.16667
1
1.2
1
1.23333
1
1.26667
1
1.3
1
1.33333
1
1.36667
1
1.4
1
1.43333
1
1.46667
1
1.5
1
1.53333
1
1.56667
1
1.6
1
1.63333
1
1.66667
1
1.7
1
1.73333
1
1.76667
1
1.8
1
1.83333
1
1.86667
1
1.9
1
1.93333
1
1.96667
1
2
1
2.03333
1
2.06667
1
2.1
1
2.13333
1
2.16667
1
2.2
1
2.23333
1
2.26667
1
2.3
1
2.33333
1
2.36667
1
2.4
1
2.43333
1
2.46667
1
2.5
1
2.53333
1
2.56667
1
2.6
1
2.63333
1
2.66667
1
2.7
1
2.73333
1
2.76667
1
2.8
1
2.83333
1
2.86667
1
2.9
1
2.93333
1
2.96667
1
3
1
3.03333
1
3.06667
1
3.1
1
3.13333
1
3.16667
1
3.2
1
3.23333
1
3.26667
1
3.3
1
3.33333
1
3.36667
1
3.4
1
3.43333
1
3.46667
1
3.5
1
3.53333
1
3.56667
1
3.6
1
3.63333
1
3.66667
1
3.7
1
3.73333
1
3.76667
1
3.8
1
3.83333
1
3.86667
1
3.9
1
3.93333
1
3.96667
1
4
1
4.03333
1
4.06667
1
4.1
1
4.13333
1
4.16667
1
4.2
1
4.23333
1
4.26667
1
4.3
1
4.33333
1
4.36667
1
4.4
1
4.43333
1
4.46667
1
4.5
1
4.53333
1
4.56667
1
4.6
1
4.63333
1
4.66667
1
4.7
1
4.73333
1
4.76667
1
4.8
1
4.83333
1
4.86667
1
4.9
1
4.93333
1
4.96667
1
5
1
5.03333
1
5.06667
1
5.1
1
5.13333
1
5.16667
1
5.2
1
5.23333
1
5.26667
1
5.3
1
5.33333
1
5.36667
2
5.4
3
5.43333
4
5.46667
4
5.5
4
5.53333
4
5.56667
4
5.6
4
5.63333
4
5.66667
4
5.7
4
5.73333
4
5.76667
4
5.8
4
5.83333
4
5.86667
4
5.9
4
5.93333
4
5.96667
4
6
4
6.03333
4
6.06667
6
6.1
8
6.13333
9
6.16667
9
6.2
10
6.23333
10
6.26667
11
6.3
11
6.33333
11
6.36667
11
6.4
12
6.43333
13
6.46667
14
6.5
14
6.53333
16
6.56667
17
6.6
17
6.63333
17
6.66667
18
6.7
19
6.73333
19
6.76667
19
6.8
22
6.83333
22
6.86667
22
6.9
22
6.93333
22
6.96667
23
7
24
7.03333
26
7.06667
30
7.1
30
7.13333
30
7.16667
30
7.2
30
7.23333
31
7.26667
32
7.3
32
7.33333
32
7.36667
35
7.4
35
7.43333
35
7.46667
36
7.5
38
7.53333
39
7.56667
39
7.6
41
7.63333
42
7.66667
46
7.7
46
7.73333
47
7.76667
47
7.8
47
7.83333
47
7.86667
51
7.9
53
7.93333
56
7.96667
57
8
60
8.03333
61
8.06667
61
8.1
62
8.13333
62
8.16667
64
8.2
66
8.23333
66
8.26667
68
8.3
70
8.33333
73
8.36667
73
8.4
73
8.43333
75
8.46667
77
8.5
78
8.53333
80
8.56667
82
8.6
82
8.63333
83
8.66667
84
8.7
84
8.73333
87
8.76667
88
8.8
89
8.83333
91
8.86667
91
8.9
94
8.93333
94
8.96667
94
9
96
9.03333
96
9.06667
98
9.1
98
9.13333
98
9.16667
98
9.2
98
9.23333
99
9.26667
100
9.3
100
9.33333
100
9.36667
101
9.4
102
9.43333
102
9.46667
102
9.5
102
9.53333
102
9.56667
102
9.6
102
9.63333
102
9.66667
104
9.7
105
9.73333
105
9.76667
105
9.8
105
9.83333
106
9.86667
107
9.9
108
9.93333
108
9.96667
108
10
108
10.0333
109
10.0667
109
10.1
110
10.1333
110
10.1667
110
10.2
111
10.2333
112
10.2667
113
10.3
114
10.3333
114
10.3667
115
10.4
116
10.4333
117
10.4667
119
10.5
119
10.5333
119
10.5667
122
10.6
124
10.6333
125
10.6667
125
10.7
125
10.7333
125
10.7667
125
10.8
125
10.8333
125
10.8667
126
10.9
126
10.9333
127
10.9667
128
11
129
11.0333
129
11.0667
130
11.1
132
11.1333
132
11.1667
134
11.2
135
11.2333
135
11.2667
135
11.3
135
11.3333
135
11.3667
137
11.4
137
11.4333
137
11.4667
139
11.5
139
11.5333
139
11.5667
140
11.6
142
11.6333
142
11.6667
144
11.7
145
11.7333
147
11.7667
147
11.8
147
11.8333
147
11.8667
148
11.9
149
11.9333
150
11.9667
150
12
150
12.0333
151
12.0667
151
12.1
151
12.1333
151
12.1667
152
12.2
153
12.2333
153
12.2667
154
12.3
154
12.3333
154
12.3667
156
12.4
157
12.4333
157
12.4667
157
12.5
157
12.5333
158
12.5667
158
12.6
159
12.6333
159
12.6667
159
12.7
159
12.7333
160
12.7667
161
12.8
163
12.8333
163
12.8667
163
12.9
165
12.9333
165
12.9667
165
13
165
13.0333
165
13.0667
169
13.1
169
13.1333
170
13.1667
171
13.2
172
13.2333
173
13.2667
174
13.3
175
13.3333
175
13.3667
178
13.4
179
13.4333
180
13.4667
182
13.5
183
13.5333
184
13.5667
184
13.6
184
13.6333
185
13.6667
186
13.7
186
13.7333
186
13.7667
187
13.8
188
13.8333
189
13.8667
189
13.9
189
13.9333
189
13.9667
190
14
190
14.0333
190
14.0667
190
14.1
191
14.1333
192
14.1667
192
14.2
194
14.2333
195
14.2667
195
14.3
197
14.3333
197
14.3667
197
14.4
198
14.4333
198
14.4667
199
14.5
199
14.5333
199
14.5667
199
14.6
199
14.6333
200
14.6667
202
14.7
204
14.7333
206
14.7667
206
14.8
206
14.8333
207
14.8667
207
14.9
208
14.9333
209
14.9667
211
15
213
15.0333
214
15.0667
215
15.1
217
15.1333
217
15.1667
218
15.2
218
15.2333
219
15.2667
219
15.3
219
15.3333
220
15.3667
222
15.4
223
15.4333
223
15.4667
223
15.5
224
15.5333
224
15.5667
225
15.6
226
15.6333
226
15.6667
226
15.7
226
15.7333
227
15.7667
227
15.8
228
15.8333
228
15.8667
229
15.9
229
15.9333
229
15.9667
230
16
231
16.0333
231
16.0667
232
16.1
233
16.1333
233
16.1667
235
16.2
235
16.2333
236
16.2667
237
16.3
238
16.3333
239
16.3667
239
16.4
239
16.4333
241
16.4667
243
16.5
243
16.5333
244
16.5667
244
16.6
244
16.6333
244
16.6667
244
16.7
244
16.7333
244
16.7667
245
16.8
245
16.8333
245
16.8667
245
16.9
246
16.9333
246
16.9667
246
17
247
17.0333
248
17.0667
248
17.1
248
17.1333
248
17.1667
249
17.2
249
17.2333
249
17.2667
250
17.3
251
17.3333
252
17.3667
256
17.4
256
17.4333
256
17.4667
256
17.5
256
17.5333
256
17.5667
256
17.6
258
17.6333
260
17.6667
260
17.7
261
17.7333
261
17.7667
262
17.8
262
17.8333
263
17.8667
264
17.9
264
17.9333
264
17.9667
265
18
265
18.0333
266
18.0667
266
18.1
266
18.1333
268
18.1667
268
18.2
268
18.2333
268
18.2667
268
18.3
268
18.3333
268
18.3667
270
18.4
271
18.4333
272
18.4667
272
18.5
272
18.5333
272
18.5667
273
18.6
273
18.6333
274
18.6667
274
18.7
274
18.7333
275
18.7667
276
18.8
276
18.8333
276
18.8667
276
18.9
276
18.9333
276
18.9667
277
19
279
19.0333
280
19.0667
281
19.1
281
19.1333
281
19.1667
283
19.2
283
19.2333
283
19.2667
283
19.3
283
19.3333
284
19.3667
284
19.4
285
19.4333
285
19.4667
285
19.5
285
19.5333
286
19.5667
287
19.6
288
19.6333
288
19.6667
288
19.7
288
19.7333
288
19.7667
288
19.8
289
19.8333
289
19.8667
289
19.9
291
19.9333
291
19.9667
291
20
291
20.0333
293
20.0667
294
20.1
294
20.1333
294
20.1667
294
20.2
294
20.2333
294
20.2667
296
20.3
296
20.3333
296
20.3667
296
20.4
296
20.4333
296
20.4667
296
20.5
297
20.5333
297
20.5667
297
20.6
297
20.6333
298
20.6667
298
20.7
298
20.7333
298
20.7667
298
20.8
299
20.8333
299
20.8667
301
20.9
301
20.9333
302
20.9667
302
21
302
21.0333
302
21.0667
302
21.1
302
21.1333
302
21.1667
302
21.2
303
21.2333
303
21.2667
303
21.3
304
21.3333
305
21.3667
305
21.4
305
21.4333
305
21.4667
306
21.5
306
21.5333
306
21.5667
306
21.6
306
21.6333
306
21.6667
307
21.7
309
21.7333
309
21.7667
310
21.8
310
21.8333
310
21.8667
311
21.9
311
21.9333
311
21.9667
311
22
311
22.0333
311
22.0667
312
22.1
312
22.1333
313
22.1667
315
22.2
316
22.2333
316
22.2667
317
22.3
318
22.3333
318
22.3667
320
22.4
320
22.4333
322
22.4667
322
22.5
324
22.5333
326
22.5667
326
22.6
326
22.6333
327
22.6667
327
22.7
327
22.7333
327
22.7667
327
22.8
328
22.8333
328
22.8667
329
22.9
329
22.9333
329
22.9667
329
23
330
23.0333
331
23.0667
331
23.1
333
23.1333
333
23.1667
333
23.2
335
23.2333
337
23.2667
337
23.3
337
23.3333
337
23.3667
338
23.4
339
23.4333
341
23.4667
341
23.5
341
23.5333
341
23.5667
342
23.6
344
23.6333
344
23.6667
344
23.7
344
23.7333
344
23.7667
345
23.8
345
23.8333
346
23.8667
347
23.9
348
23.9333
348
23.9667
349
24
349
24.0333
349
24.0667
349
24.1
349
24.1333
349
24.1667
349
24.2
349
24.2333
349
24.2667
350
24.3
350
24.3333
350
24.3667
350
24.4
350
24.4333
350
24.4667
351
24.5
351
24.5333
351
24.5667
351
24.6
351
24.6333
351
24.6667
351
24.7
351
24.7333
351
24.7667
351
24.8
351
24.8333
351
24.8667
351
24.9
352
24.9333
352
24.9667
352
25
352
25.0333
352
25.0667
352
25.1
353
25.1333
354
25.1667
354
25.2
354
25.2333
355
25.2667
355
25.3
355
25.3333
355
25.3667
355
25.4
355
25.4333
355
25.4667
356
25.5
356
25.5333
356
25.5667
356
25.6
357
25.6333
357
25.6667
357
25.7
357
25.7333
357
25.7667
357
25.8
357
25.8333
357
25.8667
357
25.9
357
25.9333
357
25.9667
357
26
357
26.0333
357
26.0667
357
26.1
357
26.1333
358
26.1667
358
26.2
359
26.2333
359
26.2667
359
26.3
359
26.3333
359
26.3667
359
26.4
359
26.4333
359
26.4667
359
26.5
359
26.5333
359
26.5667
359
26.6
359
26.6333
359
26.6667
359
26.7
359
26.7333
359
26.7667
359
26.8
361
26.8333
361
26.8667
361
26.9
362
26.9333
362
26.9667
362
27
363
27.0333
363
27.0667
363
27.1
365
27.1333
365
27.1667
365
27.2
365
27.2333
365
27.2667
365
27.3
365
27.3333
365
27.3667
365
27.4
365
27.4333
365
27.4667
366
27.5
366
27.5333
366
27.5667
366
27.6
366
27.6333
366
27.6667
366
27.7
366
27.7333
366
27.7667
366
27.8
366
27.8333
366
27.8667
366
27.9
366
27.9333
366
27.9667
366
28
366
28.0333
367
28.0667
367
28.1
367
28.1333
368
28.1667
368
28.2
369
28.2333
369
28.2667
369
28.3
370
28.3333
370
28.3667
370
28.4
371
28.4333
371
28.4667
372
28.5
372
28.5333
372
28.5667
372
28.6
372
28.6333
372
28.6667
372
28.7
372
28.7333
372
28.7667
374
28.8
374
28.8333
374
28.8667
374
28.9
374
28.9333
374
28.9667
375
29
375
29.0333
375
29.0667
376
29.1
376
29.1333
377
29.1667
377
29.2
377
29.2333
377
29.2667
378
29.3
379
29.3333
379
29.3667
379
29.4
379
29.4333
379
29.4667
379
29.5
379
29.5333
379
29.5667
379
29.6
379
29.6333
380
29.6667
380
29.7
381
29.7333
381
29.7667
382
29.8
383
29.8333
383
29.8667
383
29.9
383
29.9333
383
29.9667
384
30
384
30.0333
385
30.0667
385
30.1
385
30.1333
385
30.1667
385
30.2
385
30.2333
385
30.2667
385
30.3
386
30.3333
386
30.3667
386
30.4
386
30.4333
386
30.4667
386
30.5
386
30.5333
386
30.5667
386
30.6
386
30.6333
386
30.6667
386
30.7
386
30.7333
386
30.7667
386
30.8
386
30.8333
387
30.8667
387
30.9
387
30.9333
387
30.9667
387
31
387
31.0333
387
31.0667
387
31.1
388
31.1333
388
31.1667
389
31.2
389
31.2333
389
31.2667
389
31.3
389
31.3333
389
31.3667
389
31.4
389
31.4333
389
31.4667
389
31.5
389
31.5333
389
31.5667
389
31.6
389
31.6333
389
31.6667
389
31.7
389
31.7333
389
31.7667
389
31.8
389
31.8333
389
31.8667
390
31.9
390
31.9333
391
31.9667
391
32
391
32.0333
391
32.0667
391
32.1
391
32.1333
391
32.1667
391
32.2
391
32.2333
391
32.2667
391
32.3
391
32.3333
391
32.3667
392
32.4
392
32.4333
392
32.4667
393
32.5
393
32.5333
393
32.5667
393
32.6
395
32.6333
395
32.6667
395
32.7
395
32.7333
395
32.7667
395
32.8
396
32.8333
396
32.8667
397
32.9
397
32.9333
397
32.9667
397
33
397
33.0333
397
33.0667
397
33.1
398
33.1333
398
33.1667
398
33.2
398
33.2333
398
33.2667
398
33.3
398
33.3333
398
33.3667
398
33.4
398
33.4333
400
33.4667
400
33.5
400
33.5333
400
33.5667
400
33.6
400
33.6333
400
33.6667
402
33.7
402
33.7333
402
33.7667
402
33.8
402
33.8333
402
33.8667
402
33.9
402
33.9333
402
33.9667
404
34
406
34.0333
406
34.0667
406
34.1
407
34.1333
408
34.1667
410
34.2
411
34.2333
411
34.2667
413
34.3
413
34.3333
413
34.3667
414
34.4
416
34.4333
416
34.4667
418
34.5
419
34.5333
421
34.5667
422
34.6
422
34.6333
423
34.6667
423
34.7
424
34.7333
425
34.7667
426
34.8
426
34.8333
427
34.8667
427
34.9
428
34.9333
428
34.9667
428
35
429
35.0333
429
35.0667
430
35.1
430
35.1333
431
35.1667
431
35.2
431
35.2333
431
35.2667
432
35.3
432
35.3333
432
35.3667
432
35.4
432
35.4333
432
35.4667
433
35.5
433
35.5333
433
35.5667
434
35.6
435
35.6333
435
35.6667
435
35.7
435
35.7333
435
35.7667
436
35.8
436
35.8333
436
35.8667
436
35.9
436
35.9333
436
35.9667
436
36
436
36.0333
436
36.0667
436
36.1
436
36.1333
436
36.1667
436
36.2
436
36.2333
436
36.2667
436
36.3
436
36.3333
436
36.3667
436
36.4
436
36.4333
436
36.4667
436
36.5
436
36.5333
436
36.5667
436
36.6
438
36.6333
438
36.6667
438
36.7
438
36.7333
438
36.7667
438
36.8
438
36.8333
438
36.8667
438
36.9
438
36.9333
438
36.9667
438
37
438
37.0333
438
37.0667
438
37.1
438
37.1333
438
37.1667
438
37.2
438
37.2333
438
37.2667
438
37.3
438
37.3333
438
37.3667
439
37.4
439
37.4333
439
37.4667
439
37.5
439
37.5333
439
37.5667
439
37.6
439
37.6333
439
37.6667
439
37.7
439
37.7333
439
37.7667
439
37.8
439
37.8333
439
37.8667
439
37.9
439
37.9333
439
37.9667
439
38
439
38.0333
439
38.0667
439
38.1
439
38.1333
439
38.1667
439
38.2
439
38.2333
439
38.2667
439
38.3
439
38.3333
439
38.3667
439
38.4
439
38.4333
439
38.4667
440
38.5
440
38.5333
441
38.5667
441
38.6
441
38.6333
441
38.6667
441
38.7
441
38.7333
441
38.7667
441
38.8
441
38.8333
441
38.8667
441
38.9
441
38.9333
441
38.9667
441
39
441
39.0333
441
39.0667
441
39.1
441
39.1333
441
39.1667
441
39.2
441
39.2333
441
39.2667
441
39.3
441
39.3333
441
39.3667
441
39.4
441
39.4333
441
39.4667
441
39.5
441
39.5333
441
39.5667
441
39.6
441
39.6333
441
39.6667
441
39.7
441
39.7333
441
39.7667
441
39.8
441
39.8333
441
39.8667
441
39.9
441
39.9333
441
39.9667
441
40
441
40.0333
441
40.0667
441
40.1
441
40.1333
441
40.1667
441
40.2
442
40.2333
442
40.2667
442
40.3
442
40.3333
442
40.3667
442
40.4
442
40.4333
442
40.4667
442
40.5
443
40.5333
443
40.5667
443
40.6
443
40.6333
443
40.6667
443
40.7
443
40.7333
443
40.7667
443
40.8
443
40.8333
443
40.8667
443
40.9
443
40.9333
443
40.9667
443
41
443
41.0333
444
41.0667
444
41.1
444
41.1333
444
41.1667
444
41.2
444
41.2333
444
41.2667
444
41.3
444
41.3333
444
41.3667
444
41.4
444
41.4333
444
41.4667
444
41.5
444
41.5333
444
41.5667
444
41.6
444
41.6333
444
41.6667
444
41.7
444
41.7333
444
41.7667
444
41.8
444
41.8333
445
41.8667
445
41.9
445
41.9333
445
41.9667
445
42
445
42.0333
445
42.0667
445
42.1
445
42.1333
445
42.1667
445
42.2
445
42.2333
445
42.2667
445
42.3
445
42.3333
445
42.3667
445
42.4
445
42.4333
445
42.4667
445
42.5
445
42.5333
445
42.5667
445
42.6
445
42.6333
445
42.6667
445
42.7
445
42.7333
445
42.7667
445
42.8
445
42.8333
445
42.8667
445
42.9
445
42.9333
445
42.9667
445
43
445
43.0333
445
43.0667
445
43.1
445
43.1333
445
43.1667
445
43.2
445
43.2333
445
43.2667
445
43.3
445
43.3333
445
43.3667
445
43.4
445
43.4333
445
43.4667
445
43.5
445
43.5333
445
43.5667
445
43.6
445
43.6333
445
43.6667
445
43.7
445
43.7333
445
43.7667
445
43.8
445
43.8333
445
43.8667
445
43.9
446
43.9333
446
43.9667
446
44
446
44.0333
446
44.0667
446
44.1
447
44.1333
447
44.1667
447
44.2
447
44.2333
447
44.2667
447
44.3
447
44.3333
447
44.3667
447
44.4
447
44.4333
447
44.4667
447
44.5
447
44.5333
447
44.5667
447
44.6
447
44.6333
447
44.6667
447
44.7
447
44.7333
447
44.7667
447
44.8
447
44.8333
448
44.8667
448
44.9
448
44.9333
448
44.9667
448
45
448
45.0333
448
45.0667
448
45.1
448
45.1333
448
45.1667
449
45.2
449
45.2333
449
45.2667
449
45.3
449
45.3333
449
45.3667
449
45.4
449
45.4333
449
45.4667
449
45.5
449
45.5333
449
45.5667
449
45.6
449
45.6333
449
45.6667
449
45.7
449
45.7333
449
45.7667
449
45.8
449
45.8333
449
45.8667
449
45.9
450
45.9333
450
45.9667
450
46
450
46.0333
450
46.0667
450
46.1
450
46.1333
450
46.1667
450
46.2
450
46.2333
450
46.2667
450
46.3
450
46.3333
450
46.3667
450
46.4
450
46.4333
450
46.4667
450
46.5
450
46.5333
450
46.5667
450
46.6
450
46.6333
450
46.6667
450
46.7
450
46.7333
450
46.7667
450
46.8
450
46.8333
450
46.8667
450
46.9
450
46.9333
450
46.9667
450
47
450
47.0333
450
47.0667
450
47.1
450
47.1333
450
47.1667
450
47.2
450
47.2333
450
47.2667
450
47.3
450
47.3333
450
47.3667
450
47.4
450
47.4333
450
47.4667
450
47.5
450
47.5333
450
47.5667
450
47.6
450
47.6333
450
47.6667
450
47.7
450
47.7333
450
47.7667
450
47.8
450
47.8333
450
47.8667
450
47.9
450
47.9333
450
47.9667
450
48
450
48.0333
450
48.0667
450
48.1
450
48.1333
450
48.1667
450
48.2
450
48.2333
450
48.2667
450
48.3
450
48.3333
450
48.3667
450
48.4
450
48.4333
450
48.4667
450
48.5
450
48.5333
450
48.5667
450
48.6
450
48.6333
450
48.6667
450
48.7
450
48.7333
450
48.7667
450
48.8
450
48.8333
450
48.8667
450
48.9
450
48.9333
450
48.9667
450
49
450
49.0333
450
49.0667
450
49.1
450
49.1333
450
49.1667
450
49.2
450
49.2333
450
49.2667
450
49.3
450
49.3333
450
49.3667
450
49.4
450
49.4333
450
49.4667
450
49.5
450
49.5333
450
49.5667
450
49.6
450
49.6333
450
49.6667
450
49.7
450
49.7333
450
49.7667
450
49.8
450
49.8333
450
49.8667
450
49.9
450
49.9333
450
49.9667
450
50
450
50.0333
450
50.0667
450
50.1
450
50.1333
450
50.1667
450
50.2
450
50.2333
450
50.2667
450
50.3
450
50.3333
450
50.3667
450
50.4
450
50.4333
450
50.4667
450
50.5
450
50.5333
450
50.5667
450
50.6
450
50.6333
450
50.6667
450
50.7
450
50.7333
451
50.7667
452
50.8
452
50.8333
452
50.8667
452
50.9
452
50.9333
452
50.9667
452
51
452
51.0333
452
51.0667
452
51.1
452
51.1333
452
51.1667
452
51.2
452
51.2333
452
51.2667
452
51.3
452
51.3333
452
51.3667
452
51.4
453
51.4333
453
51.4667
453
51.5
453
51.5333
453
51.5667
453
51.6
453
51.6333
453
51.6667
453
51.7
453
51.7333
453
51.7667
453
51.8
453
51.8333
453
51.8667
453
51.9
453
51.9333
453
51.9667
453
52
453
52.0333
453
52.0667
453
52.1
453
52.1333
453
52.1667
453
52.2
453
52.2333
453
52.2667
453
52.3
453
52.3333
453
52.3667
453
52.4
453
52.4333
453
52.4667
453
52.5
453
52.5333
454
52.5667
454
52.6
454
52.6333
454
52.6667
454
52.7
454
52.7333
454
52.7667
454
52.8
454
52.8333
454
52.8667
454
52.9
454
52.9333
454
52.9667
454
53
454
53.0333
454
53.0667
454
53.1
454
53.1333
454
53.1667
454
53.2
454
53.2333
454
53.2667
454
53.3
454
53.3333
454
