0
1
0.0333333
1
0.0666667
1
0.1
1
0.133333
1
0.166667
1
0.2
1
0.233333
1
0.266667
1
0.3
1
0.333333
1
0.366667
1
0.4
1
0.433333
1
0.466667
1
0.5
1
0.533333
1
0.566667
1
0.6
1
0.633333
1
0.666667
1
0.7
1
0.733333
1
0.766667
1
0.8
1
0.833333
1
0.866667
1
0.9
1
0.933333
1
0.966667
1
1
1
1.03333
1
1.06667
1
1.1
1
1.13333
1
1.16667
1
1.2
1
1.23333
1
1.26667
1
1.3
1
1.33333
1
1.36667
1
1.4
1
1.43333
1
1.46667
1
1.5
1
1.53333
1
1.56667
1
1.6
1
1.63333
1
1.66667
1
1.7
1
1.73333
1
1.76667
1
1.8
1
1.83333
1
1.86667
1
1.9
1
1.93333
1
1.96667
1
2
1
2.03333
1
2.06667
1
2.1
1
2.13333
1
2.16667
1
2.2
1
2.23333
1
2.26667
1
2.3
1
2.33333
1
2.36667
1
2.4
1
2.43333
1
2.46667
1
2.5
1
2.53333
1
2.56667
1
2.6
1
2.63333
1
2.66667
1
2.7
1
2.73333
1
2.76667
1
2.8
1
2.83333
1
2.86667
1
2.9
1
2.93333
1
2.96667
1
3
1
3.03333
1
3.06667
1
3.1
1
3.13333
1
3.16667
1
3.2
1
3.23333
1
3.26667
1
3.3
1
3.33333
1
3.36667
1
3.4
1
3.43333
1
3.46667
1
3.5
1
3.53333
1
3.56667
1
3.6
1
3.63333
1
3.66667
1
3.7
1
3.73333
1
3.76667
1
3.8
1
3.83333
1
3.86667
1
3.9
1
3.93333
1
3.96667
1
4
1
4.03333
1
4.06667
1
4.1
1
4.13333
1
4.16667
1
4.2
1
4.23333
1
4.26667
1
4.3
1
4.33333
1
4.36667
1
4.4
1
4.43333
1
4.46667
1
4.5
1
4.53333
1
4.56667
1
4.6
1
4.63333
1
4.66667
1
4.7
1
4.73333
1
4.76667
1
4.8
2
4.83333
2
4.86667
2
4.9
2
4.93333
2
4.96667
2
5
2
5.03333
3
5.06667
3
5.1
3
5.13333
4
5.16667
4
5.2
4
5.23333
4
5.26667
4
5.3
4
5.33333
5
5.36667
6
5.4
6
5.43333
6
5.46667
6
5.5
7
5.53333
8
5.56667
9
5.6
10
5.63333
10
5.66667
10
5.7
10
5.73333
11
5.76667
11
5.8
11
5.83333
13
5.86667
14
5.9
15
5.93333
16
5.96667
16
6
16
6.03333
17
6.06667
17
6.1
19
6.13333
19
6.16667
21
6.2
23
6.23333
25
6.26667
27
6.3
29
6.33333
31
6.36667
32
6.4
33
6.43333
35
6.46667
36
6.5
38
6.53333
40
6.56667
41
6.6
41
6.63333
43
6.66667
44
6.7
46
6.73333
47
6.76667
48
6.8
48
6.83333
48
6.86667
51
6.9
53
6.93333
55
6.96667
55
7
55
7.03333
56
7.06667
59
7.1
62
7.13333
62
7.16667
63
7.2
64
7.23333
67
7.26667
69
7.3
71
7.33333
75
7.36667
75
7.4
76
7.43333
78
7.46667
80
7.5
82
7.53333
83
7.56667
85
7.6
87
7.63333
88
7.66667
91
7.7
91
7.73333
92
7.76667
94
7.8
96
7.83333
96
7.86667
97
7.9
98
7.93333
102
7.96667
105
8
107
8.03333
111
8.06667
112
8.1
114
8.13333
115
8.16667
116
8.2
116
8.23333
116
8.26667
116
8.3
118
8.33333
118
8.36667
120
8.4
122
8.43333
123
8.46667
123
8.5
124
8.53333
125
8.56667
125
8.6
125
8.63333
125
8.66667
126
8.7
127
8.73333
127
8.76667
127
8.8
128
8.83333
128
8.86667
132
8.9
133
8.93333
133
8.96667
135
9
136
9.03333
137
9.06667
140
9.1
140
9.13333
142
9.16667
143
9.2
144
9.23333
144
9.26667
145
9.3
148
9.33333
150
9.36667
151
9.4
152
9.43333
153
9.46667
156
9.5
157
9.53333
158
9.56667
158
9.6
160
9.63333
161
9.66667
161
9.7
162
9.73333
162
9.76667
165
9.8
170
9.83333
172
9.86667
175
9.9
178
9.93333
179
9.96667
180
10
181
10.0333
181
10.0667
183
10.1
187
10.1333
187
10.1667
189
10.2
190
10.2333
191
10.2667
192
10.3
192
10.3333
194
10.3667
197
10.4
199
10.4333
199
10.4667
201
10.5
201
10.5333
204
10.5667
205
10.6
205
10.6333
210
10.6667
211
10.7
212
10.7333
212
10.7667
214
10.8
215
10.8333
216
10.8667
216
10.9
217
10.9333
217
10.9667
220
11
221
11.0333
223
11.0667
227
11.1
229
11.1333
230
11.1667
231
11.2
237
11.2333
240
11.2667
241
11.3
243
11.3333
244
11.3667
247
11.4
249
11.4333
251
11.4667
252
11.5
254
11.5333
256
11.5667
258
11.6
258
11.6333
260
11.6667
262
11.7
263
11.7333
264
11.7667
266
11.8
268
11.8333
269
11.8667
270
11.9
270
11.9333
273
11.9667
273
12
274
12.0333
275
12.0667
276
12.1
277
12.1333
280
12.1667
281
12.2
281
12.2333
282
12.2667
283
12.3
283
12.3333
284
12.3667
285
12.4
286
12.4333
286
12.4667
286
12.5
286
12.5333
286
12.5667
286
12.6
288
12.6333
291
12.6667
292
12.7
293
12.7333
293
12.7667
293
12.8
293
12.8333
294
12.8667
294
12.9
295
12.9333
295
12.9667
295
13
295
13.0333
297
13.0667
297
13.1
299
13.1333
300
13.1667
301
13.2
302
13.2333
302
13.2667
303
13.3
304
13.3333
305
13.3667
307
13.4
307
13.4333
308
13.4667
308
13.5
308
13.5333
311
13.5667
313
13.6
313
13.6333
315
13.6667
315
13.7
315
13.7333
317
13.7667
317
13.8
319
13.8333
321
13.8667
321
13.9
324
13.9333
328
13.9667
329
14
332
14.0333
332
14.0667
335
14.1
336
14.1333
338
14.1667
339
14.2
340
14.2333
341
14.2667
341
14.3
341
14.3333
342
14.3667
342
14.4
343
14.4333
346
14.4667
347
14.5
349
14.5333
349
14.5667
350
14.6
350
14.6333
350
14.6667
351
14.7
351
14.7333
351
14.7667
352
14.8
352
14.8333
352
14.8667
352
14.9
353
14.9333
354
14.9667
354
15
355
15.0333
355
15.0667
355
15.1
355
15.1333
355
15.1667
356
15.2
357
15.2333
357
15.2667
358
15.3
359
15.3333
360
15.3667
360
15.4
360
15.4333
360
15.4667
361
15.5
361
15.5333
361
15.5667
361
15.6
361
15.6333
361
15.6667
362
15.7
362
15.7333
363
15.7667
364
15.8
364
15.8333
364
15.8667
365
15.9
366
15.9333
366
15.9667
368
16
368
16.0333
369
16.0667
370
16.1
371
16.1333
371
16.1667
372
16.2
372
16.2333
372
16.2667
372
16.3
372
16.3333
374
16.3667
378
16.4
378
16.4333
380
16.4667
380
16.5
381
16.5333
382
16.5667
383
16.6
383
16.6333
385
16.6667
385
16.7
387
16.7333
387
16.7667
388
16.8
389
16.8333
389
16.8667
389
16.9
392
16.9333
393
16.9667
394
17
394
17.0333
394
17.0667
396
17.1
397
17.1333
397
17.1667
398
17.2
398
17.2333
399
17.2667
399
17.3
399
17.3333
399
17.3667
399
17.4
401
17.4333
403
17.4667
404
17.5
404
17.5333
404
17.5667
405
17.6
407
17.6333
407
17.6667
409
17.7
411
17.7333
411
17.7667
411
17.8
412
17.8333
413
17.8667
416
17.9
416
17.9333
417
17.9667
418
18
418
18.0333
418
18.0667
419
18.1
420
18.1333
423
18.1667
423
18.2
426
18.2333
426
18.2667
426
18.3
428
18.3333
428
18.3667
428
18.4
429
18.4333
430
18.4667
431
18.5
432
18.5333
433
18.5667
435
18.6
435
18.6333
436
18.6667
436
18.7
436
18.7333
437
18.7667
437
18.8
440
18.8333
440
18.8667
442
18.9
442
18.9333
443
18.9667
445
19
445
19.0333
445
19.0667
446
19.1
446
19.1333
448
19.1667
448
19.2
449
19.2333
449
19.2667
449
19.3
449
19.3333
449
19.3667
450
19.4
451
19.4333
452
19.4667
453
19.5
454
19.5333
454
19.5667
454
19.6
454
19.6333
455
19.6667
455
19.7
455
19.7333
455
19.7667
455
19.8
456
19.8333
456
19.8667
457
19.9
457
19.9333
457
19.9667
458
20
460
20.0333
461
20.0667
461
20.1
461
20.1333
461
20.1667
461
20.2
462
20.2333
462
20.2667
463
20.3
463
20.3333
463
20.3667
463
20.4
463
20.4333
464
20.4667
465
20.5
465
20.5333
466
20.5667
467
20.6
467
20.6333
467
20.6667
467
20.7
467
20.7333
469
20.7667
469
20.8
469
20.8333
470
20.8667
473
20.9
474
20.9333
474
20.9667
475
21
475
21.0333
475
21.0667
475
21.1
475
21.1333
475
21.1667
475
21.2
475
21.2333
475
21.2667
475
21.3
475
21.3333
475
21.3667
476
21.4
476
21.4333
476
21.4667
476
21.5
476
21.5333
477
21.5667
477
21.6
477
21.6333
477
21.6667
477
21.7
477
21.7333
478
21.7667
478
21.8
478
21.8333
479
21.8667
479
21.9
479
21.9333
481
21.9667
482
22
484
22.0333
484
22.0667
484
22.1
484
22.1333
484
22.1667
484
22.2
485
22.2333
485
22.2667
485
22.3
485
22.3333
486
22.3667
488
22.4
489
22.4333
490
22.4667
490
22.5
490
22.5333
490
22.5667
490
22.6
491
22.6333
491
22.6667
491
22.7
493
22.7333
493
22.7667
493
22.8
493
22.8333
493
22.8667
493
22.9
493
22.9333
493
22.9667
493
23
493
23.0333
493
23.0667
494
23.1
494
23.1333
495
23.1667
495
23.2
495
23.2333
495
23.2667
495
23.3
497
23.3333
498
23.3667
498
23.4
498
23.4333
500
23.4667
500
23.5
500
23.5333
501
23.5667
502
23.6
502
23.6333
502
23.6667
502
23.7
504
23.7333
504
23.7667
505
23.8
507
23.8333
507
23.8667
507
23.9
507
23.9333
507
23.9667
508
24
511
24.0333
511
24.0667
511
24.1
512
24.1333
513
24.1667
513
24.2
513
24.2333
513
24.2667
514
24.3
515
24.3333
515
24.3667
515
24.4
515
24.4333
516
24.4667
517
24.5
518
24.5333
518
24.5667
519
24.6
519
24.6333
519
24.6667
521
24.7
521
24.7333
522
24.7667
523
24.8
524
24.8333
525
24.8667
525
24.9
525
24.9333
529
24.9667
530
25
533
25.0333
533
25.0667
535
25.1
535
25.1333
537
25.1667
537
25.2
539
25.2333
539
25.2667
540
25.3
540
25.3333
542
25.3667
542
25.4
542
25.4333
544
25.4667
545
25.5
545
25.5333
546
25.5667
547
25.6
547
25.6333
547
25.6667
547
25.7
548
25.7333
548
25.7667
548
25.8
550
25.8333
552
25.8667
552
25.9
554
25.9333
556
25.9667
557
26
557
26.0333
557
26.0667
557
26.1
558
26.1333
558
26.1667
559
26.2
560
26.2333
562
26.2667
563
26.3
564
26.3333
564
26.3667
565
26.4
567
26.4333
568
26.4667
569
26.5
570
26.5333
572
26.5667
572
26.6
574
26.6333
574
26.6667
574
26.7
575
26.7333
575
26.7667
577
26.8
579
26.8333
579
26.8667
579
26.9
580
26.9333
581
26.9667
583
27
586
27.0333
589
27.0667
592
27.1
594
27.1333
596
27.1667
597
27.2
599
27.2333
599
27.2667
599
27.3
600
27.3333
601
27.3667
602
27.4
602
27.4333
602
27.4667
604
27.5
605
27.5333
606
27.5667
606
27.6
608
27.6333
608
27.6667
608
27.7
609
27.7333
610
27.7667
613
27.8
614
27.8333
614
27.8667
616
27.9
616
27.9333
617
27.9667
617
28
618
28.0333
618
28.0667
618
28.1
619
28.1333
619
28.1667
620
28.2
621
28.2333
622
28.2667
622
28.3
622
28.3333
624
28.3667
627
28.4
627
28.4333
627
28.4667
627
28.5
628
28.5333
629
28.5667
629
28.6
629
28.6333
631
28.6667
631
28.7
631
28.7333
632
28.7667
633
28.8
633
28.8333
633
28.8667
633
28.9
633
28.9333
634
28.9667
635
29
635
29.0333
637
29.0667
639
29.1
639
29.1333
640
29.1667
641
29.2
642
29.2333
643
29.2667
644
29.3
646
29.3333
647
29.3667
647
29.4
648
29.4333
649
29.4667
650
29.5
650
29.5333
650
29.5667
651
29.6
653
29.6333
658
29.6667
659
29.7
663
29.7333
664
29.7667
666
29.8
667
29.8333
670
29.8667
672
29.9
675
29.9333
677
29.9667
680
30
682
30.0333
683
30.0667
684
30.1
685
30.1333
687
30.1667
690
30.2
693
30.2333
694
30.2667
697
30.3
699
30.3333
701
30.3667
703
30.4
704
30.4333
704
30.4667
705
30.5
705
30.5333
708
30.5667
709
30.6
710
30.6333
711
30.6667
711
30.7
712
30.7333
712
30.7667
713
30.8
715
30.8333
715
30.8667
716
30.9
716
30.9333
716
30.9667
716
31
716
31.0333
716
31.0667
716
31.1
717
31.1333
717
31.1667
719
31.2
720
31.2333
720
31.2667
720
31.3
720
31.3333
720
31.3667
720
31.4
720
31.4333
722
31.4667
723
31.5
723
31.5333
723
31.5667
723
31.6
723
31.6333
724
31.6667
724
31.7
724
31.7333
724
31.7667
724
31.8
725
31.8333
725
31.8667
725
31.9
726
31.9333
727
31.9667
727
32
727
32.0333
727
32.0667
728
32.1
728
32.1333
730
32.1667
730
32.2
730
32.2333
730
32.2667
730
32.3
731
32.3333
731
32.3667
731
32.4
732
32.4333
732
32.4667
733
32.5
733
32.5333
733
32.5667
734
32.6
734
32.6333
734
32.6667
734
32.7
734
32.7333
735
32.7667
735
32.8
735
32.8333
735
32.8667
736
32.9
736
32.9333
736
32.9667
738
33
738
33.0333
738
33.0667
738
33.1
738
33.1333
738
33.1667
738
33.2
738
33.2333
738
33.2667
738
33.3
738
33.3333
738
33.3667
738
33.4
738
33.4333
738
33.4667
738
33.5
738
33.5333
738
33.5667
739
33.6
739
33.6333
740
33.6667
740
33.7
740
33.7333
740
33.7667
740
33.8
740
33.8333
742
33.8667
742
33.9
742
33.9333
742
33.9667
743
34
743
34.0333
743
34.0667
745
34.1
745
34.1333
745
34.1667
745
34.2
746
34.2333
746
34.2667
746
34.3
746
34.3333
746
34.3667
746
34.4
747
34.4333
747
34.4667
748
34.5
748
34.5333
749
34.5667
750
34.6
750
34.6333
750
34.6667
751
34.7
751
34.7333
753
34.7667
753
34.8
753
34.8333
753
34.8667
753
34.9
753
34.9333
753
34.9667
753
35
753
35.0333
753
35.0667
754
35.1
754
35.1333
755
35.1667
755
35.2
755
35.2333
756
35.2667
756
35.3
758
35.3333
758
35.3667
758
35.4
759
35.4333
759
35.4667
759
35.5
759
35.5333
759
35.5667
759
35.6
759
35.6333
759
35.6667
759
35.7
759
35.7333
759
35.7667
759
35.8
759
35.8333
759
35.8667
759
35.9
760
35.9333
760
35.9667
760
36
761
36.0333
761
36.0667
761
36.1
761
36.1333
762
36.1667
763
36.2
763
36.2333
763
36.2667
763
36.3
763
36.3333
763
36.3667
763
36.4
764
36.4333
765
36.4667
765
36.5
765
36.5333
765
36.5667
765
36.6
765
36.6333
767
36.6667
767
36.7
767
36.7333
767
36.7667
767
36.8
768
36.8333
768
36.8667
768
36.9
768
36.9333
768
36.9667
768
37
768
37.0333
768
37.0667
768
37.1
768
37.1333
768
37.1667
768
37.2
768
37.2333
768
37.2667
768
37.3
768
37.3333
770
37.3667
770
37.4
771
37.4333
771
37.4667
771
37.5
772
37.5333
772
37.5667
772
37.6
772
37.6333
772
37.6667
772
37.7
772
37.7333
773
37.7667
773
37.8
773
37.8333
773
37.8667
773
37.9
773
37.9333
773
37.9667
773
38
773
38.0333
773
38.0667
773
38.1
773
38.1333
773
38.1667
773
38.2
774
38.2333
775
38.2667
775
38.3
775
38.3333
775
38.3667
775
38.4
775
38.4333
775
38.4667
775
38.5
775
38.5333
776
38.5667
776
38.6
776
38.6333
776
38.6667
776
38.7
776
38.7333
777
38.7667
777
38.8
778
38.8333
778
38.8667
778
38.9
778
38.9333
778
38.9667
779
39
780
39.0333
780
39.0667
780
39.1
780
39.1333
780
39.1667
780
39.2
781
39.2333
781
39.2667
781
39.3
781
39.3333
781
39.3667
781
39.4
781
39.4333
781
39.4667
781
39.5
781
39.5333
781
39.5667
781
39.6
781
39.6333
781
39.6667
781
39.7
781
39.7333
781
39.7667
782
39.8
782
39.8333
782
39.8667
782
39.9
782
39.9333
782
39.9667
783
40
783
40.0333
783
40.0667
783
40.1
783
40.1333
783
40.1667
783
40.2
783
40.2333
783
40.2667
783
40.3
784
40.3333
786
40.3667
786
40.4
786
40.4333
787
40.4667
787
40.5
788
40.5333
788
40.5667
788
40.6
788
40.6333
788
40.6667
788
40.7
788
40.7333
788
40.7667
788
40.8
788
40.8333
788
40.8667
788
40.9
790
40.9333
791
40.9667
791
41
791
41.0333
791
41.0667
791
41.1
791
41.1333
791
41.1667
791
41.2
791
41.2333
791
41.2667
792
41.3
792
41.3333
792
41.3667
792
41.4
792
41.4333
792
41.4667
792
41.5
792
41.5333
792
41.5667
793
41.6
793
41.6333
793
41.6667
793
41.7
793
41.7333
793
41.7667
793
41.8
793
41.8333
793
41.8667
793
41.9
793
41.9333
793
41.9667
793
42
793
42.0333
793
42.0667
794
42.1
794
42.1333
794
42.1667
794
42.2
794
42.2333
794
42.2667
794
42.3
794
42.3333
794
42.3667
794
42.4
794
42.4333
794
42.4667
794
42.5
794
42.5333
794
42.5667
794
42.6
796
42.6333
797
42.6667
797
42.7
797
42.7333
798
42.7667
798
42.8
798
42.8333
798
42.8667
798
42.9
798
42.9333
798
42.9667
798
43
799
43.0333
799
43.0667
799
43.1
799
43.1333
799
43.1667
799
43.2
799
43.2333
799
43.2667
799
43.3
799
43.3333
799
43.3667
799
43.4
799
43.4333
800
43.4667
802
43.5
802
43.5333
804
43.5667
804
43.6
804
43.6333
804
43.6667
804
43.7
804
43.7333
805
43.7667
805
43.8
805
43.8333
805
43.8667
805
43.9
805
43.9333
805
43.9667
805
44
805
44.0333
806
44.0667
806
44.1
806
44.1333
807
44.1667
807
44.2
807
44.2333
807
44.2667
808
44.3
808
44.3333
808
44.3667
808
44.4
808
44.4333
808
44.4667
808
44.5
808
44.5333
808
44.5667
808
44.6
808
44.6333
808
44.6667
808
44.7
808
44.7333
808
44.7667
808
44.8
808
44.8333
808
44.8667
808
44.9
808
44.9333
808
44.9667
808
45
809
45.0333
810
45.0667
810
45.1
812
45.1333
812
45.1667
812
45.2
813
45.2333
814
45.2667
815
45.3
815
45.3333
815
45.3667
815
45.4
815
45.4333
815
45.4667
815
45.5
816
45.5333
816
45.5667
816
45.6
816
45.6333
816
45.6667
816
45.7
816
45.7333
817
45.7667
817
45.8
817
45.8333
817
45.8667
817
45.9
817
45.9333
817
45.9667
817
46
817
46.0333
817
46.0667
817
46.1
817
46.1333
817
46.1667
817
46.2
818
46.2333
818
46.2667
818
46.3
818
46.3333
818
46.3667
818
46.4
818
46.4333
818
46.4667
818
46.5
818
46.5333
818
46.5667
818
46.6
819
46.6333
819
46.6667
820
46.7
820
46.7333
821
46.7667
821
46.8
821
46.8333
821
46.8667
821
46.9
821
46.9333
821
46.9667
821
47
821
47.0333
821
47.0667
821
47.1
822
47.1333
823
47.1667
823
47.2
823
47.2333
824
47.2667
825
47.3
825
47.3333
825
47.3667
825
47.4
826
47.4333
826
47.4667
826
47.5
827
47.5333
827
47.5667
827
47.6
827
47.6333
827
47.6667
827
47.7
827
47.7333
827
47.7667
827
47.8
827
47.8333
827
47.8667
827
47.9
828
47.9333
828
47.9667
828
48
828
48.0333
828
48.0667
828
48.1
828
48.1333
828
48.1667
829
48.2
829
48.2333
829
48.2667
829
48.3
829
48.3333
829
48.3667
829
48.4
830
48.4333
830
48.4667
830
48.5
830
48.5333
830
48.5667
830
48.6
830
48.6333
830
48.6667
830
48.7
831
48.7333
831
48.7667
831
48.8
831
48.8333
831
48.8667
831
48.9
831
48.9333
831
48.9667
831
49
832
49.0333
832
49.0667
832
49.1
832
49.1333
832
49.1667
832
49.2
832
49.2333
832
49.2667
832
49.3
832
49.3333
832
49.3667
832
49.4
832
49.4333
832
49.4667
833
49.5
833
49.5333
833
49.5667
833
49.6
833
49.6333
833
49.6667
833
49.7
833
49.7333
833
49.7667
833
49.8
833
49.8333
833
49.8667
833
49.9
833
49.9333
833
49.9667
833
50
833
50.0333
833
50.0667
834
50.1
834
50.1333
834
50.1667
834
50.2
834
50.2333
834
50.2667
834
50.3
835
50.3333
835
50.3667
835
50.4
835
50.4333
835
50.4667
835
50.5
835
50.5333
835
50.5667
835
50.6
836
50.6333
836
50.6667
836
50.7
836
50.7333
836
50.7667
836
50.8
836
50.8333
836
50.8667
836
50.9
836
50.9333
836
50.9667
837
51
837
51.0333
837
51.0667
838
51.1
838
51.1333
839
51.1667
839
51.2
839
51.2333
840
51.2667
840
51.3
840
51.3333
840
51.3667
840
51.4
840
51.4333
840
51.4667
841
51.5
841
51.5333
841
51.5667
841
51.6
842
51.6333
842
51.6667
842
51.7
842
51.7333
842
51.7667
842
51.8
842
51.8333
842
51.8667
842
51.9
842
51.9333
842
51.9667
842
52
842
52.0333
842
52.0667
843
52.1
843
52.1333
843
52.1667
843
52.2
843
52.2333
843
52.2667
843
52.3
843
52.3333
843
52.3667
843
52.4
843
52.4333
843
52.4667
843
52.5
843
52.5333
843
52.5667
843
52.6
843
52.6333
843
52.6667
843
52.7
843
52.7333
843
52.7667
843
52.8
843
52.8333
843
52.8667
843
52.9
843
52.9333
843
52.9667
843
53
843
53.0333
844
53.0667
844
53.1
844
53.1333
844
53.1667
845
53.2
845
53.2333
845
53.2667
845
53.3
845
53.3333
845
