0
1
0.0333333
1
0.0666667
1
0.1
1
0.133333
1
0.166667
1
0.2
1
0.233333
1
0.266667
1
0.3
1
0.333333
1
0.366667
1
0.4
1
0.433333
1
0.466667
1
0.5
1
0.533333
1
0.566667
1
0.6
1
0.633333
1
0.666667
1
0.7
1
0.733333
1
0.766667
1
0.8
1
0.833333
1
0.866667
1
0.9
1
0.933333
1
0.966667
1
1
1
1.03333
1
1.06667
1
1.1
1
1.13333
1
1.16667
1
1.2
1
1.23333
1
1.26667
1
1.3
1
1.33333
1
1.36667
1
1.4
1
1.43333
1
1.46667
1
1.5
1
1.53333
1
1.56667
1
1.6
1
1.63333
1
1.66667
1
1.7
1
1.73333
1
1.76667
1
1.8
1
1.83333
1
1.86667
1
1.9
1
1.93333
1
1.96667
1
2
1
2.03333
1
2.06667
1
2.1
1
2.13333
1
2.16667
1
2.2
1
2.23333
1
2.26667
1
2.3
1
2.33333
1
2.36667
1
2.4
1
2.43333
1
2.46667
1
2.5
1
2.53333
1
2.56667
1
2.6
1
2.63333
1
2.66667
1
2.7
1
2.73333
1
2.76667
1
2.8
1
2.83333
1
2.86667
1
2.9
1
2.93333
1
2.96667
1
3
1
3.03333
1
3.06667
1
3.1
1
3.13333
1
3.16667
1
3.2
1
3.23333
1
3.26667
1
3.3
1
3.33333
1
3.36667
1
3.4
1
3.43333
1
3.46667
1
3.5
1
3.53333
1
3.56667
1
3.6
1
3.63333
1
3.66667
1
3.7
1
3.73333
1
3.76667
1
3.8
1
3.83333
1
3.86667
1
3.9
1
3.93333
1
3.96667
1
4
1
4.03333
1
4.06667
1
4.1
1
4.13333
1
4.16667
1
4.2
1
4.23333
1
4.26667
1
4.3
1
4.33333
1
4.36667
1
4.4
1
4.43333
1
4.46667
1
4.5
1
4.53333
1
4.56667
1
4.6
1
4.63333
1
4.66667
1
4.7
1
4.73333
1
4.76667
1
4.8
1
4.83333
1
4.86667
1
4.9
1
4.93333
1
4.96667
1
5
1
5.03333
1
5.06667
1
5.1
1
5.13333
1
5.16667
1
5.2
1
5.23333
1
5.26667
1
5.3
1
5.33333
1
5.36667
1
5.4
1
5.43333
1
5.46667
1
5.5
1
5.53333
1
5.56667
1
5.6
1
5.63333
1
5.66667
2
5.7
2
5.73333
2
5.76667
4
5.8
4
5.83333
4
5.86667
4
5.9
4
5.93333
4
5.96667
4
6
4
6.03333
4
6.06667
4
6.1
4
6.13333
4
6.16667
5
6.2
5
6.23333
5
6.26667
5
6.3
5
6.33333
6
6.36667
7
6.4
8
6.43333
8
6.46667
8
6.5
9
6.53333
11
6.56667
12
6.6
12
6.63333
12
6.66667
12
6.7
12
6.73333
12
6.76667
12
6.8
12
6.83333
12
6.86667
12
6.9
12
6.93333
12
6.96667
12
7
12
7.03333
13
7.06667
14
7.1
14
7.13333
14
7.16667
14
7.2
14
7.23333
14
7.26667
14
7.3
14
7.33333
15
7.36667
15
7.4
16
7.43333
16
7.46667
16
7.5
16
7.53333
16
7.56667
16
7.6
16
7.63333
16
7.66667
17
7.7
17
7.73333
18
7.76667
19
7.8
20
7.83333
21
7.86667
21
7.9
21
7.93333
22
7.96667
22
8
22
8.03333
22
8.06667
24
8.1
25
8.13333
25
8.16667
26
8.2
26
8.23333
27
8.26667
30
8.3
32
8.33333
32
8.36667
33
8.4
33
8.43333
33
8.46667
33
8.5
33
8.53333
33
8.56667
33
8.6
33
8.63333
34
8.66667
35
8.7
36
8.73333
36
8.76667
36
8.8
36
8.83333
39
8.86667
39
8.9
39
8.93333
39
8.96667
40
9
40
9.03333
40
9.06667
40
9.1
40
9.13333
42
9.16667
42
9.2
42
9.23333
42
9.26667
43
9.3
43
9.33333
43
9.36667
44
9.4
44
9.43333
44
9.46667
44
9.5
44
9.53333
44
9.56667
44
9.6
45
9.63333
45
9.66667
45
9.7
46
9.73333
46
9.76667
46
9.8
47
9.83333
47
9.86667
47
9.9
47
9.93333
47
9.96667
48
10
48
10.0333
48
10.0667
49
10.1
50
10.1333
50
10.1667
51
10.2
51
10.2333
52
10.2667
52
10.3
52
10.3333
52
10.3667
52
10.4
53
10.4333
53
10.4667
53
10.5
55
10.5333
55
10.5667
55
10.6
56
10.6333
56
10.6667
56
10.7
56
10.7333
56
10.7667
56
10.8
56
10.8333
57
10.8667
57
10.9
58
10.9333
59
10.9667
59
11
59
11.0333
60
11.0667
60
11.1
61
11.1333
61
11.1667
62
11.2
62
11.2333
62
11.2667
62
11.3
63
11.3333
65
11.3667
65
11.4
66
11.4333
66
11.4667
66
11.5
66
11.5333
66
11.5667
67
11.6
67
11.6333
67
11.6667
67
11.7
68
11.7333
70
11.7667
71
11.8
72
11.8333
73
11.8667
73
11.9
73
11.9333
73
11.9667
73
12
75
12.0333
75
12.0667
76
12.1
78
12.1333
78
12.1667
78
12.2
78
12.2333
78
12.2667
78
12.3
79
12.3333
79
12.3667
80
12.4
80
12.4333
80
12.4667
80
12.5
81
12.5333
82
12.5667
82
12.6
83
12.6333
85
12.6667
85
12.7
85
12.7333
85
12.7667
85
12.8
85
12.8333
86
12.8667
87
12.9
88
12.9333
88
12.9667
88
13
88
13.0333
89
13.0667
91
13.1
91
13.1333
94
13.1667
94
13.2
94
13.2333
94
13.2667
94
13.3
94
13.3333
94
13.3667
96
13.4
98
13.4333
98
13.4667
99
13.5
100
13.5333
100
13.5667
101
13.6
101
13.6333
101
13.6667
101
13.7
102
13.7333
102
13.7667
102
13.8
102
13.8333
104
13.8667
104
13.9
104
13.9333
104
13.9667
105
14
105
14.0333
105
14.0667
105
14.1
105
14.1333
107
14.1667
108
14.2
108
14.2333
109
14.2667
111
14.3
111
14.3333
111
14.3667
111
14.4
111
14.4333
111
14.4667
111
14.5
111
14.5333
112
14.5667
112
14.6
112
14.6333
112
14.6667
113
14.7
114
14.7333
114
14.7667
114
14.8
114
14.8333
114
14.8667
114
14.9
115
14.9333
115
14.9667
116
15
116
15.0333
116
15.0667
116
15.1
116
15.1333
116
15.1667
118
15.2
118
15.2333
118
15.2667
118
15.3
118
15.3333
118
15.3667
118
15.4
118
15.4333
118
15.4667
118
15.5
118
15.5333
118
15.5667
118
15.6
118
15.6333
118
15.6667
118
15.7
118
15.7333
118
15.7667
118
15.8
118
15.8333
118
15.8667
119
15.9
119
15.9333
121
15.9667
122
16
122
16.0333
123
16.0667
123
16.1
123
16.1333
123
16.1667
123
16.2
123
16.2333
123
16.2667
123
16.3
123
16.3333
123
16.3667
124
16.4
124
16.4333
125
16.4667
125
16.5
125
16.5333
126
16.5667
126
16.6
127
16.6333
127
16.6667
128
16.7
128
16.7333
128
16.7667
129
16.8
129
16.8333
129
16.8667
129
16.9
130
16.9333
130
16.9667
130
17
130
17.0333
130
17.0667
130
17.1
130
17.1333
130
17.1667
130
17.2
130
17.2333
130
17.2667
132
17.3
134
17.3333
134
17.3667
134
17.4
134
17.4333
134
17.4667
134
17.5
134
17.5333
134
17.5667
134
17.6
135
17.6333
136
17.6667
138
17.7
138
17.7333
138
17.7667
138
17.8
138
17.8333
138
17.8667
138
17.9
138
17.9333
138
17.9667
139
18
139
18.0333
139
18.0667
139
18.1
139
18.1333
139
18.1667
139
18.2
139
18.2333
139
18.2667
139
18.3
139
18.3333
140
18.3667
140
18.4
140
18.4333
140
18.4667
140
18.5
140
18.5333
140
18.5667
140
18.6
140
18.6333
140
18.6667
140
18.7
140
18.7333
141
18.7667
141
18.8
141
18.8333
141
18.8667
141
18.9
141
18.9333
142
18.9667
142
19
142
19.0333
143
19.0667
144
19.1
144
19.1333
144
19.1667
144
19.2
145
19.2333
145
19.2667
145
19.3
145
19.3333
146
19.3667
147
19.4
147
19.4333
147
19.4667
148
19.5
148
19.5333
149
19.5667
150
19.6
150
19.6333
150
19.6667
150
19.7
150
19.7333
150
19.7667
150
19.8
150
19.8333
151
19.8667
152
19.9
153
19.9333
153
19.9667
153
20
155
20.0333
156
20.0667
157
20.1
157
20.1333
158
20.1667
158
20.2
160
20.2333
160
20.2667
160
20.3
161
20.3333
161
20.3667
161
20.4
161
20.4333
161
20.4667
161
20.5
161
20.5333
161
20.5667
161
20.6
162
20.6333
163
20.6667
163
20.7
163
20.7333
163
20.7667
163
20.8
163
20.8333
163
20.8667
163
20.9
163
20.9333
163
20.9667
163
21
163
21.0333
163
21.0667
164
21.1
165
21.1333
165
21.1667
166
21.2
166
21.2333
168
21.2667
168
21.3
168
21.3333
168
21.3667
169
21.4
169
21.4333
169
21.4667
169
21.5
169
21.5333
169
21.5667
169
21.6
169
21.6333
170
21.6667
170
21.7
170
21.7333
170
21.7667
170
21.8
171
21.8333
172
21.8667
172
21.9
172
21.9333
172
21.9667
172
22
172
22.0333
172
22.0667
173
22.1
174
22.1333
174
22.1667
174
22.2
175
22.2333
175
22.2667
175
22.3
175
22.3333
175
22.3667
175
22.4
175
22.4333
176
22.4667
176
22.5
176
22.5333
176
22.5667
177
22.6
177
22.6333
177
22.6667
177
22.7
177
22.7333
177
22.7667
178
22.8
178
22.8333
178
22.8667
178
22.9
178
22.9333
178
22.9667
179
23
179
23.0333
179
23.0667
179
23.1
180
23.1333
180
23.1667
180
23.2
181
23.2333
181
23.2667
181
23.3
181
23.3333
181
23.3667
182
23.4
182
23.4333
182
23.4667
183
23.5
183
23.5333
183
23.5667
184
23.6
184
23.6333
184
23.6667
184
23.7
184
23.7333
184
23.7667
184
23.8
184
23.8333
184
23.8667
184
23.9
184
23.9333
184
23.9667
184
24
185
24.0333
185
24.0667
186
24.1
186
24.1333
186
24.1667
187
24.2
187
24.2333
187
24.2667
187
24.3
187
24.3333
187
24.3667
187
24.4
187
24.4333
187
24.4667
188
24.5
188
24.5333
188
24.5667
188
24.6
188
24.6333
188
24.6667
188
24.7
188
24.7333
188
24.7667
189
24.8
189
24.8333
189
24.8667
189
24.9
189
24.9333
189
24.9667
189
25
189
25.0333
189
25.0667
189
25.1
189
25.1333
190
25.1667
190
25.2
190
25.2333
191
25.2667
191
25.3
191
25.3333
192
25.3667
192
25.4
192
25.4333
192
25.4667
192
25.5
192
25.5333
192
25.5667
192
25.6
192
25.6333
192
25.6667
192
25.7
192
25.7333
194
25.7667
195
25.8
195
25.8333
195
25.8667
196
25.9
196
25.9333
196
25.9667
196
26
197
26.0333
197
26.0667
197
26.1
197
26.1333
198
26.1667
198
26.2
198
26.2333
199
26.2667
199
26.3
199
26.3333
199
26.3667
199
26.4
200
26.4333
200
26.4667
200
26.5
200
26.5333
201
26.5667
201
26.6
201
26.6333
201
26.6667
202
26.7
202
26.7333
203
26.7667
203
26.8
203
26.8333
203
26.8667
203
26.9
203
26.9333
203
26.9667
203
27
203
27.0333
204
27.0667
204
27.1
204
27.1333
204
27.1667
204
27.2
204
27.2333
204
27.2667
204
27.3
204
27.3333
205
27.3667
205
27.4
205
27.4333
205
27.4667
205
27.5
205
27.5333
205
27.5667
205
27.6
205
27.6333
205
27.6667
205
27.7
205
27.7333
205
27.7667
205
27.8
205
27.8333
205
27.8667
205
27.9
205
27.9333
205
27.9667
205
28
205
28.0333
206
28.0667
206
28.1
206
28.1333
206
28.1667
206
28.2
206
28.2333
206
28.2667
206
28.3
206
28.3333
206
28.3667
206
28.4
206
28.4333
206
28.4667
206
28.5
206
28.5333
206
28.5667
206
28.6
206
28.6333
206
28.6667
206
28.7
206
28.7333
206
28.7667
206
28.8
206
28.8333
206
28.8667
206
28.9
206
28.9333
206
28.9667
206
29
206
29.0333
206
29.0667
206
29.1
206
29.1333
206
29.1667
206
29.2
206
29.2333
206
29.2667
206
29.3
206
29.3333
206
29.3667
206
29.4
207
29.4333
207
29.4667
207
29.5
207
29.5333
207
29.5667
207
29.6
207
29.6333
207
29.6667
207
29.7
207
29.7333
207
29.7667
207
29.8
207
29.8333
208
29.8667
208
29.9
208
29.9333
209
29.9667
209
30
209
30.0333
209
30.0667
209
30.1
209
30.1333
209
30.1667
209
30.2
209
30.2333
210
30.2667
210
30.3
210
30.3333
210
30.3667
210
30.4
210
30.4333
210
30.4667
210
30.5
210
30.5333
210
30.5667
210
30.6
210
30.6333
210
30.6667
210
30.7
210
30.7333
210
30.7667
210
30.8
210
30.8333
210
30.8667
210
30.9
210
30.9333
210
30.9667
211
31
211
31.0333
211
31.0667
211
31.1
211
31.1333
211
31.1667
211
31.2
211
31.2333
211
31.2667
211
31.3
211
31.3333
211
31.3667
211
31.4
211
31.4333
211
31.4667
211
31.5
211
31.5333
211
31.5667
211
31.6
211
31.6333
211
31.6667
211
31.7
211
31.7333
211
31.7667
211
31.8
211
31.8333
211
31.8667
211
31.9
211
31.9333
211
31.9667
211
32
213
32.0333
213
32.0667
213
32.1
213
32.1333
213
32.1667
213
32.2
213
32.2333
213
32.2667
213
32.3
213
32.3333
213
32.3667
213
32.4
213
32.4333
215
32.4667
215
32.5
215
32.5333
215
32.5667
215
32.6
215
32.6333
215
32.6667
216
32.7
216
32.7333
216
32.7667
216
32.8
216
32.8333
216
32.8667
216
32.9
216
32.9333
216
32.9667
216
33
216
33.0333
217
33.0667
218
33.1
218
33.1333
218
33.1667
218
33.2
218
33.2333
218
33.2667
218
33.3
218
33.3333
218
33.3667
218
33.4
218
33.4333
218
33.4667
218
33.5
218
33.5333
218
33.5667
219
33.6
219
33.6333
219
33.6667
219
33.7
219
33.7333
220
33.7667
220
33.8
220
33.8333
220
33.8667
220
33.9
220
33.9333
220
33.9667
220
34
220
34.0333
220
34.0667
220
34.1
220
34.1333
220
34.1667
220
34.2
220
34.2333
220
34.2667
220
34.3
220
34.3333
220
34.3667
220
34.4
220
34.4333
220
34.4667
220
34.5
220
34.5333
220
34.5667
220
34.6
220
34.6333
220
34.6667
220
34.7
220
34.7333
220
34.7667
220
34.8
220
34.8333
220
34.8667
220
34.9
220
34.9333
220
34.9667
220
35
220
35.0333
220
35.0667
220
35.1
220
35.1333
220
35.1667
220
35.2
220
35.2333
220
35.2667
220
35.3
220
35.3333
220
35.3667
220
35.4
220
35.4333
220
35.4667
220
35.5
220
35.5333
220
35.5667
220
35.6
220
35.6333
220
35.6667
220
35.7
220
35.7333
220
35.7667
220
35.8
220
35.8333
220
35.8667
220
35.9
220
35.9333
220
35.9667
220
36
220
36.0333
220
36.0667
220
36.1
220
36.1333
220
36.1667
220
36.2
220
36.2333
220
36.2667
220
36.3
220
36.3333
220
36.3667
220
36.4
220
36.4333
220
36.4667
220
36.5
220
36.5333
220
36.5667
220
36.6
220
36.6333
220
36.6667
220
36.7
220
36.7333
220
36.7667
220
36.8
220
36.8333
220
36.8667
220
36.9
220
36.9333
220
36.9667
220
37
220
37.0333
220
37.0667
220
37.1
220
37.1333
220
37.1667
220
37.2
220
37.2333
220
37.2667
220
37.3
220
37.3333
220
37.3667
220
37.4
220
37.4333
220
37.4667
220
37.5
220
37.5333
220
37.5667
220
37.6
220
37.6333
220
37.6667
220
37.7
220
37.7333
220
37.7667
220
37.8
220
37.8333
220
37.8667
220
37.9
220
37.9333
220
37.9667
220
38
220
38.0333
220
38.0667
220
38.1
220
38.1333
220
38.1667
220
38.2
220
38.2333
220
38.2667
221
38.3
221
38.3333
221
38.3667
221
38.4
221
38.4333
221
38.4667
221
38.5
221
38.5333
221
38.5667
221
38.6
221
38.6333
221
38.6667
221
38.7
221
38.7333
221
38.7667
221
38.8
221
38.8333
221
38.8667
221
38.9
221
38.9333
221
38.9667
221
39
221
39.0333
221
39.0667
221
39.1
222
39.1333
222
39.1667
222
39.2
222
39.2333
222
39.2667
222
39.3
222
39.3333
222
39.3667
222
39.4
222
39.4333
222
39.4667
222
39.5
222
39.5333
222
39.5667
222
39.6
222
39.6333
222
39.6667
222
39.7
222
39.7333
222
39.7667
222
39.8
222
39.8333
222
39.8667
222
39.9
222
39.9333
222
39.9667
222
40
223
40.0333
223
40.0667
223
40.1
223
40.1333
223
40.1667
223
40.2
223
40.2333
223
40.2667
223
40.3
223
40.3333
223
40.3667
223
40.4
223
40.4333
223
40.4667
223
40.5
223
40.5333
223
40.5667
223
40.6
223
40.6333
223
40.6667
223
40.7
223
40.7333
223
40.7667
223
40.8
223
40.8333
223
40.8667
223
40.9
223
40.9333
223
40.9667
223
41
223
41.0333
223
41.0667
223
41.1
223
41.1333
223
41.1667
223
41.2
223
41.2333
223
41.2667
223
41.3
223
41.3333
223
41.3667
223
41.4
223
41.4333
223
41.4667
223
41.5
223
41.5333
223
41.5667
223
41.6
223
41.6333
223
41.6667
223
41.7
223
41.7333
223
41.7667
223
41.8
223
41.8333
223
41.8667
223
41.9
223
41.9333
223
41.9667
223
42
223
42.0333
223
42.0667
223
42.1
223
42.1333
223
42.1667
223
42.2
223
42.2333
223
42.2667
223
42.3
223
42.3333
223
42.3667
223
42.4
223
42.4333
223
42.4667
223
42.5
223
42.5333
223
42.5667
223
42.6
223
42.6333
223
42.6667
223
42.7
223
42.7333
223
42.7667
223
42.8
223
42.8333
223
42.8667
223
42.9
223
42.9333
223
42.9667
223
43
223
43.0333
223
43.0667
223
43.1
223
43.1333
223
43.1667
223
43.2
223
43.2333
223
43.2667
223
43.3
223
43.3333
223
43.3667
223
43.4
223
43.4333
223
43.4667
223
43.5
223
43.5333
223
43.5667
223
43.6
223
43.6333
223
43.6667
223
43.7
223
43.7333
223
43.7667
223
43.8
223
43.8333
223
43.8667
223
43.9
223
43.9333
223
43.9667
223
44
223
44.0333
223
44.0667
223
44.1
223
44.1333
223
44.1667
223
44.2
223
44.2333
223
44.2667
223
44.3
223
44.3333
223
44.3667
223
44.4
223
44.4333
223
44.4667
223
44.5
223
44.5333
223
44.5667
223
44.6
223
44.6333
223
44.6667
223
44.7
223
44.7333
223
44.7667
223
44.8
223
44.8333
223
44.8667
223
44.9
223
44.9333
223
44.9667
223
45
223
45.0333
223
45.0667
223
45.1
223
45.1333
223
45.1667
223
45.2
223
45.2333
223
45.2667
223
45.3
223
45.3333
223
45.3667
223
45.4
223
45.4333
223
45.4667
223
45.5
223
45.5333
223
45.5667
223
45.6
223
45.6333
223
45.6667
223
45.7
223
45.7333
223
45.7667
223
45.8
223
45.8333
223
45.8667
223
45.9
223
45.9333
223
45.9667
223
46
223
46.0333
223
46.0667
223
46.1
223
46.1333
223
46.1667
223
46.2
223
46.2333
223
46.2667
223
46.3
223
46.3333
223
46.3667
223
46.4
223
46.4333
223
46.4667
223
46.5
223
46.5333
223
46.5667
223
46.6
223
46.6333
223
46.6667
223
46.7
223
46.7333
223
46.7667
223
46.8
223
46.8333
223
46.8667
223
46.9
223
46.9333
223
46.9667
223
47
223
47.0333
223
47.0667
223
47.1
223
47.1333
223
47.1667
223
47.2
223
47.2333
223
47.2667
223
47.3
223
47.3333
223
47.3667
223
47.4
223
47.4333
223
47.4667
223
47.5
223
47.5333
223
47.5667
223
47.6
223
47.6333
223
47.6667
223
47.7
223
47.7333
223
47.7667
223
47.8
223
47.8333
223
47.8667
223
47.9
223
47.9333
223
47.9667
223
48
223
48.0333
223
48.0667
223
48.1
223
48.1333
223
48.1667
223
48.2
223
48.2333
223
48.2667
223
48.3
223
48.3333
223
48.3667
223
48.4
223
48.4333
223
48.4667
223
48.5
223
48.5333
223
48.5667
223
48.6
223
48.6333
223
48.6667
223
48.7
223
48.7333
223
48.7667
223
48.8
223
48.8333
223
48.8667
223
48.9
223
48.9333
224
48.9667
224
49
224
49.0333
224
49.0667
224
49.1
224
49.1333
224
49.1667
224
49.2
224
49.2333
224
49.2667
224
49.3
224
49.3333
224
49.3667
224
49.4
224
49.4333
224
49.4667
224
49.5
224
49.5333
224
49.5667
225
49.6
225
49.6333
225
49.6667
225
49.7
225
49.7333
225
49.7667
225
49.8
225
49.8333
225
49.8667
225
49.9
225
49.9333
225
49.9667
225
50
225
50.0333
225
50.0667
225
50.1
225
50.1333
225
50.1667
225
50.2
225
50.2333
225
50.2667
225
50.3
225
50.3333
225
50.3667
225
50.4
225
50.4333
225
50.4667
225
50.5
225
50.5333
225
50.5667
225
50.6
225
50.6333
225
50.6667
225
50.7
225
50.7333
225
50.7667
225
50.8
225
50.8333
225
50.8667
225
50.9
225
50.9333
225
50.9667
225
51
225
51.0333
225
51.0667
225
51.1
225
51.1333
225
51.1667
225
51.2
225
51.2333
225
51.2667
225
51.3
225
51.3333
225
51.3667
225
51.4
225
51.4333
225
51.4667
225
51.5
225
51.5333
225
51.5667
225
51.6
225
51.6333
225
51.6667
225
51.7
225
51.7333
225
51.7667
225
51.8
225
51.8333
225
51.8667
225
51.9
225
51.9333
225
51.9667
225
52
225
52.0333
225
52.0667
225
52.1
225
52.1333
225
52.1667
225
52.2
225
52.2333
225
52.2667
225
52.3
225
52.3333
225
52.3667
225
52.4
225
52.4333
225
52.4667
225
52.5
225
52.5333
225
52.5667
225
52.6
225
52.6333
225
52.6667
225
52.7
225
52.7333
225
52.7667
225
52.8
225
52.8333
225
52.8667
225
52.9
225
52.9333
225
52.9667
225
53
225
53.0333
225
53.0667
225
53.1
225
53.1333
225
53.1667
225
53.2
225
53.2333
225
53.2667
225
53.3
225
53.3333
225
